-85.00 0.00 0.39887
-80.00 0.00 0.48111
-75.00 0.00 0.48591
-70.00 0.00 0.42851
-65.00 0.00 0.30280
-60.00 0.00 0.92140E-01
-55.00 0.00 -0.18810
-50.00 0.00 -0.46239
-45.00 0.00 -0.61873
-40.00 0.00 -0.57956
-35.00 0.00 -0.36691
-30.00 0.00 -0.10084
-25.00 0.00 0.80423E-01
-20.00 0.00 0.12293
-15.00 0.00 0.99770E-01
-10.00 0.00 0.15428
-5.00 0.00 0.38387
0.00 0.00 0.75471
5.00 0.00 1.1151
10.00 0.00 1.2973
15.00 0.00 1.2293
20.00 0.00 0.97383
25.00 0.00 0.67305
30.00 0.00 0.44797
35.00 0.00 0.32959
40.00 0.00 0.26312
45.00 0.00 0.16806
50.00 0.00 0.15372E-02
55.00 0.00 -0.21716
60.00 0.00 -0.42619
65.00 0.00 -0.56059
70.00 0.00 -0.58560
75.00 0.00 -0.50643
80.00 0.00 -0.36716
85.00 0.00 -0.22563
-45.00 5.00 -0.47536
-40.00 5.00 -0.39579
-35.00 5.00 -0.16427
-30.00 5.00 0.94098E-01
-25.00 5.00 0.26399
-20.00 5.00 0.32365
-15.00 5.00 0.35067
-10.00 5.00 0.44551
-5.00 5.00 0.63886
0.00 5.00 0.86131
5.00 5.00 0.99798
10.00 5.00 0.97807
15.00 5.00 0.82397
20.00 5.00 0.62540
25.00 5.00 0.46908
30.00 5.00 0.38556
35.00 5.00 0.34920
40.00 5.00 0.31597
45.00 5.00 0.25722
-65.00 10.00 0.39575
-60.00 10.00 0.22011
-55.00 10.00 -0.20904E-01
-50.00 10.00 -0.23626
-45.00 10.00 -0.31170
-40.00 10.00 -0.19722
-35.00 10.00 0.46360E-01
-30.00 10.00 0.29087
-25.00 10.00 0.44093
-20.00 10.00 0.50301
-15.00 10.00 0.56181
-10.00 10.00 0.68750
-5.00 10.00 0.86065
0.00 10.00 0.98423
5.00 10.00 0.96959
10.00 10.00 0.81548
15.00 10.00 0.60876
20.00 10.00 0.45078
25.00 10.00 0.38088
30.00 10.00 0.36494
35.00 10.00 0.34890
40.00 10.00 0.31597
45.00 10.00 0.28928
50.00 10.00 0.28437
55.00 10.00 0.27002
60.00 10.00 0.18711
65.00 10.00 0.11799E-01
-70.00 15.00 0.49292
-45.00 15.00 -0.17711
-40.00 15.00 -0.31698E-01
-35.00 15.00 0.22631
-30.00 15.00 0.46228
-25.00 15.00 0.58936
-20.00 15.00 0.63189
-15.00 15.00 0.68445
-10.00 15.00 0.80648
-5.00 15.00 0.95465
0.00 15.00 1.0187
5.00 15.00 0.92629
10.00 15.00 0.71527
15.00 15.00 0.50418
20.00 15.00 0.39039
25.00 15.00 0.37443
30.00 15.00 0.38081
35.00 15.00 0.34855
40.00 15.00 0.29629
45.00 15.00 0.29477
70.00 15.00 -0.15629E-01
-75.00 20.00 0.51179
-65.00 20.00 0.40992
-60.00 20.00 0.27161
-55.00 20.00 0.74894E-01
-50.00 20.00 -0.89905E-01
-45.00 20.00 -0.10662
-40.00 20.00 0.66829E-01
-35.00 20.00 0.34965
-30.00 20.00 0.59538
-25.00 20.00 0.70822
-20.00 20.00 0.71154
-15.00 20.00 0.70494
-10.00 20.00 0.75396
-5.00 20.00 0.82161
0.00 20.00 0.80920
5.00 20.00 0.66447
10.00 20.00 0.44705
15.00 20.00 0.28293
20.00 20.00 0.25081
25.00 20.00 0.31313
30.00 20.00 0.36161
35.00 20.00 0.33281
40.00 20.00 0.27629
45.00 20.00 0.30247
50.00 20.00 0.45711
55.00 20.00 0.64741
60.00 20.00 0.70118
65.00 20.00 0.51391
75.00 20.00 -0.19497
-45.00 25.00 -0.11001
-40.00 25.00 0.86585E-01
-35.00 25.00 0.40332
-30.00 25.00 0.67922
-25.00 25.00 0.79395
-20.00 25.00 0.74931
-15.00 25.00 0.63919
-10.00 25.00 0.54406
-5.00 25.00 0.45801
0.00 25.00 0.31965
5.00 25.00 0.10903
10.00 25.00 -0.97001E-01
15.00 25.00 -0.17763
20.00 25.00 -0.82102E-01
25.00 25.00 0.11143
30.00 25.00 0.26032
35.00 25.00 0.29043
40.00 25.00 0.26769
45.00 25.00 0.33081
-80.00 30.00 0.50314
-70.00 30.00 0.38912
-65.00 30.00 0.30203
-60.00 30.00 0.16861
-55.00 30.00 -0.14268E-01
-50.00 30.00 -0.16773
-45.00 30.00 -0.16973
-40.00 30.00 0.39449E-01
-35.00 30.00 0.38522
-30.00 30.00 0.69597
-25.00 30.00 0.82285
-20.00 30.00 0.73614
-15.00 30.00 0.51608
-10.00 30.00 0.25920
-5.00 30.00 0.18165E-03
0.00 30.00 -0.27526
5.00 30.00 -0.55221
10.00 30.00 -0.74161
15.00 30.00 -0.73297
20.00 30.00 -0.50198
25.00 30.00 -0.16020
30.00 30.00 0.11948
35.00 30.00 0.24525
40.00 30.00 0.28297
45.00 30.00 0.38507
50.00 30.00 0.62895
55.00 30.00 0.91591
60.00 30.00 1.0341
65.00 30.00 0.83891
70.00 30.00 0.39079
80.00 30.00 -0.33121
-45.00 35.00 -0.24808
-40.00 35.00 -0.42843E-01
-35.00 35.00 0.30632
-30.00 35.00 0.62822
-25.00 35.00 0.75804
-20.00 35.00 0.64347
-15.00 35.00 0.35420
-10.00 35.00 -0.26100E-04
-5.00 35.00 -0.35316
0.00 35.00 -0.68836
5.00 35.00 -0.97621
10.00 35.00 -1.1324
15.00 35.00 -1.0608
20.00 35.00 -0.75013
25.00 35.00 -0.32094
30.00 35.00 0.44951E-01
35.00 35.00 0.24384
40.00 35.00 0.33085
45.00 35.00 0.45631
-75.00 40.00 0.38160
-65.00 40.00 0.10601
-60.00 40.00 -0.29533E-01
-55.00 40.00 -0.18090
-50.00 40.00 -0.30305
-45.00 40.00 -0.30158
-40.00 40.00 -0.11734
-35.00 40.00 0.19515
-30.00 40.00 0.47954
-25.00 40.00 0.57986
-20.00 40.00 0.44595
-15.00 40.00 0.15101
-10.00 40.00 -0.18528
-5.00 40.00 -0.48685
0.00 40.00 -0.74011
5.00 40.00 -0.93823
10.00 40.00 -1.0285
15.00 40.00 -0.93466
20.00 40.00 -0.63985
25.00 40.00 -0.23911
30.00 40.00 0.11017
35.00 40.00 0.31004
40.00 40.00 0.40257
45.00 40.00 0.52239
50.00 40.00 0.75348
55.00 40.00 1.0220
60.00 40.00 1.1348
65.00 40.00 0.94263
75.00 40.00 -0.17723E-01
-70.00 45.00 0.15741
-45.00 45.00 -0.29871
-40.00 45.00 -0.14393
-35.00 45.00 0.95567E-01
-30.00 45.00 0.29000
-25.00 45.00 0.31741
-20.00 45.00 0.15677
-15.00 45.00 -0.99465E-01
-10.00 45.00 -0.32465
-5.00 45.00 -0.45362
0.00 45.00 -0.50712
5.00 45.00 -0.53174
10.00 45.00 -0.52703
15.00 45.00 -0.44078
20.00 45.00 -0.23725
25.00 45.00 0.38814E-01
30.00 45.00 0.28058
35.00 45.00 0.41256
40.00 45.00 0.46672
45.00 45.00 0.55496
70.00 45.00 0.48118
-65.00 50.00 -0.10683
-60.00 50.00 -0.22448
-55.00 50.00 -0.28479
-50.00 50.00 -0.29397
-45.00 50.00 -0.23500
-40.00 50.00 -0.10292
-35.00 50.00 0.50754E-01
-30.00 50.00 0.12717
-25.00 50.00 0.51782E-01
-20.00 50.00 -0.15345
-15.00 50.00 -0.37128
-10.00 50.00 -0.47306
-5.00 50.00 -0.41472
0.00 50.00 -0.25928
5.00 50.00 -0.10843
10.00 50.00 -0.11278E-01
15.00 50.00 0.63021E-01
20.00 50.00 0.16914
25.00 50.00 0.31126
30.00 50.00 0.43281
35.00 50.00 0.48272
40.00 50.00 0.48579
45.00 50.00 0.53320
50.00 50.00 0.68853
55.00 50.00 0.89736
60.00 50.00 0.99908
65.00 50.00 0.84951
-85.00 55.00 0.43129
-45.00 55.00 -0.13905
-40.00 55.00 -0.92861E-02
-35.00 55.00 0.77700E-01
-30.00 55.00 0.50153E-01
-25.00 55.00 -0.12213
-20.00 55.00 -0.38016
-15.00 55.00 -0.59193
-10.00 55.00 -0.63585
-5.00 55.00 -0.48741
0.00 55.00 -0.23348
5.00 55.00 0.30701E-03
10.00 55.00 0.14486
15.00 55.00 0.22190
20.00 55.00 0.29335
25.00 55.00 0.38394
30.00 55.00 0.45811
35.00 55.00 0.47283
40.00 55.00 0.44576
45.00 55.00 0.45788
85.00 55.00 -0.32618
-80.00 60.00 0.42863
-75.00 60.00 0.23691
-70.00 60.00 -0.44216E-01
-65.00 60.00 -0.28215
-60.00 60.00 -0.39297
-55.00 60.00 -0.36483
-50.00 60.00 -0.23617
-45.00 60.00 -0.64386E-01
-40.00 60.00 0.86601E-01
-35.00 60.00 0.14865
-30.00 60.00 0.68032E-01
-25.00 60.00 -0.15609
-20.00 60.00 -0.44701
-15.00 60.00 -0.67769
-10.00 60.00 -0.74539
-5.00 60.00 -0.63904
0.00 60.00 -0.44059
5.00 60.00 -0.25536
10.00 60.00 -0.13107
15.00 60.00 -0.36916E-01
20.00 60.00 0.82160E-01
25.00 60.00 0.23338
30.00 60.00 0.36086
35.00 60.00 0.40464
40.00 60.00 0.37403
45.00 60.00 0.35477
50.00 60.00 0.43136
55.00 60.00 0.59232
60.00 60.00 0.71365
65.00 60.00 0.65015
70.00 60.00 0.36416
75.00 60.00 -0.20770E-01
80.00 60.00 -0.29788
-45.00 65.00 -0.67758E-01
-40.00 65.00 0.11783
-35.00 65.00 0.19759
-30.00 65.00 0.12535
-25.00 65.00 -0.87563E-01
-20.00 65.00 -0.36533
-15.00 65.00 -0.60157
-10.00 65.00 -0.72129
-5.00 65.00 -0.72453
0.00 65.00 -0.67175
5.00 65.00 -0.61996
10.00 65.00 -0.56658
15.00 65.00 -0.45586
20.00 65.00 -0.24567
25.00 65.00 0.28973E-01
30.00 65.00 0.26268
35.00 65.00 0.36101
40.00 65.00 0.32585
45.00 65.00 0.26187
-65.00 70.00 -0.38799
-60.00 70.00 -0.55717
-55.00 70.00 -0.55685
-50.00 70.00 -0.40894
-45.00 70.00 -0.18200
-40.00 70.00 0.34132E-01
-35.00 70.00 0.15517
-30.00 70.00 0.13270
-25.00 70.00 -0.21600E-01
-20.00 70.00 -0.23901
-15.00 70.00 -0.43391
-10.00 70.00 -0.55855
-5.00 70.00 -0.62810
0.00 70.00 -0.68943
5.00 70.00 -0.75731
10.00 70.00 -0.77824
15.00 70.00 -0.66532
20.00 70.00 -0.38315
25.00 70.00 -0.76353E-02
30.00 70.00 0.30393
35.00 70.00 0.42175
40.00 70.00 0.34524
45.00 70.00 0.20674
50.00 70.00 0.16486
55.00 70.00 0.27188
60.00 70.00 0.42772
65.00 70.00 0.46386
-70.00 75.00 -0.85373E-01
-45.00 75.00 -0.39635
-40.00 75.00 -0.16747
-35.00 75.00 -0.65761E-02
-30.00 75.00 0.26798E-01
-25.00 75.00 -0.60196E-01
-20.00 75.00 -0.19843
-15.00 75.00 -0.30656
-10.00 75.00 -0.35240
-5.00 75.00 -0.37273
0.00 75.00 -0.42715
5.00 75.00 -0.52216
10.00 75.00 -0.57762
15.00 75.00 -0.47931
20.00 75.00 -0.18405
25.00 75.00 0.21370
30.00 75.00 0.52434
35.00 75.00 0.59530
40.00 75.00 0.42985
45.00 75.00 0.18975
70.00 75.00 0.27654
-75.00 80.00 0.24045
-65.00 80.00 -0.38858
-60.00 80.00 -0.66786
-55.00 80.00 -0.81958
-50.00 80.00 -0.80926
-45.00 80.00 -0.65558
-40.00 80.00 -0.43404
-35.00 80.00 -0.25014
-30.00 80.00 -0.18220
-25.00 80.00 -0.22853
-20.00 80.00 -0.30659
-15.00 80.00 -0.31686
-10.00 80.00 -0.22596
-5.00 80.00 -0.95874E-01
0.00 80.00 -0.25777E-01
5.00 80.00 -0.51559E-01
10.00 80.00 -0.95586E-01
15.00 80.00 -0.23452E-01
20.00 80.00 0.23071
25.00 80.00 0.57968
30.00 80.00 0.82504
35.00 80.00 0.80501
40.00 80.00 0.52983
45.00 80.00 0.18654
50.00 80.00 0.33823E-03
55.00 80.00 0.61599E-01
60.00 80.00 0.26034
65.00 80.00 0.38187
75.00 80.00 0.10111E-01
-45.00 85.00 -0.88023
-40.00 85.00 -0.67837
-35.00 85.00 -0.48928
-30.00 85.00 -0.41401
-25.00 85.00 -0.45619
-20.00 85.00 -0.51168
-15.00 85.00 -0.44927
-10.00 85.00 -0.22345
-5.00 85.00 0.78920E-01
0.00 85.00 0.30744
5.00 85.00 0.37962
10.00 85.00 0.35780
15.00 85.00 0.39486
20.00 85.00 0.58809
25.00 85.00 0.87055
30.00 85.00 1.0453
35.00 85.00 0.94509
40.00 85.00 0.58455
45.00 85.00 0.16920
-80.00 90.00 0.40002
-70.00 90.00 0.62728E-01
-65.00 90.00 -0.25357
-60.00 90.00 -0.60053
-55.00 90.00 -0.89347
-50.00 90.00 -1.0405
-45.00 90.00 -0.99825
-40.00 90.00 -0.81984
-35.00 90.00 -0.63783
-30.00 90.00 -0.57247
-25.00 90.00 -0.63074
-20.00 90.00 -0.68841
-15.00 90.00 -0.58659
-10.00 90.00 -0.27113
-5.00 90.00 0.14699
0.00 90.00 0.47301
5.00 90.00 0.58903
10.00 90.00 0.55329
15.00 90.00 0.54378
20.00 90.00 0.68946
25.00 90.00 0.93881
30.00 90.00 1.0894
35.00 90.00 0.96209
40.00 90.00 0.56985
45.00 90.00 0.13074
50.00 90.00 -0.94851E-01
55.00 90.00 -0.81350E-02
60.00 90.00 0.25387
65.00 90.00 0.43407
70.00 90.00 0.36192
80.00 90.00 -0.20594
-45.00 95.00 -0.97190
-40.00 95.00 -0.81990
-35.00 95.00 -0.65699
-30.00 95.00 -0.60934
-25.00 95.00 -0.68097
-20.00 95.00 -0.73549
-15.00 95.00 -0.60554
-10.00 95.00 -0.24588
-5.00 95.00 0.20624
0.00 95.00 0.52934
5.00 95.00 0.59917
10.00 95.00 0.49486
15.00 95.00 0.42872
20.00 95.00 0.55369
25.00 95.00 0.81742
30.00 95.00 0.99759
35.00 95.00 0.89495
40.00 95.00 0.51782
45.00 95.00 0.93905E-01
-75.00 100.00 0.33760
-65.00 100.00 -0.13535E-01
-60.00 100.00 -0.30661
-55.00 100.00 -0.59998
-50.00 100.00 -0.78878
-45.00 100.00 -0.80668
-40.00 100.00 -0.69079
-35.00 100.00 -0.56675
-30.00 100.00 -0.54626
-25.00 100.00 -0.61913
-20.00 100.00 -0.64530
-15.00 100.00 -0.47264
-10.00 100.00 -0.86834E-01
-5.00 100.00 0.34518
0.00 100.00 0.59396
5.00 100.00 0.55768
10.00 100.00 0.35677
15.00 100.00 0.23911
20.00 100.00 0.36747
25.00 100.00 0.67205
30.00 100.00 0.90222
35.00 100.00 0.83979
40.00 100.00 0.49207
45.00 100.00 0.96328E-01
50.00 100.00 -0.70558E-01
55.00 100.00 0.83713E-01
60.00 100.00 0.39710
65.00 100.00 0.59121
75.00 100.00 0.16945
-70.00 105.00 0.26519
-45.00 105.00 -0.54090
-40.00 105.00 -0.47535
-35.00 105.00 -0.41517
-30.00 105.00 -0.43753
-25.00 105.00 -0.50662
-20.00 105.00 -0.48484
-15.00 105.00 -0.25319
-10.00 105.00 0.15758
-5.00 105.00 0.55283
0.00 105.00 0.71155
5.00 105.00 0.57097
10.00 105.00 0.29558
15.00 105.00 0.15552
20.00 105.00 0.30506
25.00 105.00 0.64773
30.00 105.00 0.90997
35.00 105.00 0.86777
40.00 105.00 0.53657
45.00 105.00 0.16238
70.00 105.00 0.56454
-85.00 110.00 0.29890
-65.00 110.00 0.21005
-60.00 110.00 0.71421E-01
-55.00 110.00 -0.82069E-01
-50.00 110.00 -0.19182
-45.00 110.00 -0.22605
-40.00 110.00 -0.21653
-35.00 110.00 -0.23361
-30.00 110.00 -0.30874
-25.00 110.00 -0.37693
-20.00 110.00 -0.30954
-15.00 110.00 -0.29171E-01
-10.00 110.00 0.38959
-5.00 110.00 0.73813
0.00 110.00 0.82035
5.00 110.00 0.61683
10.00 110.00 0.32140
15.00 110.00 0.20122
20.00 110.00 0.38358
25.00 110.00 0.74610
30.00 110.00 1.0095
35.00 110.00 0.96310
40.00 110.00 0.63804
45.00 110.00 0.28243
50.00 110.00 0.15950
55.00 110.00 0.33606
60.00 110.00 0.63458
65.00 110.00 0.78210
85.00 110.00 -0.25048
-45.00 115.00 0.88174E-01
-40.00 115.00 0.58435E-01
-35.00 115.00 -0.18204E-01
-30.00 115.00 -0.13013
-25.00 115.00 -0.19294
-20.00 115.00 -0.98295E-01
-15.00 115.00 0.18811
-10.00 115.00 0.56299
-5.00 115.00 0.82937
0.00 115.00 0.83529
5.00 115.00 0.60274
10.00 115.00 0.33205
15.00 115.00 0.25979
20.00 115.00 0.47364
25.00 115.00 0.83514
30.00 115.00 1.0816
35.00 115.00 1.0321
40.00 115.00 0.73165
45.00 115.00 0.41517
-80.00 120.00 0.26170
-75.00 120.00 0.25766
-70.00 120.00 0.25427
-65.00 120.00 0.25908
-60.00 120.00 0.27528
-55.00 120.00 0.30429
-50.00 120.00 0.33914
-45.00 120.00 0.35725
-40.00 120.00 0.32863
-35.00 120.00 0.24444
-30.00 120.00 0.14482
-25.00 120.00 0.11236
-20.00 120.00 0.21884
-15.00 120.00 0.45701
-10.00 120.00 0.71683
-5.00 120.00 0.84324
0.00 120.00 0.74733
5.00 120.00 0.48818
10.00 120.00 0.25048
15.00 120.00 0.21927
20.00 120.00 0.44000
25.00 120.00 0.77537
30.00 120.00 1.0015
35.00 120.00 0.97596
40.00 120.00 0.74628
45.00 120.00 0.51148
50.00 120.00 0.46282
55.00 120.00 0.62996
60.00 120.00 0.85508
65.00 120.00 0.91604
70.00 120.00 0.70169
75.00 120.00 0.29743
80.00 120.00 -0.75751E-01
-45.00 125.00 0.53836
-40.00 125.00 0.55766
-35.00 125.00 0.53016
-30.00 125.00 0.50568
-25.00 125.00 0.54176
-20.00 125.00 0.65885
-15.00 125.00 0.81192
-10.00 125.00 0.90524
-5.00 125.00 0.85001
0.00 125.00 0.63159
5.00 125.00 0.33769
10.00 125.00 0.11830
15.00 125.00 0.94710E-01
20.00 125.00 0.27648
25.00 125.00 0.54864
30.00 125.00 0.74641
35.00 125.00 0.76986
40.00 125.00 0.65480
45.00 125.00 0.54247
-65.00 130.00 0.45375E-01
-60.00 130.00 0.12437
-55.00 130.00 0.27372
-50.00 130.00 0.44715
-45.00 130.00 0.59121
-40.00 130.00 0.68512
-35.00 130.00 0.75453
-30.00 130.00 0.84500
-25.00 130.00 0.97539
-20.00 130.00 1.1100
-15.00 130.00 1.1738
-10.00 130.00 1.1000
-5.00 130.00 0.87677
0.00 130.00 0.56140
5.00 130.00 0.25536
10.00 130.00 0.56752E-01
15.00 130.00 0.15974E-01
20.00 130.00 0.11503
25.00 130.00 0.27962
30.00 130.00 0.42042
35.00 130.00 0.48525
40.00 130.00 0.49152
45.00 130.00 0.51179
50.00 130.00 0.61274
55.00 130.00 0.78678
60.00 130.00 0.93324
65.00 130.00 0.91825
-70.00 135.00 -0.11055
-45.00 135.00 0.48989
-40.00 135.00 0.64733
-35.00 135.00 0.80461
-30.00 135.00 1.0001
-25.00 135.00 1.2167
-20.00 135.00 1.3718
-15.00 135.00 1.3707
-10.00 135.00 1.1805
-5.00 135.00 0.86082
0.00 135.00 0.52657
5.00 135.00 0.27574
10.00 135.00 0.14182
15.00 135.00 0.99809E-01
20.00 135.00 0.10677
25.00 135.00 0.13530
30.00 135.00 0.17868
35.00 135.00 0.23972
40.00 135.00 0.32487
45.00 135.00 0.44489
70.00 135.00 0.63154
-75.00 140.00 -0.12685
-65.00 140.00 -0.37907
-60.00 140.00 -0.34483
-55.00 140.00 -0.18493
-50.00 140.00 0.34637E-01
-45.00 140.00 0.24102
-40.00 140.00 0.41812
-35.00 140.00 0.61024
-30.00 140.00 0.85711
-25.00 140.00 1.1231
-20.00 140.00 1.2967
-15.00 140.00 1.2713
-10.00 140.00 1.0398
-5.00 140.00 0.71387
0.00 140.00 0.44696
5.00 140.00 0.32514
10.00 140.00 0.31861
15.00 140.00 0.32918
20.00 140.00 0.28365
25.00 140.00 0.18924
30.00 140.00 0.11215
35.00 140.00 0.11355
40.00 140.00 0.20701
45.00 140.00 0.36526
50.00 140.00 0.54888
55.00 140.00 0.71628
60.00 140.00 0.81230
65.00 140.00 0.77202
75.00 140.00 0.24347
-45.00 145.00 -0.10538
-40.00 145.00 0.40303E-01
-35.00 145.00 0.20351
-30.00 145.00 0.44020
-25.00 145.00 0.71931
-20.00 145.00 0.91807
-15.00 145.00 0.91674
-10.00 145.00 0.71113
-5.00 145.00 0.43572
0.00 145.00 0.26762
5.00 145.00 0.29050
10.00 145.00 0.43582
15.00 145.00 0.54934
20.00 145.00 0.52036
25.00 145.00 0.36201
30.00 145.00 0.18379
35.00 145.00 0.96518E-01
40.00 145.00 0.13890
45.00 145.00 0.27681
-80.00 150.00 -0.10580
-70.00 150.00 -0.63965
-65.00 150.00 -0.84691
-60.00 150.00 -0.89783
-55.00 150.00 -0.78935
-50.00 150.00 -0.61016
-45.00 150.00 -0.46470
-40.00 150.00 -0.37882
-35.00 150.00 -0.28149
-30.00 150.00 -0.87410E-01
-25.00 150.00 0.19589
-20.00 150.00 0.44523
-15.00 150.00 0.51667
-10.00 150.00 0.37751
-5.00 150.00 0.15216
0.00 150.00 0.32201E-01
5.00 150.00 0.12417
10.00 150.00 0.36615
15.00 150.00 0.58272
20.00 150.00 0.62615
25.00 150.00 0.48236
30.00 150.00 0.26204
35.00 150.00 0.10271
40.00 150.00 0.75600E-01
45.00 150.00 0.16564
50.00 150.00 0.31337
55.00 150.00 0.45861
60.00 150.00 0.54982
65.00 150.00 0.53900
70.00 150.00 0.40024
80.00 150.00 -0.51923E-01
-45.00 155.00 -0.74581
-40.00 155.00 -0.71071
-35.00 155.00 -0.67359
-30.00 155.00 -0.51632
-25.00 155.00 -0.21397
-20.00 155.00 0.11508
-15.00 155.00 0.29301
-10.00 155.00 0.23249
-5.00 155.00 0.19588E-01
0.00 155.00 -0.14787
5.00 155.00 -0.11633
10.00 155.00 0.10583
15.00 155.00 0.36472
20.00 155.00 0.48896
25.00 155.00 0.41633
30.00 155.00 0.22101
35.00 155.00 0.38318E-01
40.00 155.00 -0.34142E-01
45.00 155.00 0.19099E-01
-75.00 160.00 -0.56066
-65.00 160.00 -1.1789
-60.00 160.00 -1.2694
-55.00 160.00 -1.1776
-50.00 160.00 -1.0057
-45.00 160.00 -0.88538
-40.00 160.00 -0.86237
-35.00 160.00 -0.85083
-30.00 160.00 -0.71015
-25.00 160.00 -0.38457
-20.00 160.00 0.19873E-01
-15.00 160.00 0.29863
-10.00 160.00 0.30636
-5.00 160.00 0.76375E-01
0.00 160.00 -0.20113
5.00 160.00 -0.32415
10.00 160.00 -0.22605
15.00 160.00 -0.80768E-02
20.00 160.00 0.15740
25.00 160.00 0.16241
30.00 160.00 0.29117E-01
35.00 160.00 -0.13000
40.00 160.00 -0.20482
45.00 160.00 -0.15361
50.00 160.00 -0.70917E-02
55.00 160.00 0.16674
60.00 160.00 0.29735
65.00 160.00 0.33226
75.00 160.00 0.99190E-01
-85.00 165.00 0.22114E-02
-70.00 165.00 -0.99569
-45.00 165.00 -0.87003
-40.00 165.00 -0.81302
-35.00 165.00 -0.79128
-30.00 165.00 -0.66483
-25.00 165.00 -0.35598
-20.00 165.00 0.57018E-01
-15.00 165.00 0.37538
-10.00 165.00 0.42410
-5.00 165.00 0.18865
0.00 165.00 -0.16960
5.00 165.00 -0.43175
10.00 165.00 -0.47624
15.00 165.00 -0.34812
20.00 165.00 -0.19850
25.00 165.00 -0.15612
30.00 165.00 -0.23747
35.00 165.00 -0.35529
40.00 165.00 -0.39941
45.00 165.00 -0.31600
70.00 165.00 0.20446
85.00 165.00 -0.11740
-65.00 170.00 -1.2870
-60.00 170.00 -1.3458
-55.00 170.00 -1.2092
-50.00 170.00 -0.96227
-45.00 170.00 -0.73579
-40.00 170.00 -0.61191
-35.00 170.00 -0.56156
-30.00 170.00 -0.47417
-25.00 170.00 -0.26278
-20.00 170.00 0.42677E-01
-15.00 170.00 0.29831
-10.00 170.00 0.35058
-5.00 170.00 0.15846
0.00 170.00 -0.16841
5.00 170.00 -0.44799
10.00 170.00 -0.55638
15.00 170.00 -0.50551
20.00 170.00 -0.41150
25.00 170.00 -0.38866
30.00 170.00 -0.45968
35.00 170.00 -0.54894
40.00 170.00 -0.55244
45.00 170.00 -0.41998
50.00 170.00 -0.18767
55.00 170.00 0.52131E-01
60.00 170.00 0.21002
65.00 170.00 0.24470
-45.00 175.00 -0.54769
-40.00 175.00 -0.34570
-35.00 175.00 -0.26366
-30.00 175.00 -0.24471
-25.00 175.00 -0.20611
-20.00 175.00 -0.11489
-15.00 175.00 -0.17459E-01
-10.00 175.00 0.32009E-02
-5.00 175.00 -0.94806E-01
0.00 175.00 -0.26888
5.00 175.00 -0.42246
10.00 175.00 -0.48329
15.00 175.00 -0.46067
20.00 175.00 -0.43128
25.00 175.00 -0.46643
30.00 175.00 -0.56427
35.00 175.00 -0.64515
40.00 175.00 -0.61333
45.00 175.00 -0.43330
-80.00 180.00 -0.41078
-75.00 180.00 -0.75725
-70.00 180.00 -1.0400
-65.00 180.00 -1.2017
-60.00 180.00 -1.2006
-55.00 180.00 -1.0266
-50.00 180.00 -0.71951
-45.00 180.00 -0.37215
-40.00 180.00 -0.99617E-01
-35.00 180.00 0.14960E-01
-30.00 180.00 -0.35960E-01
-25.00 180.00 -0.18549
-20.00 180.00 -0.33953
-15.00 180.00 -0.43433
-10.00 180.00 -0.46176
-5.00 180.00 -0.44964
0.00 180.00 -0.42375
5.00 180.00 -0.39011
10.00 180.00 -0.35008
15.00 180.00 -0.32398
20.00 180.00 -0.34866
25.00 180.00 -0.44256
30.00 180.00 -0.56959
35.00 180.00 -0.64316
40.00 180.00 -0.57924
45.00 180.00 -0.36120
50.00 180.00 -0.63079E-01
55.00 180.00 0.19198
60.00 180.00 0.30890
65.00 180.00 0.27551
70.00 180.00 0.15722
75.00 180.00 0.38089E-01
80.00 180.00 -0.34870E-01
-45.00 -175 -0.25531
-40.00 -175 0.67276E-01
-35.00 -175 0.21859
-30.00 -175 0.13352
-25.00 -175 -0.14318
-20.00 -175 -0.47524
-15.00 -175 -0.71306
-10.00 -175 -0.77605
-5.00 -175 -0.68226
0.00 -175 -0.51398
5.00 -175 -0.35746
10.00 -175 -0.26484
15.00 -175 -0.25332
20.00 -175 -0.31916
25.00 -175 -0.43890
30.00 -175 -0.55883
35.00 -175 -0.59994
40.00 -175 -0.49653
45.00 -175 -0.24846
-65.00 -170 -1.0227
-60.00 -170 -0.98016
-55.00 -170 -0.83118
-50.00 -170 -0.56668
-45.00 -170 -0.21323
-40.00 -170 0.12926
-35.00 -170 0.31504
-30.00 -170 0.24223
-25.00 -170 -0.64101E-01
-20.00 -170 -0.45091
-15.00 -170 -0.72925
-10.00 -170 -0.79155
-5.00 -170 -0.66581
0.00 -170 -0.47284
5.00 -170 -0.33255
10.00 -170 -0.29677
15.00 -170 -0.34884
20.00 -170 -0.44479
25.00 -170 -0.54407
30.00 -170 -0.60695
35.00 -170 -0.58388
40.00 -170 -0.43250
45.00 -170 -0.16062
50.00 -170 0.14914
55.00 -170 0.37327
60.00 -170 0.42658
65.00 -170 0.32297
-70.00 -165 -0.90595
-45.00 -165 -0.23325
-40.00 -165 0.92669E-01
-35.00 -165 0.29008
-30.00 -165 0.24621
-25.00 -165 -0.21822E-01
-20.00 -165 -0.36121
-15.00 -165 -0.58602
-10.00 -165 -0.60733
-5.00 -165 -0.48463
0.00 -165 -0.36122
5.00 -165 -0.34673
10.00 -165 -0.44722
15.00 -165 -0.58946
20.00 -165 -0.69730
25.00 -165 -0.74039
30.00 -165 -0.71979
35.00 -165 -0.62713
40.00 -165 -0.43828
45.00 -165 -0.15516
70.00 -165 0.15509
-75.00 -160 -0.74928
-65.00 -160 -0.85185
-60.00 -160 -0.79142
-55.00 -160 -0.69694
-50.00 -160 -0.53405
-45.00 -160 -0.28290
-40.00 -160 -0.72301E-02
-35.00 -160 0.15950
-30.00 -160 0.11455
-25.00 -160 -0.11613
-20.00 -160 -0.38093
-15.00 -160 -0.51585
-10.00 -160 -0.47353
-5.00 -160 -0.35435
0.00 -160 -0.31353
5.00 -160 -0.42949
10.00 -160 -0.64880
15.00 -160 -0.84670
20.00 -160 -0.93487
25.00 -160 -0.91357
30.00 -160 -0.83136
35.00 -160 -0.71079
40.00 -160 -0.52652
45.00 -160 -0.25777
50.00 -160 0.48377E-01
55.00 -160 0.28250
60.00 -160 0.35429
65.00 -160 0.27258
75.00 -160 0.55617E-01
-45.00 -155 -0.32427
-40.00 -155 -0.11459
-35.00 -155 -0.17161E-01
-30.00 -155 -0.11475
-25.00 -155 -0.35891
-20.00 -155 -0.58940
-15.00 -155 -0.65948
-10.00 -155 -0.55875
-5.00 -155 -0.42043
0.00 -155 -0.40425
5.00 -155 -0.56046
10.00 -155 -0.79621
15.00 -155 -0.96714
20.00 -155 -1.0011
25.00 -155 -0.93819
30.00 -155 -0.85954
35.00 -155 -0.78946
40.00 -155 -0.67363
45.00 -155 -0.45388
-80.00 -150 -0.49560
-70.00 -150 -0.79642
-65.00 -150 -0.75780
-60.00 -150 -0.69097
-55.00 -150 -0.61735
-50.00 -150 -0.50222
-45.00 -150 -0.33138
-40.00 -150 -0.17391
-35.00 -150 -0.15074
-30.00 -150 -0.32592
-25.00 -150 -0.62532
-20.00 -150 -0.87315
-15.00 -150 -0.92739
-10.00 -150 -0.79568
-5.00 -150 -0.62425
0.00 -150 -0.56822
5.00 -150 -0.66190
10.00 -150 -0.80587
15.00 -150 -0.87535
20.00 -150 -0.83955
25.00 -150 -0.77663
30.00 -150 -0.77590
35.00 -150 -0.83167
40.00 -150 -0.83874
45.00 -150 -0.69586
50.00 -150 -0.41295
55.00 -150 -0.11360
60.00 -150 0.70829E-01
65.00 -150 0.11068
70.00 -150 0.83146E-01
80.00 -150 0.85015E-01
-45.00 -145 -0.30494
-40.00 -145 -0.16036
-35.00 -145 -0.17244
-30.00 -145 -0.39417
-25.00 -145 -0.73485
-20.00 -145 -1.0094
-15.00 -145 -1.0772
-10.00 -145 -0.94882
-5.00 -145 -0.76326
0.00 -145 -0.65855
5.00 -145 -0.65810
10.00 -145 -0.67662
15.00 -145 -0.63162
20.00 -145 -0.54307
25.00 -145 -0.51814
30.00 -145 -0.63480
35.00 -145 -0.84222
40.00 -145 -0.98238
45.00 -145 -0.91938
-85.00 -140 -0.14062
-75.00 -140 -0.71121
-65.00 -140 -0.76268
-60.00 -140 -0.71168
-55.00 -140 -0.63080
-50.00 -140 -0.48331
-45.00 -140 -0.27548
-40.00 -140 -0.10116
-35.00 -140 -0.88289E-01
-30.00 -140 -0.28673
-25.00 -140 -0.60506
-20.00 -140 -0.86642
-15.00 -140 -0.94178
-10.00 -140 -0.84227
-5.00 -140 -0.68826
0.00 -140 -0.58916
5.00 -140 -0.55182
10.00 -140 -0.50367
15.00 -140 -0.40013
20.00 -140 -0.30033
25.00 -140 -0.32609
30.00 -140 -0.53785
35.00 -140 -0.84959
40.00 -140 -1.0733
45.00 -140 -1.0610
50.00 -140 -0.81749
55.00 -140 -0.48381
60.00 -140 -0.21226
65.00 -140 -0.54840E-01
75.00 -140 0.11174
85.00 -140 0.69863E-01
-70.00 -135 -0.78901
-45.00 -135 -0.28884
-40.00 -135 -0.66477E-01
-35.00 -135 0.10770E-01
-30.00 -135 -0.10769
-25.00 -135 -0.34257
-20.00 -135 -0.54169
-15.00 -135 -0.60039
-10.00 -135 -0.53608
-5.00 -135 -0.45068
0.00 -135 -0.42246
5.00 -135 -0.43614
10.00 -135 -0.41862
15.00 -135 -0.33989
20.00 -135 -0.27029
25.00 -135 -0.32763
30.00 -135 -0.55870
35.00 -135 -0.87064
40.00 -135 -1.0851
45.00 -135 -1.0726
70.00 -135 0.33501E-01
-65.00 -130 -0.83308
-60.00 -130 -0.83689
-55.00 -130 -0.78403
-50.00 -130 -0.62827
-45.00 -130 -0.37800
-40.00 -130 -0.12664
-35.00 -130 0.49522E-02
-30.00 -130 -0.33803E-01
-25.00 -130 -0.17834
-20.00 -130 -0.30372
-15.00 -130 -0.33087
-10.00 -130 -0.28608
-5.00 -130 -0.26064
0.00 -130 -0.31389
5.00 -130 -0.41663
10.00 -130 -0.48895
15.00 -130 -0.49105
20.00 -130 -0.47204
25.00 -130 -0.52396
30.00 -130 -0.68425
35.00 -130 -0.88371
40.00 -130 -0.99410
45.00 -130 -0.93272
50.00 -130 -0.72573
55.00 -130 -0.47397
60.00 -130 -0.26093
65.00 -130 -0.96739E-01
-45.00 -125 -0.53699
-40.00 -125 -0.29969
-35.00 -125 -0.16447
-30.00 -125 -0.17914
-25.00 -125 -0.28653
-20.00 -125 -0.37554
-15.00 -125 -0.37768
-10.00 -125 -0.32129
-5.00 -125 -0.29618
0.00 -125 -0.36603
5.00 -125 -0.51230
10.00 -125 -0.65834
15.00 -125 -0.74337
20.00 -125 -0.77075
25.00 -125 -0.78647
30.00 -125 -0.81694
35.00 -125 -0.83453
40.00 -125 -0.78647
45.00 -125 -0.65377
-80.00 -120 -0.43012
-75.00 -120 -0.65668
-70.00 -120 -0.79443
-65.00 -120 -0.89005
-60.00 -120 -0.96349
-55.00 -120 -0.98066
-50.00 -120 -0.89502
-45.00 -120 -0.71537
-40.00 -120 -0.52734
-35.00 -120 -0.43878
-30.00 -120 -0.49366
-25.00 -120 -0.63284
-20.00 -120 -0.74037
-15.00 -120 -0.73686
-10.00 -120 -0.63997
-5.00 -120 -0.54286
0.00 -120 -0.53491
5.00 -120 -0.63511
10.00 -120 -0.78886
15.00 -120 -0.91823
20.00 -120 -0.97288
25.00 -120 -0.94254
30.00 -120 -0.83762
35.00 -120 -0.67302
40.00 -120 -0.47359
45.00 -120 -0.28339
50.00 -120 -0.15036
55.00 -120 -0.88497E-01
60.00 -120 -0.56328E-01
65.00 -120 0.12902E-01
70.00 -120 0.14346
75.00 -120 0.27363
80.00 -120 0.29227
-45.00 -115 -0.84071
-40.00 -115 -0.70190
-35.00 -115 -0.66820
-30.00 -115 -0.78278
-25.00 -115 -0.98246
-20.00 -115 -1.1378
-15.00 -115 -1.1465
-10.00 -115 -1.0062
-5.00 -115 -0.81071
0.00 -115 -0.67923
5.00 -115 -0.67646
10.00 -115 -0.77986
15.00 -115 -0.90535
20.00 -115 -0.96058
25.00 -115 -0.88816
30.00 -115 -0.68359
35.00 -115 -0.39380
40.00 -115 -0.10196
45.00 -115 0.10372
-65.00 -110 -0.85880
-60.00 -110 -0.96453
-55.00 -110 -1.0204
-50.00 -110 -0.98197
-45.00 -110 -0.85779
-40.00 -110 -0.73067
-35.00 -110 -0.70860
-30.00 -110 -0.84061
-25.00 -110 -1.0684
-20.00 -110 -1.2580
-15.00 -110 -1.2912
-10.00 -110 -1.1454
-5.00 -110 -0.90540
0.00 -110 -0.70043
5.00 -110 -0.61930
10.00 -110 -0.66070
15.00 -110 -0.74427
20.00 -110 -0.76395
25.00 -110 -0.64637
30.00 -110 -0.38642
35.00 -110 -0.50114E-01
40.00 -110 0.25369
45.00 -110 0.42477
50.00 -110 0.42669
55.00 -110 0.31368
60.00 -110 0.20178
65.00 -110 0.19057
-70.00 -105 -0.68681
-45.00 -105 -0.75988
-40.00 -105 -0.59460
-35.00 -105 -0.51972
-30.00 -105 -0.59714
-25.00 -105 -0.78801
-20.00 -105 -0.97492
-15.00 -105 -1.0436
-10.00 -105 -0.96051
-5.00 -105 -0.78799
0.00 -105 -0.63079
5.00 -105 -0.55941
10.00 -105 -0.56671
15.00 -105 -0.58135
20.00 -105 -0.51916
25.00 -105 -0.33488
30.00 -105 -0.47094E-01
35.00 -105 0.26910
40.00 -105 0.51480
45.00 -105 0.61366
70.00 -105 0.35955
-75.00 -100 -0.49294
-65.00 -100 -0.72446
-60.00 -100 -0.81231
-55.00 -100 -0.84743
-50.00 -100 -0.77637
-45.00 -100 -0.59086
-40.00 -100 -0.35901
-35.00 -100 -0.19144
-30.00 -100 -0.16594
-25.00 -100 -0.27319
-20.00 -100 -0.42945
-15.00 -100 -0.54393
-10.00 -100 -0.58270
-5.00 -100 -0.57766
0.00 -100 -0.57987
5.00 -100 -0.60362
10.00 -100 -0.60972
15.00 -100 -0.53751
20.00 -100 -0.35356
25.00 -100 -0.77832E-01
30.00 -100 0.22618
35.00 -100 0.48183
40.00 -100 0.62869
45.00 -100 0.64241
50.00 -100 0.54627
55.00 -100 0.40953
60.00 -100 0.32057
65.00 -100 0.33482
75.00 -100 0.49204
-45.00 -95 -0.41594
-40.00 -95 -0.12807
-35.00 -95 0.12146
-30.00 -95 0.24236
-25.00 -95 0.21691
-20.00 -95 0.94293E-01
-15.00 -95 -0.63546E-01
-10.00 -95 -0.22955
-5.00 -95 -0.40902
0.00 -95 -0.59594
5.00 -95 -0.73900
10.00 -95 -0.75831
15.00 -95 -0.60267
20.00 -95 -0.29680
25.00 -95 0.64303E-01
30.00 -95 0.36890
35.00 -95 0.54609
40.00 -95 0.58732
45.00 -95 0.52981
-80.00 -90 -0.21888
-70.00 -90 -0.46473
-65.00 -90 -0.53098
-60.00 -90 -0.58619
-55.00 -90 -0.59712
-50.00 -90 -0.50387
-45.00 -90 -0.28021
-40.00 -90 0.24856E-01
-35.00 -90 0.30663
-30.00 -90 0.47063
-25.00 -90 0.48675
-20.00 -90 0.38614
-15.00 -90 0.21283
-10.00 -90 -0.15220E-01
-5.00 -90 -0.29432
0.00 -90 -0.58894
5.00 -90 -0.80833
10.00 -90 -0.84485
15.00 -90 -0.65107
20.00 -90 -0.28879
25.00 -90 0.98067E-01
30.00 -90 0.36941
35.00 -90 0.46672
40.00 -90 0.42679
45.00 -90 0.33424
50.00 -90 0.26302
55.00 -90 0.25067
60.00 -90 0.30490
65.00 -90 0.41051
70.00 -90 0.52051
80.00 -90 0.44134
-85.00 -85 0.17786E-01
-45.00 -85 -0.18268
-40.00 -85 0.10132
-35.00 -85 0.36320
-30.00 -85 0.51317
-25.00 -85 0.52667
-20.00 -85 0.44035
-15.00 -85 0.29930
-10.00 -85 0.11390
-5.00 -85 -0.12729
0.00 -85 -0.40404
5.00 -85 -0.63309
10.00 -85 -0.70428
15.00 -85 -0.56276
20.00 -85 -0.26450
25.00 -85 0.49855E-01
30.00 -85 0.24660
35.00 -85 0.28181
40.00 -85 0.21192
45.00 -85 0.13457
85.00 -85 0.17195
-75.00 -80 -0.24146
-65.00 -80 -0.32669
-60.00 -80 -0.34988
-55.00 -80 -0.34752
-50.00 -80 -0.26761
-45.00 -80 -0.82508E-01
-40.00 -80 0.16647
-35.00 -80 0.38470
-30.00 -80 0.49185
-25.00 -80 0.48014
-20.00 -80 0.40843
-15.00 -80 0.33867
-10.00 -80 0.27767
-5.00 -80 0.18162
0.00 -80 0.17767E-01
5.00 -80 -0.18051
10.00 -80 -0.32395
15.00 -80 -0.33758
20.00 -80 -0.22592
25.00 -80 -0.71653E-01
30.00 -80 0.31050E-01
35.00 -80 0.47471E-01
40.00 -80 0.16929E-01
45.00 -80 0.70525E-02
50.00 -80 0.57787E-01
55.00 -80 0.16424
60.00 -80 0.29889
65.00 -80 0.43366
75.00 -80 0.54965
-70.00 -75 -0.21879
-45.00 -75 0.68119E-01
-40.00 -75 0.29325
-35.00 -75 0.47431
-30.00 -75 0.54040
-25.00 -75 0.50084
-20.00 -75 0.43908
-15.00 -75 0.43978
-10.00 -75 0.51263
-5.00 -75 0.58166
0.00 -75 0.55011
5.00 -75 0.38277
10.00 -75 0.13466
15.00 -75 -0.93589E-01
20.00 -75 -0.22859
25.00 -75 -0.26178
30.00 -75 -0.22970
35.00 -75 -0.16873
40.00 -75 -0.90991E-01
45.00 -75 0.49042E-02
70.00 -75 0.50352
-65.00 -70 -0.13003
-60.00 -70 -0.94010E-01
-55.00 -70 -0.28653E-01
-50.00 -70 0.95097E-01
-45.00 -70 0.28748
-40.00 -70 0.50413
-35.00 -70 0.66034
-30.00 -70 0.69428
-25.00 -70 0.62617
-20.00 -70 0.55429
-15.00 -70 0.58117
-10.00 -70 0.72656
-5.00 -70 0.90016
0.00 -70 0.95962
5.00 -70 0.80955
10.00 -70 0.46684
15.00 -70 0.48581E-01
20.00 -70 -0.29897
25.00 -70 -0.47490
30.00 -70 -0.45770
35.00 -70 -0.29420
40.00 -70 -0.66301E-01
45.00 -70 0.14368
50.00 -70 0.28184
55.00 -70 0.34179
60.00 -70 0.36194
65.00 -70 0.39136
-45.00 -65 0.54810
-40.00 -65 0.75106
-35.00 -65 0.87393
-30.00 -65 0.86986
-25.00 -65 0.76569
-20.00 -65 0.65985
-15.00 -65 0.65915
-10.00 -65 0.79602
-5.00 -65 0.99011
0.00 -65 1.0887
5.00 -65 0.96206
10.00 -65 0.58980
15.00 -65 0.82319E-01
20.00 -65 -0.37383
25.00 -65 -0.61044
30.00 -65 -0.55803
35.00 -65 -0.27275
40.00 -65 0.98351E-01
45.00 -65 0.39374
-80.00 -60 0.62026E-01
-75.00 -60 -0.13275E-02
-70.00 -60 -0.11292E-01
-65.00 -60 0.49781E-01
-60.00 -60 0.18028
-55.00 -60 0.36530
-50.00 -60 0.58036
-45.00 -60 0.78938
-40.00 -60 0.94453
-35.00 -60 0.99983
-30.00 -60 0.93872
-25.00 -60 0.79738
-20.00 -60 0.65980
-15.00 -60 0.61579
-10.00 -60 0.70198
-5.00 -60 0.86458
0.00 -60 0.97554
5.00 -60 0.90153
10.00 -60 0.58940
15.00 -60 0.11553
20.00 -60 -0.33694
25.00 -60 -0.56820
30.00 -60 -0.47184
35.00 -60 -0.10040
40.00 -60 0.35777
45.00 -60 0.68265
50.00 -60 0.74752
55.00 -60 0.58561
60.00 -60 0.35288
65.00 -60 0.21089
70.00 -60 0.21159
75.00 -60 0.27201
80.00 -60 0.25341
-45.00 -55 0.94821
-40.00 -55 1.0075
-35.00 -55 0.95656
-30.00 -55 0.82950
-25.00 -55 0.67848
-20.00 -55 0.55818
-15.00 -55 0.51353
-10.00 -55 0.56438
-5.00 -55 0.68600
0.00 -55 0.80028
5.00 -55 0.79973
10.00 -55 0.60872
15.00 -55 0.25083
20.00 -55 -0.13135
25.00 -55 -0.33836
30.00 -55 -0.23473
35.00 -55 0.14931
40.00 -55 0.61558
45.00 -55 0.91176
-65.00 -50 0.18527
-60.00 -50 0.39434
-55.00 -50 0.66649
-50.00 -50 0.89607
-45.00 -50 0.98709
-40.00 -50 0.91634
-35.00 -50 0.74630
-30.00 -50 0.57690
-25.00 -50 0.47764
-20.00 -50 0.45648
-15.00 -50 0.48411
-10.00 -50 0.53853
-5.00 -50 0.61835
0.00 -50 0.71188
5.00 -50 0.76362
10.00 -50 0.69228
15.00 -50 0.46442
20.00 -50 0.16086
25.00 -50 -0.41126E-01
30.00 -50 0.17115E-01
35.00 -50 0.34258
40.00 -50 0.75361
45.00 -50 0.98751
50.00 -50 0.88339
55.00 -50 0.49993
60.00 -50 0.71836E-01
65.00 -50 -0.16436
-70.00 -45 0.13241
-45.00 -45 0.90411
-40.00 -45 0.70417
-35.00 -45 0.44414
-30.00 -45 0.28806
-25.00 -45 0.31164
-20.00 -45 0.45783
-15.00 -45 0.60342
-10.00 -45 0.67109
-5.00 -45 0.68158
0.00 -45 0.70136
5.00 -45 0.74595
10.00 -45 0.74485
15.00 -45 0.61317
20.00 -45 0.36376
25.00 -45 0.14071
30.00 -45 0.12018
35.00 -45 0.35196
40.00 -45 0.68494
45.00 -45 0.85916
70.00 -45 -0.33895
-75.00 -40 0.18721
-65.00 -40 0.24508
-60.00 -40 0.45040
-55.00 -40 0.69707
-50.00 -40 0.82611
-45.00 -40 0.72383
-40.00 -40 0.43235
-35.00 -40 0.14360
-30.00 -40 0.63162E-01
-25.00 -40 0.25004
-20.00 -40 0.57072
-15.00 -40 0.81127
-10.00 -40 0.85076
-5.00 -40 0.74313
0.00 -40 0.63889
5.00 -40 0.62692
10.00 -40 0.65037
15.00 -40 0.57762
20.00 -40 0.35726
25.00 -40 0.10000
30.00 -40 -0.35868E-02
35.00 -40 0.13725
40.00 -40 0.40454
45.00 -40 0.54589
50.00 -40 0.37945
55.00 -40 -0.46477E-01
60.00 -40 -0.48136
65.00 -40 -0.66746
75.00 -40 -0.24606
-45.00 -35 0.48003
-40.00 -35 0.15447
-35.00 -35 -0.96886E-01
-30.00 -35 -0.64496E-01
-25.00 -35 0.26865
-20.00 -35 0.69746
-15.00 -35 0.94952
-10.00 -35 0.89814
-5.00 -35 0.64976
0.00 -35 0.43079
5.00 -35 0.37935
10.00 -35 0.43232
15.00 -35 0.40818
20.00 -35 0.20191
25.00 -35 -0.97000E-01
30.00 -35 -0.27930
35.00 -35 -0.21625
40.00 -35 0.38097E-02
45.00 -35 0.13634
-85.00 -30 0.29332
-80.00 -30 0.31025
-70.00 -30 0.21888
-65.00 -30 0.23312
-60.00 -30 0.33407
-55.00 -30 0.44159
-50.00 -30 0.41944
-45.00 -30 0.20354
-40.00 -30 -0.10215
-35.00 -30 -0.27105
-30.00 -30 -0.12914
-25.00 -30 0.28279
-20.00 -30 0.71272
-15.00 -30 0.88366
-10.00 -30 0.71276
-5.00 -30 0.37266
0.00 -30 0.13687
5.00 -30 0.14312
10.00 -30 0.28414
15.00 -30 0.32121
20.00 -30 0.11389
25.00 -30 -0.24606
30.00 -30 -0.51856
35.00 -30 -0.53781
40.00 -30 -0.36727
45.00 -30 -0.24418
50.00 -30 -0.36436
55.00 -30 -0.70253
60.00 -30 -1.0282
65.00 -30 -1.0990
70.00 -30 -0.85803
80.00 -30 -0.16823
85.00 -30 -0.75206E-01
-45.00 -25 -0.79051E-01
-40.00 -25 -0.33027
-35.00 -25 -0.40246
-30.00 -25 -0.18509
-25.00 -25 0.22354
-20.00 -25 0.56192
-15.00 -25 0.60429
-10.00 -25 0.35047
-5.00 -25 0.34661E-01
0.00 -25 -0.68210E-01
5.00 -25 0.12173
10.00 -25 0.41749
15.00 -25 0.52411
20.00 -25 0.29155
25.00 -25 -0.15942
30.00 -25 -0.54654
35.00 -25 -0.66986
40.00 -25 -0.57319
45.00 -25 -0.48534
-75.00 -20 0.34801
-65.00 -20 0.20248
-60.00 -20 0.14774
-55.00 -20 0.64303E-01
-50.00 -20 -0.10385
-45.00 -20 -0.34016
-40.00 -20 -0.52412
-35.00 -20 -0.50852
-30.00 -20 -0.25594
-25.00 -20 0.92202E-01
-20.00 -20 0.30078
-15.00 -20 0.23124
-10.00 -20 -0.23743E-01
-5.00 -20 -0.19399
0.00 -20 -0.49723E-01
5.00 -20 0.39268
10.00 -20 0.85801
15.00 -20 1.0155
20.00 -20 0.73470
25.00 -20 0.18133
30.00 -20 -0.32386
35.00 -20 -0.55994
40.00 -20 -0.55859
45.00 -20 -0.53610
50.00 -20 -0.67864
55.00 -20 -0.97436
60.00 -20 -1.2310
65.00 -20 -1.2489
75.00 -20 -0.59564
-70.00 -15 0.30705
-45.00 -15 -0.54817
-40.00 -15 -0.66646
-35.00 -15 -0.58055
-30.00 -15 -0.31875
-25.00 -15 -0.45101E-01
-20.00 -15 0.53259E-01
-15.00 -15 -0.70517E-01
-10.00 -15 -0.25250
-5.00 -15 -0.22421
0.00 -15 0.16977
5.00 -15 0.81708
10.00 -15 1.3851
15.00 -15 1.5482
20.00 -15 1.2191
25.00 -15 0.60270
30.00 -15 0.30570E-01
35.00 -15 -0.28268
40.00 -15 -0.36706
45.00 -15 -0.41909
70.00 -15 -0.96424
-65.00 -10 0.21952
-60.00 -10 0.42480E-01
-55.00 -10 -0.19210
-50.00 -10 -0.45778
-45.00 -10 -0.67239
-40.00 -10 -0.73175
-35.00 -10 -0.59135
-30.00 -10 -0.32798
-25.00 -10 -0.10929
-20.00 -10 -0.70560E-01
-15.00 -10 -0.18915
-10.00 -10 -0.27133
-5.00 -10 -0.86331E-01
0.00 -10 0.44294
5.00 -10 1.1451
10.00 -10 1.6900
15.00 -10 1.8059
20.00 -10 1.4608
25.00 -10 0.87059
30.00 -10 0.33263
35.00 -10 0.20290E-01
40.00 -10 -0.10467
45.00 -10 -0.20950
50.00 -10 -0.42314
55.00 -10 -0.72631
60.00 -10 -0.97812
65.00 -10 -1.0395
-45.00 -5 -0.69440
-40.00 -5 -0.70153
-35.00 -5 -0.51913
-30.00 -5 -0.25330
-25.00 -5 -0.61408E-01
-20.00 -5 -0.33962E-01
-15.00 -5 -0.11097
-10.00 -5 -0.11077
-5.00 -5 0.13537
0.00 -5 0.64041
5.00 -5 1.2246
10.00 -5 1.6214
15.00 -5 1.6518
20.00 -5 1.3369
25.00 -5 0.86837
30.00 -5 0.46580
35.00 -5 0.23425
40.00 -5 0.12374
45.00 -5 0.62986E-02
90.00 0.00 -0.12614
-90.00 0.00 0.21519
