-85.00 0.00 0.39738
-80.00 0.00 0.32812
-75.00 0.00 0.21247
-70.00 0.00 0.12313
-65.00 0.00 0.91793E-01
-60.00 0.00 0.82502E-01
-55.00 0.00 0.30030E-01
-50.00 0.00 -0.92199E-01
-45.00 0.00 -0.24065
-40.00 0.00 -0.33864
-35.00 0.00 -0.34768
-30.00 0.00 -0.30515
-25.00 0.00 -0.29096
-20.00 0.00 -0.35266
-15.00 0.00 -0.45801
-10.00 0.00 -0.51912
-5.00 0.00 -0.46691
0.00 0.00 -0.30958
5.00 0.00 -0.12553
10.00 0.00 -0.11597E-02
15.00 0.00 0.29091E-01
20.00 0.00 -0.83823E-02
25.00 0.00 -0.66212E-01
30.00 0.00 -0.11947
35.00 0.00 -0.17208
40.00 0.00 -0.22847
45.00 0.00 -0.26859
50.00 0.00 -0.25727
55.00 0.00 -0.17957
60.00 0.00 -0.63494E-01
65.00 0.00 0.37555E-01
70.00 0.00 0.89358E-01
75.00 0.00 0.10606
80.00 0.00 0.13489
85.00 0.00 0.20888
-45.00 5.00 -0.23655
-40.00 5.00 -0.39097
-35.00 5.00 -0.46643
-30.00 5.00 -0.46413
-25.00 5.00 -0.44328
-20.00 5.00 -0.46137
-15.00 5.00 -0.51804
-10.00 5.00 -0.55441
-5.00 5.00 -0.50767
0.00 5.00 -0.36997
5.00 5.00 -0.19893
10.00 5.00 -0.72654E-01
15.00 5.00 -0.31689E-01
20.00 5.00 -0.58111E-01
25.00 5.00 -0.10374
30.00 5.00 -0.13476
35.00 5.00 -0.15035
40.00 5.00 -0.16401
45.00 5.00 -0.17456
-65.00 10.00 0.52078E-01
-60.00 10.00 0.66616E-01
-55.00 10.00 0.61082E-01
-50.00 10.00 -0.35225E-01
-45.00 10.00 -0.22304
-40.00 10.00 -0.42937
-35.00 10.00 -0.56672
-30.00 10.00 -0.60222
-25.00 10.00 -0.57630
-20.00 10.00 -0.55744
-15.00 10.00 -0.57730
-10.00 10.00 -0.60543
-5.00 10.00 -0.58397
0.00 10.00 -0.48663
5.00 10.00 -0.34664
10.00 10.00 -0.22932
15.00 10.00 -0.17762
20.00 10.00 -0.18093
25.00 10.00 -0.19280
30.00 10.00 -0.17627
35.00 10.00 -0.13245
40.00 10.00 -0.88918E-01
45.00 10.00 -0.64937E-01
50.00 10.00 -0.51262E-01
55.00 10.00 -0.23672E-01
60.00 10.00 0.27072E-01
65.00 10.00 0.82863E-01
-70.00 15.00 0.85064E-01
-45.00 15.00 -0.20761
-40.00 15.00 -0.45050
-35.00 15.00 -0.63299
-30.00 15.00 -0.69621
-25.00 15.00 -0.66682
-20.00 15.00 -0.62302
-15.00 15.00 -0.62198
-10.00 15.00 -0.65461
-5.00 15.00 -0.66473
0.00 15.00 -0.60926
5.00 15.00 -0.50047
10.00 15.00 -0.39269
15.00 15.00 -0.33009
20.00 15.00 -0.30732
25.00 15.00 -0.27969
30.00 15.00 -0.20990
35.00 15.00 -0.10468
40.00 15.00 -0.71802E-02
45.00 15.00 0.44741E-01
70.00 15.00 0.12629
-75.00 20.00 0.21389
-65.00 20.00 0.21208E-01
-60.00 20.00 0.45109E-01
-55.00 20.00 0.70342E-01
-50.00 20.00 -0.75424E-03
-45.00 20.00 -0.19956
-40.00 20.00 -0.45928
-35.00 20.00 -0.66467
-30.00 20.00 -0.74098
-25.00 20.00 -0.70634
-20.00 20.00 -0.64514
-15.00 20.00 -0.63056
-10.00 20.00 -0.66666
-5.00 20.00 -0.69797
0.00 20.00 -0.67056
5.00 20.00 -0.58350
10.00 20.00 -0.48382
15.00 20.00 -0.41525
20.00 20.00 -0.37416
25.00 20.00 -0.31618
30.00 20.00 -0.20527
35.00 20.00 -0.55342E-01
40.00 20.00 0.76719E-01
45.00 20.00 0.13977
50.00 20.00 0.13163
55.00 20.00 0.96616E-01
60.00 20.00 0.82650E-01
65.00 20.00 0.10158
75.00 20.00 0.14760
-45.00 25.00 -0.20764
-40.00 25.00 -0.46633
-35.00 25.00 -0.67321
-30.00 25.00 -0.74647
-25.00 25.00 -0.69929
-20.00 25.00 -0.61806
-15.00 25.00 -0.58404
-10.00 25.00 -0.61003
-5.00 25.00 -0.64446
0.00 25.00 -0.63085
5.00 25.00 -0.56163
10.00 25.00 -0.47672
15.00 25.00 -0.41430
20.00 25.00 -0.36765
25.00 25.00 -0.29262
30.00 25.00 -0.15793
35.00 25.00 0.13319E-01
40.00 25.00 0.15405
45.00 25.00 0.20773
-80.00 30.00 0.36478
-70.00 30.00 0.69112E-01
-65.00 30.00 -0.14653E-01
-60.00 30.00 -0.11840E-01
-55.00 30.00 0.79324E-02
-50.00 30.00 -0.53570E-01
-45.00 30.00 -0.23639
-40.00 30.00 -0.48151
-35.00 30.00 -0.67316
-30.00 30.00 -0.72836
-25.00 30.00 -0.65729
-20.00 30.00 -0.54538
-15.00 30.00 -0.47824
-10.00 30.00 -0.47804
-5.00 30.00 -0.50318
0.00 30.00 -0.50163
5.00 30.00 -0.46088
10.00 30.00 -0.40805
15.00 30.00 -0.36730
20.00 30.00 -0.32440
25.00 30.00 -0.23846
30.00 30.00 -0.89927E-01
35.00 30.00 0.85085E-01
40.00 30.00 0.21302
45.00 30.00 0.24079
50.00 30.00 0.18053
55.00 30.00 0.99149E-01
60.00 30.00 0.62176E-01
65.00 30.00 0.84136E-01
70.00 30.00 0.12979
80.00 30.00 0.17818
-45.00 35.00 -0.28310
-40.00 35.00 -0.50742
-35.00 35.00 -0.67257
-30.00 35.00 -0.69809
-25.00 35.00 -0.59266
-20.00 35.00 -0.43991
-15.00 35.00 -0.32943
-10.00 35.00 -0.29552
-5.00 35.00 -0.31165
0.00 35.00 -0.33334
5.00 35.00 -0.34038
10.00 35.00 -0.33897
15.00 35.00 -0.33115
20.00 35.00 -0.29317
25.00 35.00 -0.19278
30.00 35.00 -0.30372E-01
35.00 35.00 0.14091
40.00 35.00 0.24440
45.00 35.00 0.23828
-75.00 40.00 0.23270
-65.00 40.00 -0.51350E-01
-60.00 40.00 -0.89075E-01
-55.00 40.00 -0.10294
-50.00 40.00 -0.17497
-45.00 40.00 -0.33769
-40.00 40.00 -0.53694
-35.00 40.00 -0.66855
-30.00 40.00 -0.65768
-25.00 40.00 -0.51402
-20.00 40.00 -0.32022
-15.00 40.00 -0.16959
-10.00 40.00 -0.10836
-5.00 40.00 -0.12506
0.00 40.00 -0.18180
5.00 40.00 -0.24782
10.00 40.00 -0.30465
15.00 40.00 -0.33000
20.00 40.00 -0.29209
25.00 40.00 -0.17181
30.00 40.00 0.62604E-02
35.00 40.00 0.17130
40.00 40.00 0.24708
45.00 40.00 0.20787
50.00 40.00 0.10088
55.00 40.00 0.11789E-01
60.00 40.00 0.11113E-03
65.00 40.00 0.59063E-01
75.00 40.00 0.17621
-70.00 45.00 0.62389E-01
-45.00 45.00 -0.38595
-40.00 45.00 -0.55646
-35.00 45.00 -0.65005
-30.00 45.00 -0.60145
-25.00 45.00 -0.42551
-20.00 45.00 -0.20522
-15.00 45.00 -0.34299E-01
-10.00 45.00 0.35892E-01
-5.00 45.00 0.87343E-02
0.00 45.00 -0.81063E-01
5.00 45.00 -0.19414
10.00 45.00 -0.29353
15.00 45.00 -0.33975
20.00 45.00 -0.29744
25.00 45.00 -0.16056
30.00 45.00 0.26180E-01
35.00 45.00 0.17988
40.00 45.00 0.22876
45.00 45.00 0.16373
70.00 45.00 0.14336
-65.00 50.00 -0.76486E-01
-60.00 50.00 -0.14834
-55.00 50.00 -0.19480
-50.00 50.00 -0.27782
-45.00 50.00 -0.41489
-40.00 50.00 -0.55300
-35.00 50.00 -0.60606
-30.00 50.00 -0.52312
-25.00 50.00 -0.32940
-20.00 50.00 -0.10902
-15.00 50.00 0.50725E-01
-10.00 50.00 0.10624
-5.00 50.00 0.65055E-01
0.00 50.00 -0.37597E-01
5.00 50.00 -0.16194
10.00 50.00 -0.26861
15.00 50.00 -0.31584
20.00 50.00 -0.27022
25.00 50.00 -0.13280
30.00 50.00 0.44173E-01
35.00 50.00 0.17678
40.00 50.00 0.20154
45.00 50.00 0.12207
50.00 50.00 0.91322E-02
55.00 50.00 -0.50823E-01
60.00 50.00 -0.18692E-01
65.00 50.00 0.74254E-01
-85.00 55.00 0.41989
-45.00 55.00 -0.41749
-40.00 55.00 -0.52116
-35.00 55.00 -0.53411
-30.00 55.00 -0.42358
-25.00 55.00 -0.22956
-20.00 55.00 -0.37521E-01
-15.00 55.00 0.79443E-01
-10.00 55.00 0.99606E-01
-5.00 55.00 0.47371E-01
0.00 55.00 -0.39021E-01
5.00 55.00 -0.13065
10.00 55.00 -0.20528
15.00 55.00 -0.23541
20.00 55.00 -0.19362
25.00 55.00 -0.78291E-01
30.00 55.00 0.67018E-01
35.00 55.00 0.16962
40.00 55.00 0.17632
45.00 55.00 0.96366E-01
85.00 55.00 0.23671
-80.00 60.00 0.37392
-75.00 60.00 0.23414
-70.00 60.00 0.56794E-01
-65.00 60.00 -0.84937E-01
-60.00 60.00 -0.16535
-55.00 60.00 -0.21898
-50.00 60.00 -0.29408
-45.00 60.00 -0.39425
-40.00 60.00 -0.46578
-35.00 60.00 -0.44386
-30.00 60.00 -0.31436
-25.00 60.00 -0.13354
-20.00 60.00 0.12027E-01
-15.00 60.00 0.68018E-01
-10.00 60.00 0.42965E-01
-5.00 60.00 -0.14394E-01
0.00 60.00 -0.62287E-01
5.00 60.00 -0.91293E-01
10.00 60.00 -0.11000
15.00 60.00 -0.11565
20.00 60.00 -0.87429E-01
25.00 60.00 -0.11856E-01
30.00 60.00 0.88758E-01
35.00 60.00 0.16081
40.00 60.00 0.16037
45.00 60.00 0.94446E-01
50.00 60.00 0.21341E-01
55.00 60.00 0.50721E-02
60.00 60.00 0.63100E-01
65.00 60.00 0.15447
70.00 60.00 0.21895
75.00 60.00 0.23123
80.00 60.00 0.22092
-45.00 65.00 -0.35100
-40.00 65.00 -0.39871
-35.00 65.00 -0.35330
-30.00 65.00 -0.21464
-25.00 65.00 -0.51872E-01
-20.00 65.00 0.47942E-01
-15.00 65.00 0.47748E-01
-10.00 65.00 -0.15915E-01
-5.00 65.00 -0.71920E-01
0.00 65.00 -0.76601E-01
5.00 65.00 -0.41628E-01
10.00 65.00 -0.75077E-02
15.00 65.00 0.43811E-02
20.00 65.00 0.11194E-01
25.00 65.00 0.42741E-01
30.00 65.00 0.10143
35.00 65.00 0.15286
40.00 65.00 0.15863
45.00 65.00 0.11798
-65.00 70.00 -0.83283E-01
-60.00 70.00 -0.14382
-55.00 70.00 -0.17404
-50.00 70.00 -0.22363
-45.00 70.00 -0.29414
-40.00 70.00 -0.33151
-35.00 70.00 -0.27965
-30.00 70.00 -0.14300
-25.00 70.00 0.48540E-02
-20.00 70.00 0.78044E-01
-15.00 70.00 0.49446E-01
-10.00 70.00 -0.29375E-01
-5.00 70.00 -0.76418E-01
0.00 70.00 -0.49702E-01
5.00 70.00 0.24102E-01
10.00 70.00 0.84468E-01
15.00 70.00 0.96903E-01
20.00 70.00 0.79826E-01
25.00 70.00 0.77115E-01
30.00 70.00 0.10932
35.00 70.00 0.15449
40.00 70.00 0.17564
45.00 70.00 0.16331
50.00 70.00 0.14711
55.00 70.00 0.16438
60.00 70.00 0.21912
65.00 70.00 0.27503
-70.00 75.00 0.36362E-01
-45.00 75.00 -0.22664
-40.00 75.00 -0.26843
-35.00 75.00 -0.22980
-30.00 75.00 -0.10813
-25.00 75.00 0.30299E-01
-20.00 75.00 0.10409
-15.00 75.00 0.86387E-01
-10.00 75.00 0.25142E-01
-5.00 75.00 -0.36363E-02
0.00 75.00 0.35806E-01
5.00 75.00 0.11250
10.00 75.00 0.16501
15.00 75.00 0.16152
20.00 75.00 0.12555
25.00 75.00 0.10685
30.00 75.00 0.13104
35.00 75.00 0.17919
40.00 75.00 0.21418
45.00 75.00 0.22224
70.00 75.00 0.32335
-75.00 80.00 0.19244
-65.00 80.00 -0.81271E-01
-60.00 80.00 -0.10130
-55.00 80.00 -0.82112E-01
-50.00 80.00 -0.90850E-01
-45.00 80.00 -0.14700
-40.00 80.00 -0.20391
-35.00 80.00 -0.19576
-30.00 80.00 -0.10305
-25.00 80.00 0.26760E-01
-20.00 80.00 0.12148
-15.00 80.00 0.14709
-10.00 80.00 0.13132
-5.00 80.00 0.12874
0.00 80.00 0.16516
5.00 80.00 0.21611
10.00 80.00 0.23728
15.00 80.00 0.21258
20.00 80.00 0.17080
25.00 80.00 0.15616
30.00 80.00 0.18537
35.00 80.00 0.23522
40.00 80.00 0.27091
45.00 80.00 0.28272
50.00 80.00 0.29188
55.00 80.00 0.32070
60.00 80.00 0.36127
65.00 80.00 0.37886
75.00 80.00 0.28700
-45.00 85.00 -0.52158E-01
-40.00 85.00 -0.12633
-35.00 85.00 -0.15787
-30.00 85.00 -0.10606
-25.00 85.00 0.79019E-02
-20.00 85.00 0.12596
-15.00 85.00 0.20484
-10.00 85.00 0.24385
-5.00 85.00 0.26806
0.00 85.00 0.29224
5.00 85.00 0.30580
10.00 85.00 0.29195
15.00 85.00 0.25569
20.00 85.00 0.22686
25.00 85.00 0.23327
30.00 85.00 0.27271
35.00 85.00 0.31509
40.00 85.00 0.33338
45.00 85.00 0.33102
-80.00 90.00 0.31390
-70.00 90.00 -0.84521E-03
-65.00 90.00 -0.81970E-01
-60.00 90.00 -0.54182E-01
-55.00 90.00 0.30359E-01
-50.00 90.00 0.84264E-01
-45.00 90.00 0.57443E-01
-40.00 90.00 -0.26142E-01
-35.00 90.00 -0.94697E-01
-30.00 90.00 -0.88921E-01
-25.00 90.00 -0.29818E-02
-20.00 90.00 0.12245
-15.00 90.00 0.23835
-10.00 90.00 0.31792
-5.00 90.00 0.35849
0.00 90.00 0.36590
5.00 90.00 0.34573
10.00 90.00 0.30934
15.00 90.00 0.27981
20.00 90.00 0.28173
25.00 90.00 0.31971
30.00 90.00 0.36926
35.00 90.00 0.39505
40.00 90.00 0.38329
45.00 90.00 0.35621
50.00 90.00 0.35115
55.00 90.00 0.38190
60.00 90.00 0.42096
65.00 90.00 0.42316
70.00 90.00 0.37040
80.00 90.00 0.24784
-45.00 95.00 0.17397
-40.00 95.00 0.96218E-01
-35.00 95.00 0.53520E-02
-30.00 95.00 -0.29336E-01
-25.00 95.00 0.18935E-01
-20.00 95.00 0.12701
-15.00 95.00 0.24700
-10.00 95.00 0.33683
-5.00 95.00 0.37561
0.00 95.00 0.36431
5.00 95.00 0.32189
10.00 95.00 0.28025
15.00 95.00 0.27244
20.00 95.00 0.31298
25.00 95.00 0.38342
30.00 95.00 0.44046
35.00 95.00 0.44748
40.00 95.00 0.40574
45.00 95.00 0.35580
-75.00 100.00 0.13003
-65.00 100.00 -0.79204E-01
-60.00 100.00 -0.14685E-01
-55.00 100.00 0.12458
-50.00 100.00 0.24672
-45.00 100.00 0.28222
-40.00 100.00 0.22742
-35.00 100.00 0.13678
-30.00 100.00 0.77966E-01
-25.00 100.00 0.87687E-01
-20.00 100.00 0.15712
-15.00 100.00 0.24724
-10.00 100.00 0.31534
-5.00 100.00 0.33547
0.00 100.00 0.30754
5.00 100.00 0.25671
10.00 100.00 0.22286
15.00 100.00 0.23963
20.00 100.00 0.31114
25.00 100.00 0.40346
30.00 100.00 0.46365
35.00 100.00 0.45777
40.00 100.00 0.39892
45.00 100.00 0.33885
50.00 100.00 0.32602
55.00 100.00 0.36440
60.00 100.00 0.41025
65.00 100.00 0.41167
75.00 100.00 0.28411
-70.00 105.00 -0.23990E-01
-45.00 105.00 0.36420
-40.00 105.00 0.34534
-35.00 105.00 0.27836
-30.00 105.00 0.21766
-25.00 105.00 0.19704
-20.00 105.00 0.21666
-15.00 105.00 0.25289
-10.00 105.00 0.27709
-5.00 105.00 0.27108
0.00 105.00 0.23572
5.00 105.00 0.19231
10.00 105.00 0.17414
15.00 105.00 0.20728
20.00 105.00 0.28948
25.00 105.00 0.38425
30.00 105.00 0.44131
35.00 105.00 0.43266
40.00 105.00 0.37611
45.00 105.00 0.32313
70.00 105.00 0.34122
-85.00 110.00 0.35538
-65.00 110.00 -0.60938E-01
-60.00 110.00 0.14239E-01
-55.00 110.00 0.16339
-50.00 110.00 0.31321
-45.00 110.00 0.40612
-40.00 110.00 0.42830
-35.00 110.00 0.40252
-30.00 110.00 0.36060
-25.00 110.00 0.32161
-20.00 110.00 0.28875
-15.00 110.00 0.25860
-10.00 110.00 0.22885
-5.00 110.00 0.19959
0.00 110.00 0.17298
5.00 110.00 0.15580
10.00 110.00 0.16092
15.00 110.00 0.20018
20.00 110.00 0.27065
25.00 110.00 0.34727
30.00 110.00 0.39466
35.00 110.00 0.39314
40.00 110.00 0.35716
45.00 110.00 0.32614
50.00 110.00 0.33146
55.00 110.00 0.36777
60.00 110.00 0.39654
65.00 110.00 0.38138
85.00 110.00 0.28163
-45.00 115.00 0.40402
-40.00 115.00 0.46406
-35.00 115.00 0.48744
-30.00 115.00 0.47749
-25.00 115.00 0.42978
-20.00 115.00 0.34559
-15.00 115.00 0.24436
-10.00 115.00 0.15850
-5.00 115.00 0.11359
0.00 115.00 0.11286
5.00 115.00 0.14043
10.00 115.00 0.17831
15.00 115.00 0.21927
20.00 115.00 0.26403
25.00 115.00 0.30932
30.00 115.00 0.34355
35.00 115.00 0.35684
40.00 115.00 0.35419
45.00 115.00 0.35436
-80.00 120.00 0.23668
-75.00 120.00 0.10307
-70.00 120.00 0.30020E-02
-65.00 120.00 -0.16785E-01
-60.00 120.00 0.44885E-01
-55.00 120.00 0.15179
-50.00 120.00 0.26420
-45.00 120.00 0.36464
-40.00 120.00 0.45349
-35.00 120.00 0.52451
-30.00 120.00 0.55068
-25.00 120.00 0.49997
-20.00 120.00 0.36853
-15.00 120.00 0.19860
-10.00 120.00 0.59817E-01
-5.00 120.00 0.56923E-02
0.00 120.00 0.40330E-01
5.00 120.00 0.12194
10.00 120.00 0.19787
15.00 120.00 0.24040
20.00 120.00 0.25605
25.00 120.00 0.26753
30.00 120.00 0.29020
35.00 120.00 0.32399
40.00 120.00 0.36156
45.00 120.00 0.39737
50.00 120.00 0.42638
55.00 120.00 0.43757
60.00 120.00 0.41653
65.00 120.00 0.36062
70.00 120.00 0.29178
75.00 120.00 0.24806
80.00 120.00 0.25424
-45.00 125.00 0.30129
-40.00 125.00 0.40697
-35.00 125.00 0.51684
-30.00 125.00 0.57639
-25.00 125.00 0.52756
-20.00 125.00 0.36049
-15.00 125.00 0.13656
-10.00 125.00 -0.42739E-01
-5.00 125.00 -0.10067
0.00 125.00 -0.33769E-01
5.00 125.00 0.92932E-01
10.00 125.00 0.19730
15.00 125.00 0.23577
20.00 125.00 0.22234
25.00 125.00 0.20403
30.00 125.00 0.22009
35.00 125.00 0.27811
40.00 125.00 0.35822
45.00 125.00 0.43176
-65.00 130.00 0.50549E-01
-60.00 130.00 0.90129E-01
-55.00 130.00 0.13059
-50.00 130.00 0.16676
-45.00 130.00 0.22728
-40.00 130.00 0.33659
-35.00 130.00 0.47132
-30.00 130.00 0.55695
-25.00 130.00 0.51693
-20.00 130.00 0.33735
-15.00 130.00 0.91595E-01
-10.00 130.00 -0.10098
-5.00 130.00 -0.15354
0.00 130.00 -0.67520E-01
5.00 130.00 0.76078E-01
10.00 130.00 0.17971
15.00 130.00 0.19587
20.00 130.00 0.14913
25.00 130.00 0.10527
30.00 130.00 0.11918
35.00 130.00 0.20173
40.00 130.00 0.32223
45.00 130.00 0.43366
50.00 130.00 0.49758
55.00 130.00 0.49660
60.00 130.00 0.43712
65.00 130.00 0.34754
-70.00 135.00 0.72467E-01
-45.00 135.00 0.15115
-40.00 135.00 0.25041
-35.00 135.00 0.39183
-30.00 135.00 0.49172
-25.00 135.00 0.46734
-20.00 135.00 0.30536
-15.00 135.00 0.82252E-01
-10.00 135.00 -0.84267E-01
-5.00 135.00 -0.11639
0.00 135.00 -0.27218E-01
5.00 135.00 0.96100E-01
10.00 135.00 0.16010
15.00 135.00 0.12966
20.00 135.00 0.43758E-01
25.00 135.00 -0.21329E-01
30.00 135.00 -0.67367E-02
35.00 135.00 0.95978E-01
40.00 135.00 0.24860
45.00 135.00 0.39355
70.00 135.00 0.26339
-75.00 140.00 0.11947
-65.00 140.00 0.11898
-60.00 140.00 0.13774
-55.00 140.00 0.11739
-50.00 140.00 0.77696E-01
-45.00 140.00 0.76588E-01
-40.00 140.00 0.15297
-35.00 140.00 0.28051
-30.00 140.00 0.37752
-25.00 140.00 0.36867
-20.00 140.00 0.24751
-15.00 140.00 0.85863E-01
-10.00 140.00 -0.18987E-01
-5.00 140.00 -0.16639E-01
0.00 140.00 0.62436E-01
5.00 140.00 0.13553
10.00 140.00 0.13248
15.00 140.00 0.44969E-01
20.00 140.00 -0.73074E-01
25.00 140.00 -0.14645
30.00 140.00 -0.12592
35.00 140.00 -0.10870E-01
40.00 140.00 0.15842
45.00 140.00 0.32440
50.00 140.00 0.43578
55.00 140.00 0.46466
60.00 140.00 0.41672
65.00 140.00 0.33059
75.00 140.00 0.24530
-45.00 145.00 0.63215E-02
-40.00 145.00 0.51416E-01
-35.00 145.00 0.14690
-30.00 145.00 0.22072
-25.00 145.00 0.21554
-20.00 145.00 0.13739
-15.00 145.00 0.49421E-01
-10.00 145.00 0.17296E-01
-5.00 145.00 0.54358E-01
0.00 145.00 0.11277
5.00 145.00 0.12484
10.00 145.00 0.57175E-01
15.00 145.00 -0.65822E-01
20.00 145.00 -0.18209
25.00 145.00 -0.23306
30.00 145.00 -0.19310
35.00 145.00 -0.73191E-01
40.00 145.00 0.91970E-01
45.00 145.00 0.25765
-80.00 150.00 0.19411
-70.00 150.00 0.12865
-65.00 150.00 0.15883
-60.00 150.00 0.15548
-55.00 150.00 0.91193E-01
-50.00 150.00 0.43864E-03
-45.00 150.00 -0.53581E-01
-40.00 150.00 -0.38891E-01
-35.00 150.00 0.16006E-01
-30.00 150.00 0.50398E-01
-25.00 150.00 0.28799E-01
-20.00 150.00 -0.27522E-01
-15.00 150.00 -0.63776E-01
-10.00 150.00 -0.46047E-01
-5.00 150.00 0.50909E-02
0.00 150.00 0.32236E-01
5.00 150.00 -0.79263E-02
10.00 150.00 -0.10735
15.00 150.00 -0.21382
20.00 150.00 -0.27120
25.00 150.00 -0.25452
30.00 150.00 -0.17355
35.00 150.00 -0.52288E-01
40.00 150.00 0.88190E-01
45.00 150.00 0.22808
50.00 150.00 0.33971
55.00 150.00 0.39249
60.00 150.00 0.37555
65.00 150.00 0.31565
70.00 150.00 0.26575
80.00 150.00 0.30737
-45.00 155.00 -0.93187E-01
-40.00 155.00 -0.96051E-01
-35.00 155.00 -0.75130E-01
-30.00 155.00 -0.83802E-01
-25.00 155.00 -0.13882
-20.00 155.00 -0.20456
-15.00 155.00 -0.23115
-10.00 155.00 -0.20732
-5.00 155.00 -0.17458
0.00 155.00 -0.18800
5.00 155.00 -0.26125
10.00 155.00 -0.34916
15.00 155.00 -0.38383
20.00 155.00 -0.32964
25.00 155.00 -0.20668
30.00 155.00 -0.65344E-01
35.00 155.00 0.58154E-01
40.00 155.00 0.16117
45.00 155.00 0.25527
-75.00 160.00 0.13104
-65.00 160.00 0.15709
-60.00 160.00 0.12942
-55.00 160.00 0.44050E-01
-50.00 160.00 -0.51926E-01
-45.00 160.00 -0.10310
-40.00 160.00 -0.10191
-35.00 160.00 -0.95191E-01
-30.00 160.00 -0.13552
-25.00 160.00 -0.22769
-20.00 160.00 -0.32458
-15.00 160.00 -0.37616
-10.00 160.00 -0.38120
-5.00 160.00 -0.38790
0.00 160.00 -0.44114
5.00 160.00 -0.52821
10.00 160.00 -0.57845
15.00 160.00 -0.52030
20.00 160.00 -0.34388
25.00 160.00 -0.11154
30.00 160.00 0.91638E-01
35.00 160.00 0.22005
40.00 160.00 0.28713
45.00 160.00 0.33151
50.00 160.00 0.37040
55.00 160.00 0.38805
60.00 160.00 0.36617
65.00 160.00 0.31803
75.00 160.00 0.29826
-85.00 165.00 0.28664
-70.00 165.00 0.13482
-45.00 165.00 -0.80903E-01
-40.00 165.00 -0.54870E-01
-35.00 165.00 -0.40504E-01
-30.00 165.00 -0.94488E-01
-25.00 165.00 -0.21498
-20.00 165.00 -0.34466
-15.00 165.00 -0.42755
-10.00 165.00 -0.46203
-5.00 165.00 -0.49581
0.00 165.00 -0.56730
5.00 165.00 -0.65220
10.00 165.00 -0.67105
15.00 165.00 -0.55468
20.00 165.00 -0.30823
25.00 165.00 -0.14596E-01
30.00 165.00 0.22529
35.00 165.00 0.36085
40.00 165.00 0.41061
45.00 165.00 0.42344
70.00 165.00 0.29850
85.00 165.00 0.36965
-65.00 170.00 0.12926
-60.00 170.00 0.84203E-01
-55.00 170.00 0.56929E-02
-50.00 170.00 -0.48390E-01
-45.00 170.00 -0.34794E-01
-40.00 170.00 0.24704E-01
-35.00 170.00 0.55799E-01
-30.00 170.00 -0.26311E-02
-25.00 170.00 -0.14228
-20.00 170.00 -0.29294
-15.00 170.00 -0.38636
-10.00 170.00 -0.41470
-5.00 170.00 -0.42776
0.00 170.00 -0.47337
5.00 170.00 -0.54007
10.00 170.00 -0.55858
15.00 170.00 -0.46129
20.00 170.00 -0.24419
25.00 170.00 0.25191E-01
30.00 170.00 0.25787
35.00 170.00 0.40350
40.00 170.00 0.46878
45.00 170.00 0.48743
50.00 170.00 0.48038
55.00 170.00 0.44719
60.00 170.00 0.38965
65.00 170.00 0.33263
-45.00 175.00 0.18943E-01
-40.00 175.00 0.10226
-35.00 175.00 0.13796
-30.00 175.00 0.64737E-01
-25.00 175.00 -0.97880E-01
-20.00 175.00 -0.26109
-15.00 175.00 -0.33841
-10.00 175.00 -0.31376
-5.00 175.00 -0.24694
0.00 175.00 -0.21506
5.00 175.00 -0.24494
10.00 175.00 -0.29473
15.00 175.00 -0.29477
20.00 175.00 -0.20574
25.00 175.00 -0.43649E-01
30.00 175.00 0.14157
35.00 175.00 0.30449
40.00 175.00 0.42324
45.00 175.00 0.49148
-80.00 180.00 0.18258
-75.00 180.00 0.13126
-70.00 180.00 0.12054
-65.00 180.00 0.10504
-60.00 180.00 0.57779E-01
-55.00 180.00 0.45263E-02
-50.00 180.00 -0.56494E-03
-45.00 180.00 0.63308E-01
-40.00 180.00 0.14656
-35.00 180.00 0.15890
-30.00 180.00 0.45328E-01
-25.00 180.00 -0.15773
-20.00 180.00 -0.33881
-15.00 180.00 -0.39067
-10.00 180.00 -0.28912
-5.00 180.00 -0.10897
0.00 180.00 0.32179E-01
5.00 180.00 0.54973E-01
10.00 180.00 -0.36199E-01
15.00 180.00 -0.16838
20.00 180.00 -0.25317
25.00 180.00 -0.23530
30.00 180.00 -0.11085
35.00 180.00 0.81976E-01
40.00 180.00 0.28317
45.00 180.00 0.43246
50.00 180.00 0.49128
55.00 180.00 0.46129
60.00 180.00 0.38673
65.00 180.00 0.33015
70.00 180.00 0.33114
75.00 180.00 0.37781
80.00 180.00 0.41699
-45.00 -175 0.87948E-01
-40.00 -175 0.14559
-35.00 -175 0.10809
-30.00 -175 -0.67489E-01
-25.00 -175 -0.32629
-20.00 -175 -0.53738
-15.00 -175 -0.57759
-10.00 -175 -0.41662
-5.00 -175 -0.14115
0.00 -175 0.97592E-01
5.00 -175 0.17415
10.00 -175 0.57533E-01
15.00 -175 -0.17936
20.00 -175 -0.40598
25.00 -175 -0.50310
30.00 -175 -0.41783
35.00 -175 -0.18248
40.00 -175 0.10664
45.00 -175 0.33909
-65.00 -170 0.10291
-60.00 -170 0.62899E-01
-55.00 -170 0.31461E-01
-50.00 -170 0.43486E-01
-45.00 -170 0.91572E-01
-40.00 -170 0.10981
-35.00 -170 0.15688E-01
-30.00 -170 -0.21880
-25.00 -170 -0.52541
-20.00 -170 -0.76648
-15.00 -170 -0.81685
-10.00 -170 -0.64526
-5.00 -170 -0.33980
0.00 -170 -0.60951E-01
5.00 -170 0.46938E-01
10.00 -170 -0.67012E-01
15.00 -170 -0.33574
20.00 -170 -0.61178
25.00 -170 -0.74417
30.00 -170 -0.65462
35.00 -170 -0.37447
40.00 -170 -0.23534E-01
45.00 -170 0.25831
50.00 -170 0.38793
55.00 -170 0.37807
60.00 -170 0.31465
65.00 -170 0.28911
-70.00 -165 0.13308
-45.00 -165 0.78387E-01
-40.00 -165 0.61100E-01
-35.00 -165 -0.70681E-01
-30.00 -165 -0.33022
-25.00 -165 -0.64581
-20.00 -165 -0.89160
-15.00 -165 -0.95993
-10.00 -165 -0.82727
-5.00 -165 -0.57159
0.00 -165 -0.33168
5.00 -165 -0.23344
10.00 -165 -0.32359
15.00 -165 -0.54477
20.00 -165 -0.76417
25.00 -165 -0.84239
30.00 -165 -0.70834
35.00 -165 -0.39917
40.00 -165 -0.39515E-01
45.00 -165 0.23123
70.00 -165 0.33234
-75.00 -160 0.16292
-65.00 -160 0.11905
-60.00 -160 0.77331E-01
-55.00 -160 0.44925E-01
-50.00 -160 0.42745E-01
-45.00 -160 0.52162E-01
-40.00 -160 0.16009E-01
-35.00 -160 -0.11935
-30.00 -160 -0.35511
-25.00 -160 -0.62582
-20.00 -160 -0.83320
-15.00 -160 -0.90391
-10.00 -160 -0.83163
-5.00 -160 -0.67855
0.00 -160 -0.53934
5.00 -160 -0.49086
10.00 -160 -0.55282
15.00 -160 -0.67656
20.00 -160 -0.76733
25.00 -160 -0.73301
30.00 -160 -0.53794
35.00 -160 -0.23094
40.00 -160 0.75774E-01
45.00 -160 0.27099
50.00 -160 0.31310
55.00 -160 0.25402
60.00 -160 0.19789
65.00 -160 0.22348
75.00 -160 0.44218
-45.00 -155 0.13201E-01
-40.00 -155 -0.23554E-01
-35.00 -155 -0.13311
-30.00 -155 -0.30891
-25.00 -155 -0.49660
-20.00 -155 -0.63001
-15.00 -155 -0.67517
-10.00 -155 -0.64836
-5.00 -155 -0.59896
0.00 -155 -0.57441
5.00 -155 -0.59271
10.00 -155 -0.63492
15.00 -155 -0.65568
20.00 -155 -0.60407
25.00 -155 -0.44941
30.00 -155 -0.20460
35.00 -155 0.67266E-01
40.00 -155 0.27619
45.00 -155 0.35458
-80.00 -150 0.22161
-70.00 -150 0.17973
-65.00 -150 0.13905
-60.00 -150 0.70826E-01
-55.00 -150 0.57380E-02
-50.00 -150 -0.28345E-01
-45.00 -150 -0.39282E-01
-40.00 -150 -0.65740E-01
-35.00 -150 -0.13936
-30.00 -150 -0.25151
-25.00 -150 -0.35728
-20.00 -150 -0.41326
-15.00 -150 -0.41421
-10.00 -150 -0.39625
-5.00 -150 -0.40506
0.00 -150 -0.45761
5.00 -150 -0.52747
10.00 -150 -0.56133
15.00 -150 -0.51029
20.00 -150 -0.35517
25.00 -150 -0.11630
30.00 -150 0.15039
35.00 -150 0.36901
40.00 -150 0.47169
45.00 -150 0.43351
50.00 -150 0.29536
55.00 -150 0.15161
60.00 -150 0.98829E-01
65.00 -150 0.17442
70.00 -150 0.33028
80.00 -150 0.50308
-45.00 -145 -0.10184
-40.00 -145 -0.11535
-35.00 -145 -0.16148
-30.00 -145 -0.23611
-25.00 -145 -0.29839
-20.00 -145 -0.30934
-15.00 -145 -0.27076
-10.00 -145 -0.22781
-5.00 -145 -0.23217
0.00 -145 -0.29726
5.00 -145 -0.38236
10.00 -145 -0.41655
15.00 -145 -0.34265
20.00 -145 -0.15093
25.00 -145 0.11445
30.00 -145 0.37388
35.00 -145 0.54387
40.00 -145 0.57090
45.00 -145 0.45803
-85.00 -140 0.29460
-75.00 -140 0.23500
-65.00 -140 0.15727
-60.00 -140 0.41940E-01
-55.00 -140 -0.77006E-01
-50.00 -140 -0.14822
-45.00 -140 -0.16383
-40.00 -140 -0.16406
-35.00 -140 -0.19601
-30.00 -140 -0.26667
-25.00 -140 -0.33465
-20.00 -140 -0.34818
-15.00 -140 -0.29393
-10.00 -140 -0.21246
-5.00 -140 -0.16642
0.00 -140 -0.18914
5.00 -140 -0.25556
10.00 -140 -0.29731
15.00 -140 -0.24818
20.00 -140 -0.86872E-01
25.00 -140 0.14860
30.00 -140 0.37895
35.00 -140 0.52072
40.00 -140 0.52493
45.00 -140 0.40216
50.00 -140 0.22246
55.00 -140 0.85098E-01
60.00 -140 0.67188E-01
65.00 -140 0.17813
75.00 -140 0.48645
85.00 -140 0.43294
-70.00 -135 0.24382
-45.00 -135 -0.21041
-40.00 -135 -0.19353
-35.00 -135 -0.21534
-30.00 -135 -0.29855
-25.00 -135 -0.40079
-20.00 -135 -0.45011
-15.00 -135 -0.40629
-10.00 -135 -0.29526
-5.00 -135 -0.18906
0.00 -135 -0.15004
5.00 -135 -0.18480
10.00 -135 -0.24165
15.00 -135 -0.24901
20.00 -135 -0.16388
25.00 -135 0.15560E-02
30.00 -135 0.18767
35.00 -135 0.32025
40.00 -135 0.34935
45.00 -135 0.27611
70.00 -135 0.36917
-65.00 -130 0.18225
-60.00 -130 0.24048E-01
-55.00 -130 -0.14010
-50.00 -130 -0.23186
-45.00 -130 -0.23001
-40.00 -130 -0.18942
-35.00 -130 -0.19343
-30.00 -130 -0.28113
-25.00 -130 -0.41246
-20.00 -130 -0.50004
-15.00 -130 -0.47968
-10.00 -130 -0.36077
-5.00 -130 -0.21792
0.00 -130 -0.13482
5.00 -130 -0.14656
10.00 -130 -0.22177
15.00 -130 -0.29101
20.00 -130 -0.29454
25.00 -130 -0.21618
30.00 -130 -0.86537E-01
35.00 -130 0.39161E-01
40.00 -130 0.11293
45.00 -130 0.11990
50.00 -130 0.87098E-01
55.00 -130 0.69457E-01
60.00 -130 0.11657
65.00 -130 0.23749
-45.00 -125 -0.22069
-40.00 -125 -0.15441
-35.00 -125 -0.13248
-30.00 -125 -0.20591
-25.00 -125 -0.34033
-20.00 -125 -0.44487
-15.00 -125 -0.44520
-10.00 -125 -0.33990
-5.00 -125 -0.19792
0.00 -125 -0.10578
5.00 -125 -0.10953
10.00 -125 -0.19301
15.00 -125 -0.29883
20.00 -125 -0.36803
25.00 -125 -0.36923
30.00 -125 -0.30537
35.00 -125 -0.20364
40.00 -125 -0.99090E-01
45.00 -125 -0.17572E-01
-80.00 -120 0.29221
-75.00 -120 0.31360
-70.00 -120 0.31187
-65.00 -120 0.22279
-60.00 -120 0.50484E-01
-55.00 -120 -0.12632
-50.00 -120 -0.21587
-45.00 -120 -0.19016
-40.00 -120 -0.10829
-35.00 -120 -0.66467E-01
-30.00 -120 -0.11860
-25.00 -120 -0.23536
-20.00 -120 -0.33307
-15.00 -120 -0.34336
-10.00 -120 -0.26371
-5.00 -120 -0.15203
0.00 -120 -0.78582E-01
5.00 -120 -0.79449E-01
10.00 -120 -0.14466
15.00 -120 -0.23826
20.00 -120 -0.32400
25.00 -120 -0.37643
30.00 -120 -0.37959
35.00 -120 -0.32680
40.00 -120 -0.22611
45.00 -120 -0.10170
50.00 -120 0.18359E-01
55.00 -120 0.12108
60.00 -120 0.21519
65.00 -120 0.31504
70.00 -120 0.41527
75.00 -120 0.48365
80.00 -120 0.48467
-45.00 -115 -0.14930
-40.00 -115 -0.73741E-01
-35.00 -115 -0.36658E-01
-30.00 -115 -0.83718E-01
-25.00 -115 -0.18437
-20.00 -115 -0.26551
-15.00 -115 -0.27532
-10.00 -115 -0.21991
-5.00 -115 -0.14675
0.00 -115 -0.99569E-01
5.00 -115 -0.89873E-01
10.00 -115 -0.10535
15.00 -115 -0.13589
20.00 -115 -0.18388
25.00 -115 -0.24863
30.00 -115 -0.30718
35.00 -115 -0.31891
40.00 -115 -0.25510
45.00 -115 -0.12521
-65.00 -110 0.27223
-60.00 -110 0.11868
-55.00 -110 -0.37437E-01
-50.00 -110 -0.11677
-45.00 -110 -0.10405
-40.00 -110 -0.58460E-01
-35.00 -110 -0.57865E-01
-30.00 -110 -0.13011
-25.00 -110 -0.23395
-20.00 -110 -0.30231
-15.00 -110 -0.30261
-10.00 -110 -0.25705
-5.00 -110 -0.20990
0.00 -110 -0.18071
5.00 -110 -0.15258
10.00 -110 -0.10410
15.00 -110 -0.46622E-01
20.00 -110 -0.23212E-01
25.00 -110 -0.66498E-01
30.00 -110 -0.15738
35.00 -110 -0.22878
40.00 -110 -0.21539
45.00 -110 -0.10517
50.00 -110 0.54261E-01
55.00 -110 0.19808
60.00 -110 0.29394
65.00 -110 0.35366
-70.00 -105 0.36063
-45.00 -105 -0.52410E-01
-40.00 -105 -0.48182E-01
-35.00 -105 -0.10303
-30.00 -105 -0.22234
-25.00 -105 -0.34639
-20.00 -105 -0.40642
-15.00 -105 -0.38582
-10.00 -105 -0.32747
-5.00 -105 -0.28371
0.00 -105 -0.26211
5.00 -105 -0.22287
10.00 -105 -0.13006
15.00 -105 -0.29810E-02
20.00 -105 0.87746E-01
25.00 -105 0.80428E-01
30.00 -105 -0.17000E-01
35.00 -105 -0.12473
40.00 -105 -0.15214
45.00 -105 -0.67932E-01
70.00 -105 0.37449
-75.00 -100 0.35432
-65.00 -100 0.31040
-60.00 -100 0.19242
-55.00 -100 0.77553E-01
-50.00 -100 0.20505E-01
-45.00 -100 0.11094E-01
-40.00 -100 -0.17095E-01
-35.00 -100 -0.11989
-30.00 -100 -0.28229
-25.00 -100 -0.42462
-20.00 -100 -0.47105
-15.00 -100 -0.41561
-10.00 -100 -0.32268
-5.00 -100 -0.26273
0.00 -100 -0.24631
5.00 -100 -0.22077
10.00 -100 -0.13205
15.00 -100 0.10170E-01
20.00 -100 0.12984
25.00 -100 0.14967
30.00 -100 0.63705E-01
35.00 -100 -0.51311E-01
40.00 -100 -0.97182E-01
45.00 -100 -0.32423E-01
50.00 -100 0.10187
55.00 -100 0.22669
60.00 -100 0.29389
65.00 -100 0.31539
75.00 -100 0.36487
-45.00 -95 0.87085E-01
-40.00 -95 0.51618E-01
-35.00 -95 -0.68174E-01
-30.00 -95 -0.24499
-25.00 -95 -0.38544
-20.00 -95 -0.40657
-15.00 -95 -0.30770
-10.00 -95 -0.17047
-5.00 -95 -0.86479E-01
0.00 -95 -0.79621E-01
5.00 -95 -0.94575E-01
10.00 -95 -0.59559E-01
15.00 -95 0.38459E-01
20.00 -95 0.13827
25.00 -95 0.16246
30.00 -95 0.92717E-01
35.00 -95 -0.93747E-02
40.00 -95 -0.54632E-01
45.00 -95 -0.18489E-02
-80.00 -90 0.32725
-70.00 -90 0.36643
-65.00 -90 0.32359
-60.00 -90 0.23718
-55.00 -90 0.16421
-50.00 -90 0.14747
-45.00 -90 0.16627
-40.00 -90 0.15070
-35.00 -90 0.50601E-01
-30.00 -90 -0.10556
-25.00 -90 -0.22212
-20.00 -90 -0.21340
-15.00 -90 -0.78890E-01
-10.00 -90 0.92689E-01
-5.00 -90 0.19550
0.00 -90 0.19072
5.00 -90 0.12850
10.00 -90 0.91715E-01
15.00 -90 0.11729
20.00 -90 0.16792
25.00 -90 0.17663
30.00 -90 0.11719
35.00 -90 0.31926E-01
40.00 -90 -0.77621E-02
45.00 -90 0.32492E-01
50.00 -90 0.12116
55.00 -90 0.19446
60.00 -90 0.21677
65.00 -90 0.20856
70.00 -90 0.21741
80.00 -90 0.32386
-85.00 -85 0.33872
-45.00 -85 0.23251
-40.00 -85 0.25096
-35.00 -85 0.19288
-30.00 -85 0.77964E-01
-25.00 -85 -0.78108E-02
-20.00 -85 0.17947E-01
-15.00 -85 0.16062
-10.00 -85 0.33840
-5.00 -85 0.44604
0.00 -85 0.43663
5.00 -85 0.35041
10.00 -85 0.26916
15.00 -85 0.24191
20.00 -85 0.25015
25.00 -85 0.23956
30.00 -85 0.18164
35.00 -85 0.10376
40.00 -85 0.60733E-01
45.00 -85 0.79598E-01
85.00 -85 0.33157
-75.00 -80 0.34352
-65.00 -80 0.32216
-60.00 -80 0.25692
-55.00 -80 0.20699
-50.00 -80 0.21539
-45.00 -80 0.27250
-40.00 -80 0.31941
-35.00 -80 0.30198
-30.00 -80 0.22601
-25.00 -80 0.15958
-20.00 -80 0.17655
-15.00 -80 0.29049
-10.00 -80 0.43933
-5.00 -80 0.53495
0.00 -80 0.53359
5.00 -80 0.46464
10.00 -80 0.39562
15.00 -80 0.36911
20.00 -80 0.37078
25.00 -80 0.35417
30.00 -80 0.29332
35.00 -80 0.20995
40.00 -80 0.15037
45.00 -80 0.13817
50.00 -80 0.15178
55.00 -80 0.14940
60.00 -80 0.11523
65.00 -80 0.79223E-01
75.00 -80 0.16001
-70.00 -75 0.34734
-45.00 -75 0.28520
-40.00 -75 0.34019
-35.00 -75 0.34404
-30.00 -75 0.28985
-25.00 -75 0.22516
-20.00 -75 0.21121
-15.00 -75 0.26892
-10.00 -75 0.36166
-5.00 -75 0.42974
0.00 -75 0.44331
5.00 -75 0.42418
10.00 -75 0.41790
15.00 -75 0.44519
20.00 -75 0.48061
25.00 -75 0.47803
30.00 -75 0.41656
35.00 -75 0.32126
40.00 -75 0.23895
45.00 -75 0.19428
70.00 -75 0.31203E-01
-65.00 -70 0.33393
-60.00 -70 0.29528
-55.00 -70 0.25549
-50.00 -70 0.24983
-45.00 -70 0.28362
-40.00 -70 0.32324
-35.00 -70 0.32528
-30.00 -70 0.27637
-25.00 -70 0.20565
-20.00 -70 0.15825
-15.00 -70 0.15617
-10.00 -70 0.18417
-5.00 -70 0.21269
0.00 -70 0.23267
5.00 -70 0.26524
10.00 -70 0.33577
15.00 -70 0.43823
20.00 -70 0.52783
25.00 -70 0.55279
30.00 -70 0.49706
35.00 -70 0.39359
40.00 -70 0.29489
45.00 -70 0.22855
50.00 -70 0.17999
55.00 -70 0.11828
60.00 -70 0.38482E-01
65.00 -70 -0.22923E-01
-45.00 -65 0.28703
-40.00 -65 0.29518
-35.00 -65 0.28036
-30.00 -65 0.23104
-25.00 -65 0.16250
-20.00 -65 0.10103
-15.00 -65 0.60032E-01
-10.00 -65 0.34088E-01
-5.00 -65 0.16855E-01
0.00 -65 0.21256E-01
5.00 -65 0.75930E-01
10.00 -65 0.19590
15.00 -65 0.35489
20.00 -65 0.49015
25.00 -65 0.54224
30.00 -65 0.49770
35.00 -65 0.39651
40.00 -65 0.29670
45.00 -65 0.22754
-80.00 -60 0.32203
-75.00 -60 0.31692
-70.00 -60 0.34268
-65.00 -60 0.37363
-60.00 -60 0.38361
-55.00 -60 0.36722
-50.00 -60 0.33768
-45.00 -60 0.30836
-40.00 -60 0.27972
-35.00 -60 0.24379
-30.00 -60 0.19754
-25.00 -60 0.14747
-20.00 -60 0.10031
-15.00 -60 0.52703E-01
-10.00 -60 -0.37068E-02
-5.00 -60 -0.63547E-01
0.00 -60 -0.96092E-01
5.00 -60 -0.59969E-01
10.00 -60 0.61515E-01
15.00 -60 0.23468
20.00 -60 0.38721
25.00 -60 0.45405
30.00 -60 0.42153
35.00 -60 0.33230
40.00 -60 0.24616
45.00 -60 0.19158
50.00 -60 0.15050
55.00 -60 0.88599E-01
60.00 -60 0.68843E-03
65.00 -60 -0.73087E-01
70.00 -60 -0.77265E-01
75.00 -60 0.87063E-02
80.00 -60 0.14702
-45.00 -55 0.34505
-40.00 -55 0.28204
-35.00 -55 0.22672
-30.00 -55 0.18737
-25.00 -55 0.16601
-20.00 -55 0.15267
-15.00 -55 0.12547
-10.00 -55 0.65360E-01
-5.00 -55 -0.21582E-01
0.00 -55 -0.95508E-01
5.00 -55 -0.10348
10.00 -55 -0.19602E-01
15.00 -55 0.12745
20.00 -55 0.26671
25.00 -55 0.33205
30.00 -55 0.30757
35.00 -55 0.23330
40.00 -55 0.16667
45.00 -55 0.13392
-65.00 -50 0.41891
-60.00 -50 0.48496
-55.00 -50 0.50274
-50.00 -50 0.46161
-45.00 -50 0.37934
-40.00 -50 0.28729
-35.00 -50 0.21499
-30.00 -50 0.18029
-25.00 -50 0.18348
-20.00 -50 0.20452
-15.00 -50 0.20906
-10.00 -50 0.16762
-5.00 -50 0.79645E-01
0.00 -50 -0.17201E-01
5.00 -50 -0.66615E-01
10.00 -50 -0.33423E-01
15.00 -50 0.66529E-01
20.00 -50 0.17341
25.00 -50 0.22550
30.00 -50 0.20358
35.00 -50 0.14052
40.00 -50 0.88352E-01
45.00 -50 0.72130E-01
50.00 -50 0.71940E-01
55.00 -50 0.48459E-01
60.00 -50 -0.12308E-01
65.00 -50 -0.77451E-01
-70.00 -45 0.33944
-45.00 -45 0.38769
-40.00 -45 0.27282
-35.00 -45 0.18632
-30.00 -45 0.14993
-25.00 -45 0.16254
-20.00 -45 0.20212
-15.00 -45 0.23327
-10.00 -45 0.22316
-5.00 -45 0.16186
0.00 -45 0.73807E-01
5.00 -45 0.65108E-02
10.00 -45 -0.12034E-02
15.00 -45 0.50710E-01
20.00 -45 0.12090
25.00 -45 0.15700
30.00 -45 0.13566
35.00 -45 0.78578E-01
40.00 -45 0.30309E-01
45.00 -45 0.17588E-01
70.00 -45 -0.83148E-01
-75.00 -40 0.28885
-65.00 -40 0.42476
-60.00 -40 0.51493
-55.00 -40 0.53861
-50.00 -40 0.47536
-45.00 -40 0.35339
-40.00 -40 0.22436
-35.00 -40 0.13093
-30.00 -40 0.90299E-01
-25.00 -40 0.97153E-01
-20.00 -40 0.13343
-15.00 -40 0.17467
-10.00 -40 0.19498
-5.00 -40 0.17690
0.00 -40 0.12418
5.00 -40 0.64468E-01
10.00 -40 0.33123E-01
15.00 -40 0.46265E-01
20.00 -40 0.85709E-01
25.00 -40 0.11176
30.00 -40 0.95711E-01
35.00 -40 0.44013E-01
40.00 -40 -0.83044E-02
45.00 -40 -0.29908E-01
50.00 -40 -0.21298E-01
55.00 -40 -0.11824E-01
60.00 -40 -0.27571E-01
65.00 -40 -0.60525E-01
75.00 -40 -0.16017E-01
-45.00 -35 0.27488
-40.00 -35 0.14486
-35.00 -35 0.59456E-01
-30.00 -35 0.21980E-01
-25.00 -35 0.16815E-01
-20.00 -35 0.31327E-01
-15.00 -35 0.60470E-01
-10.00 -35 0.95548E-01
-5.00 -35 0.11745
0.00 -35 0.10789
5.00 -35 0.68676E-01
10.00 -35 0.26120E-01
15.00 -35 0.10769E-01
20.00 -35 0.29168E-01
25.00 -35 0.55645E-01
30.00 -35 0.54627E-01
35.00 -35 0.13884E-01
40.00 -35 -0.43251E-01
45.00 -35 -0.79281E-01
-85.00 -30 0.37288
-80.00 -30 0.31439
-70.00 -30 0.28937
-65.00 -30 0.36617
-60.00 -30 0.43013
-55.00 -30 0.41427
-50.00 -30 0.30890
-45.00 -30 0.16579
-40.00 -30 0.51104E-01
-35.00 -30 -0.62014E-02
-30.00 -30 -0.24894E-01
-25.00 -30 -0.38469E-01
-20.00 -30 -0.57088E-01
-15.00 -30 -0.62887E-01
-10.00 -30 -0.39032E-01
-5.00 -30 0.24678E-02
0.00 -30 0.26302E-01
5.00 -30 0.81088E-02
10.00 -30 -0.38736E-01
15.00 -30 -0.73471E-01
20.00 -30 -0.67130E-01
25.00 -30 -0.31805E-01
30.00 -30 -0.99399E-02
35.00 -30 -0.33144E-01
40.00 -30 -0.90801E-01
45.00 -30 -0.13944
50.00 -30 -0.14348
55.00 -30 -0.10694
60.00 -30 -0.64848E-01
65.00 -30 -0.43964E-01
70.00 -30 -0.32887E-01
80.00 -30 0.97790E-01
85.00 -30 0.21877
-45.00 -25 0.47695E-01
-40.00 -25 -0.37767E-01
-35.00 -25 -0.50360E-01
-30.00 -25 -0.35260E-01
-25.00 -25 -0.49537E-01
-20.00 -25 -0.10573
-15.00 -25 -0.16385
-10.00 -25 -0.17647
-5.00 -25 -0.13925
0.00 -25 -0.95846E-01
5.00 -25 -0.93625E-01
10.00 -25 -0.13598
15.00 -25 -0.17965
20.00 -25 -0.17953
25.00 -25 -0.13534
30.00 -25 -0.93021E-01
35.00 -25 -0.99283E-01
40.00 -25 -0.15451
45.00 -25 -0.21075
-75.00 -20 0.24564
-65.00 -20 0.26319
-60.00 -20 0.27746
-55.00 -20 0.21161
-50.00 -20 0.73928E-01
-45.00 -20 -0.59207E-01
-40.00 -20 -0.11120
-35.00 -20 -0.75655E-01
-30.00 -20 -0.22109E-01
-25.00 -20 -0.31576E-01
-20.00 -20 -0.12270
-15.00 -20 -0.23749
-10.00 -20 -0.29773
-5.00 -20 -0.27654
0.00 -20 -0.21749
5.00 -20 -0.18694
10.00 -20 -0.20936
15.00 -20 -0.24922
20.00 -20 -0.25397
25.00 -20 -0.21182
30.00 -20 -0.16509
35.00 -20 -0.16626
40.00 -20 -0.22204
45.00 -20 -0.28229
50.00 -20 -0.28524
55.00 -20 -0.21425
60.00 -20 -0.11041
65.00 -20 -0.30182E-01
75.00 -20 0.39371E-01
-70.00 -15 0.19903
-45.00 -15 -0.14245
-40.00 -15 -0.17070
-35.00 -15 -0.10145
-30.00 -15 -0.19258E-01
-25.00 -15 -0.22578E-01
-20.00 -15 -0.13741
-15.00 -15 -0.29494
-10.00 -15 -0.39255
-5.00 -15 -0.38080
0.00 -15 -0.29774
5.00 -15 -0.22444
10.00 -15 -0.20930
15.00 -15 -0.23372
20.00 -15 -0.24612
25.00 -15 -0.22352
30.00 -15 -0.19582
35.00 -15 -0.20992
40.00 -15 -0.27313
45.00 -15 -0.33613
70.00 -15 0.29812E-01
-65.00 -10 0.16138
-60.00 -10 0.14563
-55.00 -10 0.64512E-01
-50.00 -10 -0.75590E-01
-45.00 -10 -0.19846
-40.00 -10 -0.22487
-35.00 -10 -0.15075
-30.00 -10 -0.60540E-01
-25.00 -10 -0.58366E-01
-20.00 -10 -0.17715
-15.00 -10 -0.34775
-10.00 -10 -0.45616
-5.00 -10 -0.43688
0.00 -10 -0.31997
5.00 -10 -0.19533
10.00 -10 -0.13337
15.00 -10 -0.13672
20.00 -10 -0.16054
25.00 -10 -0.17115
30.00 -10 -0.17952
35.00 -10 -0.21835
40.00 -10 -0.29191
45.00 -10 -0.35565
50.00 -10 -0.35021
55.00 -10 -0.25709
60.00 -10 -0.11944
65.00 -10 -0.55063E-02
-45.00 -5 -0.22962
-40.00 -5 -0.28089
-35.00 -5 -0.23519
-30.00 -5 -0.16006
-25.00 -5 -0.15236
-20.00 -5 -0.25172
-15.00 -5 -0.40144
-10.00 -5 -0.49295
-5.00 -5 -0.45464
0.00 -5 -0.30701
5.00 -5 -0.13977
10.00 -5 -0.37247E-01
15.00 -5 -0.21190E-01
20.00 -5 -0.55934E-01
25.00 -5 -0.99081E-01
30.00 -5 -0.14150
35.00 -5 -0.19938
40.00 -5 -0.27465
45.00 -5 -0.33242
90.00 0.00 0.31390
-90.00 0.00 0.37440
