-85.00 0.00 0.42006
-80.00 0.00 0.37050
-75.00 0.00 0.30447
-70.00 0.00 0.27324
-65.00 0.00 0.27956
-60.00 0.00 0.27151
-55.00 0.00 0.18693
-50.00 0.00 0.93012E-02
-45.00 0.00 -0.21316
-40.00 0.00 -0.40211
-35.00 0.00 -0.50759
-30.00 0.00 -0.54062
-25.00 0.00 -0.55426
-20.00 0.00 -0.59147
-15.00 0.00 -0.64513
-10.00 0.00 -0.66301
-5.00 0.00 -0.59166
0.00 0.00 -0.42260
5.00 0.00 -0.20522
10.00 0.00 -0.19251E-01
15.00 0.00 0.70373E-01
20.00 0.00 0.45307E-01
25.00 0.00 -0.64089E-01
30.00 0.00 -0.20034
35.00 0.00 -0.30673
40.00 0.00 -0.34725
45.00 0.00 -0.31418
50.00 0.00 -0.22529
55.00 0.00 -0.11352
60.00 0.00 -0.12142E-01
65.00 0.00 0.59724E-01
70.00 0.00 0.10389
75.00 0.00 0.13838
80.00 0.00 0.18167
85.00 0.00 0.23935
-45.00 5.00 -0.23267
-40.00 5.00 -0.48545
-35.00 5.00 -0.66806
-30.00 5.00 -0.75450
-25.00 5.00 -0.77263
-20.00 5.00 -0.76902
-15.00 5.00 -0.76427
-10.00 5.00 -0.73622
-5.00 5.00 -0.64386
0.00 5.00 -0.47066
5.00 5.00 -0.25092
10.00 5.00 -0.57210E-01
15.00 5.00 0.42083E-01
20.00 5.00 0.23993E-01
25.00 5.00 -0.77534E-01
30.00 5.00 -0.19518
35.00 5.00 -0.26778
40.00 5.00 -0.26902
45.00 5.00 -0.21051
-65.00 10.00 0.23853
-60.00 10.00 0.24451
-55.00 10.00 0.19798
-50.00 10.00 0.40766E-01
-45.00 10.00 -0.22327
-40.00 10.00 -0.52311
-35.00 10.00 -0.76476
-30.00 10.00 -0.89079
-25.00 10.00 -0.90991
-20.00 10.00 -0.87576
-15.00 10.00 -0.83574
-10.00 10.00 -0.79371
-5.00 10.00 -0.71654
0.00 10.00 -0.57625
5.00 10.00 -0.38896
10.00 10.00 -0.21523
15.00 10.00 -0.12006
20.00 10.00 -0.12529
25.00 10.00 -0.19333
30.00 10.00 -0.25482
35.00 10.00 -0.25685
40.00 10.00 -0.19391
45.00 10.00 -0.10072
50.00 10.00 -0.18710E-01
55.00 10.00 0.33583E-01
60.00 10.00 0.64382E-01
65.00 10.00 0.90992E-01
-70.00 15.00 0.23890
-45.00 15.00 -0.19740
-40.00 15.00 -0.51830
-35.00 15.00 -0.78742
-30.00 15.00 -0.92703
-25.00 15.00 -0.93748
-20.00 15.00 -0.88356
-15.00 15.00 -0.83455
-10.00 15.00 -0.81016
-5.00 15.00 -0.77651
0.00 15.00 -0.69129
5.00 15.00 -0.55401
10.00 15.00 -0.41460
15.00 15.00 -0.33276
20.00 15.00 -0.32537
25.00 15.00 -0.35008
30.00 15.00 -0.33979
35.00 15.00 -0.25774
40.00 15.00 -0.12512
45.00 15.00 0.29795E-03
70.00 15.00 0.12989
-75.00 20.00 0.31660
-65.00 20.00 0.19193
-60.00 20.00 0.20686
-55.00 20.00 0.19678
-50.00 20.00 0.77412E-01
-45.00 20.00 -0.17444
-40.00 20.00 -0.49097
-35.00 20.00 -0.75420
-30.00 20.00 -0.87788
-25.00 20.00 -0.86467
-20.00 20.00 -0.79312
-15.00 20.00 -0.74795
-10.00 20.00 -0.75447
-5.00 20.00 -0.77142
0.00 20.00 -0.74263
5.00 20.00 -0.65606
10.00 20.00 -0.55509
15.00 20.00 -0.49391
20.00 20.00 -0.48175
25.00 20.00 -0.47020
30.00 20.00 -0.39663
35.00 20.00 -0.24343
40.00 20.00 -0.58322E-01
45.00 20.00 0.82880E-01
50.00 20.00 0.13672
55.00 20.00 0.12197
60.00 20.00 0.95481E-01
65.00 20.00 0.10077
75.00 20.00 0.18007
-45.00 25.00 -0.17317
-40.00 25.00 -0.46802
-35.00 25.00 -0.70019
-30.00 25.00 -0.78369
-25.00 25.00 -0.73023
-20.00 25.00 -0.63244
-15.00 25.00 -0.58518
-10.00 25.00 -0.61393
-5.00 25.00 -0.66929
0.00 25.00 -0.68554
5.00 25.00 -0.64416
10.00 25.00 -0.58357
15.00 25.00 -0.55029
20.00 25.00 -0.54350
25.00 25.00 -0.50954
30.00 25.00 -0.39326
35.00 25.00 -0.19726
40.00 25.00 0.89824E-02
45.00 25.00 0.14092
-80.00 30.00 0.42722
-70.00 30.00 0.19467
-65.00 30.00 0.12885
-60.00 30.00 0.12628
-55.00 30.00 0.11824
-50.00 30.00 0.16836E-01
-45.00 30.00 -0.20317
-40.00 30.00 -0.46915
-35.00 30.00 -0.65761
-30.00 30.00 -0.68754
-25.00 30.00 -0.58185
-20.00 30.00 -0.44529
-15.00 30.00 -0.37979
-10.00 30.00 -0.41116
-5.00 30.00 -0.48667
0.00 30.00 -0.53699
5.00 30.00 -0.53926
10.00 30.00 -0.52346
15.00 30.00 -0.52308
20.00 30.00 -0.52563
25.00 30.00 -0.47644
30.00 30.00 -0.33420
35.00 30.00 -0.12313
40.00 30.00 0.72436E-01
45.00 30.00 0.17089
50.00 30.00 0.15794
55.00 30.00 0.94429E-01
60.00 30.00 0.61336E-01
65.00 30.00 0.93477E-01
70.00 30.00 0.16161
80.00 30.00 0.23142
-45.00 35.00 -0.25994
-40.00 35.00 -0.49649
-35.00 35.00 -0.63916
-30.00 35.00 -0.61412
-25.00 35.00 -0.45448
-20.00 35.00 -0.27360
-15.00 35.00 -0.17838
-10.00 35.00 -0.19750
-5.00 35.00 -0.28120
0.00 35.00 -0.36156
5.00 35.00 -0.41051
10.00 35.00 -0.44333
15.00 35.00 -0.47439
20.00 35.00 -0.47967
25.00 35.00 -0.41061
30.00 35.00 -0.24788
35.00 35.00 -0.39166E-01
40.00 35.00 0.12352
45.00 35.00 0.17290
-75.00 40.00 0.31206
-65.00 40.00 0.55448E-01
-60.00 40.00 0.15519E-01
-55.00 40.00 -0.20060E-01
-50.00 40.00 -0.12922
-45.00 40.00 -0.32665
-40.00 40.00 -0.53426
-35.00 40.00 -0.63423
-30.00 40.00 -0.56183
-25.00 40.00 -0.35870
-20.00 40.00 -0.14246
-15.00 40.00 -0.21284E-01
-10.00 40.00 -0.26838E-01
-5.00 40.00 -0.11559
0.00 40.00 -0.22395
5.00 40.00 -0.31800
10.00 40.00 -0.39483
15.00 40.00 -0.44738
20.00 40.00 -0.44257
25.00 40.00 -0.34434
30.00 40.00 -0.16092
35.00 40.00 0.36958E-01
40.00 40.00 0.15633
45.00 40.00 0.15251
50.00 40.00 0.67109E-01
55.00 40.00 -0.43677E-02
60.00 40.00 0.10157E-01
65.00 40.00 0.10444
75.00 40.00 0.25991
-70.00 45.00 0.14187
-45.00 45.00 -0.38211
-40.00 45.00 -0.55865
-35.00 45.00 -0.61935
-30.00 45.00 -0.51155
-25.00 45.00 -0.28474
-20.00 45.00 -0.55923E-01
-15.00 45.00 0.72119E-01
-10.00 45.00 0.70073E-01
-5.00 45.00 -0.22885E-01
0.00 45.00 -0.14890
5.00 45.00 -0.27169
10.00 45.00 -0.37437
15.00 45.00 -0.43289
20.00 45.00 -0.40890
25.00 45.00 -0.28067
30.00 45.00 -0.82185E-01
35.00 45.00 0.98002E-01
40.00 45.00 0.17202
45.00 45.00 0.12088
70.00 45.00 0.24634
-65.00 50.00 -0.10571E-01
-60.00 50.00 -0.82186E-01
-55.00 50.00 -0.14015
-50.00 50.00 -0.24832
-45.00 50.00 -0.41055
-40.00 50.00 -0.55204
-35.00 50.00 -0.57595
-30.00 50.00 -0.44518
-25.00 50.00 -0.21737
-20.00 50.00 -0.43322E-02
-15.00 50.00 0.10530
-10.00 50.00 0.94120E-01
-5.00 50.00 0.27786E-02
0.00 50.00 -0.11790
5.00 50.00 -0.23773
10.00 50.00 -0.33803
15.00 50.00 -0.38796
20.00 50.00 -0.34734
25.00 50.00 -0.20401
30.00 50.00 -0.75171E-02
35.00 50.00 0.14572
40.00 50.00 0.17757
45.00 50.00 0.92080E-01
50.00 50.00 -0.21567E-01
55.00 50.00 -0.56579E-01
60.00 50.00 0.27574E-01
65.00 50.00 0.17667
-85.00 55.00 0.47157
-45.00 55.00 -0.40790
-40.00 55.00 -0.51264
-35.00 55.00 -0.50348
-30.00 55.00 -0.36071
-25.00 55.00 -0.15026
-20.00 55.00 0.24545E-01
-15.00 55.00 0.96529E-01
-10.00 55.00 0.69242E-01
-5.00 55.00 -0.91456E-02
0.00 55.00 -0.96417E-01
5.00 55.00 -0.17874
10.00 55.00 -0.25025
15.00 55.00 -0.28454
20.00 55.00 -0.24107
25.00 55.00 -0.10790
30.00 55.00 0.64373E-01
35.00 55.00 0.18277
40.00 55.00 0.18094
45.00 55.00 0.78691E-01
85.00 55.00 0.25947
-80.00 60.00 0.43497
-75.00 60.00 0.28517
-70.00 60.00 0.92972E-01
-65.00 60.00 -0.55740E-01
-60.00 60.00 -0.13482
-55.00 60.00 -0.18815
-50.00 60.00 -0.27067
-45.00 60.00 -0.38107
-40.00 60.00 -0.45397
-35.00 60.00 -0.41980
-30.00 60.00 -0.27412
-25.00 60.00 -0.89684E-01
-20.00 60.00 0.39724E-01
-15.00 60.00 0.70132E-01
-10.00 60.00 0.28934E-01
-5.00 60.00 -0.25833E-01
0.00 60.00 -0.61728E-01
5.00 60.00 -0.87474E-01
10.00 60.00 -0.11909
15.00 60.00 -0.14118
20.00 60.00 -0.11186
25.00 60.00 -0.10442E-01
30.00 60.00 0.12347
35.00 60.00 0.20809
40.00 60.00 0.18755
45.00 60.00 0.88276E-01
50.00 60.00 0.61620E-02
55.00 60.00 0.29055E-01
60.00 60.00 0.16144
65.00 60.00 0.31965
70.00 60.00 0.40288
75.00 60.00 0.37815
80.00 60.00 0.30115
-45.00 65.00 -0.34128
-40.00 65.00 -0.39490
-35.00 65.00 -0.34908
-30.00 65.00 -0.20776
-25.00 65.00 -0.46544E-01
-20.00 65.00 0.48804E-01
-15.00 65.00 0.51646E-01
-10.00 65.00 0.68361E-02
-5.00 65.00 -0.21078E-01
0.00 65.00 -0.90368E-02
5.00 65.00 0.13918E-01
10.00 65.00 0.11820E-01
15.00 65.00 -0.96204E-02
20.00 65.00 -0.50830E-02
25.00 65.00 0.58665E-01
30.00 65.00 0.15709
35.00 65.00 0.22085
40.00 65.00 0.20074
45.00 65.00 0.12213
-65.00 70.00 -0.78658E-01
-60.00 70.00 -0.13910
-55.00 70.00 -0.16423
-50.00 70.00 -0.21504
-45.00 70.00 -0.29584
-40.00 70.00 -0.34688
-35.00 70.00 -0.30570
-30.00 70.00 -0.17435
-25.00 70.00 -0.25078E-01
-20.00 70.00 0.61253E-01
-15.00 70.00 0.63414E-01
-10.00 70.00 0.29592E-01
-5.00 70.00 0.22824E-01
0.00 70.00 0.59252E-01
5.00 70.00 0.10024
10.00 70.00 0.10216
15.00 70.00 0.68697E-01
20.00 70.00 0.49593E-01
25.00 70.00 0.87067E-01
30.00 70.00 0.16690
35.00 70.00 0.22798
40.00 70.00 0.22410
45.00 70.00 0.17604
50.00 70.00 0.15833
55.00 70.00 0.22877
60.00 70.00 0.36764
65.00 70.00 0.48727
-70.00 75.00 0.51334E-01
-45.00 75.00 -0.24371
-40.00 75.00 -0.30675
-35.00 75.00 -0.28502
-30.00 75.00 -0.16816
-25.00 75.00 -0.18070E-01
-20.00 75.00 0.86375E-01
-15.00 75.00 0.11624
-10.00 75.00 0.10685
-5.00 75.00 0.11067
0.00 75.00 0.14098
5.00 75.00 0.16429
10.00 75.00 0.14557
15.00 75.00 0.95067E-01
20.00 75.00 0.64677E-01
25.00 75.00 0.96175E-01
30.00 75.00 0.17591
35.00 75.00 0.24563
40.00 75.00 0.26150
45.00 75.00 0.24149
70.00 75.00 0.54230
-75.00 80.00 0.23564
-65.00 80.00 -0.86219E-01
-60.00 80.00 -0.10838
-55.00 80.00 -0.86195E-01
-50.00 80.00 -0.10134
-45.00 80.00 -0.17764
-40.00 80.00 -0.25944
-35.00 80.00 -0.26634
-30.00 80.00 -0.16850
-25.00 80.00 -0.11619E-01
-20.00 80.00 0.12653
-15.00 80.00 0.20061
-10.00 80.00 0.22178
-5.00 80.00 0.22609
0.00 80.00 0.22856
5.00 80.00 0.21324
10.00 80.00 0.16578
15.00 80.00 0.10684
20.00 80.00 0.84145E-01
25.00 80.00 0.12767
30.00 80.00 0.21536
35.00 80.00 0.28974
40.00 80.00 0.31321
45.00 80.00 0.30679
50.00 80.00 0.32988
55.00 80.00 0.41717
60.00 80.00 0.53459
65.00 80.00 0.60122
75.00 80.00 0.43554
-45.00 85.00 -0.91157E-01
-40.00 85.00 -0.18844
-35.00 85.00 -0.22555
-30.00 85.00 -0.15189
-25.00 85.00 0.60100E-02
-20.00 85.00 0.17333
-15.00 85.00 0.28756
-10.00 85.00 0.33367
-5.00 85.00 0.33135
0.00 85.00 0.30115
5.00 85.00 0.25026
10.00 85.00 0.18773
15.00 85.00 0.14112
20.00 85.00 0.14543
25.00 85.00 0.20991
30.00 85.00 0.30016
35.00 85.00 0.36217
40.00 85.00 0.37147
45.00 85.00 0.35888
-80.00 90.00 0.38190
-70.00 90.00 0.14267E-01
-65.00 90.00 -0.87577E-01
-60.00 90.00 -0.64457E-01
-55.00 90.00 0.19831E-01
-50.00 90.00 0.63180E-01
-45.00 90.00 0.14228E-01
-40.00 90.00 -0.87189E-01
-35.00 90.00 -0.14878
-30.00 90.00 -0.10392
-25.00 90.00 0.39314E-01
-20.00 90.00 0.21290
-15.00 90.00 0.34390
-10.00 90.00 0.39831
-5.00 90.00 0.38483
0.00 90.00 0.33142
5.00 90.00 0.26602
10.00 90.00 0.21470
15.00 90.00 0.20361
20.00 90.00 0.24776
25.00 90.00 0.33256
30.00 90.00 0.41319
35.00 90.00 0.44447
40.00 90.00 0.42088
45.00 90.00 0.38703
50.00 90.00 0.40117
55.00 90.00 0.47958
60.00 90.00 0.57377
65.00 90.00 0.60673
70.00 90.00 0.53974
80.00 90.00 0.29646
-45.00 95.00 0.12642
-40.00 95.00 0.35847E-01
-35.00 95.00 -0.38859E-01
-30.00 95.00 -0.23876E-01
-25.00 95.00 0.87122E-01
-20.00 95.00 0.23695
-15.00 95.00 0.35307
-10.00 95.00 0.39486
-5.00 95.00 0.36762
0.00 95.00 0.30587
5.00 95.00 0.24994
10.00 95.00 0.23195
15.00 95.00 0.26858
20.00 95.00 0.35310
25.00 95.00 0.45100
30.00 95.00 0.51291
35.00 95.00 0.50659
40.00 95.00 0.44603
45.00 95.00 0.38802
-75.00 100.00 0.18003
-65.00 100.00 -0.88853E-01
-60.00 100.00 -0.34859E-01
-55.00 100.00 0.10008
-50.00 100.00 0.21070
-45.00 100.00 0.22678
-40.00 100.00 0.16113
-35.00 100.00 0.88237E-01
-30.00 100.00 0.78815E-01
-25.00 100.00 0.14719
-20.00 100.00 0.24952
-15.00 100.00 0.32439
-10.00 100.00 0.33716
-5.00 100.00 0.29615
0.00 100.00 0.23878
5.00 100.00 0.20676
10.00 100.00 0.22752
15.00 100.00 0.30493
20.00 100.00 0.41612
25.00 100.00 0.51659
30.00 100.00 0.55961
35.00 100.00 0.52567
40.00 100.00 0.44192
45.00 100.00 0.36986
50.00 100.00 0.36259
55.00 100.00 0.42225
60.00 100.00 0.49521
65.00 100.00 0.51391
75.00 100.00 0.34938
-70.00 105.00 -0.93580E-02
-45.00 105.00 0.29843
-40.00 105.00 0.26828
-35.00 105.00 0.21352
-30.00 105.00 0.19208
-25.00 105.00 0.21864
-20.00 105.00 0.26283
-15.00 105.00 0.28244
-10.00 105.00 0.25873
-5.00 105.00 0.20707
0.00 105.00 0.16241
5.00 105.00 0.15698
10.00 105.00 0.20567
15.00 105.00 0.30131
20.00 105.00 0.41594
25.00 105.00 0.50815
30.00 105.00 0.54015
35.00 105.00 0.50091
40.00 105.00 0.41918
45.00 105.00 0.35022
70.00 105.00 0.39601
-85.00 110.00 0.41884
-65.00 110.00 -0.86070E-01
-60.00 110.00 -0.31420E-01
-55.00 110.00 0.10996
-50.00 110.00 0.25308
-45.00 110.00 0.33410
-40.00 110.00 0.34592
-35.00 110.00 0.32462
-30.00 110.00 0.30714
-25.00 110.00 0.30069
-20.00 110.00 0.28643
-15.00 110.00 0.24640
-10.00 110.00 0.18499
-5.00 110.00 0.12729
0.00 110.00 0.10084
5.00 110.00 0.11952
10.00 110.00 0.18043
15.00 110.00 0.26927
20.00 110.00 0.36475
25.00 110.00 0.44069
30.00 110.00 0.47282
35.00 110.00 0.45266
40.00 110.00 0.39848
45.00 110.00 0.34862
50.00 110.00 0.33576
55.00 110.00 0.36078
60.00 110.00 0.39075
65.00 110.00 0.38666
85.00 110.00 0.26472
-45.00 115.00 0.33850
-40.00 115.00 0.39507
-35.00 115.00 0.41881
-30.00 115.00 0.41958
-25.00 115.00 0.39014
-20.00 115.00 0.32034
-15.00 115.00 0.21923
-10.00 115.00 0.11962
-5.00 115.00 0.58969E-01
0.00 115.00 0.54739E-01
5.00 115.00 0.96682E-01
10.00 115.00 0.16058
15.00 115.00 0.22764
20.00 115.00 0.29108
25.00 115.00 0.34788
30.00 115.00 0.38973
35.00 115.00 0.40615
40.00 115.00 0.39650
45.00 115.00 0.37533
-80.00 120.00 0.30828
-75.00 120.00 0.15029
-70.00 120.00 0.30577E-02
-65.00 120.00 -0.64311E-01
-60.00 120.00 -0.30291E-01
-55.00 120.00 0.75448E-01
-50.00 120.00 0.20450
-45.00 120.00 0.32408
-40.00 120.00 0.42401
-35.00 120.00 0.49769
-30.00 120.00 0.52484
-25.00 120.00 0.47943
-20.00 120.00 0.35743
-15.00 120.00 0.19552
-10.00 120.00 0.57399E-01
-5.00 120.00 -0.53249E-02
0.00 120.00 0.14318E-01
5.00 120.00 0.80024E-01
10.00 120.00 0.14504
15.00 120.00 0.18703
20.00 120.00 0.21639
25.00 120.00 0.25555
30.00 120.00 0.31232
35.00 120.00 0.37225
40.00 120.00 0.41311
45.00 120.00 0.42391
50.00 120.00 0.40944
55.00 120.00 0.37967
60.00 120.00 0.33938
65.00 120.00 0.29056
70.00 120.00 0.24294
75.00 120.00 0.21676
80.00 120.00 0.22785
-45.00 125.00 0.30254
-40.00 125.00 0.43839
-35.00 125.00 0.55743
-30.00 125.00 0.61095
-25.00 125.00 0.55447
-20.00 125.00 0.38889
-15.00 125.00 0.17582
-10.00 125.00 0.65713E-02
-5.00 125.00 -0.55574E-01
0.00 125.00 -0.14399E-01
5.00 125.00 0.70004E-01
10.00 125.00 0.13178
15.00 125.00 0.14742
20.00 125.00 0.14425
25.00 125.00 0.16770
30.00 125.00 0.23937
35.00 125.00 0.34053
40.00 125.00 0.42959
45.00 125.00 0.47273
-65.00 130.00 -0.12867E-01
-60.00 130.00 0.31228E-02
-55.00 130.00 0.62492E-01
-50.00 130.00 0.15270
-45.00 130.00 0.27753
-40.00 130.00 0.43349
-35.00 130.00 0.58198
-30.00 130.00 0.65362
-25.00 130.00 0.59187
-20.00 130.00 0.40310
-15.00 130.00 0.16686
-10.00 130.00 -0.96263E-02
-5.00 130.00 -0.61236E-01
0.00 130.00 -0.48379E-02
5.00 130.00 0.81899E-01
10.00 130.00 0.12410
15.00 130.00 0.10416
20.00 130.00 0.66320E-01
25.00 130.00 0.73610E-01
30.00 130.00 0.15611
35.00 130.00 0.29058
40.00 130.00 0.42089
45.00 130.00 0.49626
50.00 130.00 0.49703
55.00 130.00 0.43566
60.00 130.00 0.34253
65.00 130.00 0.25193
-70.00 135.00 0.56660E-01
-45.00 135.00 0.24347
-40.00 135.00 0.39513
-35.00 135.00 0.54652
-30.00 135.00 0.62045
-25.00 135.00 0.55980
-20.00 135.00 0.37841
-15.00 135.00 0.16304
-10.00 135.00 0.18137E-01
-5.00 135.00 -0.55383E-02
0.00 135.00 0.57859E-01
5.00 135.00 0.12248
10.00 135.00 0.12017
15.00 135.00 0.50515E-01
20.00 135.00 -0.24787E-01
25.00 135.00 -0.33057E-01
30.00 135.00 0.56045E-01
35.00 135.00 0.21344
40.00 135.00 0.37474
45.00 135.00 0.48032
70.00 135.00 0.18859
-75.00 140.00 0.15225
-65.00 140.00 0.56318E-01
-60.00 140.00 0.66220E-01
-55.00 140.00 0.84618E-01
-50.00 140.00 0.11784
-45.00 140.00 0.19129
-40.00 140.00 0.31015
-35.00 140.00 0.43239
-30.00 140.00 0.48729
-25.00 140.00 0.42974
-20.00 140.00 0.28331
-15.00 140.00 0.13056
-10.00 140.00 0.53761E-01
-5.00 140.00 0.73495E-01
0.00 140.00 0.13580
5.00 140.00 0.15810
10.00 140.00 0.95555E-01
15.00 140.00 -0.24989E-01
20.00 140.00 -0.12691
25.00 140.00 -0.13939
30.00 140.00 -0.42489E-01
35.00 140.00 0.12715
40.00 140.00 0.30461
45.00 140.00 0.43204
50.00 140.00 0.47930
55.00 140.00 0.44686
60.00 140.00 0.36032
65.00 140.00 0.26167
75.00 140.00 0.18749
-45.00 145.00 0.11769
-40.00 145.00 0.18056
-35.00 145.00 0.24642
-30.00 145.00 0.26101
-25.00 145.00 0.19963
-20.00 145.00 0.96289E-01
-15.00 145.00 0.21228E-01
-10.00 145.00 0.23013E-01
-5.00 145.00 0.85625E-01
0.00 145.00 0.13917
5.00 145.00 0.11615
10.00 145.00 0.60885E-02
15.00 145.00 -0.13526
20.00 145.00 -0.22629
25.00 145.00 -0.21356
30.00 145.00 -0.98860E-01
35.00 145.00 0.73114E-01
40.00 145.00 0.24650
45.00 145.00 0.37802
-80.00 150.00 0.24834
-70.00 150.00 0.11047
-65.00 150.00 0.11229
-60.00 150.00 0.11686
-55.00 150.00 0.95077E-01
-50.00 150.00 0.56518E-01
-45.00 150.00 0.31537E-01
-40.00 150.00 0.31375E-01
-35.00 150.00 0.30786E-01
-30.00 150.00 -0.65355E-02
-25.00 150.00 -0.85027E-01
-20.00 150.00 -0.16251
-15.00 150.00 -0.18315
-10.00 150.00 -0.13014
-5.00 150.00 -0.48052E-01
0.00 150.00 -0.10874E-01
5.00 150.00 -0.61608E-01
10.00 150.00 -0.17554
15.00 150.00 -0.27805
20.00 150.00 -0.29955
25.00 150.00 -0.22038
30.00 150.00 -0.72636E-01
35.00 150.00 0.92894E-01
40.00 150.00 0.23937
45.00 150.00 0.35032
50.00 150.00 0.41617
55.00 150.00 0.42631
60.00 150.00 0.37989
65.00 150.00 0.30128
70.00 150.00 0.23585
80.00 150.00 0.25462
-45.00 155.00 -0.47707E-01
-40.00 155.00 -0.95678E-01
-35.00 155.00 -0.14769
-30.00 155.00 -0.22964
-25.00 155.00 -0.33456
-20.00 155.00 -0.41720
-15.00 155.00 -0.43219
-10.00 155.00 -0.38026
-5.00 155.00 -0.31520
0.00 155.00 -0.29993
5.00 155.00 -0.34960
10.00 155.00 -0.41425
15.00 155.00 -0.41798
20.00 155.00 -0.31996
25.00 155.00 -0.14389
30.00 155.00 0.46402E-01
35.00 155.00 0.19815
40.00 155.00 0.29978
45.00 155.00 0.36799
-75.00 160.00 0.14878
-65.00 160.00 0.13162
-60.00 160.00 0.12227
-55.00 160.00 0.66644E-01
-50.00 160.00 -0.18982E-01
-45.00 160.00 -0.99231E-01
-40.00 160.00 -0.16151
-35.00 160.00 -0.22833
-30.00 160.00 -0.32770
-25.00 160.00 -0.45443
-20.00 160.00 -0.56583
-15.00 160.00 -0.61913
-10.00 160.00 -0.61349
-5.00 160.00 -0.59164
0.00 160.00 -0.59593
5.00 160.00 -0.62017
10.00 160.00 -0.60617
15.00 160.00 -0.49241
20.00 160.00 -0.27192
25.00 160.00 -0.59871E-02
30.00 160.00 0.21903
35.00 160.00 0.35279
40.00 160.00 0.40637
45.00 160.00 0.42471
50.00 160.00 0.43806
55.00 160.00 0.44046
60.00 160.00 0.41132
65.00 160.00 0.35155
75.00 160.00 0.27182
-85.00 165.00 0.33203
-70.00 165.00 0.12229
-45.00 165.00 -0.11248
-40.00 165.00 -0.15159
-35.00 165.00 -0.19138
-30.00 165.00 -0.27313
-25.00 165.00 -0.40402
-20.00 165.00 -0.54645
-15.00 165.00 -0.65137
-10.00 165.00 -0.70097
-5.00 165.00 -0.71660
0.00 165.00 -0.72409
5.00 165.00 -0.71328
10.00 165.00 -0.63632
15.00 165.00 -0.45128
20.00 165.00 -0.17112
25.00 165.00 0.13001
30.00 165.00 0.36266
35.00 165.00 0.48122
40.00 165.00 0.50559
45.00 165.00 0.49055
70.00 165.00 0.32011
85.00 165.00 0.32275
-65.00 170.00 0.11938
-60.00 170.00 0.93617E-01
-55.00 170.00 0.24949E-01
-50.00 170.00 -0.53116E-01
-45.00 170.00 -0.93419E-01
-40.00 170.00 -0.86128E-01
-35.00 170.00 -0.73954E-01
-30.00 170.00 -0.11599
-25.00 170.00 -0.23436
-20.00 170.00 -0.39358
-15.00 170.00 -0.53033
-10.00 170.00 -0.60337
-5.00 170.00 -0.61658
0.00 170.00 -0.59706
5.00 170.00 -0.55502
10.00 170.00 -0.46820
15.00 170.00 -0.30708
20.00 170.00 -0.74850E-01
25.00 170.00 0.17875
30.00 170.00 0.38538
35.00 170.00 0.50302
40.00 170.00 0.53802
45.00 170.00 0.52783
50.00 170.00 0.50485
55.00 170.00 0.47651
60.00 170.00 0.43587
65.00 170.00 0.38499
-45.00 175.00 -0.61000E-01
-40.00 175.00 -0.10204E-01
-35.00 175.00 0.47036E-01
-30.00 175.00 0.37546E-01
-25.00 175.00 -0.69368E-01
-20.00 175.00 -0.23280
-15.00 175.00 -0.36982
-10.00 175.00 -0.41781
-5.00 175.00 -0.37644
0.00 175.00 -0.29667
5.00 175.00 -0.23128
10.00 175.00 -0.19220
15.00 175.00 -0.14896
20.00 175.00 -0.63381E-01
25.00 175.00 0.73865E-01
30.00 175.00 0.23525
35.00 175.00 0.37812
40.00 175.00 0.47257
45.00 175.00 0.51279
-80.00 180.00 0.20913
-75.00 180.00 0.13511
-70.00 180.00 0.11064
-65.00 180.00 0.10278
-60.00 180.00 0.69813E-01
-55.00 180.00 0.72034E-02
-50.00 180.00 -0.43735E-01
-45.00 180.00 -0.35874E-01
-40.00 180.00 0.31256E-01
-35.00 180.00 0.97623E-01
-30.00 180.00 0.85786E-01
-25.00 180.00 -0.32415E-01
-20.00 180.00 -0.20310
-15.00 180.00 -0.32312
-10.00 180.00 -0.31551
-5.00 180.00 -0.18835
0.00 180.00 -0.30151E-01
5.00 180.00 0.54451E-01
10.00 180.00 0.19106E-01
15.00 180.00 -0.94718E-01
20.00 180.00 -0.19098
25.00 180.00 -0.18607
30.00 180.00 -0.60282E-01
35.00 180.00 0.13782
40.00 180.00 0.32887
45.00 180.00 0.45055
50.00 180.00 0.48528
55.00 180.00 0.45707
60.00 180.00 0.40799
65.00 180.00 0.37256
70.00 180.00 0.36325
75.00 180.00 0.36981
80.00 180.00 0.37134
-45.00 -175 -0.28784E-01
-40.00 -175 0.18239E-01
-35.00 -175 0.48939E-01
-30.00 -175 -0.67856E-02
-25.00 -175 -0.16496
-20.00 -175 -0.35699
-15.00 -175 -0.46602
-10.00 -175 -0.40977
-5.00 -175 -0.20858
0.00 -175 0.16339E-01
5.00 -175 0.11902
10.00 -175 0.27367E-01
15.00 -175 -0.20574
20.00 -175 -0.43506
25.00 -175 -0.51566
30.00 -175 -0.39104
35.00 -175 -0.11940
40.00 -175 0.17320
45.00 -175 0.37405
-65.00 -170 0.10587
-60.00 -170 0.78148E-01
-55.00 -170 0.27847E-01
-50.00 -170 -0.18799E-01
-45.00 -170 -0.36350E-01
-40.00 -170 -0.35940E-01
-35.00 -170 -0.69266E-01
-30.00 -170 -0.18962
-25.00 -170 -0.39724
-20.00 -170 -0.61593
-15.00 -170 -0.72937
-10.00 -170 -0.65998
-5.00 -170 -0.43485
0.00 -170 -0.18515
5.00 -170 -0.69655E-01
10.00 -170 -0.16999
15.00 -170 -0.43030
20.00 -170 -0.68667
25.00 -170 -0.76922
30.00 -170 -0.60802
35.00 -170 -0.27121
40.00 -170 0.86769E-01
45.00 -170 0.32630
50.00 -170 0.40099
55.00 -170 0.36449
60.00 -170 0.31201
65.00 -170 0.30786
-70.00 -165 0.12447
-45.00 -165 -0.46641E-01
-40.00 -165 -0.97483E-01
-35.00 -165 -0.19268
-30.00 -165 -0.36354
-25.00 -165 -0.59700
-20.00 -165 -0.82246
-15.00 -165 -0.94275
-10.00 -165 -0.89585
-5.00 -165 -0.70670
0.00 -165 -0.48698
5.00 -165 -0.37281
10.00 -165 -0.43574
15.00 -165 -0.62776
20.00 -165 -0.80384
25.00 -165 -0.81315
30.00 -165 -0.59853
35.00 -165 -0.23482
40.00 -165 0.12160
45.00 -165 0.33540
70.00 -165 0.33799
-75.00 -160 0.15680
-65.00 -160 0.13000
-60.00 -160 0.10842
-55.00 -160 0.67354E-01
-50.00 -160 0.13742E-01
-45.00 -160 -0.49917E-01
-40.00 -160 -0.13628
-35.00 -160 -0.26629
-30.00 -160 -0.44893
-25.00 -160 -0.66272
-20.00 -160 -0.85460
-15.00 -160 -0.96183
-10.00 -160 -0.94790
-5.00 -160 -0.83085
0.00 -160 -0.68206
5.00 -160 -0.58799
10.00 -160 -0.59351
15.00 -160 -0.66455
20.00 -160 -0.70216
25.00 -160 -0.60695
30.00 -160 -0.35299
35.00 -160 -0.16304E-01
40.00 -160 0.26851
45.00 -160 0.39645
50.00 -160 0.36099
55.00 -160 0.25198
60.00 -160 0.18510
65.00 -160 0.21881
75.00 -160 0.41427
-45.00 -155 -0.46403E-01
-40.00 -155 -0.14388
-35.00 -155 -0.27637
-30.00 -155 -0.43453
-25.00 -155 -0.59153
-20.00 -155 -0.71447
-15.00 -155 -0.77893
-10.00 -155 -0.77884
-5.00 -155 -0.72869
0.00 -155 -0.65781
5.00 -155 -0.59619
10.00 -155 -0.55479
15.00 -155 -0.51173
20.00 -155 -0.41982
25.00 -155 -0.23987
30.00 -155 0.18821E-01
35.00 -155 0.28450
40.00 -155 0.45662
45.00 -155 0.47158
-80.00 -150 0.22458
-70.00 -150 0.17427
-65.00 -150 0.15690
-60.00 -150 0.12046
-55.00 -150 0.71279E-01
-50.00 -150 0.17804E-01
-45.00 -150 -0.45620E-01
-40.00 -150 -0.13344
-35.00 -150 -0.24884
-30.00 -150 -0.37187
-25.00 -150 -0.46976
-20.00 -150 -0.52018
-15.00 -150 -0.52573
-10.00 -150 -0.50741
-5.00 -150 -0.48527
0.00 -150 -0.46398
5.00 -150 -0.43255
10.00 -150 -0.37272
15.00 -150 -0.26696
20.00 -150 -0.10454
25.00 -150 0.10879
30.00 -150 0.33857
35.00 -150 0.52087
40.00 -150 0.58718
45.00 -150 0.50897
50.00 -150 0.33025
55.00 -150 0.15443
60.00 -150 0.83681E-01
65.00 -150 0.15098
70.00 -150 0.29817
80.00 -150 0.45050
-45.00 -145 -0.58451E-01
-40.00 -145 -0.12410
-35.00 -145 -0.21915
-30.00 -145 -0.32344
-25.00 -145 -0.39583
-20.00 -145 -0.40739
-15.00 -145 -0.36548
-10.00 -145 -0.30651
-5.00 -145 -0.26531
0.00 -145 -0.24861
5.00 -145 -0.23315
10.00 -145 -0.18516
15.00 -145 -0.82187E-01
20.00 -145 0.76336E-01
25.00 -145 0.26859
30.00 -145 0.45288
35.00 -145 0.57434
40.00 -145 0.58416
45.00 -145 0.47061
-85.00 -140 0.30629
-75.00 -140 0.22517
-65.00 -140 0.17122
-60.00 -140 0.85915E-01
-55.00 -140 -0.35732E-02
-50.00 -140 -0.61027E-01
-45.00 -140 -0.88528E-01
-40.00 -140 -0.12392
-35.00 -140 -0.20047
-30.00 -140 -0.30906
-25.00 -140 -0.39979
-20.00 -140 -0.42179
-15.00 -140 -0.36446
-10.00 -140 -0.26454
-5.00 -140 -0.17555
0.00 -140 -0.12845
5.00 -140 -0.11499
10.00 -140 -0.10115
15.00 -140 -0.53419E-01
20.00 -140 0.42335E-01
25.00 -140 0.17591
30.00 -140 0.31571
35.00 -140 0.41611
40.00 -140 0.43362
45.00 -140 0.35300
50.00 -140 0.20911
55.00 -140 0.80831E-01
60.00 -140 0.48336E-01
65.00 -140 0.13758
75.00 -140 0.42706
85.00 -140 0.39342
-70.00 -135 0.23788
-45.00 -135 -0.12954
-40.00 -135 -0.12545
-35.00 -135 -0.17689
-30.00 -135 -0.29509
-25.00 -135 -0.42576
-20.00 -135 -0.49097
-15.00 -135 -0.44991
-10.00 -135 -0.32777
-5.00 -135 -0.19338
0.00 -135 -0.10932
5.00 -135 -0.95380E-01
10.00 -135 -0.12681
15.00 -135 -0.15855
20.00 -135 -0.15232
25.00 -135 -0.92333E-01
30.00 -135 0.10029E-01
35.00 -135 0.11935
40.00 -135 0.18950
45.00 -135 0.18913
70.00 -135 0.30335
-65.00 -130 0.17928
-60.00 -130 0.26765E-01
-55.00 -130 -0.12466
-50.00 -130 -0.19488
-45.00 -130 -0.16973
-40.00 -130 -0.11621
-35.00 -130 -0.12542
-30.00 -130 -0.23361
-25.00 -130 -0.39000
-20.00 -130 -0.49698
-15.00 -130 -0.48619
-10.00 -130 -0.36732
-5.00 -130 -0.21561
0.00 -130 -0.11592
5.00 -130 -0.11063
10.00 -130 -0.18493
15.00 -130 -0.28748
20.00 -130 -0.36210
25.00 -130 -0.37067
30.00 -130 -0.30390
35.00 -130 -0.18390
40.00 -130 -0.56612E-01
45.00 -130 0.30735E-01
50.00 -130 0.60329E-01
55.00 -130 0.60315E-01
60.00 -130 0.86725E-01
65.00 -130 0.17725
-45.00 -125 -0.19908
-40.00 -125 -0.93196E-01
-35.00 -125 -0.45679E-01
-30.00 -125 -0.11578
-25.00 -125 -0.26326
-20.00 -125 -0.38521
-15.00 -125 -0.39945
-10.00 -125 -0.30419
-5.00 -125 -0.17102
0.00 -125 -0.87414E-01
5.00 -125 -0.10013
10.00 -125 -0.19811
15.00 -125 -0.33309
20.00 -125 -0.45011
25.00 -125 -0.50655
30.00 -125 -0.48003
35.00 -125 -0.37451
40.00 -125 -0.22351
45.00 -125 -0.78397E-01
-80.00 -120 0.28048
-75.00 -120 0.30388
-70.00 -120 0.30481
-65.00 -120 0.20296
-60.00 -120 0.27164E-02
-55.00 -120 -0.19727
-50.00 -120 -0.28109
-45.00 -120 -0.21282
-40.00 -120 -0.67478E-01
-35.00 -120 0.30938E-01
-30.00 -120 0.88072E-02
-25.00 -120 -0.10529
-20.00 -120 -0.21519
-15.00 -120 -0.24094
-10.00 -120 -0.17770
-5.00 -120 -0.86938E-01
0.00 -120 -0.39767E-01
5.00 -120 -0.67412E-01
10.00 -120 -0.15469
15.00 -120 -0.26628
20.00 -120 -0.37090
25.00 -120 -0.44400
30.00 -120 -0.46121
35.00 -120 -0.40395
40.00 -120 -0.27815
45.00 -120 -0.12252
50.00 -120 0.12154E-01
55.00 -120 0.10059
60.00 -120 0.16120
65.00 -120 0.23280
70.00 -120 0.32915
75.00 -120 0.41576
80.00 -120 0.44047
-45.00 -115 -0.20889
-40.00 -115 -0.53545E-01
-35.00 -115 0.63140E-01
-30.00 -115 0.66260E-01
-25.00 -115 -0.20181E-01
-20.00 -115 -0.10998
-15.00 -115 -0.13565
-10.00 -115 -0.98335E-01
-5.00 -115 -0.49924E-01
0.00 -115 -0.36446E-01
5.00 -115 -0.62013E-01
10.00 -115 -0.10181
15.00 -115 -0.13920
20.00 -115 -0.18150
25.00 -115 -0.23879
30.00 -115 -0.29450
35.00 -115 -0.30652
40.00 -115 -0.24308
45.00 -115 -0.11673
-65.00 -110 0.25403
-60.00 -110 0.55852E-01
-55.00 -110 -0.14752
-50.00 -110 -0.23893
-45.00 -110 -0.18279
-40.00 -110 -0.52447E-01
-35.00 -110 0.35874E-01
-30.00 -110 0.19620E-01
-25.00 -110 -0.69174E-01
-20.00 -110 -0.14825
-15.00 -110 -0.16468
-10.00 -110 -0.13312
-5.00 -110 -0.10395
0.00 -110 -0.10309
5.00 -110 -0.10814
10.00 -110 -0.82399E-01
15.00 -110 -0.25604E-01
20.00 -110 0.16206E-01
25.00 -110 -0.50023E-02
30.00 -110 -0.85745E-01
35.00 -110 -0.16469
40.00 -110 -0.17285
45.00 -110 -0.92486E-01
50.00 -110 0.31967E-01
55.00 -110 0.13936
60.00 -110 0.20628
65.00 -110 0.25635
-70.00 -105 0.36353
-45.00 -105 -0.12615
-40.00 -105 -0.44106E-01
-35.00 -105 -0.19845E-01
-30.00 -105 -0.93728E-01
-25.00 -105 -0.21374
-20.00 -105 -0.29201
-15.00 -105 -0.28702
-10.00 -105 -0.23217
-5.00 -105 -0.18882
0.00 -105 -0.17731
5.00 -105 -0.15849
10.00 -105 -0.83294E-01
15.00 -105 0.42863E-01
20.00 -105 0.15006
25.00 -105 0.16254
30.00 -105 0.70708E-01
35.00 -105 -0.54026E-01
40.00 -105 -0.11691
45.00 -105 -0.76211E-01
70.00 -105 0.30058
-75.00 -100 0.34395
-65.00 -100 0.31687
-60.00 -100 0.16924
-55.00 -100 0.16231E-01
-50.00 -100 -0.53794E-01
-45.00 -100 -0.32016E-01
-40.00 -100 0.22683E-02
-35.00 -100 -0.42323E-01
-30.00 -100 -0.18121
-25.00 -100 -0.33752
-20.00 -100 -0.41177
-15.00 -100 -0.36981
-10.00 -100 -0.26587
-5.00 -100 -0.18260
0.00 -100 -0.15027
5.00 -100 -0.12508
10.00 -100 -0.45744E-01
15.00 -100 0.91066E-01
20.00 -100 0.21379
25.00 -100 0.23681
30.00 -100 0.14105
35.00 -100 -0.30959E-02
40.00 -100 -0.92586E-01
45.00 -100 -0.74412E-01
50.00 -100 0.21393E-01
55.00 -100 0.12320
60.00 -100 0.18706
65.00 -100 0.22542
75.00 -100 0.33701
-45.00 -95 0.96056E-01
-40.00 -95 0.10551
-35.00 -95 0.19241E-01
-30.00 -95 -0.15832
-25.00 -95 -0.33051
-20.00 -95 -0.38766
-15.00 -95 -0.30020
-10.00 -95 -0.14010
-5.00 -95 -0.13005E-01
0.00 -95 0.33177E-01
5.00 -95 0.38042E-01
10.00 -95 0.73491E-01
15.00 -95 0.16180
20.00 -95 0.24824
25.00 -95 0.25375
30.00 -95 0.15449
35.00 -95 0.10641E-01
40.00 -95 -0.82555E-01
45.00 -95 -0.73457E-01
-80.00 -90 0.30019
-70.00 -90 0.38017
-65.00 -90 0.36014
-60.00 -90 0.27961
-55.00 -90 0.20421
-50.00 -90 0.19478
-45.00 -90 0.23879
-40.00 -90 0.25424
-35.00 -90 0.16738
-30.00 -90 -0.82349E-02
-25.00 -90 -0.16900
-20.00 -90 -0.20256
-15.00 -90 -0.81723E-01
-10.00 -90 0.11349
-5.00 -90 0.26430
0.00 -90 0.30859
5.00 -90 0.27828
10.00 -90 0.25071
15.00 -90 0.26672
20.00 -90 0.29452
25.00 -90 0.26970
30.00 -90 0.16724
35.00 -90 0.32949E-01
40.00 -90 -0.54639E-01
45.00 -90 -0.52508E-01
50.00 -90 0.14972E-01
55.00 -90 0.87886E-01
60.00 -90 0.13020
65.00 -90 0.15641
70.00 -90 0.20196
80.00 -90 0.33630
-85.00 -85 0.32819
-45.00 -85 0.36558
-40.00 -85 0.40771
-35.00 -85 0.35110
-30.00 -85 0.20667
-25.00 -85 0.70086E-01
-20.00 -85 0.47288E-01
-15.00 -85 0.16619
-10.00 -85 0.35320
-5.00 -85 0.49440
0.00 -85 0.52529
5.00 -85 0.47035
10.00 -85 0.40331
15.00 -85 0.37212
20.00 -85 0.36054
25.00 -85 0.31739
30.00 -85 0.21818
35.00 -85 0.95760E-01
40.00 -85 0.11687E-01
45.00 -85 -0.13083E-03
85.00 -85 0.33523
-75.00 -80 0.32006
-65.00 -80 0.36774
-60.00 -80 0.33652
-55.00 -80 0.31728
-50.00 -80 0.35793
-45.00 -80 0.44769
-40.00 -80 0.51666
-35.00 -80 0.49672
-30.00 -80 0.38806
-25.00 -80 0.26765
-20.00 -80 0.22839
-15.00 -80 0.30233
-10.00 -80 0.43606
-5.00 -80 0.53847
0.00 -80 0.55574
5.00 -80 0.50653
10.00 -80 0.45083
15.00 -80 0.42767
20.00 -80 0.42214
25.00 -80 0.38920
30.00 -80 0.30542
35.00 -80 0.19560
40.00 -80 0.10966
45.00 -80 0.76230E-01
50.00 -80 0.80437E-01
55.00 -80 0.86739E-01
60.00 -80 0.80393E-01
65.00 -80 0.83103E-01
75.00 -80 0.20960
-70.00 -75 0.34718
-45.00 -75 0.47254
-40.00 -75 0.55060
-35.00 -75 0.55215
-30.00 -75 0.46531
-25.00 -75 0.34471
-20.00 -75 0.26737
-15.00 -75 0.27061
-10.00 -75 0.32750
-5.00 -75 0.37915
0.00 -75 0.39030
5.00 -75 0.37558
10.00 -75 0.37523
15.00 -75 0.40790
20.00 -75 0.44848
25.00 -75 0.45133
30.00 -75 0.39410
35.00 -75 0.29854
40.00 -75 0.20916
45.00 -75 0.15334
70.00 -75 0.93052E-01
-65.00 -70 0.35683
-60.00 -70 0.35286
-55.00 -70 0.34845
-50.00 -70 0.38027
-45.00 -70 0.45005
-40.00 -70 0.51334
-35.00 -70 0.51409
-30.00 -70 0.43318
-25.00 -70 0.30586
-20.00 -70 0.19289
-15.00 -70 0.13331
-10.00 -70 0.12215
-5.00 -70 0.12995
0.00 -70 0.14030
5.00 -70 0.16619
10.00 -70 0.23002
15.00 -70 0.32952
20.00 -70 0.42653
25.00 -70 0.47202
30.00 -70 0.44438
35.00 -70 0.36474
40.00 -70 0.27564
45.00 -70 0.20506
50.00 -70 0.15075
55.00 -70 0.97818E-01
60.00 -70 0.48097E-01
65.00 -70 0.28101E-01
-45.00 -65 0.40664
-40.00 -65 0.43741
-35.00 -65 0.42175
-30.00 -65 0.34121
-25.00 -65 0.21799
-20.00 -65 0.96866E-01
-15.00 -65 0.11080E-01
-10.00 -65 -0.35201E-01
-5.00 -65 -0.54052E-01
0.00 -65 -0.48307E-01
5.00 -65 -0.30130E-02
10.00 -65 0.95767E-01
15.00 -65 0.23445
20.00 -65 0.36732
25.00 -65 0.44276
30.00 -65 0.43849
35.00 -65 0.37420
40.00 -65 0.29067
45.00 -65 0.21641
-80.00 -60 0.28610
-75.00 -60 0.27694
-70.00 -60 0.31372
-65.00 -60 0.35997
-60.00 -60 0.38366
-55.00 -60 0.38197
-50.00 -60 0.37349
-45.00 -60 0.37064
-40.00 -60 0.36271
-35.00 -60 0.32617
-30.00 -60 0.25020
-25.00 -60 0.15017
-20.00 -60 0.55660E-01
-15.00 -60 -0.13446E-01
-10.00 -60 -0.57945E-01
-5.00 -60 -0.86737E-01
0.00 -60 -0.96040E-01
5.00 -60 -0.65149E-01
10.00 -60 0.23486E-01
15.00 -60 0.15847
20.00 -60 0.29512
25.00 -60 0.38084
30.00 -60 0.38986
35.00 -60 0.33723
40.00 -60 0.26093
45.00 -60 0.19013
50.00 -60 0.12936
55.00 -60 0.70829E-01
60.00 -60 0.18477E-01
65.00 -60 -0.39254E-02
70.00 -60 0.28847E-01
75.00 -60 0.11508
80.00 -60 0.21848
-45.00 -55 0.35802
-40.00 -55 0.31444
-35.00 -55 0.25930
-30.00 -55 0.19233
-25.00 -55 0.12626
-20.00 -55 0.77855E-01
-15.00 -55 0.50868E-01
-10.00 -55 0.31371E-01
-5.00 -55 0.36461E-02
0.00 -55 -0.28044E-01
5.00 -55 -0.35623E-01
10.00 -55 0.10618E-01
15.00 -55 0.11188
20.00 -55 0.23108
25.00 -55 0.31495
30.00 -55 0.33033
35.00 -55 0.28405
40.00 -55 0.21074
45.00 -55 0.14235
-65.00 -50 0.38853
-60.00 -50 0.45014
-55.00 -50 0.46385
-50.00 -50 0.42937
-45.00 -50 0.36636
-40.00 -50 0.29406
-35.00 -50 0.22322
-30.00 -50 0.16227
-25.00 -50 0.12311
-20.00 -50 0.11429
-15.00 -50 0.12786
-10.00 -50 0.13761
-5.00 -50 0.11766
0.00 -50 0.67728E-01
5.00 -50 0.20459E-01
10.00 -50 0.19141E-01
15.00 -50 0.81628E-01
20.00 -50 0.18148
25.00 -50 0.26416
30.00 -50 0.28574
35.00 -50 0.24185
40.00 -50 0.16411
45.00 -50 0.90791E-01
50.00 -50 0.39853E-01
55.00 -50 0.70318E-02
60.00 -50 -0.14565E-01
65.00 -50 -0.17191E-01
-70.00 -45 0.31468
-45.00 -45 0.37936
-40.00 -45 0.28584
-35.00 -45 0.20160
-30.00 -45 0.13820
-25.00 -45 0.10601
-20.00 -45 0.11127
-15.00 -45 0.14406
-10.00 -45 0.17402
-5.00 -45 0.16700
0.00 -45 0.11363
5.00 -45 0.44009E-01
10.00 -45 0.99001E-02
15.00 -45 0.44819E-01
20.00 -45 0.13439
25.00 -45 0.22361
30.00 -45 0.25644
35.00 -45 0.21527
40.00 -45 0.12854
45.00 -45 0.43498E-01
70.00 -45 0.18148E-01
-75.00 -40 0.26863
-65.00 -40 0.41933
-60.00 -40 0.50698
-55.00 -40 0.52889
-50.00 -40 0.47596
-45.00 -40 0.37758
-40.00 -40 0.27134
-35.00 -40 0.17941
-30.00 -40 0.10882
-25.00 -40 0.65128E-01
-20.00 -40 0.56667E-01
-15.00 -40 0.82092E-01
-10.00 -40 0.11771
-5.00 -40 0.12594
0.00 -40 0.84856E-01
5.00 -40 0.13200E-01
10.00 -40 -0.36838E-01
15.00 -40 -0.19132E-01
20.00 -40 0.66011E-01
25.00 -40 0.16671
30.00 -40 0.21653
35.00 -40 0.18361
40.00 -40 0.91315E-01
45.00 -40 -0.46640E-02
50.00 -40 -0.59936E-01
55.00 -40 -0.67462E-01
60.00 -40 -0.47617E-01
65.00 -40 -0.18219E-01
75.00 -40 0.89660E-01
-45.00 -35 0.34816
-40.00 -35 0.24032
-35.00 -35 0.15364
-30.00 -35 0.82652E-01
-25.00 -35 0.22250E-01
-20.00 -35 -0.16819E-01
-15.00 -35 -0.20344E-01
-10.00 -35 0.43691E-02
-5.00 -35 0.22864E-01
0.00 -35 0.21454E-03
5.00 -35 -0.62730E-01
10.00 -35 -0.12113
15.00 -35 -0.12004
20.00 -35 -0.43611E-01
25.00 -35 0.64994E-01
30.00 -35 0.13363
35.00 -35 0.11697
40.00 -35 0.30410E-01
45.00 -35 -0.65950E-01
-85.00 -30 0.37474
-80.00 -30 0.30771
-70.00 -30 0.32178
-65.00 -30 0.42022
-60.00 -30 0.49740
-55.00 -30 0.49317
-50.00 -30 0.40674
-45.00 -30 0.28882
-40.00 -30 0.19196
-35.00 -30 0.12865
-30.00 -30 0.74393E-01
-25.00 -30 0.62755E-02
-20.00 -30 -0.66652E-01
-15.00 -30 -0.11301
-10.00 -30 -0.11696
-5.00 -30 -0.10178
0.00 -30 -0.11109
5.00 -30 -0.16385
10.00 -30 -0.22887
15.00 -30 -0.24815
20.00 -30 -0.19042
25.00 -30 -0.85202E-01
30.00 -30 -0.33133E-02
35.00 -30 0.64021E-03
40.00 -30 -0.67357E-01
45.00 -30 -0.14837
50.00 -30 -0.18107
55.00 -30 -0.14814
60.00 -30 -0.79005E-01
65.00 -30 -0.12603E-01
70.00 -30 0.39844E-01
80.00 -30 0.17074
85.00 -30 0.25156
-45.00 -25 0.20576
-40.00 -25 0.12874
-35.00 -25 0.10327
-30.00 -25 0.83047E-01
-25.00 -25 0.21830E-01
-20.00 -25 -0.79192E-01
-15.00 -25 -0.17448
-10.00 -25 -0.22188
-5.00 -25 -0.22521
0.00 -25 -0.22846
5.00 -25 -0.26794
10.00 -25 -0.33159
15.00 -25 -0.36756
20.00 -25 -0.33516
25.00 -25 -0.24829
30.00 -25 -0.16796
35.00 -25 -0.14943
40.00 -25 -0.19342
45.00 -25 -0.24670
-75.00 -20 0.28541
-65.00 -20 0.38340
-60.00 -20 0.42067
-55.00 -20 0.36700
-50.00 -20 0.23763
-45.00 -20 0.10894
-40.00 -20 0.50335E-01
-35.00 -20 0.63105E-01
-30.00 -20 0.82212E-01
-25.00 -20 0.37981E-01
-20.00 -20 -0.80914E-01
-15.00 -20 -0.22060
-10.00 -20 -0.31409
-5.00 -20 -0.34029
0.00 -20 -0.33481
5.00 -20 -0.34676
10.00 -20 -0.38784
15.00 -20 -0.42405
20.00 -20 -0.41566
25.00 -20 -0.36225
30.00 -20 -0.30630
35.00 -20 -0.29160
40.00 -20 -0.31866
45.00 -20 -0.34175
50.00 -20 -0.31078
55.00 -20 -0.21678
60.00 -20 -0.97522E-01
65.00 -20 -0.15402E-03
75.00 -20 0.10768
-70.00 -15 0.30465
-45.00 -15 0.86831E-02
-40.00 -15 -0.46465E-01
-35.00 -15 -0.14209E-01
-30.00 -15 0.31649E-01
-25.00 -15 0.53247E-02
-20.00 -15 -0.11765
-15.00 -15 -0.28248
-10.00 -15 -0.40474
-5.00 -15 -0.43950
0.00 -15 -0.40886
5.00 -15 -0.36999
10.00 -15 -0.36064
15.00 -15 -0.37455
20.00 -15 -0.38354
25.00 -15 -0.37594
30.00 -15 -0.36861
35.00 -15 -0.38199
40.00 -15 -0.40801
45.00 -15 -0.40834
70.00 -15 0.71767E-01
-65.00 -10 0.32892
-60.00 -10 0.32951
-55.00 -10 0.24041
-50.00 -10 0.75678E-01
-45.00 -10 -0.85036E-01
-40.00 -10 -0.16191
-35.00 -10 -0.14362
-30.00 -10 -0.97580E-01
-25.00 -10 -0.11217
-20.00 -10 -0.22185
-15.00 -10 -0.37936
-10.00 -10 -0.49602
-5.00 -10 -0.51175
0.00 -10 -0.43532
5.00 -10 -0.32723
10.00 -10 -0.24875
15.00 -10 -0.22453
20.00 -10 -0.24409
25.00 -10 -0.28754
30.00 -10 -0.34299
35.00 -10 -0.40069
40.00 -10 -0.43904
45.00 -10 -0.42704
50.00 -10 -0.34706
55.00 -10 -0.21570
60.00 -10 -0.77997E-01
65.00 -10 0.24310E-01
-45.00 -5 -0.16212
-40.00 -5 -0.28687
-35.00 -5 -0.31840
-30.00 -5 -0.30169
-25.00 -5 -0.31276
-20.00 -5 -0.39161
-15.00 -5 -0.50735
-10.00 -5 -0.58295
-5.00 -5 -0.55615
0.00 -5 -0.42579
5.00 -5 -0.25012
10.00 -5 -0.10558
15.00 -5 -0.42476E-01
20.00 -5 -0.67486E-01
25.00 -5 -0.15473
30.00 -5 -0.26592
35.00 -5 -0.36283
40.00 -5 -0.41223
45.00 -5 -0.39249
90.00 0.00 0.30170
-90.00 0.00 0.40299
