-85.00 0.00 0.35844
-80.00 0.00 0.48971
-75.00 0.00 0.49378
-70.00 0.00 0.35688
-65.00 0.00 0.12373
-60.00 0.00 -0.10257
-55.00 0.00 -0.21049
-50.00 0.00 -0.14546
-45.00 0.00 0.65825E-01
-40.00 0.00 0.34662
-35.00 0.00 0.62118
-30.00 0.00 0.84194
-25.00 0.00 0.98466
-20.00 0.00 1.0392
-15.00 0.00 1.0194
-10.00 0.00 0.97747
-5.00 0.00 0.98730
0.00 0.00 1.0844
5.00 0.00 1.2070
10.00 0.00 1.2057
15.00 0.00 0.94194
20.00 0.00 0.41451
25.00 0.00 -0.19364
30.00 0.00 -0.60709
35.00 0.00 -0.63658
40.00 0.00 -0.31344
45.00 0.00 0.12746
50.00 0.00 0.40742
55.00 0.00 0.38684
60.00 0.00 0.13690
65.00 0.00 -0.14131
70.00 0.00 -0.27386
75.00 0.00 -0.22224
80.00 0.00 -0.79004E-01
85.00 0.00 0.30454E-01
-45.00 5.00 0.29396
-40.00 5.00 0.60331
-35.00 5.00 0.90090
-30.00 5.00 1.1428
-25.00 5.00 1.3240
-20.00 5.00 1.4474
-15.00 5.00 1.5080
-10.00 5.00 1.5067
-5.00 5.00 1.4659
0.00 5.00 1.4112
5.00 5.00 1.3293
10.00 5.00 1.1494
15.00 5.00 0.79073
20.00 5.00 0.25536
25.00 5.00 -0.31557
30.00 5.00 -0.69025
35.00 5.00 -0.68798
40.00 5.00 -0.31415
45.00 5.00 0.22142
-65.00 10.00 0.45062
-60.00 10.00 0.22668
-55.00 10.00 0.97625E-01
-50.00 10.00 0.17148
-45.00 10.00 0.44861
-40.00 10.00 0.82972
-35.00 10.00 1.1952
-30.00 10.00 1.4829
-25.00 10.00 1.7007
-20.00 10.00 1.8752
-15.00 10.00 2.0000
-10.00 10.00 2.0349
-5.00 10.00 1.9504
0.00 10.00 1.7604
5.00 10.00 1.5044
10.00 10.00 1.1973
15.00 10.00 0.81312
20.00 10.00 0.33388
25.00 10.00 -0.17560
30.00 10.00 -0.55032
35.00 10.00 -0.61001
40.00 10.00 -0.29583
45.00 10.00 0.25317
50.00 10.00 0.76109
55.00 10.00 0.98170
60.00 10.00 0.84870
65.00 10.00 0.49817
-70.00 15.00 0.74565
-45.00 15.00 0.47796
-40.00 15.00 0.96948
-35.00 15.00 1.4465
-30.00 15.00 1.8016
-25.00 15.00 2.0424
-20.00 15.00 2.2290
-15.00 15.00 2.3753
-10.00 15.00 2.4176
-5.00 15.00 2.2785
0.00 15.00 1.9554
5.00 15.00 1.5380
10.00 15.00 1.1333
15.00 15.00 0.77583
20.00 15.00 0.42045
25.00 15.00 0.32563E-01
30.00 15.00 -0.31662
35.00 15.00 -0.45886
40.00 15.00 -0.25773
45.00 15.00 0.24852
70.00 15.00 0.38248
-75.00 20.00 0.83329
-65.00 20.00 0.63716
-60.00 20.00 0.27636
-55.00 20.00 -0.19128E-01
-50.00 20.00 -0.15634E-01
-45.00 20.00 0.36680
-40.00 20.00 0.99114
-35.00 20.00 1.6085
-30.00 20.00 2.0400
-25.00 20.00 2.2761
-20.00 20.00 2.4138
-15.00 20.00 2.5097
-10.00 20.00 2.5009
-5.00 20.00 2.2740
0.00 20.00 1.8067
5.00 20.00 1.2307
10.00 20.00 0.74270
15.00 20.00 0.44448
20.00 20.00 0.27032
25.00 20.00 0.80578E-01
30.00 20.00 -0.16663
35.00 20.00 -0.33817
40.00 20.00 -0.23209
45.00 20.00 0.22020
50.00 20.00 0.84413
55.00 20.00 1.3168
60.00 20.00 1.3949
65.00 20.00 1.0821
75.00 20.00 0.21085
-45.00 25.00 0.13565
-40.00 25.00 0.88831
-35.00 25.00 1.6471
-30.00 25.00 2.1450
-25.00 25.00 2.3391
-20.00 25.00 2.3613
-15.00 25.00 2.3283
-10.00 25.00 2.2068
-5.00 25.00 1.8684
0.00 25.00 1.2699
5.00 25.00 0.56560
10.00 25.00 0.21332E-01
15.00 25.00 -0.19952
20.00 25.00 -0.17030
25.00 25.00 -0.11791
30.00 25.00 -0.19333
35.00 25.00 -0.31524
40.00 25.00 -0.24345
45.00 25.00 0.17922
-80.00 30.00 0.73313
-70.00 30.00 0.99583
-65.00 30.00 0.69829
-60.00 30.00 0.12553
-55.00 30.00 -0.42950
-50.00 30.00 -0.59096
-45.00 30.00 -0.17142
-40.00 30.00 0.67104
-35.00 30.00 1.5376
-30.00 30.00 2.0743
-25.00 30.00 2.1952
-20.00 30.00 2.0598
-15.00 30.00 1.8532
-10.00 30.00 1.5967
-5.00 30.00 1.1700
0.00 30.00 0.50970
5.00 30.00 -0.23801
10.00 30.00 -0.78152
15.00 30.00 -0.91967
20.00 30.00 -0.72006
25.00 30.00 -0.45653
30.00 30.00 -0.35374
35.00 30.00 -0.37890
40.00 30.00 -0.28264
45.00 30.00 0.14455
50.00 30.00 0.84053
55.00 30.00 1.4827
60.00 30.00 1.7336
65.00 30.00 1.4972
70.00 30.00 0.96573
80.00 30.00 0.11664
-45.00 35.00 -0.50334
-40.00 35.00 0.35691
-35.00 35.00 1.2650
-30.00 35.00 1.8036
-25.00 35.00 1.8461
-20.00 35.00 1.5655
-15.00 35.00 1.2066
-10.00 35.00 0.85429
-5.00 35.00 0.41558
0.00 35.00 -0.19230
5.00 35.00 -0.86320
10.00 35.00 -1.3323
15.00 35.00 -1.3973
20.00 35.00 -1.1103
25.00 35.00 -0.73983
30.00 35.00 -0.52641
35.00 35.00 -0.46258
40.00 35.00 -0.31264
45.00 35.00 0.14156
-75.00 40.00 1.0547
-65.00 40.00 0.74823
-60.00 40.00 0.42277E-01
-55.00 40.00 -0.71272
-50.00 40.00 -1.0841
-45.00 40.00 -0.81513
-40.00 40.00 -0.31934E-01
-35.00 40.00 0.83121
-30.00 40.00 1.3372
-25.00 40.00 1.3318
-20.00 40.00 0.98076
-15.00 40.00 0.55651
-10.00 40.00 0.19322
-5.00 40.00 -0.16767
0.00 40.00 -0.62063
5.00 40.00 -1.1162
10.00 40.00 -1.4564
15.00 40.00 -1.4716
20.00 40.00 -1.1948
25.00 40.00 -0.84342
30.00 40.00 -0.61628
35.00 40.00 -0.50239
40.00 40.00 -0.29551
45.00 40.00 0.19085
50.00 40.00 0.91055
55.00 40.00 1.5780
60.00 40.00 1.8771
65.00 40.00 1.6963
75.00 40.00 0.62190
-70.00 45.00 1.1359
-45.00 45.00 -1.0739
-40.00 45.00 -0.46552
-35.00 45.00 0.26437
-30.00 45.00 0.71317
-25.00 45.00 0.71812
-20.00 45.00 0.40963
-15.00 45.00 0.37246E-01
-10.00 45.00 -0.25238
-5.00 45.00 -0.48683
0.00 45.00 -0.75437
5.00 45.00 -1.0509
10.00 45.00 -1.2545
15.00 45.00 -1.2473
20.00 45.00 -1.0462
25.00 45.00 -0.79466
30.00 45.00 -0.61584
35.00 45.00 -0.47773
40.00 45.00 -0.21560
45.00 45.00 0.29710
70.00 45.00 1.2414
-65.00 50.00 0.85573
-60.00 50.00 0.18395
-55.00 50.00 -0.60966
-50.00 50.00 -1.1720
-45.00 50.00 -1.2590
-40.00 50.00 -0.90154
-35.00 50.00 -0.37482
-30.00 50.00 0.24901E-02
-25.00 50.00 0.77156E-01
-20.00 50.00 -0.83470E-01
-15.00 50.00 -0.30791
-10.00 50.00 -0.48179
-5.00 50.00 -0.60954
0.00 50.00 -0.74665
5.00 50.00 -0.89882
10.00 50.00 -1.0004
15.00 50.00 -0.98623
20.00 50.00 -0.86670
25.00 50.00 -0.71576
30.00 50.00 -0.57967
35.00 50.00 -0.40662
40.00 50.00 -0.83074E-01
45.00 50.00 0.44545
50.00 50.00 1.0827
55.00 50.00 1.6126
60.00 50.00 1.8338
65.00 50.00 1.6846
-85.00 55.00 0.45330
-45.00 55.00 -1.3597
-40.00 55.00 -1.2861
-35.00 55.00 -0.99825
-30.00 55.00 -0.70108
-25.00 55.00 -0.52640
-20.00 55.00 -0.48759
-15.00 55.00 -0.52849
-10.00 55.00 -0.59879
-5.00 55.00 -0.68440
0.00 55.00 -0.78287
5.00 55.00 -0.87121
10.00 55.00 -0.91065
15.00 55.00 -0.88121
20.00 55.00 -0.79969
25.00 55.00 -0.69252
30.00 55.00 -0.54926
35.00 55.00 -0.31155
40.00 55.00 0.78116E-01
45.00 55.00 0.60589
85.00 55.00 0.27041E-01
-80.00 60.00 0.81228
-75.00 60.00 1.1080
-70.00 60.00 1.1928
-65.00 60.00 0.96794
-60.00 60.00 0.44207
-55.00 60.00 -0.25051
-50.00 60.00 -0.91199
-45.00 60.00 -1.3740
-40.00 60.00 -1.5633
-35.00 60.00 -1.5076
-30.00 60.00 -1.2973
-25.00 60.00 -1.0391
-20.00 60.00 -0.82504
-15.00 60.00 -0.71590
-10.00 60.00 -0.72753
-5.00 60.00 -0.82496
0.00 60.00 -0.93758
5.00 60.00 -0.99788
10.00 60.00 -0.98016
15.00 60.00 -0.90628
20.00 60.00 -0.81019
25.00 60.00 -0.69186
30.00 60.00 -0.50517
35.00 60.00 -0.19589
40.00 60.00 0.24184
45.00 60.00 0.74104
50.00 60.00 1.1916
55.00 60.00 1.4966
60.00 60.00 1.6071
65.00 60.00 1.5157
70.00 60.00 1.2377
75.00 60.00 0.81656
80.00 60.00 0.35464
-45.00 65.00 -1.3102
-40.00 65.00 -1.6905
-35.00 65.00 -1.8194
-30.00 65.00 -1.6992
-25.00 65.00 -1.4146
-20.00 65.00 -1.1129
-15.00 65.00 -0.93418
-10.00 65.00 -0.93122
-5.00 65.00 -1.0409
0.00 65.00 -1.1373
5.00 65.00 -1.1281
10.00 65.00 -1.0142
15.00 65.00 -0.86464
20.00 65.00 -0.73377
25.00 65.00 -0.60138
30.00 65.00 -0.39222
35.00 65.00 -0.54391E-01
40.00 65.00 0.38056
45.00 65.00 0.81324
-65.00 70.00 0.97998
-60.00 70.00 0.57913
-55.00 70.00 0.26804E-01
-50.00 70.00 -0.59161
-45.00 70.00 -1.1867
-40.00 70.00 -1.6539
-35.00 70.00 -1.8903
-30.00 70.00 -1.8533
-25.00 70.00 -1.6132
-20.00 70.00 -1.3344
-15.00 70.00 -1.1756
-10.00 70.00 -1.1802
-5.00 70.00 -1.2518
0.00 70.00 -1.2422
5.00 70.00 -1.0788
10.00 70.00 -0.81933
15.00 70.00 -0.58631
20.00 70.00 -0.44699
25.00 70.00 -0.35241
30.00 70.00 -0.19158
35.00 70.00 0.96008E-01
40.00 70.00 0.46082
45.00 70.00 0.79177
50.00 70.00 1.0177
55.00 70.00 1.1546
60.00 70.00 1.2503
65.00 70.00 1.2925
-70.00 75.00 1.1092
-45.00 75.00 -1.0297
-40.00 75.00 -1.4747
-35.00 75.00 -1.7303
-30.00 75.00 -1.7547
-25.00 75.00 -1.6108
-20.00 75.00 -1.4420
-15.00 75.00 -1.3668
-10.00 75.00 -1.3805
-5.00 75.00 -1.3581
0.00 75.00 -1.1679
5.00 75.00 -0.80029
10.00 75.00 -0.38907
15.00 75.00 -0.10393
20.00 75.00 -0.81641E-02
25.00 75.00 -0.13167E-01
30.00 75.00 0.31575E-01
35.00 75.00 0.20213
40.00 75.00 0.44729
45.00 75.00 0.66215
70.00 75.00 1.1816
-75.00 80.00 1.0006
-65.00 80.00 0.86368
-60.00 80.00 0.49014
-55.00 80.00 0.30638E-01
-50.00 80.00 -0.43826
-45.00 80.00 -0.86559
-40.00 80.00 -1.2021
-35.00 80.00 -1.4002
-30.00 80.00 -1.4515
-25.00 80.00 -1.4162
-20.00 80.00 -1.3902
-15.00 80.00 -1.4190
-10.00 80.00 -1.4376
-5.00 80.00 -1.3098
0.00 80.00 -0.95029
5.00 80.00 -0.42578
10.00 80.00 0.67193E-01
15.00 80.00 0.34076
20.00 80.00 0.35499
25.00 80.00 0.23543
30.00 80.00 0.15625
35.00 80.00 0.19989
40.00 80.00 0.32113
45.00 80.00 0.43618
50.00 80.00 0.53250
55.00 80.00 0.67697
60.00 80.00 0.91051
65.00 80.00 1.1452
75.00 80.00 0.92707
-45.00 85.00 -0.71206
-40.00 85.00 -0.89481
-35.00 85.00 -0.98852
-30.00 85.00 -1.0313
-25.00 85.00 -1.0798
-20.00 85.00 -1.1744
-15.00 85.00 -1.2880
-10.00 85.00 -1.3142
-5.00 85.00 -1.1321
0.00 85.00 -0.71270
5.00 85.00 -0.17519
10.00 85.00 0.27097
15.00 85.00 0.46533
20.00 85.00 0.40460
25.00 85.00 0.22740
30.00 85.00 0.92560E-01
35.00 85.00 0.63473E-01
40.00 85.00 0.10078
45.00 85.00 0.15540
-80.00 90.00 0.66661
-70.00 90.00 0.93605
-65.00 90.00 0.70585
-60.00 90.00 0.30527
-55.00 90.00 -0.11286
-50.00 90.00 -0.42081
-45.00 90.00 -0.57186
-40.00 90.00 -0.59895
-35.00 90.00 -0.57844
-30.00 90.00 -0.58951
-25.00 90.00 -0.68051
-20.00 90.00 -0.84272
-15.00 90.00 -1.0017
-10.00 90.00 -1.0466
-5.00 90.00 -0.89748
0.00 90.00 -0.57211
5.00 90.00 -0.19413
10.00 90.00 0.78152E-01
15.00 90.00 0.15560
20.00 90.00 0.71589E-01
25.00 90.00 -0.60296E-01
30.00 90.00 -0.14429
35.00 90.00 -0.16460
40.00 90.00 -0.15580
45.00 90.00 -0.11980
50.00 90.00 0.12735E-01
55.00 90.00 0.31820
60.00 90.00 0.76385
65.00 90.00 1.1617
70.00 90.00 1.2697
80.00 90.00 0.45126
-45.00 95.00 -0.43546
-40.00 95.00 -0.33522
-35.00 95.00 -0.21898
-30.00 95.00 -0.19197
-25.00 95.00 -0.28932
-20.00 95.00 -0.46734
-15.00 95.00 -0.63576
-10.00 95.00 -0.71228
-5.00 95.00 -0.67093
0.00 95.00 -0.55614
5.00 95.00 -0.45031
10.00 95.00 -0.41435
15.00 95.00 -0.44517
20.00 95.00 -0.48626
25.00 95.00 -0.48402
30.00 95.00 -0.43821
35.00 95.00 -0.39429
40.00 95.00 -0.37789
45.00 95.00 -0.33506
-75.00 100.00 0.79492
-65.00 100.00 0.60509
-60.00 100.00 0.21819
-55.00 100.00 -0.15116
-50.00 100.00 -0.33783
-45.00 100.00 -0.29318
-40.00 100.00 -0.10233
-35.00 100.00 0.83824E-01
-30.00 100.00 0.14762
-25.00 100.00 0.66432E-01
-20.00 100.00 -0.96997E-01
-15.00 100.00 -0.25776
-10.00 100.00 -0.37389
-5.00 100.00 -0.46688
0.00 100.00 -0.58717
5.00 100.00 -0.75573
10.00 100.00 -0.93045
15.00 100.00 -1.0283
20.00 100.00 -0.98955
25.00 100.00 -0.83400
30.00 100.00 -0.65571
35.00 100.00 -0.55009
40.00 100.00 -0.52426
45.00 100.00 -0.46893
50.00 100.00 -0.23214
55.00 100.00 0.24665
60.00 100.00 0.84531
65.00 100.00 1.2987
75.00 100.00 0.99785
-70.00 105.00 0.76844
-45.00 105.00 -0.15152
-40.00 105.00 0.10400
-35.00 105.00 0.34900
-30.00 105.00 0.45770
-25.00 105.00 0.40925
-20.00 105.00 0.26938
-15.00 105.00 0.11251
-10.00 105.00 -0.45611E-01
-5.00 105.00 -0.24921
0.00 105.00 -0.54036
5.00 105.00 -0.89078
10.00 105.00 -1.1914
15.00 105.00 -1.3174
20.00 105.00 -1.2214
25.00 105.00 -0.97920
30.00 105.00 -0.74277
35.00 105.00 -0.62621
40.00 105.00 -0.60999
45.00 105.00 -0.54385
70.00 105.00 1.3795
-85.00 110.00 0.23408
-65.00 110.00 0.53675
-60.00 110.00 0.22312
-55.00 110.00 -0.74838E-01
-50.00 110.00 -0.18505
-45.00 110.00 -0.43442E-01
-40.00 110.00 0.26894
-35.00 110.00 0.58664
-30.00 110.00 0.76917
-25.00 110.00 0.77640
-20.00 110.00 0.65995
-15.00 110.00 0.49022
-10.00 110.00 0.28826
-5.00 110.00 0.21548E-01
0.00 110.00 -0.33677
5.00 110.00 -0.74355
10.00 110.00 -1.0814
15.00 110.00 -1.2288
20.00 110.00 -1.1526
25.00 110.00 -0.94361
30.00 110.00 -0.75562
35.00 110.00 -0.68670
40.00 110.00 -0.69294
45.00 110.00 -0.61045
50.00 110.00 -0.28189
55.00 110.00 0.30064
60.00 110.00 0.94732
65.00 110.00 1.3668
85.00 110.00 -0.18018E-01
-45.00 115.00 -0.23066E-01
-40.00 115.00 0.35039
-35.00 115.00 0.77152
-30.00 115.00 1.0719
-25.00 115.00 1.1658
-20.00 115.00 1.0732
-15.00 115.00 0.86981
-10.00 115.00 0.61656
-5.00 115.00 0.32584
0.00 115.00 -0.11946E-01
5.00 115.00 -0.37665
10.00 115.00 -0.69742
15.00 115.00 -0.89016
20.00 115.00 -0.92470
25.00 115.00 -0.85879
30.00 115.00 -0.79807
35.00 115.00 -0.80385
40.00 115.00 -0.82346
45.00 115.00 -0.71158
-80.00 120.00 0.28325
-75.00 120.00 0.42256
-70.00 120.00 0.46819
-65.00 120.00 0.34601
-60.00 120.00 0.79070E-01
-55.00 120.00 -0.19985
-50.00 120.00 -0.31337
-45.00 120.00 -0.14257
-40.00 120.00 0.29528
-35.00 120.00 0.84651
-30.00 120.00 1.3018
-25.00 120.00 1.5079
-20.00 120.00 1.4381
-15.00 120.00 1.1808
-10.00 120.00 0.86171
-5.00 120.00 0.56148
0.00 120.00 0.28861
5.00 120.00 0.15209E-01
10.00 120.00 -0.26695
15.00 120.00 -0.52543
20.00 120.00 -0.71772
25.00 120.00 -0.83624
30.00 120.00 -0.91447
35.00 120.00 -0.97889
40.00 120.00 -0.99130
45.00 120.00 -0.84817
50.00 120.00 -0.46039
55.00 120.00 0.14046
60.00 120.00 0.76423
65.00 120.00 1.1475
70.00 120.00 1.1195
75.00 120.00 0.73148
80.00 120.00 0.23777
-45.00 125.00 -0.42069
-40.00 125.00 0.74667E-01
-35.00 125.00 0.75842
-30.00 125.00 1.3746
-25.00 125.00 1.6933
-20.00 125.00 1.6365
-15.00 125.00 1.3083
-10.00 125.00 0.90873
-5.00 125.00 0.59540
0.00 125.00 0.39592
5.00 125.00 0.22902
10.00 125.00 0.31161E-02
15.00 125.00 -0.29830
20.00 125.00 -0.61279
25.00 125.00 -0.86478
30.00 125.00 -1.0261
35.00 125.00 -1.1097
40.00 125.00 -1.1111
45.00 125.00 -0.97102
-65.00 130.00 -0.10341
-60.00 130.00 -0.41932
-55.00 130.00 -0.76841
-50.00 130.00 -0.96284
-45.00 130.00 -0.82011
-40.00 130.00 -0.28388
-35.00 130.00 0.50316
-30.00 130.00 1.2437
-25.00 130.00 1.6424
-20.00 130.00 1.5792
-15.00 130.00 1.1752
-10.00 130.00 0.69712
-5.00 130.00 0.37031
0.00 130.00 0.24044
5.00 130.00 0.18470
10.00 130.00 0.47560E-01
15.00 130.00 -0.22268
20.00 130.00 -0.54890
25.00 130.00 -0.81468
30.00 130.00 -0.96846
35.00 130.00 -1.0401
40.00 130.00 -1.0649
45.00 130.00 -1.0070
50.00 130.00 -0.77857
55.00 130.00 -0.34629
60.00 130.00 0.17785
65.00 130.00 0.56998
-70.00 135.00 -0.18108
-45.00 135.00 -1.2495
-40.00 135.00 -0.69107
-35.00 135.00 0.14546
-30.00 135.00 0.93933
-25.00 135.00 1.3620
-20.00 135.00 1.2764
-15.00 135.00 0.82017
-10.00 135.00 0.30247
-5.00 135.00 -0.12803E-01
0.00 135.00 -0.70951E-01
5.00 135.00 -0.16202E-01
10.00 135.00 -0.32989E-01
15.00 135.00 -0.18619
20.00 135.00 -0.39524
25.00 135.00 -0.54496
30.00 135.00 -0.60977
35.00 135.00 -0.66481
40.00 135.00 -0.77867
45.00 135.00 -0.90548
70.00 135.00 0.35039
-75.00 140.00 -0.25531
-65.00 140.00 -0.77717
-60.00 140.00 -1.1754
-55.00 140.00 -1.5584
-50.00 140.00 -1.7544
-45.00 140.00 -1.5942
-40.00 140.00 -1.0280
-35.00 140.00 -0.20760
-30.00 140.00 0.55194
-25.00 140.00 0.93810
-20.00 140.00 0.83363
-15.00 140.00 0.39115
-10.00 140.00 -0.77610E-01
-5.00 140.00 -0.31899
0.00 140.00 -0.29211
5.00 140.00 -0.14490
10.00 140.00 -0.49248E-01
15.00 140.00 -0.51859E-01
20.00 140.00 -0.71684E-01
25.00 140.00 -0.29182E-01
30.00 140.00 0.34929E-01
35.00 140.00 -0.19444E-01
40.00 140.00 -0.28413
45.00 140.00 -0.67448
50.00 140.00 -0.95882
55.00 140.00 -0.93725
60.00 140.00 -0.61393
65.00 140.00 -0.20289
75.00 140.00 0.42794E-01
-45.00 145.00 -1.7619
-40.00 145.00 -1.2009
-35.00 145.00 -0.46586
-30.00 145.00 0.16966
-25.00 145.00 0.46638
-20.00 145.00 0.36887
-15.00 145.00 0.41662E-01
-10.00 145.00 -0.24874
-5.00 145.00 -0.32079
0.00 145.00 -0.18465
5.00 145.00 0.14174E-01
10.00 145.00 0.15350
15.00 145.00 0.24289
20.00 145.00 0.37961
25.00 145.00 0.59982
30.00 145.00 0.78118
35.00 145.00 0.71177
40.00 145.00 0.28059
45.00 145.00 -0.38262
-80.00 150.00 -0.32479
-70.00 150.00 -1.0413
-65.00 150.00 -1.4750
-60.00 150.00 -1.8582
-55.00 150.00 -2.0793
-50.00 150.00 -2.0436
-45.00 150.00 -1.7216
-40.00 150.00 -1.1863
-35.00 150.00 -0.60727
-30.00 150.00 -0.18070
-25.00 150.00 -0.20245E-01
-20.00 150.00 -0.81971E-01
-15.00 150.00 -0.19157
-10.00 150.00 -0.17013
-5.00 150.00 0.33593E-01
0.00 150.00 0.31564
5.00 150.00 0.52341
10.00 150.00 0.60433
15.00 150.00 0.65680
20.00 150.00 0.82487
25.00 150.00 1.1248
30.00 150.00 1.3698
35.00 150.00 1.2853
40.00 150.00 0.73671
45.00 150.00 -0.12235
50.00 150.00 -0.92130
55.00 150.00 -1.3194
60.00 150.00 -1.2323
65.00 150.00 -0.85747
70.00 150.00 -0.48889
80.00 150.00 -0.22208
-45.00 155.00 -1.5129
-40.00 155.00 -1.0384
-35.00 155.00 -0.68199
-30.00 155.00 -0.53653
-25.00 155.00 -0.55747
-20.00 155.00 -0.57928
-15.00 155.00 -0.41741
-10.00 155.00 -0.11406E-02
-5.00 155.00 0.55894
0.00 155.00 1.0348
5.00 155.00 1.2457
10.00 155.00 1.2004
15.00 155.00 1.0939
20.00 155.00 1.1433
25.00 155.00 1.3872
30.00 155.00 1.6197
35.00 155.00 1.5319
40.00 155.00 0.96007
45.00 155.00 0.42580E-01
-75.00 160.00 -0.98233
-65.00 160.00 -1.9746
-60.00 160.00 -2.2048
-55.00 160.00 -2.1064
-50.00 160.00 -1.7198
-45.00 160.00 -1.2245
-40.00 160.00 -0.85349
-35.00 160.00 -0.76444
-30.00 160.00 -0.93876
-25.00 160.00 -1.1739
-20.00 160.00 -1.1870
-15.00 160.00 -0.78205
-10.00 160.00 0.14480E-01
-5.00 160.00 0.94433
0.00 160.00 1.6577
5.00 160.00 1.9252
10.00 160.00 1.7800
15.00 160.00 1.4821
20.00 160.00 1.3208
25.00 160.00 1.3946
30.00 160.00 1.5369
35.00 160.00 1.4500
40.00 160.00 0.94656
45.00 160.00 0.11201
50.00 160.00 -0.73931
55.00 160.00 -1.2773
60.00 160.00 -1.3680
65.00 160.00 -1.1252
75.00 160.00 -0.50350
-85.00 165.00 -0.17430
-70.00 165.00 -1.6751
-45.00 165.00 -0.95180
-40.00 165.00 -0.71558
-35.00 165.00 -0.88978
-30.00 165.00 -1.3581
-25.00 165.00 -1.7986
-20.00 165.00 -1.8480
-15.00 165.00 -1.3038
-10.00 165.00 -0.25074
-5.00 165.00 0.96736
0.00 165.00 1.9241
5.00 165.00 2.3382
10.00 165.00 2.2153
15.00 165.00 1.8139
20.00 165.00 1.4562
25.00 165.00 1.3121
30.00 165.00 1.3042
35.00 165.00 1.1985
40.00 165.00 0.80660
45.00 165.00 0.14362
70.00 165.00 -0.81259
85.00 165.00 -0.13219
-65.00 170.00 -2.1619
-60.00 170.00 -2.1885
-55.00 170.00 -1.8248
-50.00 170.00 -1.2442
-45.00 170.00 -0.76019
-40.00 170.00 -0.65845
-35.00 170.00 -1.0251
-30.00 170.00 -1.6783
-25.00 170.00 -2.2459
-20.00 170.00 -2.3501
-15.00 170.00 -1.7988
-10.00 170.00 -0.68591
-5.00 170.00 0.64948
0.00 170.00 1.7838
5.00 170.00 2.4077
10.00 170.00 2.4582
15.00 170.00 2.1160
20.00 170.00 1.6709
25.00 170.00 1.3406
30.00 170.00 1.1578
35.00 170.00 0.99401
40.00 170.00 0.69289
45.00 170.00 0.20988
50.00 170.00 -0.34626
55.00 170.00 -0.79228
60.00 170.00 -0.99810
65.00 170.00 -0.96031
-45.00 175.00 -0.66886
-40.00 175.00 -0.66513
-35.00 175.00 -1.0994
-30.00 175.00 -1.7646
-25.00 175.00 -2.3179
-20.00 175.00 -2.4427
-15.00 175.00 -1.9852
-10.00 175.00 -1.0110
-5.00 175.00 0.22887
0.00 175.00 1.3988
5.00 175.00 2.2076
10.00 175.00 2.5165
15.00 175.00 2.3793
20.00 175.00 1.9909
25.00 175.00 1.5689
30.00 175.00 1.2370
35.00 175.00 0.98166
40.00 175.00 0.70832
45.00 175.00 0.34560
-80.00 180.00 -0.72874
-75.00 180.00 -1.2999
-70.00 180.00 -1.8065
-65.00 180.00 -2.0554
-60.00 180.00 -1.9318
-55.00 180.00 -1.4971
-50.00 180.00 -0.98094
-45.00 180.00 -0.65905
-40.00 180.00 -0.69757
-35.00 180.00 -1.0668
-30.00 180.00 -1.5714
-25.00 180.00 -1.9598
-20.00 180.00 -2.0332
-15.00 180.00 -1.7025
-10.00 180.00 -0.99281
-5.00 180.00 -0.26079E-01
0.00 180.00 1.0036
5.00 180.00 1.8732
10.00 180.00 2.4005
15.00 180.00 2.5177
20.00 180.00 2.2984
25.00 180.00 1.9086
30.00 180.00 1.5066
35.00 180.00 1.1628
40.00 180.00 0.85250
45.00 180.00 0.52004
50.00 180.00 0.15212
55.00 180.00 -0.19968
60.00 180.00 -0.45702
65.00 180.00 -0.57051
70.00 180.00 -0.54473
75.00 180.00 -0.41874
80.00 180.00 -0.24692
-45.00 -175 -0.69500
-40.00 -175 -0.72885
-35.00 -175 -0.95058
-30.00 -175 -1.2011
-25.00 -175 -1.3420
-20.00 -175 -1.3040
-15.00 -175 -1.0689
-10.00 -175 -0.63361
-5.00 -175 -0.85033E-02
0.00 -175 0.74819
5.00 -175 1.5078
10.00 -175 2.1039
15.00 -175 2.4098
20.00 -175 2.4027
25.00 -175 2.1621
30.00 -175 1.8068
35.00 -175 1.4227
40.00 -175 1.0380
45.00 -175 0.65184
-65.00 -170 -1.7645
-60.00 -170 -1.5787
-55.00 -170 -1.2253
-50.00 -170 -0.90131
-45.00 -170 -0.74368
-40.00 -170 -0.75397
-35.00 -170 -0.82849
-30.00 -170 -0.85413
-25.00 -170 -0.78337
-20.00 -170 -0.63387
-15.00 -170 -0.43276
-10.00 -170 -0.17168
-5.00 -170 0.18341
0.00 -170 0.64345
5.00 -170 1.1614
10.00 -170 1.6454
15.00 -170 2.0051
20.00 -170 2.1876
25.00 -170 2.1790
30.00 -170 1.9866
35.00 -170 1.6311
40.00 -170 1.1600
45.00 -170 0.65705
50.00 -170 0.22250
55.00 -170 -0.71704E-01
60.00 -170 -0.21529
65.00 -170 -0.25029
-70.00 -165 -1.5381
-45.00 -165 -0.78605
-40.00 -165 -0.77829
-35.00 -165 -0.77188
-30.00 -165 -0.69987
-25.00 -165 -0.55430
-20.00 -165 -0.36086
-15.00 -165 -0.13923
-10.00 -165 0.10654
-5.00 -165 0.36951
0.00 -165 0.63003
5.00 -165 0.87531
10.00 -165 1.1234
15.00 -165 1.4088
20.00 -165 1.7257
25.00 -165 1.9813
30.00 -165 2.0229
35.00 -165 1.7404
40.00 -165 1.1693
45.00 -165 0.49954
70.00 -165 -0.66439E-01
-75.00 -160 -1.1484
-65.00 -160 -1.4390
-60.00 -160 -1.2746
-55.00 -160 -1.0539
-50.00 -160 -0.89262
-45.00 -160 -0.82183
-40.00 -160 -0.80373
-35.00 -160 -0.79245
-30.00 -160 -0.76588
-25.00 -160 -0.70403
-20.00 -160 -0.56192
-15.00 -160 -0.29397
-10.00 -160 0.80364E-01
-5.00 -160 0.44794
0.00 -160 0.67091
5.00 -160 0.71376
10.00 -160 0.70665
15.00 -160 0.85710
20.00 -160 1.2585
25.00 -160 1.7600
30.00 -160 2.0327
35.00 -160 1.8076
40.00 -160 1.0968
45.00 -160 0.21243
50.00 -160 -0.44122
55.00 -160 -0.63742
60.00 -160 -0.44575
65.00 -160 -0.12493
75.00 -160 0.14959
-45.00 -155 -0.87150
-40.00 -155 -0.83268
-35.00 -155 -0.84607
-30.00 -155 -0.93721
-25.00 -155 -1.0491
-20.00 -155 -1.0247
-15.00 -155 -0.71729
-10.00 -155 -0.15030
-5.00 -155 0.43968
0.00 -155 0.76130
5.00 -155 0.71985
10.00 -155 0.53321
15.00 -155 0.57364
20.00 -155 1.0390
25.00 -155 1.7327
30.00 -155 2.1664
35.00 -155 1.9272
40.00 -155 1.0169
45.00 -155 -0.12111
-80.00 -150 -0.64807
-70.00 -150 -1.1782
-65.00 -150 -1.2081
-60.00 -150 -1.1568
-55.00 -150 -1.1023
-50.00 -150 -1.0523
-45.00 -150 -0.97436
-40.00 -150 -0.88796
-35.00 -150 -0.89330
-30.00 -150 -1.0703
-25.00 -150 -1.3370
-20.00 -150 -1.4372
-15.00 -150 -1.1251
-10.00 -150 -0.40900
-5.00 -150 0.38737
0.00 -150 0.85031
5.00 -150 0.82638
10.00 -150 0.58282
15.00 -150 0.59952
20.00 -150 1.1385
25.00 -150 1.9604
30.00 -150 2.4576
35.00 -150 2.1240
40.00 -150 0.97817
45.00 -150 -0.41279
50.00 -150 -1.3313
55.00 -150 -1.4032
60.00 -150 -0.80114
65.00 -150 -0.35379E-01
70.00 -150 0.44927
80.00 -150 0.36187
-45.00 -145 -1.1759
-40.00 -145 -1.0240
-35.00 -145 -0.96189
-30.00 -145 -1.1282
-25.00 -145 -1.4538
-20.00 -145 -1.6399
-15.00 -145 -1.3776
-10.00 -145 -0.64074
-5.00 -145 0.23122
0.00 -145 0.78101
5.00 -145 0.82626
10.00 -145 0.64186
15.00 -145 0.73304
20.00 -145 1.3648
25.00 -145 2.2577
30.00 -145 2.7449
35.00 -145 2.2919
40.00 -145 0.95463
45.00 -145 -0.60949
-85.00 -140 -0.22128
-75.00 -140 -0.82279
-65.00 -140 -1.1087
-60.00 -140 -1.2517
-55.00 -140 -1.4320
-50.00 -140 -1.5519
-45.00 -140 -1.5015
-40.00 -140 -1.3044
-35.00 -140 -1.1468
-30.00 -140 -1.2193
-25.00 -140 -1.5049
-20.00 -140 -1.7309
-15.00 -140 -1.5759
-10.00 -140 -0.96670
-5.00 -140 -0.18426
0.00 -140 0.35636
5.00 -140 0.47833
10.00 -140 0.42392
15.00 -140 0.64557
20.00 -140 1.3623
25.00 -140 2.2762
30.00 -140 2.7330
35.00 -140 2.2300
40.00 -140 0.85764
45.00 -140 -0.70341
50.00 -140 -1.6402
55.00 -140 -1.5579
60.00 -140 -0.69816
65.00 -140 0.30812
75.00 -140 0.94804
85.00 -140 0.25672
-70.00 -135 -0.91561
-45.00 -135 -1.9245
-40.00 -135 -1.7480
-35.00 -135 -1.5321
-30.00 -135 -1.4979
-25.00 -135 -1.6978
-20.00 -135 -1.9355
-15.00 -135 -1.9204
-10.00 -135 -1.5325
-5.00 -135 -0.94809
0.00 -135 -0.48573
5.00 -135 -0.30133
10.00 -135 -0.22043
15.00 -135 0.10669
20.00 -135 0.84171
25.00 -135 1.7171
30.00 -135 2.1682
35.00 -135 1.7666
40.00 -135 0.60375
45.00 -135 -0.70914
70.00 -135 1.1892
-65.00 -130 -1.0594
-60.00 -130 -1.3823
-55.00 -130 -1.7983
-50.00 -130 -2.1757
-45.00 -130 -2.3516
-40.00 -130 -2.2788
-35.00 -130 -2.0904
-30.00 -130 -2.0023
-25.00 -130 -2.1247
-20.00 -130 -2.3544
-15.00 -130 -2.4598
-10.00 -130 -2.2896
-5.00 -130 -1.9112
0.00 -130 -1.5399
5.00 -130 -1.3190
10.00 -130 -1.1651
15.00 -130 -0.84227
20.00 -130 -0.21779
25.00 -130 0.53871
30.00 -130 1.0204
35.00 -130 0.89238
40.00 -130 0.19489
45.00 -130 -0.62762
50.00 -130 -1.0177
55.00 -130 -0.69539
60.00 -130 0.15524
65.00 -130 1.0374
-45.00 -125 -2.6428
-40.00 -125 -2.7276
-35.00 -125 -2.6446
-30.00 -125 -2.5669
-25.00 -125 -2.6303
-20.00 -125 -2.8159
-15.00 -125 -2.9668
-10.00 -125 -2.9300
-5.00 -125 -2.6947
0.00 -125 -2.3974
5.00 -125 -2.1851
10.00 -125 -2.0662
15.00 -125 -1.8978
20.00 -125 -1.5297
25.00 -125 -0.97646
30.00 -125 -0.44656
35.00 -125 -0.18311
40.00 -125 -0.24538
45.00 -125 -0.42627
-80.00 -120 -0.33668
-75.00 -120 -0.50793
-70.00 -120 -0.69283
-65.00 -120 -0.93748
-60.00 -120 -1.2879
-55.00 -120 -1.7479
-50.00 -120 -2.2490
-45.00 -120 -2.6677
-40.00 -120 -2.9010
-35.00 -120 -2.9434
-30.00 -120 -2.8968
-25.00 -120 -2.8900
-20.00 -120 -2.9723
-15.00 -120 -3.0732
-10.00 -120 -3.0729
-5.00 -120 -2.9230
0.00 -120 -2.7059
5.00 -120 -2.5697
10.00 -120 -2.5902
15.00 -120 -2.6823
20.00 -120 -2.6501
25.00 -120 -2.3404
30.00 -120 -1.7671
35.00 -120 -1.0978
40.00 -120 -0.51100
45.00 -120 -0.53365E-01
50.00 -120 0.37565
55.00 -120 0.89567
60.00 -120 1.4904
65.00 -120 1.9698
70.00 -120 2.0936
75.00 -120 1.7601
80.00 -120 1.1029
-45.00 -115 -2.3736
-40.00 -115 -2.6879
-35.00 -115 -2.8112
-30.00 -115 -2.7637
-25.00 -115 -2.6496
-20.00 -115 -2.5757
-15.00 -115 -2.5687
-10.00 -115 -2.5694
-5.00 -115 -2.5158
0.00 -115 -2.4349
5.00 -115 -2.4437
10.00 -115 -2.6396
15.00 -115 -2.9708
20.00 -115 -3.2116
25.00 -115 -3.0911
30.00 -115 -2.4817
35.00 -115 -1.4967
40.00 -115 -0.41258
45.00 -115 0.51933
-65.00 -110 -0.70611
-60.00 -110 -0.90976
-55.00 -110 -1.1523
-50.00 -110 -1.4639
-45.00 -110 -1.8248
-40.00 -110 -2.1362
-35.00 -110 -2.2724
-30.00 -110 -2.1806
-25.00 -110 -1.9386
-20.00 -110 -1.7073
-15.00 -110 -1.6130
-10.00 -110 -1.6655
-5.00 -110 -1.7871
0.00 -110 -1.9209
5.00 -110 -2.1004
10.00 -110 -2.3983
15.00 -110 -2.7930
20.00 -110 -3.0905
25.00 -110 -3.0030
30.00 -110 -2.3475
35.00 -110 -1.2024
40.00 -110 0.11638
45.00 -110 1.2523
50.00 -110 2.0171
55.00 -110 2.4445
60.00 -110 2.6621
65.00 -110 2.7189
-70.00 -105 -0.42860
-45.00 -105 -1.1858
-40.00 -105 -1.4444
-35.00 -105 -1.5567
-30.00 -105 -1.4168
-25.00 -105 -1.0829
-20.00 -105 -0.76258
-15.00 -105 -0.66801
-10.00 -105 -0.86389
-5.00 -105 -1.2396
0.00 -105 -1.6234
5.00 -105 -1.9235
10.00 -105 -2.1582
15.00 -105 -2.3527
20.00 -105 -2.4205
25.00 -105 -2.1677
30.00 -105 -1.4434
35.00 -105 -0.30426
40.00 -105 0.96672
45.00 -105 2.0237
70.00 -105 2.6522
-75.00 -100 -0.21391
-65.00 -100 -0.44835
-60.00 -100 -0.48333
-55.00 -100 -0.46762
-50.00 -100 -0.49935
-45.00 -100 -0.64990
-40.00 -100 -0.86289
-35.00 -100 -0.96984
-30.00 -100 -0.83303
-25.00 -100 -0.49518
-20.00 -100 -0.19000
-15.00 -100 -0.18328
-10.00 -100 -0.56907
-5.00 -100 -1.1933
0.00 -100 -1.7685
5.00 -100 -2.0747
10.00 -100 -2.0736
15.00 -100 -1.8525
20.00 -100 -1.4792
25.00 -100 -0.92362
30.00 -100 -0.12467
35.00 -100 0.87656
40.00 -100 1.8866
45.00 -100 2.6606
50.00 -100 3.0689
55.00 -100 3.1688
60.00 -100 3.1112
65.00 -100 2.9736
75.00 -100 2.1325
-45.00 -95 -0.34951
-40.00 -95 -0.56222
-35.00 -95 -0.71270
-30.00 -95 -0.64844
-25.00 -95 -0.39360
-20.00 -95 -0.17730
-15.00 -95 -0.27681
-10.00 -95 -0.79238
-5.00 -95 -1.5413
0.00 -95 -2.1640
5.00 -95 -2.3569
10.00 -95 -2.0450
15.00 -95 -1.3711
20.00 -95 -0.54356
25.00 -95 0.30620
30.00 -95 1.1401
35.00 -95 1.9290
40.00 -95 2.5865
45.00 -95 3.0050
-80.00 -90 -0.25879E-01
-70.00 -90 -0.18114
-65.00 -90 -0.26193
-60.00 -90 -0.25887
-55.00 -90 -0.19191
-50.00 -90 -0.17135
-45.00 -90 -0.29729
-40.00 -90 -0.54665
-35.00 -90 -0.76691
-30.00 -90 -0.80382
-25.00 -90 -0.65883
-20.00 -90 -0.52703
-15.00 -90 -0.65994
-10.00 -90 -1.1528
-5.00 -90 -1.8318
0.00 -90 -2.3412
5.00 -90 -2.3670
10.00 -90 -1.8245
15.00 -90 -0.87727
20.00 -90 0.19921
25.00 -90 1.1813
30.00 -90 1.9653
35.00 -90 2.5280
40.00 -90 2.8651
45.00 -90 2.9833
50.00 -90 2.9371
55.00 -90 2.8345
60.00 -90 2.7665
65.00 -90 2.7131
70.00 -90 2.5300
80.00 -90 1.3230
-85.00 -85 0.36080E-01
-45.00 -85 -0.38925
-40.00 -85 -0.66480
-35.00 -85 -0.92104
-30.00 -85 -1.0153
-25.00 -85 -0.92978
-20.00 -85 -0.81065
-15.00 -85 -0.86197
-10.00 -85 -1.1727
-5.00 -85 -1.6178
0.00 -85 -1.9186
5.00 -85 -1.8195
10.00 -85 -1.2465
15.00 -85 -0.33525
20.00 -85 0.66930
25.00 -85 1.5496
30.00 -85 2.1886
35.00 -85 2.5608
40.00 -85 2.6914
45.00 -85 2.6413
85.00 -85 0.52683
-75.00 -80 0.26526E-01
-65.00 -80 -0.15136
-60.00 -80 -0.20827
-55.00 -80 -0.23568
-50.00 -80 -0.30171
-45.00 -80 -0.46622
-40.00 -80 -0.70681
-35.00 -80 -0.91446
-30.00 -80 -0.97339
-25.00 -80 -0.86079
-20.00 -80 -0.67715
-15.00 -80 -0.57394
-10.00 -80 -0.63320
-5.00 -80 -0.79617
0.00 -80 -0.89807
5.00 -80 -0.77913
10.00 -80 -0.38488
15.00 -80 0.21320
20.00 -80 0.87457
25.00 -80 1.4659
30.00 -80 1.9023
35.00 -80 2.1471
40.00 -80 2.2043
45.00 -80 2.1244
50.00 -80 2.0071
55.00 -80 1.9654
60.00 -80 2.0477
65.00 -80 2.1758
75.00 -80 1.8518
-70.00 -75 -0.66441E-02
-45.00 -75 -0.39686
-40.00 -75 -0.52536
-35.00 -75 -0.59999
-30.00 -75 -0.54520
-25.00 -75 -0.34976
-20.00 -75 -0.82931E-01
-15.00 -75 0.15157
-10.00 -75 0.28566
-5.00 -75 0.32548
0.00 -75 0.33332
5.00 -75 0.37639
10.00 -75 0.48774
15.00 -75 0.66410
20.00 -75 0.88637
25.00 -75 1.1323
30.00 -75 1.3696
35.00 -75 1.5503
40.00 -75 1.6300
45.00 -75 1.6095
70.00 -75 1.9431
-65.00 -70 -0.59306E-01
-60.00 -70 -0.12655
-55.00 -70 -0.15036
-50.00 -70 -0.14768
-45.00 -70 -0.13740
-40.00 -70 -0.10853
-35.00 -70 -0.21936E-01
-30.00 -70 0.15572
-25.00 -70 0.41768
-20.00 -70 0.71367
-15.00 -70 0.97896
-10.00 -70 1.1685
-5.00 -70 1.2686
0.00 -70 1.2835
5.00 -70 1.2201
10.00 -70 1.0915
15.00 -70 0.93391
20.00 -70 0.81078
25.00 -70 0.78496
30.00 -70 0.87393
35.00 -70 1.0282
40.00 -70 1.1625
45.00 -70 1.2225
50.00 -70 1.2336
55.00 -70 1.2801
60.00 -70 1.4222
65.00 -70 1.6150
-45.00 -65 0.25913
-40.00 -65 0.43049
-35.00 -65 0.62917
-30.00 -65 0.86235
-25.00 -65 1.1180
-20.00 -65 1.3622
-15.00 -65 1.5570
-10.00 -65 1.6795
-5.00 -65 1.7226
0.00 -65 1.6813
5.00 -65 1.5451
10.00 -65 1.3122
15.00 -65 1.0175
20.00 -65 0.74101
25.00 -65 0.57681
30.00 -65 0.57540
35.00 -65 0.70491
40.00 -65 0.87018
45.00 -65 0.98307
-80.00 -60 0.17689
-75.00 -60 0.15581
-70.00 -60 0.82635E-01
-65.00 -60 0.19593E-01
-60.00 -60 0.39875E-01
-55.00 -60 0.17913
-50.00 -60 0.41291
-45.00 -60 0.68017
-40.00 -60 0.92805
-35.00 -60 1.1404
-30.00 -60 1.3297
-25.00 -60 1.5066
-20.00 -60 1.6580
-15.00 -60 1.7537
-10.00 -60 1.7720
-5.00 -60 1.7150
0.00 -60 1.6000
5.00 -60 1.4374
10.00 -60 1.2244
15.00 -60 0.96636
20.00 -60 0.70325
25.00 -60 0.50873
30.00 -60 0.44837
35.00 -60 0.52753
40.00 -60 0.67835
45.00 -60 0.80707
50.00 -60 0.86750
55.00 -60 0.89492
60.00 -60 0.96257
65.00 -60 1.0926
70.00 -60 1.2035
75.00 -60 1.1541
80.00 -60 0.86265
-45.00 -55 1.0099
-40.00 -55 1.2558
-35.00 -55 1.3912
-30.00 -55 1.4681
-25.00 -55 1.5470
-20.00 -55 1.6374
-15.00 -55 1.6905
-10.00 -55 1.6503
-5.00 -55 1.5092
0.00 -55 1.3166
5.00 -55 1.1329
10.00 -55 0.97709
15.00 -55 0.82192
20.00 -55 0.64039
25.00 -55 0.45493
30.00 -55 0.33364
35.00 -55 0.33181
40.00 -55 0.43509
45.00 -55 0.56475
-65.00 -50 0.13632E-01
-60.00 -50 0.11220
-55.00 -50 0.40494
-50.00 -50 0.81086
-45.00 -50 1.1731
-40.00 -50 1.3680
-35.00 -50 1.3929
-30.00 -50 1.3575
-25.00 -50 1.3821
-20.00 -50 1.4897
-15.00 -50 1.5874
-10.00 -50 1.5540
-5.00 -50 1.3519
0.00 -50 1.0631
5.00 -50 0.81581
10.00 -50 0.67307
15.00 -50 0.58851
20.00 -50 0.46796
25.00 -50 0.27450
30.00 -50 0.73198E-01
35.00 -50 -0.27555E-01
40.00 -50 0.21065E-01
45.00 -50 0.16359
50.00 -50 0.29718
55.00 -50 0.37084
60.00 -50 0.42417
65.00 -50 0.52378
-70.00 -45 0.42105E-01
-45.00 -45 1.1506
-40.00 -45 1.2951
-35.00 -45 1.2445
-30.00 -45 1.1584
-25.00 -45 1.1992
-20.00 -45 1.3861
-15.00 -45 1.5706
-10.00 -45 1.5625
-5.00 -45 1.2955
0.00 -45 0.88644
5.00 -45 0.53428
10.00 -45 0.35174
15.00 -45 0.28242
20.00 -45 0.17499
25.00 -45 -0.59941E-01
30.00 -45 -0.35901
35.00 -45 -0.56318
40.00 -45 -0.56278
45.00 -45 -0.39011
70.00 -45 0.38743
-75.00 -40 0.16842
-65.00 -40 -0.12162
-60.00 -40 -0.69872E-01
-55.00 -40 0.21196
-50.00 -40 0.62358
-45.00 -40 0.96869
-40.00 -40 1.1031
-35.00 -40 1.0540
-30.00 -40 0.99802
-25.00 -40 1.1032
-20.00 -40 1.3669
-15.00 -40 1.5986
-10.00 -40 1.5723
-5.00 -40 1.2218
0.00 -40 0.70421
5.00 -40 0.27158
10.00 -40 0.62888E-01
15.00 -40 0.10882E-02
20.00 -40 -0.11512
25.00 -40 -0.41256
30.00 -40 -0.82057
35.00 -40 -1.1317
40.00 -40 -1.1826
45.00 -40 -0.98505
50.00 -40 -0.69299
55.00 -40 -0.45182
60.00 -40 -0.28251
65.00 -40 -0.10813
75.00 -40 0.33018
-45.00 -35 0.67955
-40.00 -35 0.85344
-35.00 -35 0.88033
-30.00 -35 0.91101
-25.00 -35 1.0792
-20.00 -35 1.3545
-15.00 -35 1.5399
-10.00 -35 1.4320
-5.00 -35 1.0066
0.00 -35 0.46078
5.00 -35 0.60046E-01
10.00 -35 -0.79561E-01
15.00 -35 -0.83104E-01
20.00 -35 -0.19718
25.00 -35 -0.56407
30.00 -35 -1.0895
35.00 -35 -1.5181
40.00 -35 -1.6423
45.00 -35 -1.4571
-85.00 -30 0.25619
-80.00 -30 0.28950
-70.00 -30 -0.58399E-01
-65.00 -30 -0.30559
-60.00 -30 -0.41215
-55.00 -30 -0.29146
-50.00 -30 0.94477E-02
-45.00 -30 0.34474
-40.00 -30 0.58759
-35.00 -30 0.72787
-30.00 -30 0.85694
-25.00 -30 1.0491
-20.00 -30 1.2533
-15.00 -30 1.3105
-10.00 -30 1.0953
-5.00 -30 0.65686
0.00 -30 0.21652
5.00 -30 0.14221E-02
10.00 -30 0.50081E-01
15.00 -30 0.16470
20.00 -30 0.65637E-01
25.00 -30 -0.37540
30.00 -30 -1.0215
35.00 -30 -1.5727
40.00 -30 -1.7934
45.00 -30 -1.6702
50.00 -30 -1.3760
55.00 -30 -1.0939
60.00 -30 -0.87336
65.00 -30 -0.64153
70.00 -30 -0.33709
80.00 -30 0.19074
85.00 -30 0.18756
-45.00 -25 0.27072E-01
-40.00 -25 0.33530
-35.00 -25 0.58044
-30.00 -25 0.78304
-25.00 -25 0.95526
-20.00 -25 1.0417
-15.00 -25 0.95156
-10.00 -25 0.66496
-5.00 -25 0.30717
0.00 -25 0.94997E-01
5.00 -25 0.17217
10.00 -25 0.46657
15.00 -25 0.70644
20.00 -25 0.60665
25.00 -25 0.85740E-01
30.00 -25 -0.66335
35.00 -25 -1.3098
40.00 -25 -1.6168
45.00 -25 -1.5800
-75.00 -20 0.22784
-65.00 -20 -0.37072
-60.00 -20 -0.62194
-55.00 -20 -0.67788
-50.00 -20 -0.51818
-45.00 -20 -0.21473
-40.00 -20 0.12931
-35.00 -20 0.43925
-30.00 -20 0.67717
-25.00 -20 0.80912
-20.00 -20 0.78901
-15.00 -20 0.59864
-10.00 -20 0.31235
-5.00 -20 0.10584
0.00 -20 0.16168
5.00 -20 0.52170
10.00 -20 1.0083
15.00 -20 1.3048
20.00 -20 1.1588
25.00 -20 0.56222
30.00 -20 -0.23618
35.00 -20 -0.90057
40.00 -20 -1.2280
45.00 -20 -1.2486
50.00 -20 -1.1409
55.00 -20 -1.0531
60.00 -20 -0.99029
65.00 -20 -0.85518
75.00 -20 -0.23745
-70.00 -15 0.18045E-01
-45.00 -15 -0.33456
-40.00 -15 0.85887E-02
-35.00 -15 0.33620
-30.00 -15 0.57831
-25.00 -15 0.67868
-20.00 -15 0.60539
-15.00 -15 0.39110
-10.00 -15 0.16415
-5.00 -15 0.11202
0.00 -15 0.36674
5.00 -15 0.88357
10.00 -15 1.4197
15.00 -15 1.6601
20.00 -15 1.4191
25.00 -15 0.77136
30.00 -15 0.64028E-02
35.00 -15 -0.56505
40.00 -15 -0.80628
45.00 -15 -0.80535
70.00 -15 -0.60372
-65.00 -10 -0.20858
-60.00 -10 -0.48896
-55.00 -10 -0.61727
-50.00 -10 -0.54664
-45.00 -10 -0.31160
-40.00 -10 0.57373E-02
-35.00 -10 0.31734
-30.00 -10 0.54838
-25.00 -10 0.64180
-20.00 -10 0.57634
-15.00 -10 0.40164
-10.00 -10 0.25173
-5.00 -10 0.29200
0.00 -10 0.60678
5.00 -10 1.1046
10.00 -10 1.5326
15.00 -10 1.6198
20.00 -10 1.2608
25.00 -10 0.60042
30.00 -10 -0.54677E-01
35.00 -10 -0.43939
40.00 -10 -0.49673
45.00 -10 -0.38305
50.00 -10 -0.31771
55.00 -10 -0.40555
60.00 -10 -0.57313
65.00 -10 -0.65689
-45.00 -5 -0.16095
-40.00 -5 0.12797
-35.00 -5 0.41369
-30.00 -5 0.63369
-25.00 -5 0.74417
-20.00 -5 0.72940
-15.00 -5 0.62722
-10.00 -5 0.53999
-5.00 -5 0.59112
0.00 -5 0.83272
5.00 -5 1.1715
10.00 -5 1.3920
15.00 -5 1.2894
20.00 -5 0.82574
25.00 -5 0.18497
30.00 -5 -0.33221
35.00 -5 -0.50717
40.00 -5 -0.34740
45.00 -5 -0.65609E-01
90.00 0.00 0.30305E-01
-90.00 0.00 0.11889
