-85.00 0.00 0.28665
-80.00 0.00 0.25292
-75.00 0.00 0.89555E-01
-70.00 0.00 -0.12549
-65.00 0.00 -0.27889
-60.00 0.00 -0.30159
-55.00 0.00 -0.21129
-50.00 0.00 -0.83912E-01
-45.00 0.00 0.11406E-01
-40.00 0.00 0.54851E-01
-35.00 0.00 0.65794E-01
-30.00 0.00 0.62518E-01
-25.00 0.00 0.38659E-01
-20.00 0.00 -0.21638E-01
-15.00 0.00 -0.11228
-10.00 0.00 -0.19703
-5.00 0.00 -0.23739
0.00 0.00 -0.22840
5.00 0.00 -0.20293
10.00 0.00 -0.19658
15.00 0.00 -0.20766
20.00 0.00 -0.19499
25.00 0.00 -0.12057
30.00 0.00 0.24155E-02
35.00 0.00 0.10525
40.00 0.00 0.11338
45.00 0.00 0.89808E-02
50.00 0.00 -0.14964
55.00 0.00 -0.27030
60.00 0.00 -0.29463
65.00 0.00 -0.23335
70.00 0.00 -0.14244
75.00 0.00 -0.67654E-01
80.00 0.00 -0.91743E-02
85.00 0.00 0.63130E-01
-45.00 5.00 0.47310E-01
-40.00 5.00 0.84859E-01
-35.00 5.00 0.91713E-01
-30.00 5.00 0.87959E-01
-25.00 5.00 0.63515E-01
-20.00 5.00 -0.37420E-02
-15.00 5.00 -0.10971
-10.00 5.00 -0.21195
-5.00 5.00 -0.26151
0.00 5.00 -0.24793
5.00 5.00 -0.20946
10.00 5.00 -0.19423
15.00 5.00 -0.20887
20.00 5.00 -0.20748
25.00 5.00 -0.13700
30.00 5.00 0.17560E-02
35.00 5.00 0.13709
40.00 5.00 0.17565
45.00 5.00 0.78218E-01
-65.00 10.00 -0.20244
-60.00 10.00 -0.22026
-55.00 10.00 -0.12625
-50.00 10.00 0.93429E-03
-45.00 10.00 0.90546E-01
-40.00 10.00 0.12549
-35.00 10.00 0.12981
-30.00 10.00 0.12207
-25.00 10.00 0.88965E-01
-20.00 10.00 0.62662E-02
-15.00 10.00 -0.11915
-10.00 10.00 -0.23673
-5.00 10.00 -0.28900
0.00 10.00 -0.26387
5.00 10.00 -0.20812
10.00 10.00 -0.18337
15.00 10.00 -0.20395
20.00 10.00 -0.21845
25.00 10.00 -0.15803
30.00 10.00 -0.99055E-02
35.00 10.00 0.15365
40.00 10.00 0.22312
45.00 10.00 0.13886
50.00 10.00 -0.57509E-01
55.00 10.00 -0.25209
60.00 10.00 -0.34272
65.00 10.00 -0.30655
-70.00 15.00 -0.63793E-02
-45.00 15.00 0.10404
-40.00 15.00 0.12723
-35.00 15.00 0.12004
-30.00 15.00 0.10113
-25.00 15.00 0.58025E-01
-20.00 15.00 -0.32332E-01
-15.00 15.00 -0.16179
-10.00 15.00 -0.27827
-5.00 15.00 -0.32299
0.00 15.00 -0.28449
5.00 15.00 -0.21342
10.00 15.00 -0.17753
15.00 15.00 -0.19559
20.00 15.00 -0.21484
25.00 15.00 -0.15911
30.00 15.00 -0.74566E-02
35.00 15.00 0.16989
40.00 15.00 0.25636
45.00 15.00 0.18069
70.00 15.00 -0.20956
-75.00 20.00 0.22654
-65.00 20.00 -0.93687E-01
-60.00 20.00 -0.12916
-55.00 20.00 -0.69767E-01
-50.00 20.00 0.16259E-01
-45.00 20.00 0.64969E-01
-40.00 20.00 0.60988E-01
-35.00 20.00 0.29673E-01
-30.00 20.00 -0.50443E-02
-25.00 20.00 -0.48723E-01
-20.00 20.00 -0.12198
-15.00 20.00 -0.22303
-10.00 20.00 -0.31241
-5.00 20.00 -0.34176
0.00 20.00 -0.30056
5.00 20.00 -0.23118
10.00 20.00 -0.19143
15.00 20.00 -0.19677
20.00 20.00 -0.19964
25.00 20.00 -0.13212
30.00 20.00 0.22589E-01
35.00 20.00 0.19653
40.00 20.00 0.27819
45.00 20.00 0.19885
50.00 20.00 -0.83273E-02
55.00 20.00 -0.22799
60.00 20.00 -0.34515
65.00 20.00 -0.32209
75.00 20.00 -0.86789E-01
-45.00 25.00 -0.22072E-01
-40.00 25.00 -0.63170E-01
-35.00 25.00 -0.12409
-30.00 25.00 -0.17085
-25.00 25.00 -0.19725
-20.00 25.00 -0.22200
-15.00 25.00 -0.25932
-10.00 25.00 -0.29789
-5.00 25.00 -0.31172
0.00 25.00 -0.29015
5.00 25.00 -0.25219
10.00 25.00 -0.22621
15.00 25.00 -0.21396
20.00 25.00 -0.17904
25.00 25.00 -0.79095E-01
30.00 25.00 0.83046E-01
35.00 25.00 0.23919
40.00 25.00 0.29385
45.00 25.00 0.19604
-80.00 30.00 0.38393
-70.00 30.00 0.15745
-65.00 30.00 0.96987E-02
-60.00 30.00 -0.74616E-01
-55.00 30.00 -0.94061E-01
-50.00 30.00 -0.95335E-01
-45.00 30.00 -0.12767
-40.00 30.00 -0.20143
-35.00 30.00 -0.28390
-30.00 30.00 -0.33094
-25.00 30.00 -0.32371
-20.00 30.00 -0.27991
-15.00 30.00 -0.23485
-10.00 30.00 -0.21379
-5.00 30.00 -0.21960
0.00 30.00 -0.24018
5.00 30.00 -0.26081
10.00 30.00 -0.26656
15.00 30.00 -0.23746
20.00 30.00 -0.15158
25.00 30.00 -0.44690E-02
30.00 30.00 0.16933
35.00 30.00 0.29805
40.00 30.00 0.30933
45.00 30.00 0.18112
50.00 30.00 -0.33091E-01
55.00 30.00 -0.23039
60.00 30.00 -0.32171
65.00 30.00 -0.28583
70.00 30.00 -0.17335
80.00 30.00 0.19938E-01
-45.00 35.00 -0.21392
-40.00 35.00 -0.30148
-35.00 35.00 -0.38630
-30.00 35.00 -0.42033
-25.00 35.00 -0.37607
-20.00 35.00 -0.26973
-15.00 35.00 -0.15358
-10.00 35.00 -0.84717E-01
-5.00 35.00 -0.92269E-01
0.00 35.00 -0.16264
5.00 35.00 -0.24807
10.00 35.00 -0.29030
15.00 35.00 -0.24668
20.00 35.00 -0.10978
25.00 35.00 0.85226E-01
30.00 35.00 0.26930
35.00 35.00 0.36585
40.00 35.00 0.32738
45.00 35.00 0.16451
-75.00 40.00 0.38296
-65.00 40.00 0.10318
-60.00 40.00 -0.30840E-01
-55.00 40.00 -0.12305
-50.00 40.00 -0.18841
-45.00 40.00 -0.25452
-40.00 40.00 -0.33147
-35.00 40.00 -0.39715
-30.00 40.00 -0.41014
-25.00 40.00 -0.34193
-20.00 40.00 -0.20524
-15.00 40.00 -0.56551E-01
-10.00 40.00 0.32424E-01
-5.00 40.00 0.17559E-01
0.00 40.00 -0.87818E-01
5.00 40.00 -0.21610
10.00 40.00 -0.28096
15.00 40.00 -0.22475
20.00 40.00 -0.50930E-01
25.00 40.00 0.17594
30.00 40.00 0.36127
35.00 40.00 0.42597
40.00 40.00 0.34377
45.00 40.00 0.15279
50.00 40.00 -0.63758E-01
55.00 40.00 -0.21859
60.00 40.00 -0.26258
65.00 40.00 -0.20521
75.00 40.00 -0.94775E-02
-70.00 45.00 0.30365
-45.00 45.00 -0.24704
-40.00 45.00 -0.29570
-35.00 45.00 -0.32767
-30.00 45.00 -0.31830
-25.00 45.00 -0.24686
-20.00 45.00 -0.12144
-15.00 45.00 0.12322E-01
-10.00 45.00 0.90402E-01
-5.00 45.00 0.69301E-01
0.00 45.00 -0.40459E-01
5.00 45.00 -0.17161
10.00 45.00 -0.23452
15.00 45.00 -0.16959
20.00 45.00 0.15106E-01
25.00 45.00 0.24480
30.00 45.00 0.41713
35.00 45.00 0.45568
40.00 45.00 0.34753
45.00 45.00 0.14582
70.00 45.00 -0.56726E-01
-65.00 50.00 0.19778
-60.00 50.00 0.44911E-01
-55.00 50.00 -0.80602E-01
-50.00 50.00 -0.16492
-45.00 50.00 -0.21126
-40.00 50.00 -0.22942
-35.00 50.00 -0.22473
-30.00 50.00 -0.19401
-25.00 50.00 -0.13217
-20.00 50.00 -0.45545E-01
-15.00 50.00 0.39778E-01
-10.00 50.00 0.85124E-01
-5.00 50.00 0.62292E-01
0.00 50.00 -0.21677E-01
5.00 50.00 -0.11793
10.00 50.00 -0.15767
15.00 50.00 -0.92573E-01
20.00 50.00 0.71369E-01
25.00 50.00 0.27044
30.00 50.00 0.41477
35.00 50.00 0.43672
40.00 50.00 0.32707
45.00 50.00 0.13824
50.00 50.00 -0.45848E-01
55.00 50.00 -0.15413
60.00 50.00 -0.16191
65.00 50.00 -0.96017E-01
-85.00 55.00 0.35535
-45.00 55.00 -0.17554
-40.00 55.00 -0.17756
-35.00 55.00 -0.14406
-30.00 55.00 -0.90528E-01
-25.00 55.00 -0.33067E-01
-20.00 55.00 0.15402E-01
-15.00 55.00 0.45647E-01
-10.00 55.00 0.50973E-01
-5.00 55.00 0.28768E-01
0.00 55.00 -0.13746E-01
5.00 55.00 -0.54527E-01
10.00 55.00 -0.60862E-01
15.00 55.00 -0.58968E-02
20.00 55.00 0.11033
25.00 55.00 0.25094
30.00 55.00 0.35483
35.00 55.00 0.36863
40.00 55.00 0.27909
45.00 55.00 0.12424
85.00 55.00 0.10610
-80.00 60.00 0.45410
-75.00 60.00 0.47065
-70.00 60.00 0.40821
-65.00 60.00 0.29319
-60.00 60.00 0.15632
-55.00 60.00 0.21672E-01
-50.00 60.00 -0.90537E-01
-45.00 60.00 -0.15974
-40.00 60.00 -0.17000
-35.00 60.00 -0.12258
-30.00 60.00 -0.42864E-01
-25.00 60.00 0.29558E-01
-20.00 60.00 0.63541E-01
-15.00 60.00 0.54661E-01
-10.00 60.00 0.24226E-01
-5.00 60.00 0.51995E-03
0.00 60.00 -0.99635E-03
5.00 60.00 0.17752E-01
10.00 60.00 0.48827E-01
15.00 60.00 0.90810E-01
20.00 60.00 0.14771
25.00 60.00 0.21499
30.00 60.00 0.26893
35.00 60.00 0.27513
40.00 60.00 0.21395
45.00 60.00 0.10229
50.00 60.00 -0.96222E-02
55.00 60.00 -0.68568E-01
60.00 60.00 -0.53916E-01
65.00 60.00 0.96933E-02
70.00 60.00 0.73580E-01
75.00 60.00 0.10296
80.00 60.00 0.10312
-45.00 65.00 -0.16405
-40.00 65.00 -0.20649
-35.00 65.00 -0.16291
-30.00 65.00 -0.58073E-01
-25.00 65.00 0.46553E-01
-20.00 65.00 0.92636E-01
-15.00 65.00 0.67050E-01
-10.00 65.00 0.10196E-01
-5.00 65.00 -0.17670E-01
0.00 65.00 0.15974E-01
5.00 65.00 0.94267E-01
10.00 65.00 0.17121
15.00 65.00 0.21234
20.00 65.00 0.21821
25.00 65.00 0.21205
30.00 65.00 0.20830
35.00 65.00 0.19579
40.00 65.00 0.15256
45.00 65.00 0.76380E-01
-65.00 70.00 0.37119
-60.00 70.00 0.27358
-55.00 70.00 0.14427
-50.00 70.00 -0.15079E-01
-45.00 70.00 -0.16960
-40.00 70.00 -0.25782
-35.00 70.00 -0.23499
-30.00 70.00 -0.11728
-25.00 70.00 0.18067E-01
-20.00 70.00 0.85573E-01
-15.00 70.00 0.57268E-01
-10.00 70.00 -0.15065E-01
-5.00 70.00 -0.42597E-01
0.00 70.00 0.27725E-01
5.00 70.00 0.17152
10.00 70.00 0.30982
15.00 70.00 0.37316
20.00 70.00 0.35000
25.00 70.00 0.28139
30.00 70.00 0.21481
35.00 70.00 0.16482
40.00 70.00 0.11522
45.00 70.00 0.53240E-01
50.00 70.00 -0.47287E-02
55.00 70.00 -0.24189E-01
60.00 70.00 0.11513E-01
65.00 70.00 0.79206E-01
-70.00 75.00 0.44608
-45.00 75.00 -0.15005
-40.00 75.00 -0.28166
-35.00 75.00 -0.29179
-30.00 75.00 -0.18507
-25.00 75.00 -0.43936E-01
-20.00 75.00 0.30870E-01
-15.00 75.00 0.19363E-02
-10.00 75.00 -0.71790E-01
-5.00 75.00 -0.82578E-01
0.00 75.00 0.36062E-01
5.00 75.00 0.25281
10.00 75.00 0.46200
15.00 75.00 0.56399
20.00 75.00 0.53271
25.00 75.00 0.41789
30.00 75.00 0.29083
35.00 75.00 0.18947
40.00 75.00 0.10956
45.00 75.00 0.38049E-01
70.00 75.00 0.15052
-75.00 80.00 0.45504
-65.00 80.00 0.40679
-60.00 80.00 0.35743
-55.00 80.00 0.26483
-50.00 80.00 0.10750
-45.00 80.00 -0.87637E-01
-40.00 80.00 -0.24465
-35.00 80.00 -0.29146
-30.00 80.00 -0.22311
-25.00 80.00 -0.11390
-20.00 80.00 -0.58862E-01
-15.00 80.00 -0.90632E-01
-10.00 80.00 -0.14588
-5.00 80.00 -0.11521
0.00 80.00 0.63013E-01
5.00 80.00 0.34483
10.00 80.00 0.60776
15.00 80.00 0.73812
20.00 80.00 0.70450
25.00 80.00 0.56117
30.00 80.00 0.39059
35.00 80.00 0.24347
40.00 80.00 0.12621
45.00 80.00 0.32210E-01
50.00 80.00 -0.27542E-01
55.00 80.00 -0.30181E-01
60.00 80.00 0.26813E-01
65.00 80.00 0.10797
75.00 80.00 0.16575
-45.00 85.00 0.14668E-01
-40.00 85.00 -0.14009
-35.00 85.00 -0.21651
-30.00 85.00 -0.20518
-25.00 85.00 -0.15973
-20.00 85.00 -0.14680
-15.00 85.00 -0.17861
-10.00 85.00 -0.19196
-5.00 85.00 -0.98350E-01
0.00 85.00 0.13514
5.00 85.00 0.44514
10.00 85.00 0.70823
15.00 85.00 0.82405
20.00 85.00 0.77573
25.00 85.00 0.62287
30.00 85.00 0.44355
35.00 85.00 0.28244
40.00 85.00 0.14611
45.00 85.00 0.34973E-01
-80.00 90.00 0.38986
-70.00 90.00 0.40287
-65.00 90.00 0.38491
-60.00 90.00 0.36820
-55.00 90.00 0.33196
-50.00 90.00 0.25175
-45.00 90.00 0.13137
-40.00 90.00 0.71969E-02
-35.00 90.00 -0.81848E-01
-30.00 90.00 -0.12837
-25.00 90.00 -0.15791
-20.00 90.00 -0.19300
-15.00 90.00 -0.21552
-10.00 90.00 -0.16909
-5.00 90.00 -0.69992E-02
0.00 90.00 0.25528
5.00 90.00 0.53293
10.00 90.00 0.72163
15.00 90.00 0.76471
20.00 90.00 0.68214
25.00 90.00 0.54092
30.00 90.00 0.39879
35.00 90.00 0.27272
40.00 90.00 0.15443
45.00 90.00 0.47001E-01
50.00 90.00 -0.20990E-01
55.00 90.00 -0.20084E-01
60.00 90.00 0.44383E-01
65.00 90.00 0.12649
70.00 90.00 0.17436
80.00 90.00 0.14934
-45.00 95.00 0.22429
-40.00 95.00 0.15120
-35.00 95.00 0.72183E-01
-30.00 95.00 -0.13954E-01
-25.00 95.00 -0.10581
-20.00 95.00 -0.17895
-15.00 95.00 -0.18393
-10.00 95.00 -0.76813E-01
-5.00 95.00 0.13744
0.00 95.00 0.38881
5.00 95.00 0.57627
10.00 95.00 0.63131
15.00 95.00 0.56103
20.00 95.00 0.43474
25.00 95.00 0.32608
30.00 95.00 0.26092
35.00 95.00 0.21390
40.00 95.00 0.15072
45.00 95.00 0.71826E-01
-75.00 100.00 0.36300
-65.00 100.00 0.31722
-60.00 100.00 0.29149
-55.00 100.00 0.27379
-50.00 100.00 0.26434
-45.00 100.00 0.25928
-40.00 100.00 0.24514
-35.00 100.00 0.19875
-30.00 100.00 0.10432
-25.00 100.00 -0.20235E-01
-20.00 100.00 -0.11438
-15.00 100.00 -0.10429
-10.00 100.00 0.41653E-01
-5.00 100.00 0.27420
0.00 100.00 0.48042
5.00 100.00 0.55364
10.00 100.00 0.46611
15.00 100.00 0.28674
20.00 100.00 0.12817
25.00 100.00 0.65347E-01
30.00 100.00 0.90631E-01
35.00 100.00 0.13756
40.00 100.00 0.14650
45.00 100.00 0.11251
50.00 100.00 0.77601E-01
55.00 100.00 0.82092E-01
60.00 100.00 0.12523
65.00 100.00 0.17045
75.00 100.00 0.16870
-70.00 105.00 0.31769
-45.00 105.00 0.22179
-40.00 105.00 0.26193
-35.00 105.00 0.26582
-30.00 105.00 0.19835
-25.00 105.00 0.77094E-01
-20.00 105.00 -0.22127E-01
-15.00 105.00 -0.12576E-01
-10.00 105.00 0.13237
-5.00 105.00 0.34296
0.00 105.00 0.48962
5.00 105.00 0.47189
10.00 105.00 0.29229
15.00 105.00 0.55586E-01
20.00 105.00 -0.10676
25.00 105.00 -0.12670
30.00 105.00 -0.34560E-01
35.00 105.00 0.81756E-01
40.00 105.00 0.15145
45.00 105.00 0.16521
70.00 105.00 0.19052
-85.00 110.00 0.26392
-65.00 110.00 0.24560
-60.00 110.00 0.17636
-55.00 110.00 0.11042
-50.00 110.00 0.85269E-01
-45.00 110.00 0.12351
-40.00 110.00 0.20460
-35.00 110.00 0.26830
-30.00 110.00 0.25830
-25.00 110.00 0.17403
-20.00 110.00 0.82544E-01
-15.00 110.00 0.70602E-01
-10.00 110.00 0.17079
-5.00 110.00 0.32414
0.00 110.00 0.41637
5.00 110.00 0.36310
10.00 110.00 0.17599
15.00 110.00 -0.44164E-01
20.00 110.00 -0.18061
25.00 110.00 -0.17950
30.00 110.00 -0.73611E-01
35.00 110.00 0.59246E-01
40.00 110.00 0.15924
45.00 110.00 0.21510
50.00 110.00 0.24624
55.00 110.00 0.26626
60.00 110.00 0.26816
65.00 110.00 0.24150
85.00 110.00 0.16216
-45.00 115.00 -0.27701E-02
-40.00 115.00 0.10189
-35.00 115.00 0.22484
-30.00 115.00 0.29090
-25.00 115.00 0.26909
-20.00 115.00 0.19753
-15.00 115.00 0.15062
-10.00 115.00 0.17472
-5.00 115.00 0.24762
0.00 115.00 0.29700
5.00 115.00 0.26141
10.00 115.00 0.14089
15.00 115.00 -0.41764E-02
20.00 115.00 -0.10043
25.00 115.00 -0.11151
30.00 115.00 -0.50716E-01
35.00 115.00 0.44721E-01
40.00 115.00 0.14582
45.00 115.00 0.24012
-80.00 120.00 0.25602
-75.00 120.00 0.26741
-70.00 120.00 0.26125
-65.00 120.00 0.21431
-60.00 120.00 0.11293
-55.00 120.00 -0.18113E-01
-50.00 120.00 -0.11595
-45.00 120.00 -0.11724
-40.00 120.00 -0.70929E-02
-35.00 120.00 0.16283
-30.00 120.00 0.30585
-25.00 120.00 0.35852
-20.00 120.00 0.31954
-15.00 120.00 0.24065
-10.00 120.00 0.18111
-5.00 120.00 0.16566
0.00 120.00 0.17696
5.00 120.00 0.18057
10.00 120.00 0.15487
15.00 120.00 0.10194
20.00 120.00 0.38831E-01
25.00 120.00 -0.14042E-01
30.00 120.00 -0.36008E-01
35.00 120.00 -0.65462E-02
40.00 120.00 0.85084E-01
45.00 120.00 0.22260
50.00 120.00 0.35660
55.00 120.00 0.42615
60.00 120.00 0.39931
65.00 120.00 0.30019
70.00 120.00 0.19488
75.00 120.00 0.14177
80.00 120.00 0.14852
-45.00 125.00 -0.18878
-40.00 125.00 -0.90168E-01
-35.00 125.00 0.10269
-30.00 125.00 0.30274
-25.00 125.00 0.42340
-20.00 125.00 0.42606
-15.00 125.00 0.33383
-10.00 125.00 0.20891
-5.00 125.00 0.11444
0.00 125.00 0.84256E-01
5.00 125.00 0.11205
10.00 125.00 0.15879
15.00 125.00 0.17376
20.00 125.00 0.12335
25.00 125.00 0.16576E-01
30.00 125.00 -0.90019E-01
35.00 125.00 -0.12001
40.00 125.00 -0.27564E-01
45.00 125.00 0.16252
-65.00 130.00 0.22565
-60.00 130.00 0.13758
-55.00 130.00 -0.77630E-02
-50.00 130.00 -0.14833
-45.00 130.00 -0.20502
-40.00 130.00 -0.13196
-35.00 130.00 0.51857E-01
-30.00 130.00 0.27070
-25.00 130.00 0.43243
-20.00 130.00 0.47498
-15.00 130.00 0.39385
-10.00 130.00 0.24029
-5.00 130.00 0.93875E-01
0.00 130.00 0.21990E-01
5.00 130.00 0.43379E-01
10.00 130.00 0.11508
15.00 130.00 0.15587
20.00 130.00 0.99923E-01
25.00 130.00 -0.50384E-01
30.00 130.00 -0.21271
35.00 130.00 -0.27210
40.00 130.00 -0.16149
45.00 130.00 0.82735E-01
50.00 130.00 0.33676
55.00 130.00 0.47108
60.00 130.00 0.43828
65.00 130.00 0.29920
-70.00 135.00 0.23433
-45.00 135.00 -0.17324
-40.00 135.00 -0.13318
-35.00 135.00 0.10740E-01
-30.00 135.00 0.20209
-25.00 135.00 0.36275
-20.00 135.00 0.42810
-15.00 135.00 0.37518
-10.00 135.00 0.23408
-5.00 135.00 0.76114E-01
0.00 135.00 -0.22045E-01
5.00 135.00 -0.24661E-01
10.00 135.00 0.34838E-01
15.00 135.00 0.70744E-01
20.00 135.00 0.62129E-02
25.00 135.00 -0.16030
30.00 135.00 -0.33721
35.00 135.00 -0.39484
40.00 135.00 -0.26020
45.00 135.00 0.20413E-01
70.00 135.00 0.14360
-75.00 140.00 0.18094
-65.00 140.00 0.22880
-60.00 140.00 0.17854
-55.00 140.00 0.72312E-01
-50.00 140.00 -0.43946E-01
-45.00 140.00 -0.11355
-40.00 140.00 -0.10297
-35.00 140.00 -0.16997E-01
-30.00 140.00 0.10831
-25.00 140.00 0.22317
-20.00 140.00 0.28154
-15.00 140.00 0.25715
-10.00 140.00 0.15792
-5.00 140.00 0.29606E-01
0.00 140.00 -0.63812E-01
5.00 140.00 -0.81253E-01
10.00 140.00 -0.40278E-01
15.00 140.00 -0.12626E-01
20.00 140.00 -0.70603E-01
25.00 140.00 -0.21980
30.00 140.00 -0.37594
35.00 140.00 -0.41587
40.00 140.00 -0.27146
45.00 140.00 0.79627E-02
50.00 140.00 0.28059
55.00 140.00 0.41076
60.00 140.00 0.36432
65.00 140.00 0.22415
75.00 140.00 0.10466
-45.00 145.00 -0.49252E-01
-40.00 145.00 -0.51635E-01
-35.00 145.00 -0.20447E-01
-30.00 145.00 0.22101E-01
-25.00 145.00 0.58986E-01
-20.00 145.00 0.77240E-01
-15.00 145.00 0.63765E-01
-10.00 145.00 0.12501E-01
-5.00 145.00 -0.60988E-01
0.00 145.00 -0.11856
5.00 145.00 -0.12510
10.00 145.00 -0.83971E-01
15.00 145.00 -0.45926E-01
20.00 145.00 -0.71820E-01
25.00 145.00 -0.17344
30.00 145.00 -0.28613
35.00 145.00 -0.30760
40.00 145.00 -0.17970
45.00 145.00 0.54397E-01
-80.00 150.00 0.11529
-70.00 150.00 0.15781
-65.00 150.00 0.16679
-60.00 150.00 0.12915
-55.00 150.00 0.64360E-01
-50.00 150.00 0.13822E-01
-45.00 150.00 0.92540E-03
-40.00 150.00 0.11440E-01
-35.00 150.00 0.11232E-01
-30.00 150.00 -0.19472E-01
-25.00 150.00 -0.70385E-01
-20.00 150.00 -0.11698
-15.00 150.00 -0.14707
-10.00 150.00 -0.16803
-5.00 150.00 -0.18839
0.00 150.00 -0.19826
5.00 150.00 -0.17534
10.00 150.00 -0.11404
15.00 150.00 -0.44992E-01
20.00 150.00 -0.16708E-01
25.00 150.00 -0.49368E-01
30.00 150.00 -0.10495
35.00 150.00 -0.10993
40.00 150.00 -0.18431E-01
45.00 150.00 0.13933
50.00 150.00 0.27202
55.00 150.00 0.29898
60.00 150.00 0.21794
65.00 150.00 0.10736
70.00 150.00 0.59551E-01
80.00 150.00 0.18146
-45.00 155.00 0.26459E-01
-40.00 155.00 0.75375E-01
-35.00 155.00 0.75627E-01
-30.00 155.00 -0.11687E-02
-25.00 155.00 -0.12798
-20.00 155.00 -0.24713
-15.00 155.00 -0.31688
-10.00 155.00 -0.33572
-5.00 155.00 -0.32632
0.00 155.00 -0.30220
5.00 155.00 -0.25489
10.00 155.00 -0.17332
15.00 155.00 -0.70266E-01
20.00 155.00 0.18005E-01
25.00 155.00 0.62969E-01
30.00 155.00 0.73909E-01
35.00 155.00 0.91692E-01
40.00 155.00 0.14716
45.00 155.00 0.22410
-75.00 160.00 0.62339E-01
-65.00 160.00 0.37972E-01
-60.00 160.00 -0.27800E-01
-55.00 160.00 -0.80979E-01
-50.00 160.00 -0.64876E-01
-45.00 160.00 0.25266E-01
-40.00 160.00 0.12580
-35.00 160.00 0.14962
-30.00 160.00 0.54519E-01
-25.00 160.00 -0.12445
-20.00 160.00 -0.30465
-15.00 160.00 -0.41826
-10.00 160.00 -0.45234
-5.00 160.00 -0.43749
0.00 160.00 -0.40494
5.00 160.00 -0.35736
10.00 160.00 -0.27802
15.00 160.00 -0.16144
20.00 160.00 -0.29226E-01
25.00 160.00 0.85481E-01
30.00 160.00 0.16570
35.00 160.00 0.21886
40.00 160.00 0.25702
45.00 160.00 0.27343
50.00 160.00 0.24557
55.00 160.00 0.16577
60.00 160.00 0.66892E-01
65.00 160.00 0.98356E-02
75.00 160.00 0.12836
-85.00 165.00 0.11119
-70.00 165.00 0.18497E-01
-45.00 165.00 0.23422E-02
-40.00 165.00 0.14757
-35.00 165.00 0.19616
-30.00 165.00 0.95705E-01
-25.00 165.00 -0.11246
-20.00 165.00 -0.32751
-15.00 165.00 -0.46397
-10.00 165.00 -0.50342
-5.00 165.00 -0.48593
0.00 165.00 -0.45865
5.00 165.00 -0.43292
10.00 165.00 -0.38439
15.00 165.00 -0.28708
20.00 165.00 -0.14360
25.00 165.00 0.15000E-01
30.00 165.00 0.15242
35.00 165.00 0.24632
40.00 165.00 0.28810
45.00 165.00 0.27366
70.00 165.00 0.46745E-01
85.00 165.00 0.24044
-65.00 170.00 -0.95766E-01
-60.00 170.00 -0.19418
-55.00 170.00 -0.24814
-50.00 170.00 -0.19092
-45.00 170.00 -0.32181E-01
-40.00 170.00 0.13188
-35.00 170.00 0.18338
-30.00 170.00 0.70932E-01
-25.00 170.00 -0.15221
-20.00 170.00 -0.37033
-15.00 170.00 -0.49031
-10.00 170.00 -0.49948
-5.00 170.00 -0.45460
0.00 170.00 -0.42097
5.00 170.00 -0.41797
10.00 170.00 -0.41315
15.00 170.00 -0.35993
20.00 170.00 -0.23974
25.00 170.00 -0.74965E-01
30.00 170.00 0.88943E-01
35.00 170.00 0.20927
40.00 170.00 0.26037
45.00 170.00 0.23635
50.00 170.00 0.15274
55.00 170.00 0.48730E-01
60.00 170.00 -0.21166E-01
65.00 170.00 -0.13308E-01
-45.00 175.00 -0.65863E-01
-40.00 175.00 0.82606E-01
-35.00 175.00 0.10401
-30.00 175.00 -0.38091E-01
-25.00 175.00 -0.27046
-20.00 175.00 -0.46433
-15.00 175.00 -0.52867
-10.00 175.00 -0.46758
-5.00 175.00 -0.36116
0.00 175.00 -0.29391
5.00 175.00 -0.29270
10.00 175.00 -0.31906
15.00 175.00 -0.31102
20.00 175.00 -0.23307
25.00 175.00 -0.96739E-01
30.00 175.00 0.53468E-01
35.00 175.00 0.16821
40.00 175.00 0.21464
45.00 175.00 0.18584
-80.00 180.00 -0.60472E-02
-75.00 180.00 -0.45959E-01
-70.00 180.00 -0.86314E-01
-65.00 180.00 -0.16526
-60.00 180.00 -0.25945
-55.00 180.00 -0.29722
-50.00 180.00 -0.22877
-45.00 180.00 -0.88156E-01
-40.00 180.00 0.16190E-01
-35.00 180.00 -0.18186E-01
-30.00 180.00 -0.20256
-25.00 180.00 -0.44023
-20.00 180.00 -0.59413
-15.00 180.00 -0.58416
-10.00 180.00 -0.43739
-5.00 180.00 -0.25657
0.00 180.00 -0.13970
5.00 180.00 -0.11671
10.00 180.00 -0.14583
15.00 180.00 -0.15983
20.00 180.00 -0.11757
25.00 180.00 -0.24349E-01
30.00 180.00 0.82220E-01
35.00 180.00 0.15946
40.00 180.00 0.17999
45.00 180.00 0.14085
50.00 180.00 0.65624E-01
55.00 180.00 -0.11211E-02
60.00 180.00 -0.12215E-01
65.00 180.00 0.53634E-01
70.00 180.00 0.17129
75.00 180.00 0.27941
80.00 180.00 0.31715
-45.00 -175 -0.95120E-01
-40.00 -175 -0.46431E-01
-35.00 -175 -0.14034
-30.00 -175 -0.36125
-25.00 -175 -0.59485
-20.00 -175 -0.70603
-15.00 -175 -0.63337
-10.00 -175 -0.42597
-5.00 -175 -0.19897
0.00 -175 -0.49791E-01
5.00 -175 -0.18498E-02
10.00 -175 -0.10943E-01
15.00 -175 -0.15227E-01
20.00 -175 0.17985E-01
25.00 -175 0.80169E-01
30.00 -175 0.14026
35.00 -175 0.16953
40.00 -175 0.15522
45.00 -175 0.10358
-65.00 -170 -0.15421
-60.00 -170 -0.21097
-55.00 -170 -0.22257
-50.00 -170 -0.16691
-45.00 -170 -0.92247E-01
-40.00 -170 -0.91356E-01
-35.00 -170 -0.22388
-30.00 -170 -0.45489
-25.00 -170 -0.66732
-20.00 -170 -0.74208
-15.00 -170 -0.64134
-10.00 -170 -0.42881
-5.00 -170 -0.21575
0.00 -170 -0.81824E-01
5.00 -170 -0.33289E-01
10.00 -170 -0.22181E-01
15.00 -170 0.17655E-02
20.00 -170 0.53550E-01
25.00 -170 0.11330
30.00 -170 0.15163
35.00 -170 0.15221
40.00 -170 0.11745
45.00 -170 0.63894E-01
50.00 -170 0.17836E-01
55.00 -170 0.10547E-01
60.00 -170 0.65060E-01
65.00 -170 0.17620
-70.00 -165 -0.97594E-01
-45.00 -165 -0.92816E-01
-40.00 -165 -0.11908
-35.00 -165 -0.25453
-30.00 -165 -0.45877
-25.00 -165 -0.63017
-20.00 -165 -0.67790
-15.00 -165 -0.58723
-10.00 -165 -0.42478
-5.00 -165 -0.28291
0.00 -165 -0.21275
5.00 -165 -0.19922
10.00 -165 -0.19007
15.00 -165 -0.14584
20.00 -165 -0.67540E-01
25.00 -165 0.13481E-01
30.00 -165 0.64893E-01
35.00 -165 0.74132E-01
40.00 -165 0.50029E-01
45.00 -165 0.14585E-01
70.00 -165 0.36535
-75.00 -160 -0.82154E-01
-65.00 -160 -0.10151
-60.00 -160 -0.12839
-55.00 -160 -0.14202
-50.00 -160 -0.12781
-45.00 -160 -0.11134
-40.00 -160 -0.14235
-35.00 -160 -0.24675
-30.00 -160 -0.39353
-25.00 -160 -0.51092
-20.00 -160 -0.54063
-15.00 -160 -0.48311
-10.00 -160 -0.39499
-5.00 -160 -0.34224
0.00 -160 -0.35018
5.00 -160 -0.39048
10.00 -160 -0.41045
15.00 -160 -0.37531
20.00 -160 -0.28915
25.00 -160 -0.18468
30.00 -160 -0.97602E-01
35.00 -160 -0.47512E-01
40.00 -160 -0.32917E-01
45.00 -160 -0.34753E-01
50.00 -160 -0.22600E-01
55.00 -160 0.34139E-01
60.00 -160 0.14771
65.00 -160 0.29519
75.00 -160 0.46760
-45.00 -155 -0.15488
-40.00 -155 -0.17566
-35.00 -155 -0.23044
-30.00 -155 -0.30879
-25.00 -155 -0.37431
-20.00 -155 -0.39515
-15.00 -155 -0.37275
-10.00 -155 -0.34254
-5.00 -155 -0.34607
0.00 -155 -0.39841
5.00 -155 -0.47686
10.00 -155 -0.53704
15.00 -155 -0.54132
20.00 -155 -0.47905
25.00 -155 -0.36873
30.00 -155 -0.24593
35.00 -155 -0.14561
40.00 -155 -0.85723E-01
45.00 -155 -0.57053E-01
-80.00 -150 -0.54078E-01
-70.00 -150 -0.62218E-01
-65.00 -150 -0.53260E-01
-60.00 -150 -0.81818E-01
-55.00 -150 -0.13785
-50.00 -150 -0.19009
-45.00 -150 -0.21710
-40.00 -150 -0.22335
-35.00 -150 -0.22985
-30.00 -150 -0.25150
-25.00 -150 -0.28320
-20.00 -150 -0.30620
-15.00 -150 -0.30747
-10.00 -150 -0.29457
-5.00 -150 -0.29300
0.00 -150 -0.32770
5.00 -150 -0.40188
10.00 -150 -0.48861
15.00 -150 -0.54213
20.00 -150 -0.52355
25.00 -150 -0.42572
30.00 -150 -0.28099
35.00 -150 -0.14396
40.00 -150 -0.57328E-01
45.00 -150 -0.22695E-01
50.00 -150 0.14599E-02
55.00 -150 0.69120E-01
60.00 -150 0.20279
65.00 -150 0.36923
70.00 -150 0.49640
80.00 -150 0.43801
-45.00 -145 -0.27905
-40.00 -145 -0.27450
-35.00 -145 -0.24864
-30.00 -145 -0.23952
-25.00 -145 -0.26300
-20.00 -145 -0.29947
-15.00 -145 -0.31175
-10.00 -145 -0.27985
-5.00 -145 -0.22330
0.00 -145 -0.19041
5.00 -145 -0.22011
10.00 -145 -0.30571
15.00 -145 -0.39113
20.00 -145 -0.40676
25.00 -145 -0.32020
30.00 -145 -0.16304
35.00 -145 -0.10591E-01
40.00 -145 0.72275E-01
45.00 -145 0.78939E-01
-85.00 -140 0.45079E-01
-75.00 -140 -0.72950E-01
-65.00 -140 -0.24963E-01
-60.00 -140 -0.65802E-01
-55.00 -140 -0.16125
-50.00 -140 -0.26290
-45.00 -140 -0.31715
-40.00 -140 -0.30834
-35.00 -140 -0.27039
-30.00 -140 -0.25656
-25.00 -140 -0.29146
-20.00 -140 -0.34655
-15.00 -140 -0.36181
-10.00 -140 -0.29837
-5.00 -140 -0.17773
0.00 -140 -0.71944E-01
5.00 -140 -0.48533E-01
10.00 -140 -0.11327
15.00 -140 -0.19938
20.00 -140 -0.21551
25.00 -140 -0.11682
30.00 -140 0.57705E-01
35.00 -140 0.21298
40.00 -140 0.26997
45.00 -140 0.22572
50.00 -140 0.15397
55.00 -140 0.14655
60.00 -140 0.24192
65.00 -140 0.39642
75.00 -140 0.53419
85.00 -140 0.29290
-70.00 -135 -0.36388E-01
-45.00 -135 -0.31450
-40.00 -135 -0.30683
-35.00 -135 -0.27268
-30.00 -135 -0.26894
-25.00 -135 -0.31856
-20.00 -135 -0.38438
-15.00 -135 -0.39624
-10.00 -135 -0.31158
-5.00 -135 -0.15859
0.00 -135 -0.21438E-01
5.00 -135 0.24725E-01
10.00 -135 -0.22953E-01
15.00 -135 -0.87667E-01
20.00 -135 -0.71485E-01
25.00 -135 0.65303E-01
30.00 -135 0.26829
35.00 -135 0.42699
40.00 -135 0.45789
45.00 -135 0.36719
70.00 -135 0.51289
-65.00 -130 -0.99378E-02
-60.00 -130 -0.41754E-01
-55.00 -130 -0.12641
-50.00 -130 -0.21884
-45.00 -130 -0.26943
-40.00 -130 -0.26616
-35.00 -130 -0.24382
-30.00 -130 -0.25078
-25.00 -130 -0.30141
-20.00 -130 -0.35713
-15.00 -130 -0.35609
-10.00 -130 -0.26885
-5.00 -130 -0.13138
0.00 -130 -0.22917E-01
5.00 -130 -0.25565E-02
10.00 -130 -0.56185E-01
15.00 -130 -0.10064
20.00 -130 -0.46360E-01
25.00 -130 0.12939
30.00 -130 0.35777
35.00 -130 0.52394
40.00 -130 0.54917
45.00 -130 0.44667
50.00 -130 0.30958
55.00 -130 0.24220
60.00 -130 0.28753
65.00 -130 0.40354
-45.00 -125 -0.19685
-40.00 -125 -0.19981
-35.00 -125 -0.19060
-30.00 -125 -0.19962
-25.00 -125 -0.23024
-20.00 -125 -0.25209
-15.00 -125 -0.22820
-10.00 -125 -0.15322
-5.00 -125 -0.67336E-01
0.00 -125 -0.29144E-01
5.00 -125 -0.66499E-01
10.00 -125 -0.14562
15.00 -125 -0.18733
20.00 -125 -0.12233
25.00 -125 0.55215E-01
30.00 -125 0.27723
35.00 -125 0.44444
40.00 -125 0.49180
45.00 -125 0.42972
-80.00 -120 -0.36690E-01
-75.00 -120 -0.57002E-01
-70.00 -120 -0.32155E-01
-65.00 -120 -0.66220E-02
-60.00 -120 -0.11932E-01
-55.00 -120 -0.48221E-01
-50.00 -120 -0.92350E-01
-45.00 -120 -0.12179
-40.00 -120 -0.13186
-35.00 -120 -0.13292
-30.00 -120 -0.13367
-25.00 -120 -0.12895
-20.00 -120 -0.10516
-15.00 -120 -0.58347E-01
-10.00 -120 -0.70774E-02
-5.00 -120 0.14198E-01
0.00 -120 -0.20853E-01
5.00 -120 -0.10695
10.00 -120 -0.20316
15.00 -120 -0.25332
20.00 -120 -0.21842
25.00 -120 -0.99800E-01
30.00 -120 0.61302E-01
35.00 -120 0.20738
40.00 -120 0.29653
45.00 -120 0.32364
50.00 -120 0.31858
55.00 -120 0.32322
60.00 -120 0.36156
65.00 -120 0.42254
70.00 -120 0.46686
75.00 -120 0.45571
80.00 -120 0.37888
-45.00 -115 -0.68792E-01
-40.00 -115 -0.85108E-01
-35.00 -115 -0.90733E-01
-30.00 -115 -0.75845E-01
-25.00 -115 -0.33618E-01
-20.00 -115 0.27015E-01
-15.00 -115 0.78772E-01
-10.00 -115 0.90670E-01
-5.00 -115 0.49520E-01
0.00 -115 -0.30477E-01
5.00 -115 -0.11871
10.00 -115 -0.18933
15.00 -115 -0.23324
20.00 -115 -0.25194
25.00 -115 -0.24297
30.00 -115 -0.19501
35.00 -115 -0.99243E-01
40.00 -115 0.34786E-01
45.00 -115 0.17728
-65.00 -110 -0.20890E-01
-60.00 -110 -0.15909E-01
-55.00 -110 -0.21468E-01
-50.00 -110 -0.34096E-01
-45.00 -110 -0.52724E-01
-40.00 -110 -0.71739E-01
-35.00 -110 -0.73852E-01
-30.00 -110 -0.39174E-01
-25.00 -110 0.31939E-01
-20.00 -110 0.10570
-15.00 -110 0.13198
-10.00 -110 0.83917E-01
-5.00 -110 -0.14734E-01
0.00 -110 -0.10424
5.00 -110 -0.13842
10.00 -110 -0.12633
15.00 -110 -0.12514
20.00 -110 -0.18577
25.00 -110 -0.29772
30.00 -110 -0.38461
35.00 -110 -0.35900
40.00 -110 -0.19211
45.00 -110 0.60422E-01
50.00 -110 0.29771
55.00 -110 0.44314
60.00 -110 0.48621
65.00 -110 0.46771
-70.00 -105 -0.36854E-01
-45.00 -105 -0.74615E-01
-40.00 -105 -0.90956E-01
-35.00 -105 -0.81131E-01
-30.00 -105 -0.24635E-01
-25.00 -105 0.64513E-01
-20.00 -105 0.12968
-15.00 -105 0.10799
-10.00 -105 -0.11412E-01
-5.00 -105 -0.16128
0.00 -105 -0.23784
5.00 -105 -0.18570
10.00 -105 -0.54509E-01
15.00 -105 0.29730E-01
20.00 -105 -0.34886E-01
25.00 -105 -0.23415
30.00 -105 -0.43450
35.00 -105 -0.47725
40.00 -105 -0.29670
45.00 -105 0.32516E-01
70.00 -105 0.41218
-75.00 -100 -0.26653E-01
-65.00 -100 -0.44026E-01
-60.00 -100 -0.61669E-01
-55.00 -100 -0.82088E-01
-50.00 -100 -0.10262
-45.00 -100 -0.12314
-40.00 -100 -0.13282
-35.00 -100 -0.10692
-30.00 -100 -0.30173E-01
-25.00 -100 0.70295E-01
-20.00 -100 0.12290
-15.00 -100 0.60445E-01
-10.00 -100 -0.11185
-5.00 -100 -0.29387
0.00 -100 -0.35094
5.00 -100 -0.22153
10.00 -100 0.16779E-01
15.00 -100 0.18984
20.00 -100 0.15714
25.00 -100 -0.71446E-01
30.00 -100 -0.33085
35.00 -100 -0.41830
40.00 -100 -0.24211
45.00 -100 0.11527
50.00 -100 0.46519
55.00 -100 0.65010
60.00 -100 0.63921
65.00 -100 0.51653
75.00 -100 0.31279
-45.00 -95 -0.17951
-40.00 -95 -0.18357
-35.00 -95 -0.14674
-30.00 -95 -0.58966E-01
-25.00 -95 0.48952E-01
-20.00 -95 0.10483
-15.00 -95 0.43660E-01
-10.00 -95 -0.12543
-5.00 -95 -0.29764
0.00 -95 -0.33385
5.00 -95 -0.17017
10.00 -95 0.11353
15.00 -95 0.33515
20.00 -95 0.34286
25.00 -95 0.13745
30.00 -95 -0.11806
35.00 -95 -0.21560
40.00 -95 -0.55944E-01
45.00 -95 0.28176
-80.00 -90 0.31208E-01
-70.00 -90 -0.13415E-01
-65.00 -90 -0.44433E-01
-60.00 -90 -0.94122E-01
-55.00 -90 -0.14887
-50.00 -90 -0.19424
-45.00 -90 -0.22316
-40.00 -90 -0.22848
-35.00 -90 -0.19599
-30.00 -90 -0.11614
-25.00 -90 -0.82825E-02
-20.00 -90 0.72931E-01
-15.00 -90 0.70643E-01
-10.00 -90 -0.19605E-01
-5.00 -90 -0.12452
0.00 -90 -0.13416
5.00 -90 0.10584E-01
10.00 -90 0.25489
15.00 -90 0.45443
20.00 -90 0.48057
25.00 -90 0.32640
30.00 -90 0.12318
35.00 -90 0.46548E-01
40.00 -90 0.18357
45.00 -90 0.46680
50.00 -90 0.72697
55.00 -90 0.81870
60.00 -90 0.71719
65.00 -90 0.51481
70.00 -90 0.33395
80.00 -90 0.20696
-85.00 -85 0.10667
-45.00 -85 -0.23686
-40.00 -85 -0.25270
-35.00 -85 -0.24360
-30.00 -85 -0.19533
-25.00 -85 -0.10224
-20.00 -85 0.14133E-01
-15.00 -85 0.11078
-10.00 -85 0.15664
-5.00 -85 0.16507
0.00 -85 0.18911
5.00 -85 0.27472
10.00 -85 0.41034
15.00 -85 0.52323
20.00 -85 0.53560
25.00 -85 0.43735
30.00 -85 0.30962
35.00 -85 0.27050
40.00 -85 0.38181
45.00 -85 0.59386
85.00 -85 0.17757
-75.00 -80 0.42389E-01
-65.00 -80 0.67578E-02
-60.00 -80 -0.47705E-01
-55.00 -80 -0.11413
-50.00 -80 -0.17086
-45.00 -80 -0.21114
-40.00 -80 -0.24316
-35.00 -80 -0.26935
-30.00 -80 -0.26901
-25.00 -80 -0.20722
-20.00 -80 -0.66823E-01
-15.00 -80 0.12651
-10.00 -80 0.31331
-5.00 -80 0.43969
0.00 -80 0.49316
5.00 -80 0.50264
10.00 -80 0.50395
15.00 -80 0.50550
20.00 -80 0.48855
25.00 -80 0.44113
30.00 -80 0.38881
35.00 -80 0.38559
40.00 -80 0.46685
45.00 -80 0.60638
50.00 -80 0.72173
55.00 -80 0.73032
60.00 -80 0.61176
65.00 -80 0.42347
75.00 -80 0.16790
-70.00 -75 0.64457E-01
-45.00 -75 -0.14771
-40.00 -75 -0.19398
-35.00 -75 -0.25166
-30.00 -75 -0.29651
-25.00 -75 -0.27265
-20.00 -75 -0.13282
-15.00 -75 0.11314
-10.00 -75 0.38681
-5.00 -75 0.58409
0.00 -75 0.64248
5.00 -75 0.57884
10.00 -75 0.46813
15.00 -75 0.38376
20.00 -75 0.35143
25.00 -75 0.35159
30.00 -75 0.35879
35.00 -75 0.37375
40.00 -75 0.41624
45.00 -75 0.48978
70.00 -75 0.21333
-65.00 -70 0.10092
-60.00 -70 0.78863E-01
-55.00 -70 0.34043E-01
-50.00 -70 -0.15044E-01
-45.00 -70 -0.60164E-01
-40.00 -70 -0.11272
-35.00 -70 -0.18316
-30.00 -70 -0.24943
-25.00 -70 -0.25217
-20.00 -70 -0.13406
-15.00 -70 0.10341
-10.00 -70 0.37787
-5.00 -70 0.56783
0.00 -70 0.59321
5.00 -70 0.47126
10.00 -70 0.30106
15.00 -70 0.18871
20.00 -70 0.17482
25.00 -70 0.22175
30.00 -70 0.26374
35.00 -70 0.26939
40.00 -70 0.26024
45.00 -70 0.27509
50.00 -70 0.32069
55.00 -70 0.35951
60.00 -70 0.34522
65.00 -70 0.26945
-45.00 -65 0.29771E-01
-40.00 -65 -0.21304E-01
-35.00 -65 -0.81784E-01
-30.00 -65 -0.13645
-25.00 -65 -0.14080
-20.00 -65 -0.50160E-01
-15.00 -65 0.13194
-10.00 -65 0.33259
-5.00 -65 0.44601
0.00 -65 0.40810
5.00 -65 0.24911
10.00 -65 0.76037E-01
15.00 -65 -0.61688E-02
20.00 -65 0.28684E-01
25.00 -65 0.11670
30.00 -65 0.16564
35.00 -65 0.13446
40.00 -65 0.61972E-01
45.00 -65 0.23706E-01
-80.00 -60 0.12065
-75.00 -60 0.11444
-70.00 -60 0.14391
-65.00 -60 0.18732
-60.00 -60 0.21144
-55.00 -60 0.19807
-50.00 -60 0.15430
-45.00 -60 0.10078
-40.00 -60 0.52564E-01
-35.00 -60 0.14712E-01
-30.00 -60 -0.53388E-02
-25.00 -60 0.11382E-01
-20.00 -60 0.82065E-01
-15.00 -60 0.19354
-10.00 -60 0.29002
-5.00 -60 0.30134
0.00 -60 0.19835
5.00 -60 0.28450E-01
10.00 -60 -0.10765
15.00 -60 -0.12873
20.00 -60 -0.38353E-01
25.00 -60 0.74802E-01
30.00 -60 0.10691
35.00 -60 0.23208E-01
40.00 -60 -0.11419
45.00 -60 -0.19859
50.00 -60 -0.16599
55.00 -60 -0.43171E-01
60.00 -60 0.81484E-01
65.00 -60 0.13464
70.00 -60 0.11361
75.00 -60 0.74946E-01
80.00 -60 0.75029E-01
-45.00 -55 0.14167
-40.00 -55 0.90796E-01
-35.00 -55 0.71159E-01
-30.00 -55 0.84960E-01
-25.00 -55 0.12640
-20.00 -55 0.18464
-15.00 -55 0.23715
-10.00 -55 0.24731
-5.00 -55 0.18232
0.00 -55 0.45426E-01
5.00 -55 -0.10727
10.00 -55 -0.19218
15.00 -55 -0.15775
20.00 -55 -0.32854E-01
25.00 -55 0.82395E-01
30.00 -55 0.86519E-01
35.00 -55 -0.43651E-01
40.00 -55 -0.22937
45.00 -55 -0.34610
-65.00 -50 0.20647
-60.00 -50 0.26187
-55.00 -50 0.27332
-50.00 -50 0.22951
-45.00 -50 0.15666
-40.00 -50 0.97202E-01
-35.00 -50 0.79757E-01
-30.00 -50 0.10455
-25.00 -50 0.15073
-20.00 -50 0.19194
-15.00 -50 0.20518
-10.00 -50 0.17251
-5.00 -50 0.86533E-01
0.00 -50 -0.36406E-01
5.00 -50 -0.14933
10.00 -50 -0.19267
15.00 -50 -0.13618
20.00 -50 -0.14202E-01
25.00 -50 0.82587E-01
30.00 -50 0.65729E-01
35.00 -50 -0.81264E-01
40.00 -50 -0.27976
45.00 -50 -0.40569
50.00 -50 -0.37858
55.00 -50 -0.21987
60.00 -50 -0.32703E-01
65.00 -50 0.80152E-01
-70.00 -45 0.12885
-45.00 -45 0.16177
-40.00 -45 0.96435E-01
-35.00 -45 0.67661E-01
-30.00 -45 0.74723E-01
-25.00 -45 0.93719E-01
-20.00 -45 0.10065
-15.00 -45 0.85466E-01
-10.00 -45 0.48475E-01
-5.00 -45 -0.82389E-02
0.00 -45 -0.79006E-01
5.00 -45 -0.14436
10.00 -45 -0.17119
15.00 -45 -0.13544
20.00 -45 -0.52742E-01
25.00 -45 0.15682E-01
30.00 -45 -0.73853E-04
35.00 -45 -0.12050
40.00 -45 -0.28696
45.00 -45 -0.39391
70.00 -45 0.90400E-01
-75.00 -40 0.11232
-65.00 -40 0.13115
-60.00 -40 0.19189
-55.00 -40 0.23204
-50.00 -40 0.22276
-45.00 -40 0.17359
-40.00 -40 0.11769
-35.00 -40 0.78613E-01
-30.00 -40 0.52441E-01
-25.00 -40 0.20266E-01
-20.00 -40 -0.25529E-01
-15.00 -40 -0.71077E-01
-10.00 -40 -0.97532E-01
-5.00 -40 -0.10463
0.00 -40 -0.11320
5.00 -40 -0.14144
10.00 -40 -0.18056
15.00 -40 -0.19927
20.00 -40 -0.17748
25.00 -40 -0.13568
30.00 -40 -0.12512
35.00 -40 -0.18056
40.00 -40 -0.27815
45.00 -40 -0.34300
50.00 -40 -0.30764
55.00 -40 -0.17233
60.00 -40 -0.10964E-01
65.00 -40 0.87206E-01
75.00 -40 0.46620E-01
-45.00 -35 0.19699
-40.00 -35 0.17287
-35.00 -35 0.13968
-30.00 -35 0.86603E-01
-25.00 -35 0.13476E-02
-20.00 -35 -0.10286
-15.00 -35 -0.18508
-10.00 -35 -0.20853
-5.00 -35 -0.17779
0.00 -35 -0.14199
5.00 -35 -0.15490
10.00 -35 -0.22638
15.00 -35 -0.31192
20.00 -35 -0.35264
25.00 -35 -0.32927
30.00 -35 -0.27823
35.00 -35 -0.25318
40.00 -35 -0.26904
45.00 -35 -0.28425
-85.00 -30 0.22218
-80.00 -30 0.17690
-70.00 -30 0.55037E-02
-65.00 -30 -0.16145E-01
-60.00 -30 0.26563E-01
-55.00 -30 0.10164
-50.00 -30 0.17199
-45.00 -30 0.22046
-40.00 -30 0.24496
-35.00 -30 0.23752
-30.00 -30 0.17875
-25.00 -30 0.60107E-01
-20.00 -30 -0.89353E-01
-15.00 -30 -0.20764
-10.00 -30 -0.24324
-5.00 -30 -0.20216
0.00 -30 -0.15156
5.00 -30 -0.16845
10.00 -30 -0.27438
15.00 -30 -0.41430
20.00 -30 -0.50106
25.00 -30 -0.48717
30.00 -30 -0.39960
35.00 -30 -0.30806
40.00 -30 -0.25866
45.00 -30 -0.23662
50.00 -30 -0.19158
55.00 -30 -0.97612E-01
60.00 -30 0.13756E-01
65.00 -30 0.81353E-01
70.00 -30 0.75743E-01
80.00 -30 0.20379E-01
85.00 -30 0.75771E-01
-45.00 -25 0.22337
-40.00 -25 0.29649
-35.00 -25 0.32366
-30.00 -25 0.27954
-25.00 -25 0.15604
-20.00 -25 -0.12046E-01
-15.00 -25 -0.15392
-10.00 -25 -0.20968
-5.00 -25 -0.18134
0.00 -25 -0.13860
5.00 -25 -0.16543
10.00 -25 -0.28873
15.00 -25 -0.45144
20.00 -25 -0.55639
25.00 -25 -0.54425
30.00 -25 -0.43755
35.00 -25 -0.31394
40.00 -25 -0.23611
45.00 -25 -0.20397
-75.00 -20 0.62821E-01
-65.00 -20 -0.17430
-60.00 -20 -0.16400
-55.00 -20 -0.70996E-01
-50.00 -20 0.60655E-01
-45.00 -20 0.19109
-40.00 -20 0.29425
-35.00 -20 0.34709
-30.00 -20 0.32501
-25.00 -20 0.21939
-20.00 -20 0.60858E-01
-15.00 -20 -0.84439E-01
-10.00 -20 -0.15623
-5.00 -20 -0.14895
0.00 -20 -0.12136
5.00 -20 -0.15031
10.00 -20 -0.26375
15.00 -20 -0.41193
20.00 -20 -0.50520
25.00 -20 -0.48724
30.00 -20 -0.37970
35.00 -20 -0.25960
40.00 -20 -0.19186
45.00 -20 -0.17925
50.00 -20 -0.17299
55.00 -20 -0.12899
60.00 -20 -0.52756E-01
65.00 -20 0.98813E-02
75.00 -20 0.56632E-02
-70.00 -15 -0.11892
-45.00 -15 0.12790
-40.00 -15 0.23357
-35.00 -15 0.29139
-30.00 -15 0.28527
-25.00 -15 0.20726
-20.00 -15 0.77334E-01
-15.00 -15 -0.53095E-01
-10.00 -15 -0.13033
-5.00 -15 -0.14046
0.00 -15 -0.12401
5.00 -15 -0.14278
10.00 -15 -0.22369
15.00 -15 -0.33015
20.00 -15 -0.39017
25.00 -15 -0.35870
30.00 -15 -0.25829
35.00 -15 -0.16063
40.00 -15 -0.12529
45.00 -15 -0.15151
70.00 -15 -0.14827E-01
-65.00 -10 -0.27450
-60.00 -10 -0.29175
-55.00 -10 -0.20244
-50.00 -10 -0.66584E-01
-45.00 -10 0.58047E-01
-40.00 -10 0.14443
-35.00 -10 0.18852
-30.00 -10 0.18765
-25.00 -10 0.13570
-20.00 -10 0.39534E-01
-15.00 -10 -0.68297E-01
-10.00 -10 -0.14367
-5.00 -10 -0.16499
0.00 -10 -0.15362
5.00 -10 -0.15556
10.00 -10 -0.19696
15.00 -10 -0.25523
20.00 -10 -0.27649
25.00 -10 -0.22654
30.00 -10 -0.12847
35.00 -10 -0.49236E-01
40.00 -10 -0.44694E-01
45.00 -10 -0.11194
50.00 -10 -0.19232
55.00 -10 -0.22204
60.00 -10 -0.18381
65.00 -10 -0.11336
-45.00 -5 0.12850E-01
-40.00 -5 0.73745E-01
-35.00 -5 0.98047E-01
-30.00 -5 0.96064E-01
-25.00 -5 0.62856E-01
-20.00 -5 -0.73619E-02
-15.00 -5 -0.98638E-01
-10.00 -5 -0.17408
-5.00 -5 -0.20437
0.00 -5 -0.19513
5.00 -5 -0.18163
10.00 -5 -0.19216
15.00 -5 -0.21580
20.00 -5 -0.20968
25.00 -5 -0.14296
30.00 -5 -0.36275E-01
35.00 -5 0.44253E-01
40.00 -5 0.38120E-01
45.00 -5 -0.57335E-01
90.00 0.00 0.16463
-90.00 0.00 0.20230
