-85.00 0.00 0.20869
-80.00 0.00 0.23351
-75.00 0.00 0.16137
-70.00 0.00 0.36008E-01
-65.00 0.00 -0.98236E-01
-60.00 0.00 -0.21707
-55.00 0.00 -0.30797
-50.00 0.00 -0.35463
-45.00 0.00 -0.33511
-40.00 0.00 -0.23944
-35.00 0.00 -0.88835E-01
-30.00 0.00 0.67787E-01
-25.00 0.00 0.18445
-20.00 0.00 0.25310
-15.00 0.00 0.31084
-10.00 0.00 0.40813
-5.00 0.00 0.56052
0.00 0.00 0.72368
5.00 0.00 0.81569
10.00 0.00 0.77326
15.00 0.00 0.60048
20.00 0.00 0.37305
25.00 0.00 0.19318
30.00 0.00 0.12661
35.00 0.00 0.16403
40.00 0.00 0.23099
45.00 0.00 0.23689
50.00 0.00 0.13027
55.00 0.00 -0.72650E-01
60.00 0.00 -0.29996
65.00 0.00 -0.46625
70.00 0.00 -0.51992
75.00 0.00 -0.46823
80.00 0.00 -0.37065
85.00 0.00 -0.29856
-45.00 5.00 -0.29570
-40.00 5.00 -0.16773
-35.00 5.00 -0.90926E-02
-30.00 5.00 0.13152
-25.00 5.00 0.23373
-20.00 5.00 0.31732
-15.00 5.00 0.41932
-10.00 5.00 0.55387
-5.00 5.00 0.68916
0.00 5.00 0.76267
5.00 5.00 0.72405
10.00 5.00 0.57278
15.00 5.00 0.36282
20.00 5.00 0.17302
25.00 5.00 0.65998E-01
30.00 5.00 0.60938E-01
35.00 5.00 0.13095
40.00 5.00 0.21906
45.00 5.00 0.26182
-65.00 10.00 -0.50869E-01
-60.00 10.00 -0.20767
-55.00 10.00 -0.31408
-50.00 10.00 -0.32343
-45.00 10.00 -0.21956
-40.00 10.00 -0.38816E-01
-35.00 10.00 0.14546
-30.00 10.00 0.27245
-25.00 10.00 0.33829
-20.00 10.00 0.39406
-15.00 10.00 0.49499
-10.00 10.00 0.64326
-5.00 10.00 0.77534
0.00 10.00 0.80686
5.00 10.00 0.69808
10.00 10.00 0.48569
15.00 10.00 0.25775
20.00 10.00 0.96612E-01
25.00 10.00 0.36810E-01
30.00 10.00 0.63840E-01
35.00 10.00 0.14041
40.00 10.00 0.22841
45.00 10.00 0.29131
50.00 10.00 0.29059
55.00 10.00 0.19726
60.00 10.00 0.17498E-01
65.00 10.00 -0.19399
-70.00 15.00 0.13420
-45.00 15.00 -0.15012
-40.00 15.00 0.96749E-01
-35.00 15.00 0.32922
-30.00 15.00 0.46160
-25.00 15.00 0.48996
-20.00 15.00 0.48955
-15.00 15.00 0.54486
-10.00 15.00 0.67101
-5.00 15.00 0.79568
0.00 15.00 0.81805
5.00 15.00 0.69308
10.00 15.00 0.46868
15.00 15.00 0.24769
20.00 15.00 0.11313
25.00 15.00 0.82130E-01
30.00 15.00 0.11945
35.00 15.00 0.18368
40.00 15.00 0.25473
45.00 15.00 0.32099
70.00 15.00 -0.27805
-75.00 20.00 0.27893
-65.00 20.00 -0.28578E-01
-60.00 20.00 -0.21529
-55.00 20.00 -0.33979
-50.00 20.00 -0.32245
-45.00 20.00 -0.13058
-40.00 20.00 0.17709
-35.00 20.00 0.47056
-30.00 20.00 0.63190
-25.00 20.00 0.63811
-20.00 20.00 0.57106
-15.00 20.00 0.54239
-10.00 20.00 0.59691
-5.00 20.00 0.67851
0.00 20.00 0.68638
5.00 20.00 0.56838
10.00 20.00 0.36754
15.00 20.00 0.18432
20.00 20.00 0.95110E-01
25.00 20.00 0.10289
30.00 20.00 0.15780
35.00 20.00 0.21578
40.00 20.00 0.27126
45.00 20.00 0.33472
50.00 20.00 0.38827
55.00 20.00 0.37657
60.00 20.00 0.25146
65.00 20.00 0.28059E-01
75.00 20.00 -0.36029
-45.00 25.00 -0.18193
-40.00 25.00 0.15863
-35.00 25.00 0.50402
-30.00 25.00 0.70607
-25.00 25.00 0.70913
-20.00 25.00 0.58103
-15.00 25.00 0.44781
-10.00 25.00 0.38878
-5.00 25.00 0.38307
0.00 25.00 0.34985
5.00 25.00 0.23828
10.00 25.00 0.80943E-01
15.00 25.00 -0.36020E-01
20.00 25.00 -0.51412E-01
25.00 25.00 0.21792E-01
30.00 25.00 0.12009
35.00 25.00 0.19501
40.00 25.00 0.25046
45.00 25.00 0.31552
-80.00 30.00 0.34776
-70.00 30.00 0.15657
-65.00 30.00 -0.30741E-01
-60.00 30.00 -0.24083
-55.00 30.00 -0.41141
-50.00 30.00 -0.44966
-45.00 30.00 -0.28931
-40.00 30.00 0.40567E-01
-35.00 30.00 0.40526
-30.00 30.00 0.63867
-25.00 30.00 0.65109
-20.00 30.00 0.48263
-15.00 30.00 0.25810
-10.00 30.00 0.84585E-01
-5.00 30.00 -0.18400E-01
0.00 30.00 -0.10108
5.00 30.00 -0.20609
10.00 30.00 -0.31234
15.00 30.00 -0.35348
20.00 30.00 -0.28696
25.00 30.00 -0.14032
30.00 30.00 0.12343E-01
35.00 30.00 0.11803
40.00 30.00 0.18554
45.00 30.00 0.25772
50.00 30.00 0.34571
55.00 30.00 0.39733
60.00 30.00 0.33779
65.00 30.00 0.14630
70.00 30.00 -0.10803
80.00 30.00 -0.38987
-45.00 35.00 -0.40565
-40.00 35.00 -0.13101
-35.00 35.00 0.20687
-30.00 35.00 0.44351
-25.00 35.00 0.46776
-20.00 35.00 0.29166
-15.00 35.00 0.27533E-01
-10.00 35.00 -0.20450
-5.00 35.00 -0.35616
0.00 35.00 -0.45369
5.00 35.00 -0.53498
10.00 35.00 -0.59232
15.00 35.00 -0.57819
20.00 35.00 -0.46280
25.00 35.00 -0.27811
30.00 35.00 -0.98791E-01
35.00 35.00 0.22007E-01
40.00 35.00 0.95316E-01
45.00 35.00 0.17161
-75.00 40.00 0.27871
-65.00 40.00 -0.27404E-01
-60.00 40.00 -0.21276
-55.00 40.00 -0.39219
-50.00 40.00 -0.50335
-45.00 40.00 -0.47306
-40.00 40.00 -0.28426
-35.00 40.00 -0.17061E-01
-30.00 40.00 0.18649
-25.00 40.00 0.21548
-20.00 40.00 0.65458E-01
-15.00 40.00 -0.16788
-10.00 40.00 -0.36872
-5.00 40.00 -0.48274
0.00 40.00 -0.53202
5.00 40.00 -0.56179
10.00 40.00 -0.58034
15.00 40.00 -0.55302
20.00 40.00 -0.45025
25.00 40.00 -0.29283
30.00 40.00 -0.14248
35.00 40.00 -0.45483E-01
40.00 40.00 0.10549E-01
45.00 40.00 0.78011E-01
50.00 40.00 0.18421
55.00 40.00 0.28664
60.00 40.00 0.29937
65.00 40.00 0.17146
75.00 40.00 -0.27531
-70.00 45.00 0.12796
-45.00 45.00 -0.45213
-40.00 45.00 -0.35800
-35.00 45.00 -0.18950
-30.00 45.00 -0.50908E-01
-25.00 45.00 -0.31713E-01
-20.00 45.00 -0.13741
-15.00 45.00 -0.28803
-10.00 45.00 -0.38635
-5.00 45.00 -0.39386
0.00 45.00 -0.34773
5.00 45.00 -0.31002
10.00 45.00 -0.30410
15.00 45.00 -0.30016
20.00 45.00 -0.25825
25.00 45.00 -0.17798
30.00 45.00 -0.10047
35.00 45.00 -0.60993E-01
40.00 45.00 -0.45550E-01
45.00 45.00 -0.24041E-02
70.00 45.00 -0.41941E-01
-65.00 50.00 -0.45100E-02
-60.00 50.00 -0.99900E-01
-55.00 50.00 -0.19392
-50.00 50.00 -0.28675
-45.00 50.00 -0.34405
-40.00 50.00 -0.33341
-35.00 50.00 -0.26913
-30.00 50.00 -0.21238
-25.00 50.00 -0.21958
-20.00 50.00 -0.28741
-15.00 50.00 -0.35024
-10.00 50.00 -0.33685
-5.00 50.00 -0.23446
0.00 50.00 -0.99923E-01
5.00 50.00 -0.85662E-02
10.00 50.00 0.94843E-02
15.00 50.00 -0.14592E-01
20.00 50.00 -0.30411E-01
25.00 50.00 -0.21534E-01
30.00 50.00 -0.14186E-01
35.00 50.00 -0.35130E-01
40.00 50.00 -0.67604E-01
45.00 50.00 -0.57923E-01
50.00 50.00 0.27696E-01
55.00 50.00 0.15270
60.00 50.00 0.22289
65.00 50.00 0.15992
-85.00 55.00 0.28815
-45.00 55.00 -0.19317
-40.00 55.00 -0.24312
-35.00 55.00 -0.26657
-30.00 55.00 -0.28649
-25.00 55.00 -0.32835
-20.00 55.00 -0.38103
-15.00 55.00 -0.39466
-10.00 55.00 -0.32394
-5.00 55.00 -0.17611
0.00 55.00 -0.14219E-01
5.00 55.00 0.91086E-01
10.00 55.00 0.11665
15.00 55.00 0.96491E-01
20.00 55.00 0.78956E-01
25.00 55.00 0.76627E-01
30.00 55.00 0.61028E-01
35.00 55.00 0.66696E-02
40.00 55.00 -0.64161E-01
45.00 55.00 -0.88435E-01
85.00 55.00 -0.38863
-80.00 60.00 0.31710
-75.00 60.00 0.21353
-70.00 60.00 0.81671E-01
-65.00 60.00 0.88459E-02
-60.00 60.00 0.47080E-02
-55.00 60.00 0.18660E-01
-50.00 60.00 -0.19725E-02
-45.00 60.00 -0.67821E-01
-40.00 60.00 -0.15278
-35.00 60.00 -0.23058
-30.00 60.00 -0.29813
-25.00 60.00 -0.36340
-20.00 60.00 -0.41804
-15.00 60.00 -0.43187
-10.00 60.00 -0.37990
-5.00 60.00 -0.27349
0.00 60.00 -0.15897
5.00 60.00 -0.80282E-01
10.00 60.00 -0.41813E-01
15.00 60.00 -0.10993E-01
20.00 60.00 0.39957E-01
25.00 60.00 0.96250E-01
30.00 60.00 0.10966
35.00 60.00 0.50748E-01
40.00 60.00 -0.47253E-01
45.00 60.00 -0.10284
50.00 60.00 -0.54948E-01
55.00 60.00 0.73971E-01
60.00 60.00 0.18268
65.00 60.00 0.16735
70.00 60.00 0.72918E-02
75.00 60.00 -0.21443
80.00 60.00 -0.37308
-45.00 65.00 -0.28615E-01
-40.00 65.00 -0.12573
-35.00 65.00 -0.21542
-30.00 65.00 -0.28379
-25.00 65.00 -0.33961
-20.00 65.00 -0.39070
-15.00 65.00 -0.42937
-10.00 65.00 -0.44226
-5.00 65.00 -0.42831
0.00 65.00 -0.39940
5.00 65.00 -0.36070
10.00 65.00 -0.29602
15.00 65.00 -0.18277
20.00 65.00 -0.28042E-01
25.00 65.00 0.11306
30.00 65.00 0.16688
35.00 65.00 0.10303
40.00 65.00 -0.26375E-01
45.00 65.00 -0.11452
-65.00 70.00 -0.19320E-01
-60.00 70.00 -0.16160E-01
-55.00 70.00 0.20979E-02
-50.00 70.00 -0.22993E-01
-45.00 70.00 -0.10012
-40.00 70.00 -0.19031
-35.00 70.00 -0.24997
-30.00 70.00 -0.26953
-25.00 70.00 -0.27481
-20.00 70.00 -0.29819
-15.00 70.00 -0.35160
-10.00 70.00 -0.42298
-5.00 70.00 -0.48917
0.00 70.00 -0.52507
5.00 70.00 -0.50300
10.00 70.00 -0.39667
15.00 70.00 -0.20248
20.00 70.00 0.34806E-01
25.00 70.00 0.22435
30.00 70.00 0.27698
35.00 70.00 0.17247
40.00 70.00 -0.10184E-01
45.00 70.00 -0.13694
50.00 70.00 -0.11433
55.00 70.00 0.36417E-01
60.00 70.00 0.19060
65.00 70.00 0.21348
-70.00 75.00 0.38967E-01
-45.00 75.00 -0.25982
-40.00 75.00 -0.32691
-35.00 75.00 -0.32522
-30.00 75.00 -0.26274
-25.00 75.00 -0.19171
-20.00 75.00 -0.16747
-15.00 75.00 -0.21070
-10.00 75.00 -0.29993
-5.00 75.00 -0.38946
0.00 75.00 -0.43024
5.00 75.00 -0.38216
10.00 75.00 -0.22552
15.00 75.00 0.20174E-01
20.00 75.00 0.28198
25.00 75.00 0.45082
30.00 75.00 0.43948
35.00 75.00 0.24953
40.00 75.00 -0.93361E-02
45.00 75.00 -0.17878
70.00 75.00 0.98044E-01
-75.00 80.00 0.16911
-65.00 80.00 -0.65607E-01
-60.00 80.00 -0.13878
-55.00 80.00 -0.22585
-50.00 80.00 -0.34254
-45.00 80.00 -0.44898
-40.00 80.00 -0.47990
-35.00 80.00 -0.40411
-30.00 80.00 -0.25695
-25.00 80.00 -0.11719
-20.00 80.00 -0.51155E-01
-15.00 80.00 -0.71715E-01
-10.00 80.00 -0.13959
-5.00 80.00 -0.19459
0.00 80.00 -0.18554
5.00 80.00 -0.83046E-01
10.00 80.00 0.11491
15.00 80.00 0.37171
20.00 80.00 0.60403
25.00 80.00 0.70326
30.00 80.00 0.59513
35.00 80.00 0.30455
40.00 80.00 -0.32335E-01
45.00 80.00 -0.23849
50.00 80.00 -0.21177
55.00 80.00 -0.10452E-02
60.00 80.00 0.22265
65.00 80.00 0.28574
75.00 80.00 -0.13545
-45.00 85.00 -0.59910
-40.00 85.00 -0.58636
-35.00 85.00 -0.44517
-30.00 85.00 -0.24202
-25.00 85.00 -0.72919E-01
-20.00 85.00 0.35965E-02
-15.00 85.00 -0.14010E-02
-10.00 85.00 -0.29488E-01
-5.00 85.00 -0.21853E-01
0.00 85.00 0.51989E-01
5.00 85.00 0.19655
10.00 85.00 0.40034
15.00 85.00 0.62895
20.00 85.00 0.80994
25.00 85.00 0.84504
30.00 85.00 0.66753
35.00 85.00 0.31114
40.00 85.00 -0.74859E-01
45.00 85.00 -0.30044
-80.00 90.00 0.25402
-70.00 90.00 0.59342E-01
-65.00 90.00 -0.62023E-01
-60.00 90.00 -0.20807
-55.00 90.00 -0.39082
-50.00 90.00 -0.56914
-45.00 90.00 -0.66040
-40.00 90.00 -0.60536
-35.00 90.00 -0.42503
-30.00 90.00 -0.21253
-25.00 90.00 -0.64118E-01
-20.00 90.00 -0.10645E-01
-15.00 90.00 -0.82917E-02
-10.00 90.00 0.10641E-01
-5.00 90.00 0.80784E-01
0.00 90.00 0.19249
5.00 90.00 0.32475
10.00 90.00 0.47356
15.00 90.00 0.63708
20.00 90.00 0.77459
25.00 90.00 0.79732
30.00 90.00 0.62539
35.00 90.00 0.27420
40.00 90.00 -0.11292
45.00 90.00 -0.33729
50.00 90.00 -0.28268
55.00 90.00 -0.10299E-01
60.00 90.00 0.27431
65.00 90.00 0.36534
70.00 90.00 0.20153
80.00 90.00 -0.34707
-45.00 95.00 -0.61899
-40.00 95.00 -0.53310
-35.00 95.00 -0.34797
-30.00 95.00 -0.17058
-25.00 95.00 -0.77195E-01
-20.00 95.00 -0.56154E-01
-15.00 95.00 -0.32999E-01
-10.00 95.00 0.49238E-01
-5.00 95.00 0.17522
0.00 95.00 0.28142
5.00 95.00 0.33076
10.00 95.00 0.35574
15.00 95.00 0.41910
20.00 95.00 0.52869
25.00 95.00 0.59848
30.00 95.00 0.51075
35.00 95.00 0.23459
40.00 95.00 -0.11068
45.00 95.00 -0.32077
-75.00 100.00 0.18938
-65.00 100.00 0.27754E-01
-60.00 100.00 -0.11924
-55.00 100.00 -0.30608
-50.00 100.00 -0.45988
-45.00 100.00 -0.49644
-40.00 100.00 -0.39800
-35.00 100.00 -0.23843
-30.00 100.00 -0.12187
-25.00 100.00 -0.88336E-01
-20.00 100.00 -0.78913E-01
-15.00 100.00 0.43190E-04
-10.00 100.00 0.17295
-5.00 100.00 0.35539
0.00 100.00 0.42528
5.00 100.00 0.34202
10.00 100.00 0.19675
15.00 100.00 0.13629
20.00 100.00 0.22448
25.00 100.00 0.37184
30.00 100.00 0.40843
35.00 100.00 0.24195
40.00 100.00 -0.42308E-01
45.00 100.00 -0.23733
50.00 100.00 -0.18548
55.00 100.00 0.82488E-01
60.00 100.00 0.36323
65.00 100.00 0.43951
75.00 100.00 -0.84285E-01
-70.00 105.00 0.15914
-45.00 105.00 -0.33477
-40.00 105.00 -0.24146
-35.00 105.00 -0.12295
-30.00 105.00 -0.67428E-01
-25.00 105.00 -0.74179E-01
-20.00 105.00 -0.45136E-01
-15.00 105.00 0.11748
-10.00 105.00 0.39430
-5.00 105.00 0.63178
0.00 105.00 0.65868
5.00 105.00 0.44084
10.00 105.00 0.13042
15.00 105.00 -0.47649E-01
20.00 105.00 0.18768E-01
25.00 105.00 0.23462
30.00 105.00 0.38254
35.00 105.00 0.31534
40.00 105.00 0.86243E-01
45.00 105.00 -0.99156E-01
70.00 105.00 0.25755
-85.00 110.00 0.17372
-65.00 110.00 0.15913
-60.00 110.00 0.67181E-01
-55.00 110.00 -0.67015E-01
-50.00 110.00 -0.17023
-45.00 110.00 -0.17666
-40.00 110.00 -0.97031E-01
-35.00 110.00 -0.14165E-01
-30.00 110.00 0.28883E-02
-25.00 110.00 -0.16141E-01
-20.00 110.00 0.45936E-01
-15.00 110.00 0.27871
-10.00 110.00 0.62729
-5.00 110.00 0.89535
0.00 110.00 0.88862
5.00 110.00 0.58464
10.00 110.00 0.17466
15.00 110.00 -0.73396E-01
20.00 110.00 -0.23540E-01
25.00 110.00 0.22544
30.00 110.00 0.43289
35.00 110.00 0.42427
40.00 110.00 0.23334
45.00 110.00 0.57744E-01
50.00 110.00 0.73467E-01
55.00 110.00 0.27545
60.00 110.00 0.48220
65.00 110.00 0.49332
85.00 110.00 -0.41193
-45.00 115.00 -0.51314E-01
-40.00 115.00 0.19640E-01
-35.00 115.00 0.91717E-01
-30.00 115.00 0.10700
-25.00 115.00 0.99258E-01
-20.00 115.00 0.17783
-15.00 115.00 0.41792
-10.00 115.00 0.75576
-5.00 115.00 0.99986
0.00 115.00 0.97103
5.00 115.00 0.65932
10.00 115.00 0.25545
15.00 115.00 0.15298E-01
20.00 115.00 0.63570E-01
25.00 115.00 0.30255
30.00 115.00 0.50447
35.00 115.00 0.50696
40.00 115.00 0.34189
45.00 115.00 0.18966
-80.00 120.00 0.15451
-75.00 120.00 0.17648
-70.00 120.00 0.21694
-65.00 120.00 0.23954
-60.00 120.00 0.20141
-55.00 120.00 0.11040
-50.00 120.00 0.31243E-01
-45.00 120.00 0.29019E-01
-40.00 120.00 0.10643
-35.00 120.00 0.20173
-30.00 120.00 0.25455
-25.00 120.00 0.27444
-20.00 120.00 0.33720
-15.00 120.00 0.50271
-10.00 120.00 0.73110
-5.00 120.00 0.88698
0.00 120.00 0.84376
5.00 120.00 0.60155
10.00 120.00 0.30788
15.00 120.00 0.15099
20.00 120.00 0.21117
25.00 120.00 0.39901
30.00 120.00 0.53676
35.00 120.00 0.51253
40.00 120.00 0.37179
45.00 120.00 0.26670
50.00 120.00 0.31065
55.00 120.00 0.46913
60.00 120.00 0.58344
65.00 120.00 0.50481
70.00 120.00 0.22106
75.00 120.00 -0.13126
80.00 120.00 -0.37302
-45.00 125.00 0.63751E-01
-40.00 125.00 0.16234
-35.00 125.00 0.30756
-30.00 125.00 0.42681
-25.00 125.00 0.48691
-20.00 125.00 0.51400
-15.00 125.00 0.55309
-10.00 125.00 0.61026
-5.00 125.00 0.63904
0.00 125.00 0.58811
5.00 125.00 0.46377
10.00 125.00 0.34131
15.00 125.00 0.30606
20.00 125.00 0.37535
25.00 125.00 0.47654
30.00 125.00 0.50856
35.00 125.00 0.43501
40.00 125.00 0.32299
45.00 125.00 0.28653
-65.00 130.00 0.19970
-60.00 130.00 0.18517
-55.00 130.00 0.11519
-50.00 130.00 0.47165E-01
-45.00 130.00 0.56812E-01
-40.00 130.00 0.17895
-35.00 130.00 0.37780
-30.00 130.00 0.57018
-25.00 130.00 0.68053
-20.00 130.00 0.68382
-15.00 130.00 0.60794
-10.00 130.00 0.50382
-5.00 130.00 0.41417
0.00 130.00 0.36296
5.00 130.00 0.36074
10.00 130.00 0.40693
15.00 130.00 0.48151
20.00 130.00 0.54030
25.00 130.00 0.53337
30.00 130.00 0.44351
35.00 130.00 0.31415
40.00 130.00 0.23310
45.00 130.00 0.27174
50.00 130.00 0.42134
55.00 130.00 0.58106
60.00 130.00 0.61705
65.00 130.00 0.45534
-70.00 135.00 0.95692E-01
-45.00 135.00 0.13550E-01
-40.00 135.00 0.14397
-35.00 135.00 0.37125
-30.00 135.00 0.61598
-25.00 135.00 0.77994
-20.00 135.00 0.79907
-15.00 135.00 0.67771
-10.00 135.00 0.48645
-5.00 135.00 0.32601
0.00 135.00 0.27632
5.00 135.00 0.35615
10.00 135.00 0.51319
15.00 135.00 0.65095
20.00 135.00 0.68082
25.00 135.00 0.57331
30.00 135.00 0.37923
35.00 135.00 0.20500
40.00 135.00 0.15190
45.00 135.00 0.25257
70.00 135.00 0.85797E-01
-75.00 140.00 -0.74893E-02
-65.00 140.00 0.32445E-01
-60.00 140.00 0.21148E-01
-55.00 140.00 -0.24714E-01
-50.00 140.00 -0.69516E-01
-45.00 140.00 -0.57266E-01
-40.00 140.00 0.54756E-01
-35.00 140.00 0.26571
-30.00 140.00 0.52082
-25.00 140.00 0.72969
-20.00 140.00 0.80918
-15.00 140.00 0.73155
-10.00 140.00 0.54891
-5.00 140.00 0.37260
0.00 140.00 0.31146
5.00 140.00 0.40376
10.00 140.00 0.58816
15.00 140.00 0.73829
20.00 140.00 0.74289
25.00 140.00 0.57975
30.00 140.00 0.33308
35.00 140.00 0.14144
40.00 140.00 0.11035
45.00 140.00 0.24650
50.00 140.00 0.45418
55.00 140.00 0.59320
60.00 140.00 0.55988
65.00 140.00 0.34316
75.00 140.00 -0.26043
-45.00 145.00 -0.14033
-40.00 145.00 -0.69199E-01
-35.00 145.00 0.82711E-01
-30.00 145.00 0.30223
-25.00 145.00 0.53459
-20.00 145.00 0.69791
-15.00 145.00 0.72703
-10.00 145.00 0.62228
-5.00 145.00 0.46306
0.00 145.00 0.36416
5.00 145.00 0.39747
10.00 145.00 0.53615
15.00 145.00 0.66843
20.00 145.00 0.67688
25.00 145.00 0.52652
30.00 145.00 0.29473
35.00 145.00 0.11961
40.00 145.00 0.10445
45.00 145.00 0.24761
-80.00 150.00 -0.94339E-01
-70.00 150.00 -0.19670
-65.00 150.00 -0.21754
-60.00 150.00 -0.22938
-55.00 150.00 -0.23216
-50.00 150.00 -0.22662
-45.00 150.00 -0.21480
-40.00 150.00 -0.18658
-35.00 150.00 -0.11162
-30.00 150.00 0.41974E-01
-25.00 150.00 0.26869
-20.00 150.00 0.50313
-15.00 150.00 0.64706
-10.00 150.00 0.63691
-5.00 150.00 0.49928
0.00 150.00 0.34165
5.00 150.00 0.27646
10.00 150.00 0.33580
15.00 150.00 0.44740
20.00 150.00 0.49476
25.00 150.00 0.41364
30.00 150.00 0.24624
35.00 150.00 0.10918
40.00 150.00 0.10244
45.00 150.00 0.23204
50.00 150.00 0.40448
55.00 150.00 0.49199
60.00 150.00 0.41602
65.00 150.00 0.19117
70.00 150.00 -0.91607E-01
80.00 150.00 -0.42318
-45.00 155.00 -0.26115
-40.00 155.00 -0.25056
-35.00 155.00 -0.23462
-30.00 155.00 -0.15047
-25.00 155.00 0.40180E-01
-20.00 155.00 0.29680
-15.00 155.00 0.50628
-10.00 155.00 0.55833
-5.00 155.00 0.43351
0.00 155.00 0.22710
5.00 155.00 0.81823E-01
10.00 155.00 0.80691E-01
15.00 155.00 0.18822
20.00 155.00 0.28847
25.00 155.00 0.28617
30.00 155.00 0.18490
35.00 155.00 0.78596E-01
40.00 155.00 0.68098E-01
45.00 155.00 0.17536
-75.00 160.00 -0.32494
-65.00 160.00 -0.48344
-60.00 160.00 -0.49610
-55.00 160.00 -0.44726
-50.00 160.00 -0.35563
-45.00 160.00 -0.27055
-40.00 160.00 -0.23255
-35.00 160.00 -0.22880
-30.00 160.00 -0.19362
-25.00 160.00 -0.66423E-01
-20.00 160.00 0.14000
-15.00 160.00 0.32798
-10.00 160.00 0.38263
-5.00 160.00 0.26738
0.00 160.00 0.63835E-01
5.00 160.00 -0.84708E-01
10.00 160.00 -0.83226E-01
15.00 160.00 0.43375E-01
20.00 160.00 0.17719
25.00 160.00 0.20858
30.00 160.00 0.12501
35.00 160.00 0.14216E-01
40.00 160.00 -0.15885E-01
45.00 160.00 0.70792E-01
50.00 160.00 0.20995
55.00 160.00 0.28903
60.00 160.00 0.23161
65.00 160.00 0.47581E-01
75.00 160.00 -0.35593
-85.00 165.00 -0.83042E-01
-70.00 165.00 -0.52441
-45.00 165.00 -0.25042
-40.00 165.00 -0.13900
-35.00 165.00 -0.92483E-01
-30.00 165.00 -0.74727E-01
-25.00 165.00 -0.31174E-01
-20.00 165.00 0.52005E-01
-15.00 165.00 0.12618
-10.00 165.00 0.12287
-5.00 165.00 0.25069E-01
0.00 165.00 -0.10110
5.00 165.00 -0.15129
10.00 165.00 -0.70746E-01
15.00 165.00 0.92196E-01
20.00 165.00 0.21822
25.00 165.00 0.21167
30.00 165.00 0.78733E-01
35.00 165.00 -0.77079E-01
40.00 165.00 -0.13773
45.00 165.00 -0.62724E-01
70.00 165.00 -0.20556
85.00 165.00 -0.36838
-65.00 170.00 -0.69973
-60.00 170.00 -0.71360
-55.00 170.00 -0.63166
-50.00 170.00 -0.45322
-45.00 170.00 -0.22183
-40.00 170.00 -0.10778E-01
-35.00 170.00 0.11811
-30.00 170.00 0.14742
-25.00 170.00 0.10163
-20.00 170.00 0.17041E-01
-15.00 170.00 -0.82722E-01
-10.00 170.00 -0.18203
-5.00 170.00 -0.25155
0.00 170.00 -0.24404
5.00 170.00 -0.12581
10.00 170.00 0.78838E-01
15.00 170.00 0.27712
20.00 170.00 0.35555
25.00 170.00 0.25881
30.00 170.00 0.37806E-01
35.00 170.00 -0.17715
40.00 170.00 -0.26309
45.00 170.00 -0.18732
50.00 170.00 -0.24863E-01
55.00 170.00 0.99358E-01
60.00 170.00 0.96714E-01
65.00 170.00 -0.33183E-01
-45.00 175.00 -0.20920
-40.00 175.00 0.94865E-01
-35.00 175.00 0.31459
-30.00 175.00 0.37350
-25.00 175.00 0.25574
-20.00 175.00 0.13303E-01
-15.00 175.00 -0.25669
-10.00 175.00 -0.44886
-5.00 175.00 -0.48518
0.00 175.00 -0.34221
5.00 175.00 -0.65202E-01
10.00 175.00 0.23971
15.00 175.00 0.44321
20.00 175.00 0.45275
25.00 175.00 0.26535
30.00 175.00 -0.23093E-01
35.00 175.00 -0.26676
40.00 175.00 -0.35252
45.00 175.00 -0.26436
-80.00 180.00 -0.40171
-75.00 180.00 -0.60991
-70.00 180.00 -0.74977
-65.00 180.00 -0.82051
-60.00 180.00 -0.82263
-55.00 180.00 -0.73770
-50.00 180.00 -0.53855
-45.00 180.00 -0.22768
-40.00 180.00 0.12975
-35.00 180.00 0.41402
-30.00 180.00 0.50593
-25.00 180.00 0.35702
-20.00 180.00 0.27667E-01
-15.00 180.00 -0.33488
-10.00 180.00 -0.56738
-5.00 180.00 -0.56955
0.00 180.00 -0.34842
5.00 180.00 -0.88901E-02
10.00 180.00 0.29910
15.00 180.00 0.44851
20.00 180.00 0.38807
25.00 180.00 0.16014
30.00 180.00 -0.12238
35.00 180.00 -0.33040
40.00 180.00 -0.38060
45.00 180.00 -0.27486
50.00 180.00 -0.95157E-01
55.00 180.00 0.45259E-01
60.00 180.00 0.66778E-01
65.00 180.00 -0.34377E-01
70.00 180.00 -0.19198
75.00 180.00 -0.31820
80.00 180.00 -0.36133
-45.00 -175 -0.27487
-40.00 -175 0.75369E-01
-35.00 -175 0.37056
-30.00 -175 0.48126
-25.00 -175 0.34977
-20.00 -175 0.40374E-01
-15.00 -175 -0.28768
-10.00 -175 -0.47035
-5.00 -175 -0.43122
0.00 -175 -0.21570
5.00 -175 0.48496E-01
10.00 -175 0.22991
15.00 -175 0.25753
20.00 -175 0.13966
25.00 -175 -0.57766E-01
30.00 -175 -0.24834
35.00 -175 -0.35805
40.00 -175 -0.34876
45.00 -175 -0.23231
-65.00 -170 -0.84064
-60.00 -170 -0.79729
-55.00 -170 -0.71010
-50.00 -170 -0.56122
-45.00 -170 -0.33116
-40.00 -170 -0.49788E-01
-35.00 -170 0.19084
-30.00 -170 0.28693
-25.00 -170 0.20181
-20.00 -170 0.51666E-02
-15.00 -170 -0.16740
-10.00 -170 -0.20790
-5.00 -170 -0.10928
0.00 -170 0.38420E-01
5.00 -170 0.12162
10.00 -170 0.83884E-01
15.00 -170 -0.47706E-01
20.00 -170 -0.19981
25.00 -170 -0.31070
30.00 -170 -0.35852
35.00 -170 -0.34838
40.00 -170 -0.28741
45.00 -170 -0.18110
50.00 -170 -0.51688E-01
55.00 -170 0.51428E-01
60.00 -170 0.73473E-01
65.00 -170 -0.36987E-02
-70.00 -165 -0.84276
-45.00 -165 -0.36888
-40.00 -165 -0.19818
-35.00 -165 -0.68646E-01
-30.00 -165 -0.33340E-01
-25.00 -165 -0.82979E-01
-20.00 -165 -0.13552
-15.00 -165 -0.96931E-01
-10.00 -165 0.53338E-01
-5.00 -165 0.23003
0.00 -165 0.29975
5.00 -165 0.18552
10.00 -165 -0.69434E-01
15.00 -165 -0.33308
20.00 -165 -0.48299
25.00 -165 -0.48729
30.00 -165 -0.40445
35.00 -165 -0.31350
40.00 -165 -0.24603
45.00 -165 -0.18005
70.00 -165 -0.11371
-75.00 -160 -0.77574
-65.00 -160 -0.80748
-60.00 -160 -0.68990
-55.00 -160 -0.56425
-50.00 -160 -0.45505
-45.00 -160 -0.36650
-40.00 -160 -0.31322
-35.00 -160 -0.32059
-30.00 -160 -0.38588
-25.00 -160 -0.44474
-20.00 -160 -0.39574
-15.00 -160 -0.18248
-10.00 -160 0.13363
-5.00 -160 0.38647
0.00 -160 0.41313
5.00 -160 0.17784
10.00 -160 -0.19201
15.00 -160 -0.49391
20.00 -160 -0.59360
25.00 -160 -0.50778
30.00 -160 -0.36367
35.00 -160 -0.27948
40.00 -160 -0.27383
45.00 -160 -0.27689
50.00 -160 -0.21919
55.00 -160 -0.10707
60.00 -160 -0.15144E-01
65.00 -160 -0.11251E-01
75.00 -160 -0.19347
-45.00 -155 -0.32201
-40.00 -155 -0.35478
-35.00 -155 -0.47987
-30.00 -155 -0.65352
-25.00 -155 -0.76703
-20.00 -155 -0.69954
-15.00 -155 -0.41530
-10.00 -155 -0.23469E-01
-5.00 -155 0.26935
0.00 -155 0.29700
5.00 -155 0.58376E-01
10.00 -155 -0.27741
15.00 -155 -0.49741
20.00 -155 -0.50242
25.00 -155 -0.36697
30.00 -155 -0.25636
35.00 -155 -0.27807
40.00 -155 -0.39742
45.00 -155 -0.48406
-80.00 -150 -0.59196
-70.00 -150 -0.88545
-65.00 -150 -0.79541
-60.00 -150 -0.62397
-55.00 -150 -0.44538
-50.00 -150 -0.31130
-45.00 -150 -0.25893
-40.00 -150 -0.32065
-35.00 -150 -0.50259
-30.00 -150 -0.74558
-25.00 -150 -0.92213
-20.00 -150 -0.90277
-15.00 -150 -0.65667
-10.00 -150 -0.29935
-5.00 -150 -0.28427E-01
0.00 -150 0.17334E-01
5.00 -150 -0.13634
10.00 -150 -0.32319
15.00 -150 -0.37679
20.00 -150 -0.27014
25.00 -150 -0.13391
30.00 -150 -0.13660
35.00 -150 -0.33164
40.00 -150 -0.60498
45.00 -150 -0.76691
50.00 -150 -0.70527
55.00 -150 -0.46774
60.00 -150 -0.21021
65.00 -150 -0.67710E-01
70.00 -150 -0.64377E-01
80.00 -150 -0.19393
-45.00 -145 -0.22025
-40.00 -145 -0.25279
-35.00 -145 -0.41352
-30.00 -145 -0.65213
-25.00 -145 -0.85099
-20.00 -145 -0.89006
-15.00 -145 -0.73851
-10.00 -145 -0.49057
-5.00 -145 -0.29947
0.00 -145 -0.25444
5.00 -145 -0.30733
10.00 -145 -0.32091
15.00 -145 -0.20359
20.00 -145 -0.11119E-01
25.00 -145 0.83263E-01
30.00 -145 -0.66201E-01
35.00 -145 -0.44006
40.00 -145 -0.84561
45.00 -145 -1.0510
-85.00 -140 -0.27116
-75.00 -140 -0.85110
-65.00 -140 -0.84424
-60.00 -140 -0.69298
-55.00 -140 -0.52175
-50.00 -140 -0.36410
-45.00 -140 -0.25024
-40.00 -140 -0.22031
-35.00 -140 -0.30086
-30.00 -140 -0.46394
-25.00 -140 -0.62102
-20.00 -140 -0.67698
-15.00 -140 -0.60566
-10.00 -140 -0.47448
-5.00 -140 -0.38425
0.00 -140 -0.37231
5.00 -140 -0.37192
10.00 -140 -0.27713
15.00 -140 -0.62488E-01
20.00 -140 0.15510
25.00 -140 0.18403
30.00 -140 -0.87452E-01
35.00 -140 -0.57825
40.00 -140 -1.0460
45.00 -140 -1.2472
50.00 -140 -1.1003
55.00 -140 -0.72564
60.00 -140 -0.34029
65.00 -140 -0.10390
75.00 -140 -0.75359E-01
85.00 -140 -0.20561
-70.00 -135 -0.93243
-45.00 -135 -0.37056
-40.00 -135 -0.28275
-35.00 -135 -0.27066
-30.00 -135 -0.32939
-25.00 -135 -0.40256
-20.00 -135 -0.42332
-15.00 -135 -0.37507
-10.00 -135 -0.30856
-5.00 -135 -0.28955
0.00 -135 -0.32294
5.00 -135 -0.33304
10.00 -135 -0.23310
15.00 -135 -0.28555E-01
20.00 -135 0.14685
25.00 -135 0.11366
30.00 -135 -0.20711
35.00 -135 -0.70602
40.00 -135 -1.1383
45.00 -135 -1.2845
70.00 -135 -0.21805E-01
-65.00 -130 -0.91585
-60.00 -130 -0.84922
-55.00 -130 -0.77126
-50.00 -130 -0.67745
-45.00 -130 -0.56283
-40.00 -130 -0.45111
-35.00 -130 -0.38041
-30.00 -130 -0.36177
-25.00 -130 -0.36012
-20.00 -130 -0.32587
-15.00 -130 -0.24850
-10.00 -130 -0.17417
-5.00 -130 -0.16172
0.00 -130 -0.21628
5.00 -130 -0.27103
10.00 -130 -0.24641
15.00 -130 -0.13851
20.00 -130 -0.49364E-01
25.00 -130 -0.11694
30.00 -130 -0.39462
35.00 -130 -0.78395
40.00 -130 -1.0862
45.00 -130 -1.1375
50.00 -130 -0.92012
55.00 -130 -0.56256
60.00 -130 -0.23800
65.00 -130 -0.50399E-01
-45.00 -125 -0.76958
-40.00 -125 -0.67153
-35.00 -125 -0.59376
-30.00 -125 -0.55588
-25.00 -125 -0.52952
-20.00 -125 -0.46427
-15.00 -125 -0.34356
-10.00 -125 -0.21254
-5.00 -125 -0.14460
0.00 -125 -0.17484
5.00 -125 -0.26575
10.00 -125 -0.34208
15.00 -125 -0.36434
20.00 -125 -0.36918
25.00 -125 -0.43341
30.00 -125 -0.59189
35.00 -125 -0.78643
40.00 -125 -0.89776
45.00 -125 -0.83639
-80.00 -120 -0.60403
-75.00 -120 -0.82496
-70.00 -120 -0.91260
-65.00 -120 -0.92467
-60.00 -120 -0.93080
-55.00 -120 -0.95109
-50.00 -120 -0.95628
-45.00 -120 -0.91723
-40.00 -120 -0.84741
-35.00 -120 -0.79254
-30.00 -120 -0.77914
-25.00 -120 -0.77819
-20.00 -120 -0.72612
-15.00 -120 -0.58763
-10.00 -120 -0.40032
-5.00 -120 -0.25566
0.00 -120 -0.23013
5.00 -120 -0.32752
10.00 -120 -0.48207
15.00 -120 -0.61536
20.00 -120 -0.69152
25.00 -120 -0.72302
30.00 -120 -0.73080
35.00 -120 -0.70681
40.00 -120 -0.61951
45.00 -120 -0.45484
50.00 -120 -0.24688
55.00 -120 -0.62620E-01
60.00 -120 0.46146E-01
65.00 -120 0.76604E-01
70.00 -120 0.61774E-01
75.00 -120 0.26510E-01
80.00 -120 -0.37930E-01
-45.00 -115 -0.95178
-40.00 -115 -0.89211
-35.00 -115 -0.84703
-30.00 -115 -0.85478
-25.00 -115 -0.89128
-20.00 -115 -0.88270
-15.00 -115 -0.77140
-10.00 -115 -0.57635
-5.00 -115 -0.39155
0.00 -115 -0.32105
5.00 -115 -0.40437
10.00 -115 -0.59174
15.00 -115 -0.78275
20.00 -115 -0.88992
25.00 -115 -0.87708
30.00 -115 -0.75483
35.00 -115 -0.55529
40.00 -115 -0.31662
45.00 -115 -0.83435E-01
-65.00 -110 -0.82160
-60.00 -110 -0.83065
-55.00 -110 -0.87093
-50.00 -110 -0.89915
-45.00 -110 -0.86753
-40.00 -110 -0.78175
-35.00 -110 -0.70169
-30.00 -110 -0.68471
-25.00 -110 -0.72735
-20.00 -110 -0.76302
-15.00 -110 -0.72062
-10.00 -110 -0.59176
-5.00 -110 -0.44637
0.00 -110 -0.38248
5.00 -110 -0.45231
10.00 -110 -0.62389
15.00 -110 -0.80296
20.00 -110 -0.89108
25.00 -110 -0.83477
30.00 -110 -0.63931
35.00 -110 -0.35394
40.00 -110 -0.49484E-01
45.00 -110 0.20108
50.00 -110 0.34277
55.00 -110 0.36050
60.00 -110 0.28873
65.00 -110 0.19184
-70.00 -105 -0.76303
-45.00 -105 -0.71079
-40.00 -105 -0.57263
-35.00 -105 -0.41651
-30.00 -105 -0.32337
-25.00 -105 -0.32611
-20.00 -105 -0.38734
-15.00 -105 -0.43852
-10.00 -105 -0.44154
-5.00 -105 -0.41755
0.00 -105 -0.42104
5.00 -105 -0.48688
10.00 -105 -0.59718
15.00 -105 -0.69164
20.00 -105 -0.70624
25.00 -105 -0.60743
30.00 -105 -0.40274
35.00 -105 -0.13259
40.00 -105 0.14276
45.00 -105 0.35748
70.00 -105 0.14219
-75.00 -100 -0.67822
-65.00 -100 -0.64129
-60.00 -100 -0.60746
-55.00 -100 -0.62147
-50.00 -100 -0.62974
-45.00 -100 -0.55391
-40.00 -100 -0.36854
-35.00 -100 -0.13150
-30.00 -100 0.55335E-01
-25.00 -100 0.11718
-20.00 -100 0.49346E-01
-15.00 -100 -0.95773E-01
-10.00 -100 -0.25520
-5.00 -100 -0.39109
0.00 -100 -0.49215
5.00 -100 -0.55398
10.00 -100 -0.56638
15.00 -100 -0.51944
20.00 -100 -0.41578
25.00 -100 -0.27124
30.00 -100 -0.10375
35.00 -100 0.73886E-01
40.00 -100 0.24668
45.00 -100 0.38603
50.00 -100 0.45483
55.00 -100 0.43324
60.00 -100 0.34242
65.00 -100 0.23630
75.00 -100 0.10640
-45.00 -95 -0.45370
-40.00 -95 -0.25649
-35.00 -95 0.24573E-01
-30.00 -95 0.27659
-25.00 -95 0.39241
-20.00 -95 0.32945
-15.00 -95 0.11977
-10.00 -95 -0.15978
-5.00 -95 -0.42415
0.00 -95 -0.60214
5.00 -95 -0.64765
10.00 -95 -0.55167
15.00 -95 -0.35153
20.00 -95 -0.12086
25.00 -95 0.66211E-01
30.00 -95 0.17618
35.00 -95 0.22892
40.00 -95 0.26887
45.00 -95 0.31942
-80.00 -90 -0.45569
-70.00 -90 -0.56184
-65.00 -90 -0.46149
-60.00 -90 -0.39350
-55.00 -90 -0.40635
-50.00 -90 -0.44900
-45.00 -90 -0.41889
-40.00 -90 -0.25231
-35.00 -90 0.18347E-01
-30.00 -90 0.28239
-25.00 -90 0.42117
-20.00 -90 0.37377
-15.00 -90 0.15780
-10.00 -90 -0.15101
-5.00 -90 -0.45220
0.00 -90 -0.64818
5.00 -90 -0.66934
10.00 -90 -0.50195
15.00 -90 -0.20604
20.00 -90 0.10173
25.00 -90 0.30588
30.00 -90 0.35805
35.00 -90 0.30079
40.00 -90 0.22681
45.00 -90 0.20551
50.00 -90 0.23764
55.00 -90 0.27342
60.00 -90 0.26998
65.00 -90 0.22890
70.00 -90 0.17868
80.00 -90 0.42711E-01
-85.00 -85 -0.18129
-45.00 -85 -0.40677
-40.00 -85 -0.29214
-35.00 -85 -0.69670E-01
-30.00 -85 0.16272
-25.00 -85 0.29778
-20.00 -85 0.28155
-15.00 -85 0.12893
-10.00 -85 -0.99971E-01
-5.00 -85 -0.32875
0.00 -85 -0.48057
5.00 -85 -0.49183
10.00 -85 -0.33897
15.00 -85 -0.66811E-01
20.00 -85 0.21517
25.00 -85 0.38655
30.00 -85 0.39090
35.00 -85 0.27294
40.00 -85 0.14238
45.00 -85 0.90533E-01
85.00 -85 -0.10591
-75.00 -80 -0.49844
-65.00 -80 -0.32986
-60.00 -80 -0.23823
-55.00 -80 -0.24626
-50.00 -80 -0.31711
-45.00 -80 -0.35103
-40.00 -80 -0.27545
-35.00 -80 -0.10406
-30.00 -80 0.81524E-01
-25.00 -80 0.20068
-20.00 -80 0.22669
-15.00 -80 0.18409
-10.00 -80 0.10985
-5.00 -80 0.26782E-01
0.00 -80 -0.48132E-01
5.00 -80 -0.84715E-01
10.00 -80 -0.47120E-01
15.00 -80 0.69537E-01
20.00 -80 0.21315
25.00 -80 0.29830
30.00 -80 0.27047
35.00 -80 0.15484
40.00 -80 0.40316E-01
45.00 -80 0.81936E-02
50.00 -80 0.68653E-01
55.00 -80 0.16196
60.00 -80 0.21856
65.00 -80 0.21597
75.00 -80 0.12511
-70.00 -75 -0.41571
-45.00 -75 -0.20326
-40.00 -75 -0.13069
-35.00 -75 0.12435E-01
-30.00 -75 0.15725
-25.00 -75 0.25295
-20.00 -75 0.30864
-15.00 -75 0.36791
-10.00 -75 0.44875
-5.00 -75 0.51509
0.00 -75 0.51035
5.00 -75 0.41720
10.00 -75 0.28015
15.00 -75 0.16720
20.00 -75 0.10997
25.00 -75 0.83581E-01
30.00 -75 0.44829E-01
35.00 -75 -0.13635E-01
40.00 -75 -0.51565E-01
45.00 -75 -0.24148E-01
70.00 -75 0.16584
-65.00 -70 -0.24356
-60.00 -70 -0.10287
-55.00 -70 -0.28521E-01
-50.00 -70 -0.45560E-02
-45.00 -70 0.37013E-01
-40.00 -70 0.13923
-35.00 -70 0.27656
-30.00 -70 0.38698
-25.00 -70 0.44324
-20.00 -70 0.48627
-15.00 -70 0.58242
-10.00 -70 0.74500
-5.00 -70 0.89967
0.00 -70 0.93293
5.00 -70 0.78321
10.00 -70 0.49307
15.00 -70 0.17796
20.00 -70 -0.56334E-01
25.00 -70 -0.17330
30.00 -70 -0.19885
35.00 -70 -0.17120
40.00 -70 -0.10572
45.00 -70 -0.49957E-02
50.00 -70 0.11073
55.00 -70 0.19844
60.00 -70 0.22375
65.00 -70 0.19248
-45.00 -65 0.32092
-40.00 -65 0.45897
-35.00 -65 0.59182
-30.00 -65 0.66293
-25.00 -65 0.65935
-20.00 -65 0.64033
-15.00 -65 0.68970
-10.00 -65 0.83103
-5.00 -65 0.98608
0.00 -65 1.0218
5.00 -65 0.85032
10.00 -65 0.49935
15.00 -65 0.95087E-01
20.00 -65 -0.22132
25.00 -65 -0.37320
30.00 -65 -0.36764
35.00 -65 -0.25893
40.00 -65 -0.10405
45.00 -65 0.53288E-01
-80.00 -60 -0.24436
-75.00 -60 -0.35526
-70.00 -60 -0.33478
-65.00 -60 -0.18454
-60.00 -60 0.29681E-01
-55.00 -60 0.23820
-50.00 -60 0.41583
-45.00 -60 0.57588
-40.00 -60 0.72494
-35.00 -60 0.83328
-30.00 -60 0.85708
-25.00 -60 0.79123
-20.00 -60 0.69425
-15.00 -60 0.65074
-10.00 -60 0.69802
-5.00 -60 0.78324
0.00 -60 0.79436
5.00 -60 0.64384
10.00 -60 0.33741
15.00 -60 -0.25453E-01
20.00 -60 -0.31498
25.00 -60 -0.44496
30.00 -60 -0.40606
35.00 -60 -0.24938
40.00 -60 -0.48821E-01
45.00 -60 0.12740
50.00 -60 0.23061
55.00 -60 0.24178
60.00 -60 0.18030
65.00 -60 0.96646E-01
70.00 -60 0.38710E-01
75.00 -60 0.12585E-01
80.00 -60 -0.27627E-01
-45.00 -55 0.74112
-40.00 -55 0.86080
-35.00 -55 0.92088
-30.00 -55 0.90423
-25.00 -55 0.81105
-20.00 -55 0.67865
-15.00 -55 0.56622
-10.00 -55 0.51176
-5.00 -55 0.49866
0.00 -55 0.46452
5.00 -55 0.34855
10.00 -55 0.14053
15.00 -55 -0.10614
20.00 -55 -0.30494
25.00 -55 -0.38517
30.00 -55 -0.32649
35.00 -55 -0.16357
40.00 -55 0.33482E-01
45.00 -55 0.18861
-65.00 -50 -0.14866
-60.00 -50 0.11646
-55.00 -50 0.41085
-50.00 -50 0.64918
-45.00 -50 0.79224
-40.00 -50 0.85016
-35.00 -50 0.85417
-30.00 -50 0.82635
-25.00 -50 0.77093
-20.00 -50 0.68655
-15.00 -50 0.58062
-10.00 -50 0.46957
-5.00 -50 0.36586
0.00 -50 0.26646
5.00 -50 0.15618
10.00 -50 0.24843E-01
15.00 -50 -0.11520
20.00 -50 -0.22657
25.00 -50 -0.26417
30.00 -50 -0.20332
35.00 -50 -0.61403E-01
40.00 -50 0.10216
45.00 -50 0.21191
50.00 -50 0.21669
55.00 -50 0.12088
60.00 -50 -0.15937E-01
65.00 -50 -0.11626
-70.00 -45 -0.27648
-45.00 -45 0.74357
-40.00 -45 0.73204
-35.00 -45 0.69484
-30.00 -45 0.69492
-25.00 -45 0.73654
-20.00 -45 0.77066
-15.00 -45 0.74012
-10.00 -45 0.62506
-5.00 -45 0.45377
0.00 -45 0.27587
5.00 -45 0.12542
10.00 -45 0.64716E-02
15.00 -45 -0.90503E-01
20.00 -45 -0.16164
25.00 -45 -0.18182
30.00 -45 -0.12673
35.00 -45 -0.61447E-02
40.00 -45 0.12379
45.00 -45 0.18677
70.00 -45 -0.24517
-75.00 -40 -0.21529
-65.00 -40 -0.13920
-60.00 -40 0.11479
-55.00 -40 0.40028
-50.00 -40 0.59171
-45.00 -40 0.63151
-40.00 -40 0.56907
-35.00 -40 0.51950
-30.00 -40 0.57298
-25.00 -40 0.72559
-20.00 -40 0.88418
-15.00 -40 0.93818
-10.00 -40 0.83872
-5.00 -40 0.62423
0.00 -40 0.38013
5.00 -40 0.17413
10.00 -40 0.22924E-01
15.00 -40 -0.89375E-01
20.00 -40 -0.16923
25.00 -40 -0.19516
30.00 -40 -0.14215
35.00 -40 -0.23887E-01
40.00 -40 0.92893E-01
45.00 -40 0.12361
50.00 -40 0.26966E-01
55.00 -40 -0.15815
60.00 -40 -0.33335
65.00 -40 -0.40679
75.00 -40 -0.24134
-45.00 -35 0.49201
-40.00 -35 0.41207
-35.00 -35 0.37828
-30.00 -35 0.48280
-25.00 -35 0.70360
-20.00 -35 0.91938
-15.00 -35 1.0002
-10.00 -35 0.89823
-5.00 -35 0.66859
0.00 -35 0.41164
5.00 -35 0.19623
10.00 -35 0.29301E-01
15.00 -35 -0.11115
20.00 -35 -0.22398
25.00 -35 -0.27111
30.00 -35 -0.21785
35.00 -35 -0.85981E-01
40.00 -35 0.37006E-01
45.00 -35 0.50833E-01
-85.00 -30 0.76953E-01
-80.00 -30 -0.39285E-02
-70.00 -30 -0.20437
-65.00 -30 -0.14911
-60.00 -30 0.29744E-01
-55.00 -30 0.23567
-50.00 -30 0.35415
-45.00 -30 0.34592
-40.00 -30 0.28119
-35.00 -30 0.28101
-30.00 -30 0.41294
-25.00 -30 0.62988
-20.00 -30 0.80492
-15.00 -30 0.83117
-10.00 -30 0.70037
-5.00 -30 0.49553
0.00 -30 0.31151
5.00 -30 0.17985
10.00 -30 0.64402E-01
15.00 -30 -0.75797E-01
20.00 -30 -0.22391
25.00 -30 -0.30779
30.00 -30 -0.26839
35.00 -30 -0.12947
40.00 -30 0.22001E-03
45.00 -30 0.16635E-02
50.00 -30 -0.16245
55.00 -30 -0.41473
60.00 -30 -0.61614
65.00 -30 -0.66219
70.00 -30 -0.54958
80.00 -30 -0.23295
85.00 -30 -0.21172
-45.00 -25 0.19823
-40.00 -25 0.16925
-35.00 -25 0.20927
-30.00 -25 0.34461
-25.00 -25 0.50270
-20.00 -25 0.57103
-15.00 -25 0.49689
-10.00 -25 0.33604
-5.00 -25 0.20410
0.00 -25 0.17358
5.00 -25 0.21105
10.00 -25 0.21274
15.00 -25 0.10632
20.00 -25 -0.75013E-01
25.00 -25 -0.21586
30.00 -25 -0.22047
35.00 -25 -0.10301
40.00 -25 0.14677E-01
45.00 -25 -0.25474E-02
-75.00 -20 -0.33467E-01
-65.00 -20 -0.15736
-60.00 -20 -0.91648E-01
-55.00 -20 -0.13251E-02
-50.00 -20 0.47145E-01
-45.00 -20 0.47965E-01
-40.00 -20 0.59487E-01
-35.00 -20 0.13875
-30.00 -20 0.26991
-25.00 -20 0.36174
-20.00 -20 0.32654
-15.00 -20 0.17144
-10.00 -20 0.12845E-01
-5.00 -20 -0.11005E-01
0.00 -20 0.14088
5.00 -20 0.36695
10.00 -20 0.49763
15.00 -20 0.43085
20.00 -20 0.21398
25.00 -20 0.20000E-02
30.00 -20 -0.72117E-01
35.00 -20 -0.50904E-02
40.00 -20 0.79472E-01
45.00 -20 0.37350E-01
50.00 -20 -0.17789
55.00 -20 -0.47907
60.00 -20 -0.71313
65.00 -20 -0.77075
75.00 -20 -0.45528
-70.00 -15 -0.96123E-01
-45.00 -15 -0.99713E-01
-40.00 -15 -0.55238E-01
-35.00 -15 0.57334E-01
-30.00 -15 0.19257
-25.00 -15 0.25264
-20.00 -15 0.17415
-15.00 -15 0.53543E-02
-10.00 -15 -0.10639
-5.00 -15 -0.22649E-01
0.00 -15 0.26632
5.00 -15 0.61459
10.00 -15 0.81842
15.00 -15 0.76527
20.00 -15 0.51398
25.00 -15 0.24163
30.00 -15 0.10255
35.00 -15 0.11487
40.00 -15 0.16236
45.00 -15 0.10110
70.00 -15 -0.65962
-65.00 -10 -0.14161
-60.00 -10 -0.18656
-55.00 -10 -0.21037
-50.00 -10 -0.23062
-45.00 -10 -0.22791
-40.00 -10 -0.16252
-35.00 -10 -0.26779E-01
-30.00 -10 0.12209
-25.00 -10 0.19329
-20.00 -10 0.14233
-15.00 -10 0.29317E-01
-10.00 -10 -0.72947E-02
-5.00 -10 0.14533
0.00 -10 0.47303
5.00 -10 0.82427
10.00 -10 1.0088
15.00 -10 0.93246
20.00 -10 0.66258
25.00 -10 0.37206
30.00 -10 0.20886
35.00 -10 0.19396
40.00 -10 0.22330
45.00 -10 0.16308
50.00 -10 -0.42698E-01
55.00 -10 -0.33387
60.00 -10 -0.58406
65.00 -10 -0.69077
-45.00 -5 -0.31259
-40.00 -5 -0.23383
-35.00 -5 -0.86921E-01
-30.00 -5 0.72980E-01
-25.00 -5 0.17397
-20.00 -5 0.18777
-15.00 -5 0.16469
-10.00 -5 0.20371
-5.00 -5 0.37276
0.00 -5 0.64160
5.00 -5 0.88693
10.00 -5 0.97322
15.00 -5 0.84995
20.00 -5 0.58956
25.00 -5 0.33613
30.00 -5 0.20390
35.00 -5 0.20263
40.00 -5 0.24234
45.00 -5 0.20789
90.00 0.00 -0.29132
-90.00 0.00 0.68816E-01
