-85.00 0.00 0.70826
-80.00 0.00 0.84614
-75.00 0.00 0.81813
-70.00 0.00 0.61671
-65.00 0.00 0.29632
-60.00 0.00 -0.27143E-01
-55.00 0.00 -0.22949
-50.00 0.00 -0.24998
-45.00 0.00 -0.12032
-40.00 0.00 0.70651E-01
-35.00 0.00 0.23948
-30.00 0.00 0.34528
-25.00 0.00 0.38444
-20.00 0.00 0.37080
-15.00 0.00 0.33472
-10.00 0.00 0.33628
-5.00 0.00 0.45402
0.00 0.00 0.72704
5.00 0.00 1.0861
10.00 0.00 1.3471
15.00 0.00 1.3077
20.00 0.00 0.89624
25.00 0.00 0.25952
30.00 0.00 -0.29895
35.00 0.00 -0.50508
40.00 0.00 -0.29436
45.00 0.00 0.14954
50.00 0.00 0.52813
55.00 0.00 0.63202
60.00 0.00 0.46472
65.00 0.00 0.20643
70.00 0.00 0.63218E-01
75.00 0.00 0.12743
80.00 0.00 0.33559
85.00 0.00 0.54527
-45.00 5.00 0.10025
-40.00 5.00 0.28023
-35.00 5.00 0.42000
-30.00 5.00 0.50250
-25.00 5.00 0.56795
-20.00 5.00 0.65758
-15.00 5.00 0.77578
-10.00 5.00 0.90261
-5.00 5.00 1.0289
0.00 5.00 1.1605
5.00 5.00 1.2782
10.00 5.00 1.3019
15.00 5.00 1.1193
20.00 5.00 0.68415
25.00 5.00 0.10474
30.00 5.00 -0.37132
35.00 5.00 -0.49565
40.00 5.00 -0.19133
45.00 5.00 0.37579
-65.00 10.00 0.66154
-60.00 10.00 0.35170
-55.00 10.00 0.14022
-50.00 10.00 0.12281
-45.00 10.00 0.27466
-40.00 10.00 0.47877
-35.00 10.00 0.62930
-30.00 10.00 0.71702
-25.00 10.00 0.81972
-20.00 10.00 1.0105
-15.00 10.00 1.2747
-10.00 10.00 1.5138
-5.00 10.00 1.6289
0.00 10.00 1.5965
5.00 10.00 1.4628
10.00 10.00 1.2694
15.00 10.00 0.99855
20.00 10.00 0.60800
25.00 10.00 0.12903
30.00 10.00 -0.27731
35.00 10.00 -0.38856
40.00 10.00 -0.82824E-01
45.00 10.00 0.53610
50.00 10.00 1.1687
55.00 10.00 1.5008
60.00 10.00 1.4044
65.00 10.00 1.0059
-70.00 15.00 1.0670
-45.00 15.00 0.34503
-40.00 15.00 0.61906
-35.00 15.00 0.83772
-30.00 15.00 0.96922
-25.00 15.00 1.1078
-20.00 15.00 1.3587
-15.00 15.00 1.7066
-10.00 15.00 1.9976
-5.00 15.00 2.0580
0.00 15.00 1.8404
5.00 15.00 1.4578
10.00 15.00 1.0767
15.00 15.00 0.77346
20.00 15.00 0.49855
25.00 15.00 0.18249
30.00 15.00 -0.12577
35.00 15.00 -0.24050
40.00 15.00 0.17869E-01
45.00 15.00 0.63675
70.00 15.00 0.86189
-75.00 20.00 1.2371
-65.00 20.00 0.92223
-60.00 20.00 0.50155
-55.00 20.00 0.14609
-50.00 20.00 0.57852E-01
-45.00 20.00 0.28000
-40.00 20.00 0.66689
-35.00 20.00 1.0129
-30.00 20.00 1.2266
-25.00 20.00 1.3862
-20.00 20.00 1.6228
-15.00 20.00 1.9457
-10.00 20.00 2.1863
-5.00 20.00 2.1284
0.00 20.00 1.7092
5.00 20.00 1.0975
10.00 20.00 0.56758
15.00 20.00 0.28094
20.00 20.00 0.17921
25.00 20.00 0.89544E-01
30.00 20.00 -0.62070E-01
35.00 20.00 -0.14215
40.00 20.00 0.77559E-01
45.00 20.00 0.68173
50.00 20.00 1.4710
55.00 20.00 2.0625
60.00 20.00 2.1583
65.00 20.00 1.7574
75.00 20.00 0.64252
-45.00 25.00 0.76210E-01
-40.00 25.00 0.59791
-35.00 25.00 1.1112
-30.00 25.00 1.4328
-25.00 25.00 1.5905
-20.00 25.00 1.7301
-15.00 25.00 1.9100
-10.00 25.00 1.9964
-5.00 25.00 1.7740
0.00 25.00 1.1744
5.00 25.00 0.39550
10.00 25.00 -0.22020
15.00 25.00 -0.45037
20.00 25.00 -0.35717
25.00 25.00 -0.19502
30.00 25.00 -0.14650
35.00 25.00 -0.13795
40.00 25.00 0.84935E-01
45.00 25.00 0.68696
-80.00 30.00 1.1851
-70.00 30.00 1.4005
-65.00 30.00 1.0382
-60.00 30.00 0.39999
-55.00 30.00 -0.22965
-50.00 30.00 -0.50152
-45.00 30.00 -0.24591
-40.00 30.00 0.39567
-35.00 30.00 1.0777
-30.00 30.00 1.5113
-25.00 30.00 1.6487
-20.00 30.00 1.6362
-15.00 30.00 1.5978
-10.00 30.00 1.4774
-5.00 30.00 1.1025
0.00 30.00 0.40624
5.00 30.00 -0.42246
10.00 30.00 -1.0322
15.00 30.00 -1.1781
20.00 30.00 -0.91880
25.00 30.00 -0.54713
30.00 30.00 -0.31221
35.00 30.00 -0.19098
40.00 30.00 0.71638E-01
45.00 30.00 0.68724
50.00 30.00 1.5705
55.00 30.00 2.3482
60.00 30.00 2.6306
65.00 30.00 2.3070
70.00 30.00 1.6140
80.00 30.00 0.55687
-45.00 35.00 -0.64740
-40.00 35.00 0.56810E-01
-35.00 35.00 0.86364
-30.00 35.00 1.3909
-25.00 35.00 1.5082
-20.00 35.00 1.3466
-15.00 35.00 1.0939
-10.00 35.00 0.79337
-5.00 35.00 0.34288
0.00 35.00 -0.31993
5.00 35.00 -1.0533
10.00 35.00 -1.5581
15.00 35.00 -1.6100
20.00 35.00 -1.2564
25.00 35.00 -0.77677
30.00 35.00 -0.42838
35.00 35.00 -0.21546
40.00 35.00 0.96609E-01
45.00 35.00 0.72679
-75.00 40.00 1.5469
-65.00 40.00 1.0873
-60.00 40.00 0.25638
-55.00 40.00 -0.64677
-50.00 40.00 -1.1848
-45.00 40.00 -1.0754
-40.00 40.00 -0.39788
-35.00 40.00 0.45308
-30.00 40.00 1.0407
-25.00 40.00 1.1637
-20.00 40.00 0.92058
-15.00 40.00 0.53766
-10.00 40.00 0.14715
-5.00 40.00 -0.27648
0.00 40.00 -0.78821
5.00 40.00 -1.3142
10.00 40.00 -1.6481
15.00 40.00 -1.6181
20.00 40.00 -1.2551
25.00 40.00 -0.78054
30.00 40.00 -0.40762
35.00 40.00 -0.14380
40.00 40.00 0.20824
45.00 40.00 0.83879
50.00 40.00 1.7022
55.00 40.00 2.4889
60.00 40.00 2.8355
65.00 40.00 2.5929
75.00 40.00 1.1871
-70.00 45.00 1.5806
-45.00 45.00 -1.4688
-40.00 45.00 -0.91584
-35.00 45.00 -0.11606
-30.00 45.00 0.49362
-25.00 45.00 0.66655
-20.00 45.00 0.45006
-15.00 45.00 0.63351E-01
-10.00 45.00 -0.31213
-5.00 45.00 -0.63823
0.00 45.00 -0.95462
5.00 45.00 -1.2475
10.00 45.00 -1.4080
15.00 45.00 -1.3268
20.00 45.00 -1.0153
25.00 45.00 -0.61472
30.00 45.00 -0.26682
35.00 45.00 0.27950E-01
40.00 45.00 0.41433
45.00 45.00 1.0278
70.00 45.00 2.0166
-65.00 50.00 1.1519
-60.00 50.00 0.27367
-55.00 50.00 -0.75499
-50.00 50.00 -1.5380
-45.00 50.00 -1.7682
-40.00 50.00 -1.4178
-35.00 50.00 -0.75361
-30.00 50.00 -0.15847
-25.00 50.00 0.10541
-20.00 50.00 0.18392E-01
-15.00 50.00 -0.25869
-10.00 50.00 -0.54770
-5.00 50.00 -0.76955
0.00 50.00 -0.93503
5.00 50.00 -1.0580
10.00 50.00 -1.1003
15.00 50.00 -1.0034
20.00 50.00 -0.75977
25.00 50.00 -0.43322
30.00 50.00 -0.96803E-01
35.00 50.00 0.24831
40.00 50.00 0.68009
45.00 50.00 1.2657
50.00 50.00 1.9521
55.00 50.00 2.5448
60.00 50.00 2.8098
65.00 50.00 2.6249
-85.00 55.00 0.87529
-45.00 55.00 -1.9293
-40.00 55.00 -1.8176
-35.00 55.00 -1.3430
-30.00 55.00 -0.79674
-25.00 55.00 -0.43035
-20.00 55.00 -0.33647
-15.00 55.00 -0.44842
-10.00 55.00 -0.63349
-5.00 55.00 -0.79230
0.00 55.00 -0.89368
5.00 55.00 -0.94283
10.00 55.00 -0.93512
15.00 55.00 -0.84447
20.00 55.00 -0.64793
25.00 55.00 -0.34989
30.00 55.00 0.24442E-01
35.00 55.00 0.45711
40.00 55.00 0.95061
45.00 55.00 1.5032
85.00 55.00 0.52351
-80.00 60.00 1.3359
-75.00 60.00 1.6482
-70.00 60.00 1.6400
-65.00 60.00 1.2241
-60.00 60.00 0.44476
-55.00 60.00 -0.51318
-50.00 60.00 -1.3863
-45.00 60.00 -1.9363
-40.00 60.00 -2.0493
-35.00 60.00 -1.7797
-30.00 60.00 -1.3154
-25.00 60.00 -0.87999
-20.00 60.00 -0.62855
-15.00 60.00 -0.59214
-10.00 60.00 -0.69665
-5.00 60.00 -0.83277
0.00 60.00 -0.92431
5.00 60.00 -0.95106
10.00 60.00 -0.92199
15.00 60.00 -0.83342
20.00 60.00 -0.65339
25.00 60.00 -0.34495
30.00 60.00 0.96212E-01
35.00 60.00 0.62673
40.00 60.00 1.1770
45.00 60.00 1.6863
50.00 60.00 2.1167
55.00 60.00 2.4324
60.00 60.00 2.5728
65.00 60.00 2.4616
70.00 60.00 2.0659
75.00 60.00 1.4658
80.00 60.00 0.86640
-45.00 65.00 -1.8074
-40.00 65.00 -2.0884
-35.00 65.00 -2.0026
-30.00 65.00 -1.6490
-25.00 65.00 -1.2154
-20.00 65.00 -0.89238
-15.00 65.00 -0.77741
-10.00 65.00 -0.83591
-5.00 65.00 -0.94818
0.00 65.00 -1.0054
5.00 65.00 -0.97623
10.00 65.00 -0.89267
15.00 65.00 -0.77964
20.00 65.00 -0.60316
25.00 65.00 -0.29272
30.00 65.00 0.18309
35.00 65.00 0.76434
40.00 65.00 1.3276
45.00 65.00 1.7714
-65.00 70.00 1.2293
-60.00 70.00 0.58567
-55.00 70.00 -0.19313
-50.00 70.00 -0.96265
-45.00 70.00 -1.5889
-40.00 70.00 -1.9571
-35.00 70.00 -2.0060
-30.00 70.00 -1.7776
-25.00 70.00 -1.4240
-20.00 70.00 -1.1356
-15.00 70.00 -1.0251
-10.00 70.00 -1.0601
-5.00 70.00 -1.1059
0.00 70.00 -1.0455
5.00 70.00 -0.87147
10.00 70.00 -0.66710
15.00 70.00 -0.50075
20.00 70.00 -0.34156
25.00 70.00 -0.83843E-01
30.00 70.00 0.34140
35.00 70.00 0.87995
40.00 70.00 1.3839
45.00 70.00 1.7328
50.00 70.00 1.9266
55.00 70.00 2.0551
60.00 70.00 2.1705
65.00 70.00 2.2001
-70.00 75.00 1.5552
-45.00 75.00 -1.3385
-40.00 75.00 -1.7104
-35.00 75.00 -1.8298
-30.00 75.00 -1.7165
-25.00 75.00 -1.4916
-20.00 75.00 -1.3141
-15.00 75.00 -1.2654
-10.00 75.00 -1.2833
-5.00 75.00 -1.2179
0.00 75.00 -0.96995
5.00 75.00 -0.58699
10.00 75.00 -0.22317
15.00 75.00 0.29680E-02
20.00 75.00 0.11795
25.00 75.00 0.26286
30.00 75.00 0.55130
35.00 75.00 0.95525
40.00 75.00 1.3321
45.00 75.00 1.5657
70.00 75.00 1.9633
-75.00 80.00 1.5398
-65.00 80.00 1.1304
-60.00 80.00 0.55878
-55.00 80.00 -0.66500E-01
-50.00 80.00 -0.64030
-45.00 80.00 -1.1037
-40.00 80.00 -1.4125
-35.00 80.00 -1.5374
-30.00 80.00 -1.5031
-25.00 80.00 -1.4052
-20.00 80.00 -1.3549
-15.00 80.00 -1.3802
-10.00 80.00 -1.3814
-5.00 80.00 -1.2043
0.00 80.00 -0.78313
5.00 80.00 -0.22354
10.00 80.00 0.26209
15.00 80.00 0.52049
20.00 80.00 0.57604
25.00 80.00 0.59243
30.00 80.00 0.71491
35.00 80.00 0.94496
40.00 80.00 1.1662
45.00 80.00 1.2877
50.00 80.00 1.3513
55.00 80.00 1.4827
60.00 80.00 1.7294
65.00 80.00 1.9573
75.00 80.00 1.5438
-45.00 85.00 -0.90583
-40.00 85.00 -1.1120
-35.00 85.00 -1.1920
-30.00 85.00 -1.1870
-25.00 85.00 -1.1717
-20.00 85.00 -1.2097
-15.00 85.00 -1.2834
-10.00 85.00 -1.2753
-5.00 85.00 -1.0470
0.00 85.00 -0.56642
5.00 85.00 0.32710E-01
10.00 85.00 0.52790
15.00 85.00 0.76812
20.00 85.00 0.77867
25.00 85.00 0.71687
30.00 85.00 0.72322
35.00 85.00 0.81132
40.00 85.00 0.89890
45.00 85.00 0.93785
-80.00 90.00 1.1697
-70.00 90.00 1.3639
-65.00 90.00 0.98284
-60.00 90.00 0.42881
-55.00 90.00 -0.10970
-50.00 90.00 -0.50800
-45.00 90.00 -0.73683
-40.00 90.00 -0.82901
-35.00 90.00 -0.83760
-30.00 90.00 -0.81988
-25.00 90.00 -0.83086
-20.00 90.00 -0.89734
-15.00 90.00 -0.98159
-10.00 90.00 -0.98195
-5.00 90.00 -0.79759
0.00 90.00 -0.41845
5.00 90.00 0.41580E-01
10.00 90.00 0.41231
15.00 90.00 0.58774
20.00 90.00 0.59465
25.00 90.00 0.54772
30.00 90.00 0.53702
35.00 90.00 0.56078
40.00 90.00 0.56943
45.00 90.00 0.56886
50.00 90.00 0.66029
55.00 90.00 0.95115
60.00 90.00 1.4094
65.00 90.00 1.8148
70.00 90.00 1.8911
80.00 90.00 0.94992
-45.00 95.00 -0.57086
-40.00 95.00 -0.55738
-35.00 95.00 -0.49178
-30.00 95.00 -0.44119
-25.00 95.00 -0.44115
-20.00 95.00 -0.49344
-15.00 95.00 -0.56429
-10.00 95.00 -0.59459
-5.00 95.00 -0.53372
0.00 95.00 -0.37957
5.00 95.00 -0.18730
10.00 95.00 -0.29684E-01
15.00 95.00 0.59852E-01
20.00 95.00 0.10685
25.00 95.00 0.15641
30.00 95.00 0.21627
35.00 95.00 0.24921
40.00 95.00 0.23381
45.00 95.00 0.23275
-75.00 100.00 1.2701
-65.00 100.00 0.86245
-60.00 100.00 0.35375
-55.00 100.00 -0.10076
-50.00 100.00 -0.35384
-45.00 100.00 -0.38618
-40.00 100.00 -0.28153
-35.00 100.00 -0.15037
-30.00 100.00 -0.65637E-01
-25.00 100.00 -0.45812E-01
-20.00 100.00 -0.75483E-01
-15.00 100.00 -0.13342
-10.00 100.00 -0.20753
-5.00 100.00 -0.29477
0.00 100.00 -0.39277
5.00 100.00 -0.48870
10.00 100.00 -0.55253
15.00 100.00 -0.54503
20.00 100.00 -0.44496
25.00 100.00 -0.27939
30.00 100.00 -0.12357
35.00 100.00 -0.50967E-01
40.00 100.00 -0.58978E-01
45.00 100.00 -0.36546E-01
50.00 100.00 0.17460
55.00 100.00 0.64722
60.00 100.00 1.2645
65.00 100.00 1.7487
75.00 100.00 1.4707
-70.00 105.00 1.1306
-45.00 105.00 -0.18670
-40.00 105.00 0.23200E-04
-35.00 105.00 0.19425
-30.00 105.00 0.31440
-25.00 105.00 0.35007
-20.00 105.00 0.32876
-15.00 105.00 0.26692
-10.00 105.00 0.14896
-5.00 105.00 -0.52240E-01
0.00 105.00 -0.33429
5.00 105.00 -0.63957
10.00 105.00 -0.86951
15.00 105.00 -0.93619
20.00 105.00 -0.82079
25.00 105.00 -0.59669
30.00 105.00 -0.39047
35.00 105.00 -0.29467
40.00 105.00 -0.28845
45.00 105.00 -0.23268
70.00 105.00 1.7725
-85.00 110.00 0.60927
-65.00 110.00 0.74489
-60.00 110.00 0.33342
-55.00 110.00 -0.10664E-01
-50.00 110.00 -0.13397
-45.00 110.00 -0.11670E-01
-40.00 110.00 0.25730
-35.00 110.00 0.52945
-30.00 110.00 0.70506
-25.00 110.00 0.76445
-20.00 110.00 0.73919
-15.00 110.00 0.65574
-10.00 110.00 0.50316
-5.00 110.00 0.25049
0.00 110.00 -0.10474
5.00 110.00 -0.50090
10.00 110.00 -0.82517
15.00 110.00 -0.97392
20.00 110.00 -0.92092
25.00 110.00 -0.74142
30.00 110.00 -0.56510
35.00 110.00 -0.48142
40.00 110.00 -0.46294
45.00 110.00 -0.37125
50.00 110.00 -0.57364E-01
55.00 110.00 0.50540
60.00 110.00 1.1567
65.00 110.00 1.6189
85.00 110.00 0.49762
-45.00 115.00 0.74270E-01
-40.00 115.00 0.42939
-35.00 115.00 0.80788
-30.00 115.00 1.0794
-25.00 115.00 1.1916
-20.00 115.00 1.1660
-15.00 115.00 1.0495
-10.00 115.00 0.86758
-5.00 115.00 0.61293
0.00 115.00 0.27601
5.00 115.00 -0.11472
10.00 115.00 -0.48132
15.00 115.00 -0.73111
20.00 115.00 -0.81615
25.00 115.00 -0.76974
30.00 115.00 -0.68319
35.00 115.00 -0.63047
40.00 115.00 -0.59617
45.00 115.00 -0.47131
-80.00 120.00 0.66473
-75.00 120.00 0.77298
-70.00 120.00 0.72649
-65.00 120.00 0.49278
-60.00 120.00 0.15161
-55.00 120.00 -0.13397
-50.00 120.00 -0.20453
-45.00 120.00 0.89806E-02
-40.00 120.00 0.44788
-35.00 120.00 0.95727
-30.00 120.00 1.3656
-25.00 120.00 1.5654
-20.00 120.00 1.5501
-15.00 120.00 1.3898
-10.00 120.00 1.1674
-5.00 120.00 0.92299
0.00 120.00 0.64506
5.00 120.00 0.31032
10.00 120.00 -0.65786E-01
15.00 120.00 -0.41584
20.00 120.00 -0.66030
25.00 120.00 -0.76646
30.00 120.00 -0.77049
35.00 120.00 -0.73537
40.00 120.00 -0.67806
45.00 120.00 -0.53634
50.00 120.00 -0.21964
55.00 120.00 0.28696
60.00 120.00 0.85543
65.00 120.00 1.2599
70.00 120.00 1.3220
75.00 120.00 1.0531
80.00 120.00 0.66946
-45.00 125.00 -0.23304
-40.00 125.00 0.27448
-35.00 125.00 0.91586
-30.00 125.00 1.4738
-25.00 125.00 1.7730
-20.00 125.00 1.7661
-15.00 125.00 1.5427
-10.00 125.00 1.2531
-5.00 125.00 1.0002
0.00 125.00 0.78205
5.00 125.00 0.52567
10.00 125.00 0.17965
15.00 125.00 -0.21861
20.00 125.00 -0.56091
25.00 125.00 -0.75378
30.00 125.00 -0.79046
35.00 125.00 -0.74039
40.00 125.00 -0.66590
45.00 125.00 -0.54945
-65.00 130.00 -0.10832E-01
-60.00 130.00 -0.37546
-55.00 130.00 -0.70298
-50.00 130.00 -0.82686
-45.00 130.00 -0.61800
-40.00 130.00 -0.67651E-01
-35.00 130.00 0.67454
-30.00 130.00 1.3500
-25.00 130.00 1.7197
-20.00 130.00 1.6963
-15.00 130.00 1.3871
-10.00 130.00 1.0076
-5.00 130.00 0.72692
0.00 130.00 0.56275
5.00 130.00 0.40716
10.00 130.00 0.15332
15.00 130.00 -0.19146
20.00 130.00 -0.50654
25.00 130.00 -0.66702
30.00 130.00 -0.65506
35.00 130.00 -0.56684
40.00 130.00 -0.50928
45.00 130.00 -0.48808
50.00 130.00 -0.40041
55.00 130.00 -0.14548
60.00 130.00 0.25054
65.00 130.00 0.62088
-70.00 135.00 -0.25189E-01
-45.00 135.00 -1.0561
-40.00 135.00 -0.49037
-35.00 135.00 0.29552
-30.00 135.00 1.0166
-25.00 135.00 1.3944
-20.00 135.00 1.3207
-15.00 135.00 0.92158
-10.00 135.00 0.46424
-5.00 135.00 0.16909
0.00 135.00 0.72736E-01
5.00 135.00 0.47572E-01
10.00 135.00 -0.49264E-01
15.00 135.00 -0.23559
20.00 135.00 -0.39780
25.00 135.00 -0.41648
30.00 135.00 -0.29748
35.00 135.00 -0.17767
40.00 135.00 -0.19544
45.00 135.00 -0.34913
70.00 135.00 0.47100
-75.00 140.00 -0.42038E-01
-65.00 140.00 -0.72213
-60.00 140.00 -1.1461
-55.00 140.00 -1.4996
-50.00 140.00 -1.6365
-45.00 140.00 -1.4326
-40.00 140.00 -0.87294
-35.00 140.00 -0.11160
-30.00 140.00 0.56482
-25.00 140.00 0.88085
-20.00 140.00 0.74013
-15.00 140.00 0.29067
-10.00 140.00 -0.17597
-5.00 140.00 -0.42397
0.00 140.00 -0.41677
5.00 140.00 -0.29342
10.00 140.00 -0.20988
15.00 140.00 -0.19454
20.00 140.00 -0.14878
25.00 140.00 0.16358E-01
30.00 140.00 0.24864
35.00 140.00 0.36684
40.00 140.00 0.21769
45.00 140.00 -0.16548
50.00 140.00 -0.55715
55.00 140.00 -0.70506
60.00 140.00 -0.52614
65.00 140.00 -0.16076
75.00 140.00 0.30641
-45.00 145.00 -1.6535
-40.00 145.00 -1.1156
-35.00 145.00 -0.44597
-30.00 145.00 0.99340E-01
-25.00 145.00 0.29900
-20.00 145.00 0.10717
-15.00 145.00 -0.30615
-10.00 145.00 -0.66378
-5.00 145.00 -0.76709
0.00 145.00 -0.61417
5.00 145.00 -0.35658
10.00 145.00 -0.13990
15.00 145.00 0.22674E-01
20.00 145.00 0.22671
25.00 145.00 0.52966
30.00 145.00 0.83080
35.00 145.00 0.91020
40.00 145.00 0.61031
45.00 145.00 0.12165E-02
-80.00 150.00 -0.94006E-01
-70.00 150.00 -0.95799
-65.00 150.00 -1.4423
-60.00 150.00 -1.8393
-55.00 150.00 -2.0474
-50.00 150.00 -1.9972
-45.00 150.00 -1.6826
-40.00 150.00 -1.1843
-35.00 150.00 -0.66692
-30.00 150.00 -0.32298
-25.00 150.00 -0.27238
-20.00 150.00 -0.47801
-15.00 150.00 -0.75244
-10.00 150.00 -0.87354
-5.00 150.00 -0.73349
0.00 150.00 -0.40317
5.00 150.00 -0.54141E-01
10.00 150.00 0.19667
15.00 150.00 0.37971
20.00 150.00 0.61377
25.00 150.00 0.94624
30.00 150.00 1.2464
35.00 150.00 1.2693
40.00 150.00 0.85425
45.00 150.00 0.91168E-01
50.00 150.00 -0.69889
55.00 150.00 -1.1678
60.00 150.00 -1.1670
65.00 150.00 -0.81650
70.00 150.00 -0.37238
80.00 150.00 0.21193
-45.00 155.00 -1.5509
-40.00 155.00 -1.1188
-35.00 155.00 -0.80360
-30.00 155.00 -0.70857
-25.00 155.00 -0.82331
-20.00 155.00 -1.0124
-15.00 155.00 -1.0791
-10.00 155.00 -0.88400
-5.00 155.00 -0.44263
0.00 155.00 0.77832E-01
5.00 155.00 0.47747
10.00 155.00 0.67287
15.00 155.00 0.75235
20.00 155.00 0.88067
25.00 155.00 1.1258
30.00 155.00 1.3599
35.00 155.00 1.3341
40.00 155.00 0.88173
45.00 155.00 0.82415E-01
-75.00 160.00 -0.86455
-65.00 160.00 -1.9522
-60.00 160.00 -2.1984
-55.00 160.00 -2.1211
-50.00 160.00 -1.7766
-45.00 160.00 -1.3351
-40.00 160.00 -1.0014
-35.00 160.00 -0.91579
-30.00 160.00 -1.0833
-25.00 160.00 -1.3638
-20.00 160.00 -1.5328
-15.00 160.00 -1.3943
-10.00 160.00 -0.89382
-5.00 160.00 -0.16443
0.00 160.00 0.53691
5.00 160.00 0.97931
10.00 160.00 1.0993
15.00 160.00 1.0289
20.00 160.00 0.97923
25.00 160.00 1.0616
30.00 160.00 1.1872
35.00 160.00 1.1323
40.00 160.00 0.72550
45.00 160.00 0.79428E-02
50.00 160.00 -0.76499
55.00 160.00 -1.2838
60.00 160.00 -1.3799
65.00 160.00 -1.1069
75.00 160.00 -0.21730
-85.00 165.00 0.78047E-01
-70.00 165.00 -1.6242
-45.00 165.00 -1.1187
-40.00 165.00 -0.90578
-35.00 165.00 -1.0369
-30.00 165.00 -1.4295
-25.00 165.00 -1.8471
-20.00 165.00 -2.0119
-15.00 165.00 -1.7402
-10.00 165.00 -1.0388
-5.00 165.00 -0.11205
0.00 165.00 0.73356
5.00 165.00 1.2445
10.00 165.00 1.3502
15.00 165.00 1.1845
20.00 165.00 0.97683
25.00 165.00 0.88485
30.00 165.00 0.88650
35.00 165.00 0.81360
40.00 165.00 0.50177
45.00 165.00 -0.60326E-01
70.00 165.00 -0.68887
85.00 165.00 0.44341
-65.00 170.00 -2.1335
-60.00 170.00 -2.1838
-55.00 170.00 -1.8714
-50.00 170.00 -1.3706
-45.00 170.00 -0.95705
-40.00 170.00 -0.86176
-35.00 170.00 -1.1453
-30.00 170.00 -1.6656
-25.00 170.00 -2.1483
-20.00 170.00 -2.3165
-15.00 170.00 -2.0133
-10.00 170.00 -1.2694
-5.00 170.00 -0.29042
0.00 170.00 0.62853
5.00 170.00 1.2319
10.00 170.00 1.4167
15.00 170.00 1.2680
20.00 170.00 0.98962
25.00 170.00 0.76769
30.00 170.00 0.65557
35.00 170.00 0.56118
40.00 170.00 0.34409
45.00 170.00 -0.53692E-01
50.00 170.00 -0.54502
55.00 170.00 -0.94863
60.00 170.00 -1.1080
65.00 170.00 -0.98239
-45.00 175.00 -0.86403
-40.00 175.00 -0.85401
-35.00 175.00 -1.1865
-30.00 175.00 -1.6968
-25.00 175.00 -2.1376
-20.00 175.00 -2.2889
-15.00 175.00 -2.0357
-10.00 175.00 -1.3979
-5.00 175.00 -0.52069
0.00 175.00 0.36992
5.00 175.00 1.0437
10.00 175.00 1.3579
15.00 175.00 1.3191
20.00 175.00 1.0699
25.00 175.00 0.79529
30.00 175.00 0.60700
35.00 175.00 0.48640
40.00 175.00 0.32857
45.00 175.00 0.49846E-01
-80.00 180.00 -0.57534
-75.00 180.00 -1.2042
-70.00 180.00 -1.7374
-65.00 180.00 -1.9960
-60.00 180.00 -1.8959
-55.00 180.00 -1.5195
-50.00 180.00 -1.0843
-45.00 180.00 -0.82153
-40.00 180.00 -0.84941
-35.00 180.00 -1.1266
-30.00 180.00 -1.5009
-25.00 180.00 -1.7999
-20.00 180.00 -1.8960
-15.00 180.00 -1.7238
-10.00 180.00 -1.2757
-5.00 180.00 -0.60872
0.00 180.00 0.14680
5.00 180.00 0.80841
10.00 180.00 1.2127
15.00 180.00 1.2996
20.00 180.00 1.1452
25.00 180.00 0.90560
30.00 180.00 0.70910
35.00 180.00 0.57742
40.00 180.00 0.43743
45.00 180.00 0.20795
50.00 180.00 -0.11384
55.00 180.00 -0.43614
60.00 180.00 -0.63241
65.00 180.00 -0.62232
70.00 180.00 -0.41287
75.00 180.00 -0.80282E-01
80.00 180.00 0.26538
-45.00 -175 -0.80005
-40.00 -175 -0.82712
-35.00 -175 -0.99021
-30.00 -175 -1.1733
-25.00 -175 -1.2933
-20.00 -175 -1.3123
-15.00 -175 -1.2054
-10.00 -175 -0.94021
-5.00 -175 -0.50421
0.00 -175 0.47658E-01
5.00 -175 0.58556
10.00 -175 0.96473
15.00 -175 1.1128
20.00 -175 1.0705
25.00 -175 0.94821
30.00 -175 0.83387
35.00 -175 0.73194
40.00 -175 0.58180
45.00 -175 0.33364
-65.00 -170 -1.6463
-60.00 -170 -1.4724
-55.00 -170 -1.1626
-50.00 -170 -0.89631
-45.00 -170 -0.77685
-40.00 -170 -0.78870
-35.00 -170 -0.84710
-30.00 -170 -0.88213
-25.00 -170 -0.87781
-20.00 -170 -0.84319
-15.00 -170 -0.76378
-10.00 -170 -0.59607
-5.00 -170 -0.31480
0.00 -170 0.39668E-01
5.00 -170 0.37168
10.00 -170 0.59753
15.00 -170 0.70768
20.00 -170 0.76204
25.00 -170 0.82022
30.00 -170 0.87354
35.00 -170 0.84580
40.00 -170 0.66501
45.00 -170 0.34058
50.00 -170 -0.24298E-01
55.00 -170 -0.29455
60.00 -170 -0.38380
65.00 -170 -0.28959
-70.00 -165 -1.4003
-45.00 -165 -0.74437
-40.00 -165 -0.74669
-35.00 -165 -0.75987
-30.00 -165 -0.75943
-25.00 -165 -0.75233
-20.00 -165 -0.72824
-15.00 -165 -0.64000
-10.00 -165 -0.44751
-5.00 -165 -0.18026
0.00 -165 0.59474E-01
5.00 -165 0.17614
10.00 -165 0.17523
15.00 -165 0.17435
20.00 -165 0.30282
25.00 -165 0.57139
30.00 -165 0.83405
35.00 -165 0.88909
40.00 -165 0.64110
45.00 -165 0.18640
70.00 -165 0.11575
-75.00 -160 -1.0027
-65.00 -160 -1.2437
-60.00 -160 -1.0754
-55.00 -160 -0.88033
-50.00 -160 -0.75596
-45.00 -160 -0.71137
-40.00 -160 -0.71018
-35.00 -160 -0.73853
-30.00 -160 -0.81328
-25.00 -160 -0.92195
-20.00 -160 -0.97588
-15.00 -160 -0.85667
-10.00 -160 -0.53483
-5.00 -160 -0.14238
0.00 -160 0.99722E-01
5.00 -160 0.64113E-01
10.00 -160 -0.14955
15.00 -160 -0.27035
20.00 -160 -0.78874E-01
25.00 -160 0.38662
30.00 -160 0.82879
35.00 -160 0.91221
40.00 -160 0.52914
45.00 -160 -0.11068
50.00 -160 -0.63628
55.00 -160 -0.78002
60.00 -160 -0.53445
65.00 -160 -0.97694E-01
75.00 -160 0.57326
-45.00 -155 -0.70172
-40.00 -155 -0.68601
-35.00 -155 -0.74550
-30.00 -155 -0.93670
-25.00 -155 -1.2090
-20.00 -155 -1.3713
-15.00 -155 -1.2183
-10.00 -155 -0.72824
-5.00 -155 -0.14210
0.00 -155 0.19089
5.00 -155 0.99813E-01
10.00 -155 -0.23856
15.00 -155 -0.42264
20.00 -155 -0.16352
25.00 -155 0.44560
30.00 -155 0.97184
35.00 -155 0.97823
40.00 -155 0.37770
45.00 -155 -0.48829
-80.00 -150 -0.47341
-70.00 -150 -0.94985
-65.00 -150 -0.93710
-60.00 -150 -0.86869
-55.00 -150 -0.82538
-50.00 -150 -0.80143
-45.00 -150 -0.75126
-40.00 -150 -0.69525
-35.00 -150 -0.74916
-30.00 -150 -1.0114
-25.00 -150 -1.4055
-20.00 -150 -1.6590
-15.00 -150 -1.4931
-10.00 -150 -0.88316
-5.00 -150 -0.14068
0.00 -150 0.29976
5.00 -150 0.23797
10.00 -150 -0.10453
15.00 -150 -0.25868
20.00 -150 0.80852E-01
25.00 -150 0.75882
30.00 -150 1.2494
35.00 -150 1.0756
40.00 -150 0.21058
45.00 -150 -0.87417
50.00 -150 -1.5500
55.00 -150 -1.4728
60.00 -150 -0.77624
65.00 -150 0.97962E-01
70.00 -150 0.74335
80.00 -150 0.98769
-45.00 -145 -0.89734
-40.00 -145 -0.78340
-35.00 -145 -0.77739
-30.00 -145 -1.0214
-25.00 -145 -1.4461
-20.00 -145 -1.7503
-15.00 -145 -1.6178
-10.00 -145 -1.0047
-5.00 -145 -0.22719
0.00 -145 0.27030
5.00 -145 0.28739
10.00 -145 0.49553E-01
15.00 -145 0.12015E-01
20.00 -145 0.43571
25.00 -145 1.1079
30.00 -145 1.4728
35.00 -145 1.0836
40.00 -145 -0.92141E-03
45.00 -145 -1.2132
-85.00 -140 -0.10666E-02
-75.00 -140 -0.59989
-65.00 -140 -0.78426
-60.00 -140 -0.90180
-55.00 -140 -1.0727
-50.00 -140 -1.1929
-45.00 -140 -1.1577
-40.00 -140 -1.0023
-35.00 -140 -0.91501
-30.00 -140 -1.0759
-25.00 -140 -1.4554
-20.00 -140 -1.7809
-15.00 -140 -1.7388
-10.00 -140 -1.2526
-5.00 -140 -0.57661
0.00 -140 -0.92972E-01
5.00 -140 0.21050E-01
10.00 -140 -0.48207E-01
15.00 -140 0.68274E-01
20.00 -140 0.54793
25.00 -140 1.1497
30.00 -140 1.3626
35.00 -140 0.82891
40.00 -140 -0.31380
45.00 -140 -1.4708
50.00 -140 -1.9893
55.00 -140 -1.5999
60.00 -140 -0.56309
65.00 -140 0.56106
75.00 -140 1.4942
85.00 -140 0.93826
-70.00 -135 -0.62083
-45.00 -135 -1.5055
-40.00 -135 -1.3645
-35.00 -135 -1.2338
-30.00 -135 -1.3127
-25.00 -135 -1.6244
-20.00 -135 -1.9623
-15.00 -135 -2.0468
-10.00 -135 -1.7646
-5.00 -135 -1.2691
0.00 -135 -0.84129
5.00 -135 -0.63290
10.00 -135 -0.53425
15.00 -135 -0.30370
20.00 -135 0.15403
25.00 -135 0.62595
30.00 -135 0.72084
35.00 -135 0.20353
40.00 -135 -0.75081
45.00 -135 -1.6149
70.00 -135 1.6234
-65.00 -130 -0.71848
-60.00 -130 -1.0177
-55.00 -130 -1.3977
-50.00 -130 -1.7214
-45.00 -130 -1.8572
-40.00 -130 -1.8016
-35.00 -130 -1.7045
-30.00 -130 -1.7545
-25.00 -130 -2.0146
-20.00 -130 -2.3545
-15.00 -130 -2.5483
-10.00 -130 -2.4570
-5.00 -130 -2.1345
0.00 -130 -1.7635
5.00 -130 -1.4853
10.00 -130 -1.2878
15.00 -130 -1.0573
20.00 -130 -0.74174
25.00 -130 -0.45703
30.00 -130 -0.41651
35.00 -130 -0.72892
40.00 -130 -1.2438
45.00 -130 -1.5971
50.00 -130 -1.4427
55.00 -130 -0.69626
60.00 -130 0.39476
65.00 -130 1.4027
-45.00 -125 -2.0903
-40.00 -125 -2.1653
-35.00 -125 -2.1673
-30.00 -125 -2.2402
-25.00 -125 -2.4584
-20.00 -125 -2.7598
-15.00 -125 -2.9863
-10.00 -125 -3.0026
-5.00 -125 -2.7949
0.00 -125 -2.4736
5.00 -125 -2.1836
10.00 -125 -2.0032
15.00 -125 -1.9148
20.00 -125 -1.8572
25.00 -125 -1.7979
30.00 -125 -1.7490
35.00 -125 -1.7147
40.00 -125 -1.6280
45.00 -125 -1.3542
-80.00 -120 -0.10671
-75.00 -120 -0.23393
-70.00 -120 -0.38115
-65.00 -120 -0.61787
-60.00 -120 -0.96403
-55.00 -120 -1.3776
-50.00 -120 -1.7787
-45.00 -120 -2.0919
-40.00 -120 -2.2880
-35.00 -120 -2.4004
-30.00 -120 -2.5014
-25.00 -120 -2.6499
-20.00 -120 -2.8421
-15.00 -120 -3.0046
-10.00 -120 -3.0420
-5.00 -120 -2.9115
0.00 -120 -2.6715
5.00 -120 -2.4599
10.00 -120 -2.4090
15.00 -120 -2.5523
20.00 -120 -2.7893
25.00 -120 -2.9361
30.00 -120 -2.8278
35.00 -120 -2.4004
40.00 -120 -1.7018
45.00 -120 -0.83676
50.00 -120 0.94593E-01
55.00 -120 1.0141
60.00 -120 1.8337
65.00 -120 2.4251
70.00 -120 2.6458
75.00 -120 2.4234
80.00 -120 1.8382
-45.00 -115 -1.8166
-40.00 -115 -2.0752
-35.00 -115 -2.2528
-30.00 -115 -2.3406
-25.00 -115 -2.3691
-20.00 -115 -2.3908
-15.00 -115 -2.4335
-10.00 -115 -2.4708
-5.00 -115 -2.4526
0.00 -115 -2.3772
5.00 -115 -2.3340
10.00 -115 -2.4556
15.00 -115 -2.7942
20.00 -115 -3.2243
25.00 -115 -3.4689
30.00 -115 -3.2550
35.00 -115 -2.4901
40.00 -115 -1.3248
45.00 -115 -0.52468E-01
-65.00 -110 -0.42837
-60.00 -110 -0.65975
-55.00 -110 -0.87356
-50.00 -110 -1.0834
-45.00 -110 -1.3214
-40.00 -110 -1.5716
-35.00 -110 -1.7527
-30.00 -110 -1.7827
-25.00 -110 -1.6663
-20.00 -110 -1.5146
-15.00 -110 -1.4628
-10.00 -110 -1.5617
-5.00 -110 -1.7485
0.00 -110 -1.9297
5.00 -110 -2.0921
10.00 -110 -2.3183
15.00 -110 -2.6734
20.00 -110 -3.0647
25.00 -110 -3.2234
30.00 -110 -2.8606
35.00 -110 -1.8857
40.00 -110 -0.50254
45.00 -110 0.90508
50.00 -110 2.0106
55.00 -110 2.7079
60.00 -110 3.0795
65.00 -110 3.2260
-70.00 -105 -0.13261
-45.00 -105 -0.75160
-40.00 -105 -0.95362
-35.00 -105 -1.1086
-30.00 -105 -1.0801
-25.00 -105 -0.85699
-20.00 -105 -0.60284
-15.00 -105 -0.54625
-10.00 -105 -0.79842
-5.00 -105 -1.2643
0.00 -105 -1.7303
5.00 -105 -2.0444
10.00 -105 -2.2154
15.00 -105 -2.3374
20.00 -105 -2.4201
25.00 -105 -2.3048
30.00 -105 -1.7698
35.00 -105 -0.74030
40.00 -105 0.59220
45.00 -105 1.8638
70.00 -105 3.2671
-75.00 -100 0.76140E-01
-65.00 -100 -0.20846
-60.00 -100 -0.29726
-55.00 -100 -0.27764
-50.00 -100 -0.23128
-45.00 -100 -0.28010
-40.00 -100 -0.44465
-35.00 -100 -0.59435
-30.00 -100 -0.56084
-25.00 -100 -0.32118
-20.00 -100 -0.70919E-01
-15.00 -100 -0.95543E-01
-10.00 -100 -0.53619
-5.00 -100 -1.2546
0.00 -100 -1.9220
5.00 -100 -2.2568
10.00 -100 -2.2033
15.00 -100 -1.9030
20.00 -100 -1.5071
25.00 -100 -1.0228
30.00 -100 -0.33936
35.00 -100 0.60189
40.00 -100 1.6762
45.00 -100 2.6228
50.00 -100 3.2315
55.00 -100 3.4875
60.00 -100 3.5326
65.00 -100 3.4857
75.00 -100 2.8624
-45.00 -95 -0.28595E-01
-40.00 -95 -0.19899
-35.00 -95 -0.39003
-30.00 -95 -0.41952
-25.00 -95 -0.25068
-20.00 -95 -0.77976E-01
-15.00 -95 -0.19686
-10.00 -95 -0.75040
-5.00 -95 -1.5713
0.00 -95 -2.2663
5.00 -95 -2.4811
10.00 -95 -2.1272
15.00 -95 -1.3918
20.00 -95 -0.54875
25.00 -95 0.24481
30.00 -95 0.99386
35.00 -95 1.7472
40.00 -95 2.4665
45.00 -95 3.0251
-80.00 -90 0.23819
-70.00 -90 0.99264E-01
-65.00 -90 -0.42786E-01
-60.00 -90 -0.10478
-55.00 -90 -0.48383E-01
-50.00 -90 0.30480E-01
-45.00 -90 -0.13729E-01
-40.00 -90 -0.22444
-35.00 -90 -0.47992
-30.00 -90 -0.59858
-25.00 -90 -0.52651
-20.00 -90 -0.42638
-15.00 -90 -0.56325
-10.00 -90 -1.0677
-5.00 -90 -1.7802
0.00 -90 -2.3223
5.00 -90 -2.3469
10.00 -90 -1.7669
15.00 -90 -0.78513
20.00 -90 0.27579
25.00 -90 1.1840
30.00 -90 1.8810
35.00 -90 2.4082
40.00 -90 2.7931
45.00 -90 3.0204
50.00 -90 3.0954
55.00 -90 3.0973
60.00 -90 3.1288
65.00 -90 3.1966
70.00 -90 3.1545
80.00 -90 2.0967
-85.00 -85 0.29239
-45.00 -85 -0.14577
-40.00 -85 -0.38771
-35.00 -85 -0.67363
-30.00 -85 -0.83669
-25.00 -85 -0.81041
-20.00 -85 -0.71130
-15.00 -85 -0.75235
-10.00 -85 -1.0501
-5.00 -85 -1.4918
0.00 -85 -1.7856
5.00 -85 -1.6591
10.00 -85 -1.0465
15.00 -85 -0.11935
20.00 -85 0.84495
25.00 -85 1.6342
30.00 -85 2.1782
35.00 -85 2.5049
40.00 -85 2.6607
45.00 -85 2.6849
85.00 -85 1.2329
-75.00 -80 0.31949
-65.00 -80 0.61275E-01
-60.00 -80 -0.68048E-01
-55.00 -80 -0.12550
-50.00 -80 -0.16453
-45.00 -80 -0.27869
-40.00 -80 -0.49604
-35.00 -80 -0.73052
-30.00 -80 -0.84562
-25.00 -80 -0.77731
-20.00 -80 -0.60147
-15.00 -80 -0.47674
-10.00 -80 -0.50750
-5.00 -80 -0.64586
0.00 -80 -0.71919
5.00 -80 -0.55919
10.00 -80 -0.12308
15.00 -80 0.48756
20.00 -80 1.1097
25.00 -80 1.6197
30.00 -80 1.9720
35.00 -80 2.1699
40.00 -80 2.2299
45.00 -80 2.1870
50.00 -80 2.1227
55.00 -80 2.1527
60.00 -80 2.3444
65.00 -80 2.6253
75.00 -80 2.5865
-70.00 -75 0.27043
-45.00 -75 -0.28233
-40.00 -75 -0.40312
-35.00 -75 -0.50378
-30.00 -75 -0.49116
-25.00 -75 -0.32129
-20.00 -75 -0.45829E-01
-15.00 -75 0.22218
-10.00 -75 0.39312
-5.00 -75 0.46188
0.00 -75 0.49623
5.00 -75 0.57177
10.00 -75 0.71633
15.00 -75 0.90825
20.00 -75 1.1143
25.00 -75 1.3179
30.00 -75 1.5093
35.00 -75 1.6601
40.00 -75 1.7295
45.00 -75 1.7113
70.00 -75 2.5510
-65.00 -70 0.15740
-60.00 -70 0.74134E-02
-55.00 -70 -0.80440E-01
-50.00 -70 -0.10487
-45.00 -70 -0.98763E-01
-40.00 -70 -0.78009E-01
-35.00 -70 -0.14756E-01
-30.00 -70 0.13860
-25.00 -70 0.39937
-20.00 -70 0.72714
-15.00 -70 1.0438
-10.00 -70 1.2804
-5.00 -70 1.4080
0.00 -70 1.4332
5.00 -70 1.3745
10.00 -70 1.2525
15.00 -70 1.1030
20.00 -70 0.98666
25.00 -70 0.96680
30.00 -70 1.0619
35.00 -70 1.2180
40.00 -70 1.3410
45.00 -70 1.3770
50.00 -70 1.3724
55.00 -70 1.4481
60.00 -70 1.6907
65.00 -70 2.0441
-45.00 -65 0.24210
-40.00 -65 0.39519
-35.00 -65 0.57801
-30.00 -65 0.80779
-25.00 -65 1.0883
-20.00 -65 1.3899
-15.00 -65 1.6592
-10.00 -65 1.8469
-5.00 -65 1.9247
0.00 -65 1.8821
5.00 -65 1.7191
10.00 -65 1.4530
15.00 -65 1.1388
20.00 -65 0.87017
25.00 -65 0.74246
30.00 -65 0.79032
35.00 -65 0.95402
40.00 -65 1.1155
45.00 -65 1.1891
-80.00 -60 0.45836
-75.00 -60 0.45224
-70.00 -60 0.36968
-65.00 -60 0.25604
-60.00 -60 0.19542
-55.00 -60 0.25077
-50.00 -60 0.41990
-45.00 -60 0.64746
-40.00 -60 0.87475
-35.00 -60 1.0812
-30.00 -60 1.2840
-25.00 -60 1.5030
-20.00 -60 1.7276
-15.00 -60 1.9163
-10.00 -60 2.0230
-5.00 -60 2.0225
0.00 -60 1.9140
5.00 -60 1.7086
10.00 -60 1.4260
15.00 -60 1.1077
20.00 -60 0.82720
25.00 -60 0.66864
30.00 -60 0.67535
35.00 -60 0.80882
40.00 -60 0.96475
45.00 -60 1.0492
50.00 -60 1.0575
55.00 -60 1.0827
60.00 -60 1.2311
65.00 -60 1.5077
70.00 -60 1.7733
75.00 -60 1.8272
80.00 -60 1.5616
-45.00 -55 1.0068
-40.00 -55 1.2338
-35.00 -55 1.3683
-30.00 -55 1.4614
-25.00 -55 1.5788
-20.00 -55 1.7362
-15.00 -55 1.8834
-10.00 -55 1.9480
-5.00 -55 1.8926
0.00 -55 1.7342
5.00 -55 1.5175
10.00 -55 1.2765
15.00 -55 1.0276
20.00 -55 0.79352
25.00 -55 0.62128
30.00 -55 0.56060
35.00 -55 0.61693
40.00 -55 0.73073
45.00 -55 0.81799
-65.00 -50 0.28568
-60.00 -50 0.33147
-55.00 -50 0.56034
-50.00 -50 0.90938
-45.00 -50 1.2326
-40.00 -50 1.4064
-35.00 -50 1.4221
-30.00 -50 1.3853
-25.00 -50 1.4212
-20.00 -50 1.5653
-15.00 -50 1.7358
-10.00 -50 1.8057
-5.00 -50 1.7095
0.00 -50 1.4872
5.00 -50 1.2351
10.00 -50 1.0187
15.00 -50 0.83287
20.00 -50 0.64001
25.00 -50 0.43846
30.00 -50 0.28277
35.00 -50 0.23405
40.00 -50 0.29444
45.00 -50 0.40008
50.00 -50 0.48589
55.00 -50 0.55620
60.00 -50 0.68093
65.00 -50 0.90937
-70.00 -45 0.34559
-45.00 -45 1.2807
-40.00 -45 1.3920
-35.00 -45 1.3081
-30.00 -45 1.1868
-25.00 -45 1.1987
-20.00 -45 1.3808
-15.00 -45 1.6030
-10.00 -45 1.6769
-5.00 -45 1.5124
0.00 -45 1.1835
5.00 -45 0.85178
10.00 -45 0.62377
15.00 -45 0.47592
20.00 -45 0.30851
25.00 -45 0.66851E-01
30.00 -45 -0.19224
35.00 -45 -0.35051
40.00 -45 -0.33901
45.00 -45 -0.19635
70.00 -45 0.87516
-75.00 -40 0.46802
-65.00 -40 0.18146
-60.00 -40 0.21862
-55.00 -40 0.47463
-50.00 -40 0.85096
-45.00 -40 1.1512
-40.00 -40 1.2296
-35.00 -40 1.1137
-30.00 -40 0.98607
-25.00 -40 1.0286
-20.00 -40 1.2573
-15.00 -40 1.4958
-10.00 -40 1.5183
-5.00 -40 1.2385
0.00 -40 0.78072
5.00 -40 0.36982
10.00 -40 0.14144
15.00 -40 0.43159E-01
20.00 -40 -0.90364E-01
25.00 -40 -0.36545
30.00 -40 -0.72267
35.00 -40 -0.98891
40.00 -40 -1.0298
45.00 -40 -0.85529
50.00 -40 -0.58509
55.00 -40 -0.32331
60.00 -40 -0.73797E-01
65.00 -40 0.22119
75.00 -40 0.87093
-45.00 -35 0.87873
-40.00 -35 0.96980
-35.00 -35 0.89870
-30.00 -35 0.83421
-25.00 -35 0.92910
-20.00 -35 1.1646
-15.00 -35 1.3435
-10.00 -35 1.2504
-5.00 -35 0.84356
0.00 -35 0.30578
5.00 -35 -0.10029
10.00 -35 -0.24758
15.00 -35 -0.24214
20.00 -35 -0.31676
25.00 -35 -0.61751
30.00 -35 -1.0731
35.00 -35 -1.4567
40.00 -35 -1.5743
45.00 -35 -1.4061
-85.00 -30 0.56377
-80.00 -30 0.59232
-70.00 -30 0.23977
-65.00 -30 -0.60548E-02
-60.00 -30 -0.11354
-55.00 -30 -0.55068E-02
-50.00 -30 0.25782
-45.00 -30 0.52082
-40.00 -30 0.65997
-35.00 -30 0.68522
-30.00 -30 0.71655
-25.00 -30 0.84904
-20.00 -30 1.0317
-15.00 -30 1.0847
-10.00 -30 0.85560
-5.00 -30 0.37938
0.00 -30 -0.11437
5.00 -30 -0.37193
10.00 -30 -0.32619
15.00 -30 -0.16171
20.00 -30 -0.16909
25.00 -30 -0.50723
30.00 -30 -1.0740
35.00 -30 -1.5898
40.00 -30 -1.8137
45.00 -30 -1.7036
50.00 -30 -1.3970
55.00 -30 -1.0554
60.00 -30 -0.73265
65.00 -30 -0.38034
70.00 -30 0.36125E-01
80.00 -30 0.72351
85.00 -30 0.76955
-45.00 -25 0.14816
-40.00 -25 0.34576
-35.00 -25 0.47788
-30.00 -25 0.59766
-25.00 -25 0.73462
-20.00 -25 0.82087
-15.00 -25 0.72937
-10.00 -25 0.40522
-5.00 -25 -0.33209E-01
0.00 -25 -0.33944
5.00 -25 -0.32057
10.00 -25 -0.11311E-01
15.00 -25 0.31803
20.00 -25 0.34644
25.00 -25 -0.59405E-01
30.00 -25 -0.74508
35.00 -25 -1.3853
40.00 -25 -1.7160
45.00 -25 -1.6917
-75.00 -20 0.52663
-65.00 -20 -0.11738
-60.00 -20 -0.39549
-55.00 -20 -0.48831
-50.00 -20 -0.38601
-45.00 -20 -0.16653
-40.00 -20 0.75366E-01
-35.00 -20 0.28932
-30.00 -20 0.46471
-25.00 -20 0.57704
-20.00 -20 0.56029
-15.00 -20 0.35729
-10.00 -20 0.13073E-01
-5.00 -20 -0.29005
0.00 -20 -0.32479
5.00 -20 0.67189E-02
10.00 -20 0.55626
15.00 -20 0.98729
20.00 -20 0.98857
25.00 -20 0.48934
30.00 -20 -0.29133
35.00 -20 -0.99966
40.00 -20 -1.3821
45.00 -20 -1.4174
50.00 -20 -1.2604
55.00 -20 -1.0703
60.00 -20 -0.88472
65.00 -20 -0.63596
75.00 -20 0.15940
-70.00 -15 0.28369
-45.00 -15 -0.36305
-40.00 -15 -0.10448
-35.00 -15 0.14810
-30.00 -15 0.33988
-25.00 -15 0.41565
-20.00 -15 0.32453
-15.00 -15 0.71871E-01
-10.00 -15 -0.22534
-5.00 -15 -0.35716
0.00 -15 -0.14171
5.00 -15 0.42207
10.00 -15 1.0973
15.00 -15 1.5219
20.00 -15 1.4330
25.00 -15 0.84287
30.00 -15 0.30694E-01
35.00 -15 -0.64629
40.00 -15 -0.97790
45.00 -15 -0.99527
70.00 -15 -0.30478
-65.00 -10 -0.13703E-01
-60.00 -10 -0.36552
-55.00 -10 -0.56853
-50.00 -10 -0.57214
-45.00 -10 -0.40962
-40.00 -10 -0.16191
-35.00 -10 0.86044E-01
-30.00 -10 0.26233
-25.00 -10 0.30742
-20.00 -10 0.19083
-15.00 -10 -0.45320E-01
-10.00 -10 -0.25820
-5.00 -10 -0.25010
0.00 -10 0.10677
5.00 -10 0.74576
10.00 -10 1.3923
15.00 -10 1.7055
20.00 -10 1.4928
25.00 -10 0.84464
30.00 -10 0.79410E-01
35.00 -10 -0.46541
40.00 -10 -0.64177
45.00 -10 -0.54749
50.00 -10 -0.40325
55.00 -10 -0.36301
60.00 -10 -0.41122
65.00 -10 -0.41354
-45.00 -5 -0.31357
-40.00 -5 -0.93822E-01
-35.00 -5 0.11931
-30.00 -5 0.26176
-25.00 -5 0.29336
-20.00 -5 0.20494
-15.00 -5 0.44374E-01
-10.00 -5 -0.67982E-01
-5.00 -5 0.18823E-01
0.00 -5 0.38363
5.00 -5 0.93700
10.00 -5 1.4250
15.00 -5 1.5649
20.00 -5 1.2342
25.00 -5 0.57264
30.00 -5 -0.92346E-01
35.00 -5 -0.45528
40.00 -5 -0.42445
45.00 -5 -0.15621
90.00 0.00 0.62679
-90.00 0.00 0.42342
