-85.00 0.00 0.53520
-80.00 0.00 0.54577
-75.00 0.00 0.42784
-70.00 0.00 0.22658
-65.00 0.00 -0.10372E-01
-60.00 0.00 -0.25231
-55.00 0.00 -0.47195
-50.00 0.00 -0.62434
-45.00 0.00 -0.65226
-40.00 0.00 -0.52674
-35.00 0.00 -0.28830
-30.00 0.00 -0.40903E-01
-25.00 0.00 0.11272
-20.00 0.00 0.14855
-15.00 0.00 0.14335
-10.00 0.00 0.21330
-5.00 0.00 0.41327
0.00 0.00 0.68041
5.00 0.00 0.87383
10.00 0.00 0.88209
15.00 0.00 0.71142
20.00 0.00 0.48181
25.00 0.00 0.33411
30.00 0.00 0.32373
35.00 0.00 0.38472
40.00 0.00 0.38804
45.00 0.00 0.24267
50.00 0.00 -0.39193E-01
55.00 0.00 -0.35529
60.00 0.00 -0.58390
65.00 0.00 -0.65436
70.00 0.00 -0.57363
75.00 0.00 -0.40324
80.00 0.00 -0.22118
85.00 0.00 -0.84416E-01
-45.00 5.00 -0.53150
-40.00 5.00 -0.34320
-35.00 5.00 -0.74432E-01
-30.00 5.00 0.16893
-25.00 5.00 0.31116
-20.00 5.00 0.35754
-15.00 5.00 0.38243
-10.00 5.00 0.45938
-5.00 5.00 0.59086
0.00 5.00 0.69950
5.00 5.00 0.69173
10.00 5.00 0.54131
15.00 5.00 0.32130
20.00 5.00 0.15541
25.00 5.00 0.12723
30.00 5.00 0.21989
35.00 5.00 0.33148
40.00 5.00 0.34952
45.00 5.00 0.22467
-65.00 10.00 0.18522E-01
-60.00 10.00 -0.24167
-55.00 10.00 -0.43682
-50.00 10.00 -0.49622
-45.00 10.00 -0.37936
-40.00 10.00 -0.11614
-35.00 10.00 0.19295
-30.00 10.00 0.43235
-25.00 10.00 0.54640
-20.00 10.00 0.57169
-15.00 10.00 0.59531
-10.00 10.00 0.67099
-5.00 10.00 0.76577
0.00 10.00 0.78564
5.00 10.00 0.66024
10.00 10.00 0.41358
15.00 10.00 0.15828
20.00 10.00 0.16587E-01
25.00 10.00 0.33311E-01
30.00 10.00 0.14988
35.00 10.00 0.25473
40.00 10.00 0.26301
45.00 10.00 0.16209
50.00 10.00 -0.21774E-02
55.00 10.00 -0.17153
60.00 10.00 -0.30835
65.00 10.00 -0.39557
-70.00 15.00 0.29085
-45.00 15.00 -0.25826
-40.00 15.00 0.77237E-01
-35.00 15.00 0.43227
-30.00 15.00 0.67305
-25.00 15.00 0.75084
-20.00 15.00 0.72823
-15.00 15.00 0.71667
-10.00 15.00 0.77532
-5.00 15.00 0.85840
0.00 15.00 0.85760
5.00 15.00 0.70251
10.00 15.00 0.43061
15.00 15.00 0.16541
20.00 15.00 0.23280E-01
25.00 15.00 0.29719E-01
30.00 15.00 0.11338
35.00 15.00 0.17407
40.00 15.00 0.15902
45.00 15.00 0.83976E-01
70.00 15.00 -0.34018
-75.00 20.00 0.51654
-65.00 20.00 0.13814E-01
-60.00 20.00 -0.25834
-55.00 20.00 -0.44032
-50.00 20.00 -0.44069
-45.00 20.00 -0.21772
-40.00 20.00 0.16758
-35.00 20.00 0.56288
-30.00 20.00 0.81179
-25.00 20.00 0.85653
-20.00 20.00 0.77047
-15.00 20.00 0.68875
-10.00 20.00 0.69301
-5.00 20.00 0.74834
0.00 20.00 0.74532
5.00 20.00 0.60655
10.00 20.00 0.36127
15.00 20.00 0.12326
20.00 20.00 -0.35423E-02
25.00 20.00 -0.42741E-02
30.00 20.00 0.50388E-01
35.00 20.00 0.78072E-01
40.00 20.00 0.54075E-01
45.00 20.00 0.13801E-01
50.00 20.00 -0.38190E-02
55.00 20.00 -0.71360E-02
60.00 20.00 -0.43175E-01
65.00 20.00 -0.14048
75.00 20.00 -0.33784
-45.00 25.00 -0.27208
-40.00 25.00 0.12390
-35.00 25.00 0.53968
-30.00 25.00 0.79964
-25.00 25.00 0.82424
-20.00 25.00 0.67744
-15.00 25.00 0.50518
-10.00 25.00 0.41538
-5.00 25.00 0.40157
0.00 25.00 0.37191
5.00 25.00 0.25041
10.00 25.00 0.54128E-01
15.00 25.00 -0.12227
20.00 25.00 -0.19358
25.00 25.00 -0.15688
30.00 25.00 -0.83174E-01
35.00 25.00 -0.42886E-01
40.00 25.00 -0.42801E-01
45.00 25.00 -0.35588E-01
-80.00 30.00 0.65011
-70.00 30.00 0.27382
-65.00 30.00 -0.12179E-01
-60.00 30.00 -0.29636
-55.00 30.00 -0.51067
-50.00 30.00 -0.56390
-45.00 30.00 -0.39304
-40.00 30.00 -0.32246E-01
-35.00 30.00 0.37266
-30.00 30.00 0.63858
-25.00 30.00 0.66134
-20.00 30.00 0.48001
-15.00 30.00 0.23392
-10.00 30.00 0.48894E-01
-5.00 30.00 -0.49229E-01
0.00 30.00 -0.12376
5.00 30.00 -0.23967
10.00 30.00 -0.38815
15.00 30.00 -0.49362
20.00 30.00 -0.49010
25.00 30.00 -0.38678
30.00 30.00 -0.25782
35.00 30.00 -0.16960
40.00 30.00 -0.12174
45.00 30.00 -0.62152E-01
50.00 30.00 0.40858E-01
55.00 30.00 0.14629
60.00 30.00 0.16674
65.00 30.00 0.52658E-01
70.00 30.00 -0.14661
80.00 30.00 -0.32926
-45.00 35.00 -0.52200
-40.00 35.00 -0.23687
-35.00 35.00 0.12037
-30.00 35.00 0.37686
-25.00 35.00 0.41318
-20.00 35.00 0.24046
-15.00 35.00 -0.21128E-01
-10.00 35.00 -0.24269
-5.00 35.00 -0.37750
0.00 35.00 -0.46682
5.00 35.00 -0.56730
10.00 35.00 -0.67797
15.00 35.00 -0.73815
20.00 35.00 -0.69258
25.00 35.00 -0.55243
30.00 35.00 -0.38817
35.00 35.00 -0.26253
40.00 35.00 -0.17447
45.00 35.00 -0.73944E-01
-75.00 40.00 0.49234
-65.00 40.00 -0.82573E-02
-60.00 40.00 -0.25644
-55.00 40.00 -0.47483
-50.00 40.00 -0.61113
-45.00 40.00 -0.59703
-40.00 40.00 -0.41350
-35.00 40.00 -0.13831
-30.00 40.00 0.83646E-01
-25.00 40.00 0.13530
-20.00 40.00 0.91109E-02
-15.00 40.00 -0.19670
-10.00 40.00 -0.36381
-5.00 40.00 -0.44417
0.00 40.00 -0.47685
5.00 40.00 -0.52538
10.00 40.00 -0.60348
15.00 40.00 -0.66183
20.00 40.00 -0.64289
25.00 40.00 -0.54197
30.00 40.00 -0.41008
35.00 40.00 -0.29814
40.00 40.00 -0.20490
45.00 40.00 -0.87517E-01
50.00 40.00 0.73765E-01
55.00 40.00 0.22627
60.00 40.00 0.27107
65.00 40.00 0.15019
75.00 40.00 -0.29616
-70.00 45.00 0.24343
-45.00 45.00 -0.58220
-40.00 45.00 -0.50788
-35.00 45.00 -0.33848
-30.00 45.00 -0.17953
-25.00 45.00 -0.12941
-20.00 45.00 -0.20067
-15.00 45.00 -0.31268
-10.00 45.00 -0.36454
-5.00 45.00 -0.32183
0.00 45.00 -0.23876
5.00 45.00 -0.20000
10.00 45.00 -0.24143
15.00 45.00 -0.32465
20.00 45.00 -0.38235
25.00 45.00 -0.38204
30.00 45.00 -0.34291
35.00 45.00 -0.29506
40.00 45.00 -0.23325
45.00 45.00 -0.12235
70.00 45.00 -0.74432E-01
-65.00 50.00 0.52704E-01
-60.00 50.00 -0.92571E-01
-55.00 50.00 -0.23072
-50.00 50.00 -0.37470
-45.00 50.00 -0.48492
-40.00 50.00 -0.51053
-35.00 50.00 -0.45212
-30.00 50.00 -0.37476
-25.00 50.00 -0.35202
-20.00 50.00 -0.39432
-15.00 50.00 -0.43429
-10.00 50.00 -0.38782
-5.00 50.00 -0.23494
0.00 50.00 -0.44491E-01
5.00 50.00 0.80149E-01
10.00 50.00 0.82673E-01
15.00 50.00 -0.11135E-01
20.00 50.00 -0.12989
25.00 50.00 -0.22033
30.00 50.00 -0.27414
35.00 50.00 -0.29980
40.00 50.00 -0.28310
45.00 50.00 -0.19047
50.00 50.00 -0.18573E-01
55.00 50.00 0.16527
60.00 50.00 0.24821
65.00 50.00 0.15658
-85.00 55.00 0.62623
-45.00 55.00 -0.35314
-40.00 55.00 -0.45718
-35.00 55.00 -0.49130
-30.00 55.00 -0.48867
-25.00 55.00 -0.50568
-20.00 55.00 -0.55597
-15.00 55.00 -0.58723
-10.00 55.00 -0.52780
-5.00 55.00 -0.35932
0.00 55.00 -0.14448
5.00 55.00 0.17188E-01
10.00 55.00 0.63776E-01
15.00 55.00 0.73937E-02
20.00 55.00 -0.94126E-01
25.00 55.00 -0.19304
30.00 55.00 -0.27621
35.00 55.00 -0.34053
40.00 55.00 -0.35864
45.00 55.00 -0.28640
85.00 55.00 -0.25998
-80.00 60.00 0.62397
-75.00 60.00 0.45308
-70.00 60.00 0.25584
-65.00 60.00 0.13738
-60.00 60.00 0.92057E-01
-55.00 60.00 0.39872E-01
-50.00 60.00 -0.80819E-01
-45.00 60.00 -0.25365
-40.00 60.00 -0.40824
-35.00 60.00 -0.49418
-30.00 60.00 -0.52709
-25.00 60.00 -0.56347
-20.00 60.00 -0.63517
-15.00 60.00 -0.71258
-10.00 60.00 -0.73277
-5.00 60.00 -0.66196
0.00 60.00 -0.52901
5.00 60.00 -0.39940
10.00 60.00 -0.31990
15.00 60.00 -0.29053
20.00 60.00 -0.28623
25.00 60.00 -0.29615
30.00 60.00 -0.33133
35.00 60.00 -0.39138
40.00 60.00 -0.43262
45.00 60.00 -0.38593
50.00 60.00 -0.22166
55.00 60.00 -0.10277E-02
60.00 60.00 0.14696
65.00 60.00 0.11936
70.00 60.00 -0.70637E-01
75.00 60.00 -0.28998
80.00 60.00 -0.37864
-45.00 65.00 -0.24146
-40.00 65.00 -0.41792
-35.00 65.00 -0.50312
-30.00 65.00 -0.51073
-25.00 65.00 -0.51610
-20.00 65.00 -0.58399
-15.00 65.00 -0.71390
-10.00 65.00 -0.84912
-5.00 65.00 -0.93020
0.00 65.00 -0.93643
5.00 65.00 -0.88179
10.00 65.00 -0.78439
15.00 65.00 -0.65276
20.00 65.00 -0.50355
25.00 65.00 -0.38061
30.00 65.00 -0.33712
35.00 65.00 -0.38460
40.00 65.00 -0.45991
45.00 65.00 -0.45772
-65.00 70.00 0.19757
-60.00 70.00 0.16059
-55.00 70.00 0.79509E-01
-50.00 70.00 -0.10132
-45.00 70.00 -0.33433
-40.00 70.00 -0.50747
-35.00 70.00 -0.54402
-30.00 70.00 -0.47018
-25.00 70.00 -0.39274
-20.00 70.00 -0.41322
-15.00 70.00 -0.55652
-10.00 70.00 -0.76758
-5.00 70.00 -0.96245
0.00 70.00 -1.0782
5.00 70.00 -1.0854
10.00 70.00 -0.97666
15.00 70.00 -0.76515
20.00 70.00 -0.50220
25.00 70.00 -0.28094
30.00 70.00 -0.19465
35.00 70.00 -0.26613
40.00 70.00 -0.41046
45.00 70.00 -0.48173
50.00 70.00 -0.38285
55.00 70.00 -0.15093
60.00 70.00 0.61350E-01
65.00 70.00 0.10398
-70.00 75.00 0.30877
-45.00 75.00 -0.50391
-40.00 75.00 -0.65428
-35.00 75.00 -0.61410
-30.00 75.00 -0.43474
-25.00 75.00 -0.25712
-20.00 75.00 -0.20819
-15.00 75.00 -0.32040
-10.00 75.00 -0.53104
-5.00 75.00 -0.74151
0.00 75.00 -0.87372
5.00 75.00 -0.88527
10.00 75.00 -0.76010
15.00 75.00 -0.51238
20.00 75.00 -0.20818
25.00 75.00 0.33639E-01
30.00 75.00 0.96052E-01
35.00 75.00 -0.48956E-01
40.00 75.00 -0.29580
45.00 75.00 -0.46146
70.00 75.00 -0.18704E-01
-75.00 80.00 0.47473
-65.00 80.00 0.23867
-60.00 80.00 0.12379
-55.00 80.00 -0.89636E-01
-50.00 80.00 -0.39954
-45.00 80.00 -0.68743
-40.00 80.00 -0.80182
-35.00 80.00 -0.68304
-30.00 80.00 -0.41702
-25.00 80.00 -0.17207
-20.00 80.00 -0.77366E-01
-15.00 80.00 -0.14647
-10.00 80.00 -0.29747
-5.00 80.00 -0.43102
0.00 80.00 -0.48768
5.00 80.00 -0.44740
10.00 80.00 -0.30337
15.00 80.00 -0.63342E-01
20.00 80.00 0.21672
25.00 80.00 0.41907
30.00 80.00 0.41888
35.00 80.00 0.18453
40.00 80.00 -0.16530
45.00 80.00 -0.41978
50.00 80.00 -0.42411
55.00 80.00 -0.20141
60.00 80.00 0.60391E-01
65.00 80.00 0.15530
75.00 80.00 -0.21616
-45.00 85.00 -0.81424
-40.00 85.00 -0.88599
-35.00 85.00 -0.70857
-30.00 85.00 -0.40561
-25.00 85.00 -0.15849
-20.00 85.00 -0.72469E-01
-15.00 85.00 -0.11913
-10.00 85.00 -0.19203
-5.00 85.00 -0.20745
0.00 85.00 -0.15259
5.00 85.00 -0.51875E-01
10.00 85.00 0.88628E-01
15.00 85.00 0.28287
20.00 85.00 0.50816
25.00 85.00 0.66481
30.00 85.00 0.62315
35.00 85.00 0.33850
40.00 85.00 -0.71622E-01
45.00 85.00 -0.38017
-80.00 90.00 0.59171
-70.00 90.00 0.41564
-65.00 90.00 0.31421
-60.00 90.00 0.13108
-55.00 90.00 -0.18359
-50.00 90.00 -0.56132
-45.00 90.00 -0.83485
-40.00 90.00 -0.86509
-35.00 90.00 -0.66064
-30.00 90.00 -0.37586
-25.00 90.00 -0.18582
-20.00 90.00 -0.15137
-15.00 90.00 -0.19377
-10.00 90.00 -0.19135
-5.00 90.00 -0.96058E-01
0.00 90.00 0.41909E-01
5.00 90.00 0.15285
10.00 90.00 0.23400
15.00 90.00 0.34454
20.00 90.00 0.51248
25.00 90.00 0.65907
30.00 90.00 0.63862
35.00 90.00 0.37536
40.00 90.00 -0.30931E-01
45.00 90.00 -0.34715
50.00 90.00 -0.38112
55.00 90.00 -0.14196
60.00 90.00 0.15945
65.00 90.00 0.27864
70.00 90.00 0.13263
80.00 90.00 -0.32110
-45.00 95.00 -0.73870
-40.00 95.00 -0.73812
-35.00 95.00 -0.54030
-30.00 95.00 -0.31284
-25.00 95.00 -0.20336
-20.00 95.00 -0.21853
-15.00 95.00 -0.23923
-10.00 95.00 -0.15261
-5.00 95.00 0.31508E-01
0.00 95.00 0.19504
5.00 95.00 0.23925
10.00 95.00 0.19252
15.00 95.00 0.18296
20.00 95.00 0.29793
25.00 95.00 0.47245
30.00 95.00 0.52896
35.00 95.00 0.34461
40.00 95.00 -0.99141E-02
45.00 95.00 -0.30141
-75.00 100.00 0.54293
-65.00 100.00 0.44778
-60.00 100.00 0.27871
-55.00 100.00 -0.20048E-01
-50.00 100.00 -0.35063
-45.00 100.00 -0.55337
-40.00 100.00 -0.54113
-35.00 100.00 -0.37918
-30.00 100.00 -0.22543
-25.00 100.00 -0.18262
-20.00 100.00 -0.20523
-15.00 100.00 -0.15583
-10.00 100.00 0.41320E-01
-5.00 100.00 0.30271
0.00 100.00 0.44850
5.00 100.00 0.37326
10.00 100.00 0.15930
15.00 100.00 0.13927E-01
20.00 100.00 0.79566E-01
25.00 100.00 0.29404
30.00 100.00 0.43958
35.00 100.00 0.34373
40.00 100.00 0.48277E-01
45.00 100.00 -0.21468
50.00 100.00 -0.22400
55.00 100.00 0.32104E-01
60.00 100.00 0.34067
65.00 100.00 0.44526
75.00 100.00 -0.63312E-01
-70.00 105.00 0.54986
-45.00 105.00 -0.32749
-40.00 105.00 -0.32448
-35.00 105.00 -0.21728
-30.00 105.00 -0.13511
-25.00 105.00 -0.12917
-20.00 105.00 -0.11419
-15.00 105.00 0.42320E-01
-10.00 105.00 0.36247
-5.00 105.00 0.69173
0.00 105.00 0.80741
5.00 105.00 0.61647
10.00 105.00 0.25877
15.00 105.00 0.64722E-02
20.00 105.00 0.36763E-01
25.00 105.00 0.27983
30.00 105.00 0.48356
35.00 105.00 0.44123
40.00 105.00 0.17783
45.00 105.00 -0.73994E-01
70.00 105.00 0.31951
-85.00 110.00 0.50772
-65.00 110.00 0.57968
-60.00 110.00 0.48534
-55.00 110.00 0.27809
-50.00 110.00 0.41024E-01
-45.00 110.00 -0.10873
-40.00 110.00 -0.12607
-35.00 110.00 -0.74371E-01
-30.00 110.00 -0.47644E-01
-25.00 110.00 -0.54627E-01
-20.00 110.00 0.91065E-02
-15.00 110.00 0.25559
-10.00 110.00 0.65908
-5.00 110.00 1.0220
0.00 110.00 1.1109
5.00 110.00 0.85721
10.00 110.00 0.43948
15.00 110.00 0.15579
20.00 110.00 0.18476
25.00 110.00 0.44138
30.00 110.00 0.65804
35.00 110.00 0.62196
40.00 110.00 0.35911
45.00 110.00 0.10267
50.00 110.00 0.77914E-01
55.00 110.00 0.29885
60.00 110.00 0.55666
65.00 110.00 0.60436
85.00 110.00 -0.23173
-45.00 115.00 0.70696E-01
-40.00 115.00 0.41236E-01
-35.00 115.00 0.60898E-01
-30.00 115.00 0.62556E-01
-25.00 115.00 0.56475E-01
-20.00 115.00 0.14120
-15.00 115.00 0.40293
-10.00 115.00 0.79405
-5.00 115.00 1.1208
0.00 115.00 1.1785
5.00 115.00 0.92839
10.00 115.00 0.55404
15.00 115.00 0.32908
20.00 115.00 0.39804
25.00 115.00 0.65896
30.00 115.00 0.85474
35.00 115.00 0.79698
40.00 115.00 0.52678
45.00 115.00 0.27174
-80.00 120.00 0.48419
-75.00 120.00 0.50679
-70.00 120.00 0.55918
-65.00 120.00 0.60181
-60.00 120.00 0.57024
-55.00 120.00 0.44857
-50.00 120.00 0.29549
-45.00 120.00 0.19486
-40.00 120.00 0.18017
-35.00 120.00 0.21164
-30.00 120.00 0.23160
-25.00 120.00 0.24032
-20.00 120.00 0.30699
-15.00 120.00 0.49368
-10.00 120.00 0.76365
-5.00 120.00 0.97474
0.00 120.00 0.98481
5.00 120.00 0.78361
10.00 120.00 0.52543
15.00 120.00 0.41631
20.00 120.00 0.54300
25.00 120.00 0.79392
30.00 120.00 0.94927
35.00 120.00 0.86835
40.00 120.00 0.61142
45.00 120.00 0.38719
50.00 120.00 0.36987
55.00 120.00 0.54586
60.00 120.00 0.72365
65.00 120.00 0.69728
70.00 120.00 0.42109
75.00 120.00 0.45137E-01
80.00 120.00 -0.20576
-45.00 125.00 0.25553
-40.00 125.00 0.28721
-35.00 125.00 0.37630
-30.00 125.00 0.45876
-25.00 125.00 0.50320
-20.00 125.00 0.53500
-15.00 125.00 0.59629
-10.00 125.00 0.68424
-5.00 125.00 0.73673
0.00 125.00 0.68939
5.00 125.00 0.55265
10.00 125.00 0.42773
15.00 125.00 0.43157
20.00 125.00 0.58978
25.00 125.00 0.79718
30.00 125.00 0.89354
35.00 125.00 0.79781
40.00 125.00 0.58398
45.00 125.00 0.42540
-65.00 130.00 0.44120
-60.00 130.00 0.41419
-55.00 130.00 0.33583
-50.00 130.00 0.25573
-45.00 130.00 0.24481
-40.00 130.00 0.33876
-35.00 130.00 0.50721
-30.00 130.00 0.67485
-25.00 130.00 0.77488
-20.00 130.00 0.78873
-15.00 130.00 0.74192
-10.00 130.00 0.66884
-5.00 130.00 0.58582
0.00 130.00 0.49794
5.00 130.00 0.42471
10.00 130.00 0.40692
15.00 130.00 0.47572
20.00 130.00 0.60946
25.00 130.00 0.72715
30.00 130.00 0.74032
35.00 130.00 0.62859
40.00 130.00 0.47114
45.00 130.00 0.39477
50.00 130.00 0.47051
55.00 130.00 0.64300
60.00 130.00 0.75889
65.00 130.00 0.68097
-70.00 135.00 0.30913
-45.00 135.00 0.15731
-40.00 135.00 0.30053
-35.00 135.00 0.52900
-30.00 135.00 0.76544
-25.00 135.00 0.92387
-20.00 135.00 0.95566
-15.00 135.00 0.87047
-10.00 135.00 0.72306
-5.00 135.00 0.58028
0.00 135.00 0.49182
5.00 135.00 0.47758
10.00 135.00 0.52851
15.00 135.00 0.61154
20.00 135.00 0.67719
25.00 135.00 0.67653
30.00 135.00 0.58932
35.00 135.00 0.44799
40.00 135.00 0.33245
45.00 135.00 0.32444
70.00 135.00 0.36406
-75.00 140.00 0.22927
-65.00 140.00 0.11331
-60.00 140.00 0.41548E-01
-55.00 140.00 -0.26659E-01
-50.00 140.00 -0.53825E-01
-45.00 140.00 0.94998E-03
-40.00 140.00 0.15632
-35.00 140.00 0.39096
-30.00 140.00 0.64483
-25.00 140.00 0.84169
-20.00 140.00 0.92405
-15.00 140.00 0.88272
-10.00 140.00 0.76302
-5.00 140.00 0.64162
0.00 140.00 0.58567
5.00 140.00 0.61757
10.00 140.00 0.70517
15.00 140.00 0.78178
20.00 140.00 0.78329
25.00 140.00 0.68270
30.00 140.00 0.50606
35.00 140.00 0.32353
40.00 140.00 0.21792
45.00 140.00 0.24161
50.00 140.00 0.38114
55.00 140.00 0.55196
60.00 140.00 0.63666
65.00 140.00 0.55359
75.00 140.00 0.32902E-01
-45.00 145.00 -0.19356
-40.00 145.00 -0.65447E-01
-35.00 145.00 0.11633
-30.00 145.00 0.32886
-25.00 145.00 0.53442
-20.00 145.00 0.68597
-15.00 145.00 0.74883
-10.00 145.00 0.72659
-5.00 145.00 0.66749
0.00 145.00 0.63828
5.00 145.00 0.67917
10.00 145.00 0.77230
15.00 145.00 0.84932
20.00 145.00 0.83531
25.00 145.00 0.69943
30.00 145.00 0.47872
35.00 145.00 0.26076
40.00 145.00 0.13714
45.00 145.00 0.15432
-80.00 150.00 0.16836
-70.00 150.00 -0.13430
-65.00 150.00 -0.28967
-60.00 150.00 -0.41058
-55.00 150.00 -0.46370
-50.00 150.00 -0.44322
-45.00 150.00 -0.37535
-40.00 150.00 -0.29058
-35.00 150.00 -0.19189
-30.00 150.00 -0.54221E-01
-25.00 150.00 0.14039
-20.00 150.00 0.36639
-15.00 150.00 0.55705
-10.00 150.00 0.65082
-5.00 150.00 0.64259
0.00 150.00 0.59242
5.00 150.00 0.57908
10.00 150.00 0.63526
15.00 150.00 0.71850
20.00 150.00 0.74277
25.00 150.00 0.64583
30.00 150.00 0.44021
35.00 150.00 0.21033
40.00 150.00 0.60516E-01
45.00 150.00 0.51470E-01
50.00 150.00 0.16552
55.00 150.00 0.31816
60.00 150.00 0.40581
65.00 150.00 0.36327
70.00 150.00 0.20124
80.00 150.00 -0.12306
-45.00 155.00 -0.49093
-40.00 155.00 -0.42976
-35.00 155.00 -0.39949
-30.00 155.00 -0.33153
-25.00 155.00 -0.15216
-20.00 155.00 0.13777
-15.00 155.00 0.44091
-10.00 155.00 0.62660
-5.00 155.00 0.63022
0.00 155.00 0.50441
5.00 155.00 0.37704
10.00 155.00 0.35025
15.00 155.00 0.42372
20.00 155.00 0.50311
25.00 155.00 0.48223
30.00 155.00 0.32977
35.00 155.00 0.11339
40.00 155.00 -0.51031E-01
45.00 155.00 -0.80731E-01
-75.00 160.00 -0.18981
-65.00 160.00 -0.65431
-60.00 160.00 -0.78743
-55.00 160.00 -0.78186
-50.00 160.00 -0.65820
-45.00 160.00 -0.50806
-40.00 160.00 -0.42378
-35.00 160.00 -0.41403
-30.00 160.00 -0.38695
-25.00 160.00 -0.22821
-20.00 160.00 0.86920E-01
-15.00 160.00 0.44767
-10.00 160.00 0.67672
-5.00 160.00 0.66317
0.00 160.00 0.44962
5.00 160.00 0.19977
10.00 160.00 0.73057E-01
15.00 160.00 0.10930
20.00 160.00 0.21394
25.00 160.00 0.24800
30.00 160.00 0.14300
35.00 160.00 -0.50589E-01
40.00 160.00 -0.21066
45.00 160.00 -0.23886
50.00 160.00 -0.12752
55.00 160.00 0.44382E-01
60.00 160.00 0.17129
65.00 160.00 0.18812
75.00 160.00 -0.17391E-01
-85.00 165.00 0.20167
-70.00 165.00 -0.56032
-45.00 165.00 -0.43178
-40.00 165.00 -0.27500
-35.00 165.00 -0.23402
-30.00 165.00 -0.22380
-25.00 165.00 -0.11307
-20.00 165.00 0.15177
-15.00 165.00 0.48045
-10.00 165.00 0.69495
-5.00 165.00 0.66675
0.00 165.00 0.42105
5.00 165.00 0.11927
10.00 165.00 -0.65230E-01
15.00 165.00 -0.74499E-01
20.00 165.00 0.62213E-02
25.00 165.00 0.35096E-01
30.00 165.00 -0.64421E-01
35.00 165.00 -0.24667
40.00 165.00 -0.38939
45.00 165.00 -0.39379
70.00 165.00 0.69685E-01
85.00 165.00 -0.63411E-01
-65.00 170.00 -0.90103
-60.00 170.00 -1.0036
-55.00 170.00 -0.91075
-50.00 170.00 -0.63937
-45.00 170.00 -0.30275
-40.00 170.00 -0.46070E-01
-35.00 170.00 0.55873E-01
-30.00 170.00 0.51815E-01
-25.00 170.00 0.66243E-01
-20.00 170.00 0.18667
-15.00 170.00 0.38281
-10.00 170.00 0.52963
-5.00 170.00 0.51505
0.00 170.00 0.33763
5.00 170.00 0.10873
10.00 170.00 -0.41213E-01
15.00 170.00 -0.68551E-01
20.00 170.00 -0.42905E-01
25.00 170.00 -0.75460E-01
30.00 170.00 -0.21573
35.00 170.00 -0.40624
40.00 170.00 -0.52931
45.00 170.00 -0.50087
50.00 170.00 -0.33233
55.00 170.00 -0.11651
60.00 170.00 0.41458E-01
65.00 170.00 0.89884E-01
-45.00 175.00 -0.17858
-40.00 175.00 0.17131
-35.00 175.00 0.33423
-30.00 175.00 0.30520
-25.00 175.00 0.18498
-20.00 175.00 0.96210E-01
-15.00 175.00 0.94264E-01
-10.00 175.00 0.14434
-5.00 175.00 0.17527
0.00 175.00 0.15292
5.00 175.00 0.10450
10.00 175.00 0.76537E-01
15.00 175.00 0.74424E-01
20.00 175.00 0.47170E-01
25.00 175.00 -0.64722E-01
30.00 175.00 -0.26281
35.00 175.00 -0.46973
40.00 175.00 -0.57707
45.00 175.00 -0.52363
-80.00 180.00 -0.20858
-75.00 180.00 -0.53067
-70.00 180.00 -0.81091
-65.00 180.00 -1.0064
-60.00 180.00 -1.0581
-55.00 180.00 -0.91156
-50.00 180.00 -0.56524
-45.00 180.00 -0.10870
-40.00 180.00 0.29734
-35.00 180.00 0.50024
-30.00 180.00 0.44337
-25.00 180.00 0.19774
-20.00 180.00 -0.86814E-01
-15.00 180.00 -0.27340
-10.00 180.00 -0.30591
-5.00 180.00 -0.21274
0.00 180.00 -0.61069E-01
5.00 180.00 0.89612E-01
10.00 180.00 0.20063
15.00 180.00 0.24126
20.00 180.00 0.18281
25.00 180.00 0.17870E-01
30.00 180.00 -0.21293
35.00 180.00 -0.42180
40.00 180.00 -0.51630
45.00 180.00 -0.45698
50.00 180.00 -0.28456
55.00 180.00 -0.92736E-01
60.00 180.00 0.33319E-01
65.00 180.00 0.65734E-01
70.00 180.00 0.37023E-01
75.00 180.00 0.92433E-03
80.00 180.00 -0.99192E-02
-45.00 -175 -0.11540
-40.00 -175 0.29294
-35.00 -175 0.50589
-30.00 -175 0.43613
-25.00 -175 0.13064
-20.00 -175 -0.25006
-15.00 -175 -0.52231
-10.00 -175 -0.57750
-5.00 -175 -0.42455
0.00 -175 -0.15960
5.00 -175 0.10139
10.00 -175 0.27556
15.00 -175 0.32722
20.00 -175 0.25671
25.00 -175 0.90495E-01
30.00 -175 -0.11895
35.00 -175 -0.29846
40.00 -175 -0.37965
45.00 -175 -0.33591
-65.00 -170 -0.99484
-60.00 -170 -0.99136
-55.00 -170 -0.84930
-50.00 -170 -0.56587
-45.00 -170 -0.18846
-40.00 -170 0.16715
-35.00 -170 0.35698
-30.00 -170 0.29386
-25.00 -170 0.15353E-01
-20.00 -170 -0.32478
-15.00 -170 -0.54479
-10.00 -170 -0.54209
-5.00 -170 -0.34321
0.00 -170 -0.67147E-01
5.00 -170 0.16047
10.00 -170 0.27438
15.00 -170 0.27767
20.00 -170 0.20558
25.00 -170 0.90436E-01
30.00 -170 -0.43325E-01
35.00 -170 -0.16488
40.00 -170 -0.23420
45.00 -170 -0.22356
50.00 -170 -0.14339
55.00 -170 -0.41854E-01
60.00 -170 0.28233E-01
65.00 -170 0.47472E-01
-70.00 -165 -0.88284
-45.00 -165 -0.29347
-40.00 -165 -0.33060E-01
-35.00 -165 0.98923E-01
-30.00 -165 0.42896E-01
-25.00 -165 -0.15530
-20.00 -165 -0.35793
-15.00 -165 -0.42346
-10.00 -165 -0.30416
-5.00 -165 -0.75055E-01
0.00 -165 0.12876
5.00 -165 0.21263
10.00 -165 0.17854
15.00 -165 0.98362E-01
20.00 -165 0.38967E-01
25.00 -165 0.10733E-01
30.00 -165 -0.20240E-01
35.00 -165 -0.79505E-01
40.00 -165 -0.14921
45.00 -165 -0.18412
70.00 -165 0.34985E-01
-75.00 -160 -0.70314
-65.00 -160 -0.92220
-60.00 -160 -0.86047
-55.00 -160 -0.73714
-50.00 -160 -0.57168
-45.00 -160 -0.38863
-40.00 -160 -0.24206
-35.00 -160 -0.19701
-30.00 -160 -0.27239
-25.00 -160 -0.40073
-20.00 -160 -0.45788
-15.00 -160 -0.35407
-10.00 -160 -0.11351
-5.00 -160 0.13202
0.00 -160 0.23936
5.00 -160 0.16344
10.00 -160 -0.12318E-01
15.00 -160 -0.14951
20.00 -160 -0.16723
25.00 -160 -0.97135E-01
30.00 -160 -0.39374E-01
35.00 -160 -0.66649E-01
40.00 -160 -0.16430
45.00 -160 -0.25384
50.00 -160 -0.26794
55.00 -160 -0.20318
60.00 -160 -0.10754
65.00 -160 -0.26966E-01
75.00 -160 0.73592E-01
-45.00 -155 -0.44353
-40.00 -155 -0.39854
-35.00 -155 -0.44816
-30.00 -155 -0.57531
-25.00 -155 -0.68778
-20.00 -155 -0.66584
-15.00 -155 -0.45814
-10.00 -155 -0.14432
-5.00 -155 0.10372
0.00 -155 0.14501
5.00 -155 -0.20140E-01
10.00 -155 -0.24855
15.00 -155 -0.36749
20.00 -155 -0.30962
25.00 -155 -0.15691
30.00 -155 -0.60819E-01
35.00 -155 -0.11248
40.00 -155 -0.27446
45.00 -155 -0.42431
-80.00 -150 -0.42836
-70.00 -150 -0.87600
-65.00 -150 -0.85461
-60.00 -150 -0.74858
-55.00 -150 -0.62382
-50.00 -150 -0.51680
-45.00 -150 -0.45365
-40.00 -150 -0.46919
-35.00 -150 -0.58629
-30.00 -150 -0.76914
-25.00 -150 -0.90951
-20.00 -150 -0.88598
-15.00 -150 -0.66328
-10.00 -150 -0.34386
-5.00 -150 -0.11012
0.00 -150 -0.89455E-01
5.00 -150 -0.25170
10.00 -150 -0.43137
15.00 -150 -0.46290
20.00 -150 -0.31685
25.00 -150 -0.12135
30.00 -150 -0.51599E-01
35.00 -150 -0.18397
40.00 -150 -0.43762
45.00 -150 -0.64545
50.00 -150 -0.68408
55.00 -150 -0.55069
60.00 -150 -0.33483
65.00 -150 -0.13075
70.00 -150 0.21222E-01
80.00 -150 0.16612
-45.00 -145 -0.44452
-40.00 -145 -0.46604
-35.00 -145 -0.59300
-30.00 -145 -0.79099
-25.00 -145 -0.95223
-20.00 -145 -0.95689
-15.00 -145 -0.77143
-10.00 -145 -0.49445
-5.00 -145 -0.29339
0.00 -145 -0.27306
5.00 -145 -0.38714
10.00 -145 -0.47672
15.00 -145 -0.40980
20.00 -145 -0.20260
25.00 -145 -0.14686E-01
30.00 -145 -0.18679E-01
35.00 -145 -0.25559
40.00 -145 -0.59774
45.00 -145 -0.84574
-85.00 -140 -0.28681E-01
-75.00 -140 -0.75360
-65.00 -140 -0.83381
-60.00 -140 -0.73575
-55.00 -140 -0.63008
-50.00 -140 -0.53451
-45.00 -140 -0.46133
-40.00 -140 -0.44536
-35.00 -140 -0.52142
-30.00 -140 -0.67089
-25.00 -140 -0.80276
-20.00 -140 -0.80906
-15.00 -140 -0.65733
-10.00 -140 -0.43267
-5.00 -140 -0.27750
0.00 -140 -0.27155
5.00 -140 -0.35908
10.00 -140 -0.39637
15.00 -140 -0.28499
20.00 -140 -0.73343E-01
25.00 -140 0.68844E-01
30.00 -140 -0.12699E-01
35.00 -140 -0.32431
40.00 -140 -0.70914
45.00 -140 -0.95954
50.00 -140 -0.95963
55.00 -140 -0.74342
60.00 -140 -0.43730
65.00 -140 -0.15593
75.00 -140 0.18718
85.00 -140 0.16395
-70.00 -135 -0.86010
-45.00 -135 -0.54536
-40.00 -135 -0.48036
-35.00 -135 -0.47613
-30.00 -135 -0.53517
-25.00 -135 -0.59213
-20.00 -135 -0.55911
-15.00 -135 -0.40971
-10.00 -135 -0.21878
-5.00 -135 -0.10823
0.00 -135 -0.13935
5.00 -135 -0.25129
10.00 -135 -0.31011
15.00 -135 -0.23189
20.00 -135 -0.69608E-01
25.00 -135 0.19806E-01
30.00 -135 -0.94708E-01
35.00 -135 -0.40259
40.00 -135 -0.74971
45.00 -135 -0.94962
70.00 -135 0.95642E-01
-65.00 -130 -0.84267
-60.00 -130 -0.81502
-55.00 -130 -0.80038
-50.00 -130 -0.77409
-45.00 -130 -0.70718
-40.00 -130 -0.61588
-35.00 -130 -0.54906
-30.00 -130 -0.52900
-25.00 -130 -0.51484
-20.00 -130 -0.43681
-15.00 -130 -0.27344
-10.00 -130 -0.92630E-01
-5.00 -130 -0.59196E-02
0.00 -130 -0.70361E-01
5.00 -130 -0.22952
10.00 -130 -0.35514
15.00 -130 -0.35777
20.00 -130 -0.26720
25.00 -130 -0.20731
30.00 -130 -0.28579
35.00 -130 -0.49653
40.00 -130 -0.71990
45.00 -130 -0.81661
50.00 -130 -0.72934
55.00 -130 -0.50757
60.00 -130 -0.24831
65.00 -130 -0.20662E-01
-45.00 -125 -0.91217
-40.00 -125 -0.83148
-35.00 -125 -0.74925
-30.00 -125 -0.70450
-25.00 -125 -0.67345
-20.00 -125 -0.59276
-15.00 -125 -0.43407
-10.00 -125 -0.25298
-5.00 -125 -0.15659
0.00 -125 -0.21304
5.00 -125 -0.38671
10.00 -125 -0.56237
15.00 -125 -0.63885
20.00 -125 -0.60757
25.00 -125 -0.54599
30.00 -125 -0.53632
35.00 -125 -0.58793
40.00 -125 -0.63333
45.00 -125 -0.59464
-80.00 -120 -0.43589
-75.00 -120 -0.69700
-70.00 -120 -0.79305
-65.00 -120 -0.81512
-60.00 -120 -0.86599
-55.00 -120 -0.96929
-50.00 -120 -1.0662
-45.00 -120 -1.0907
-40.00 -120 -1.0416
-35.00 -120 -0.98075
-30.00 -120 -0.96346
-25.00 -120 -0.97691
-20.00 -120 -0.95188
-15.00 -120 -0.83758
-10.00 -120 -0.66493
-5.00 -120 -0.53314
0.00 -120 -0.52890
5.00 -120 -0.65229
10.00 -120 -0.81681
15.00 -120 -0.92026
20.00 -120 -0.91920
25.00 -120 -0.84241
30.00 -120 -0.74166
35.00 -120 -0.63665
40.00 -120 -0.50806
45.00 -120 -0.33719
50.00 -120 -0.14206
55.00 -120 0.32037E-01
60.00 -120 0.15561
65.00 -120 0.24052
70.00 -120 0.31525
75.00 -120 0.37515
80.00 -120 0.36551
-45.00 -115 -1.1711
-40.00 -115 -1.1402
-35.00 -115 -1.0956
-30.00 -115 -1.1120
-25.00 -115 -1.1890
-20.00 -115 -1.2493
-15.00 -115 -1.2129
-10.00 -115 -1.0750
-5.00 -115 -0.91524
0.00 -115 -0.83095
5.00 -115 -0.85847
10.00 -115 -0.95139
15.00 -115 -1.0264
20.00 -115 -1.0262
25.00 -115 -0.94400
30.00 -115 -0.79877
35.00 -115 -0.60350
40.00 -115 -0.36329
45.00 -115 -0.99959E-01
-65.00 -110 -0.70059
-60.00 -110 -0.77152
-55.00 -110 -0.92121
-50.00 -110 -1.0679
-45.00 -110 -1.1191
-40.00 -110 -1.0658
-35.00 -110 -0.99224
-30.00 -110 -0.99673
-25.00 -110 -1.1003
-20.00 -110 -1.2295
-15.00 -110 -1.2832
-10.00 -110 -1.2198
-5.00 -110 -1.0841
0.00 -110 -0.96038
5.00 -110 -0.90086
10.00 -110 -0.89523
15.00 -110 -0.89696
20.00 -110 -0.86747
25.00 -110 -0.79263
30.00 -110 -0.66666
35.00 -110 -0.47731
40.00 -110 -0.21987
45.00 -110 0.73966E-01
50.00 -110 0.33330
55.00 -110 0.48947
60.00 -110 0.52937
65.00 -110 0.50545
-70.00 -105 -0.62289
-45.00 -105 -0.95751
-40.00 -105 -0.84305
-35.00 -105 -0.69010
-30.00 -105 -0.62160
-25.00 -105 -0.69024
-20.00 -105 -0.84470
-15.00 -105 -0.98314
-10.00 -105 -1.0357
-5.00 -105 -1.0018
0.00 -105 -0.92299
5.00 -105 -0.83243
10.00 -105 -0.73607
15.00 -105 -0.63231
20.00 -105 -0.53368
25.00 -105 -0.45659
30.00 -105 -0.39007
35.00 -105 -0.28670
40.00 -105 -0.99723E-01
45.00 -105 0.16327
70.00 -105 0.55465
-75.00 -100 -0.52819
-65.00 -100 -0.51913
-60.00 -100 -0.55254
-55.00 -100 -0.67144
-50.00 -100 -0.77810
-45.00 -100 -0.75337
-40.00 -100 -0.56996
-35.00 -100 -0.32205
-30.00 -100 -0.15208
-25.00 -100 -0.14630
-20.00 -100 -0.28811
-15.00 -100 -0.49404
-10.00 -100 -0.68209
-5.00 -100 -0.80730
0.00 -100 -0.84943
5.00 -100 -0.79194
10.00 -100 -0.63091
15.00 -100 -0.40431
20.00 -100 -0.19494
25.00 -100 -0.81630E-01
30.00 -100 -0.72740E-01
35.00 -100 -0.88526E-01
40.00 -100 -0.21595E-01
45.00 -100 0.17074
50.00 -100 0.42592
55.00 -100 0.62771
60.00 -100 0.70304
65.00 -100 0.67296
75.00 -100 0.55272
-45.00 -95 -0.57774
-40.00 -95 -0.35560
-35.00 -95 -0.46537E-01
-30.00 -95 0.19950
-25.00 -95 0.27402
-20.00 -95 0.16260
-15.00 -95 -0.77841E-01
-10.00 -95 -0.37076
-5.00 -95 -0.64444
0.00 -95 -0.82438
5.00 -95 -0.83577
10.00 -95 -0.64519
15.00 -95 -0.31127
20.00 -95 0.19549E-01
25.00 -95 0.19737
30.00 -95 0.17740
35.00 -95 0.58024E-01
40.00 -95 0.49493E-02
45.00 -95 0.11928
-80.00 -90 -0.26301
-70.00 -90 -0.41537
-65.00 -90 -0.33926
-60.00 -90 -0.32832
-55.00 -90 -0.41383
-50.00 -90 -0.50196
-45.00 -90 -0.46304
-40.00 -90 -0.25009
-35.00 -90 0.58834E-01
-30.00 -90 0.32133
-25.00 -90 0.42840
-20.00 -90 0.35407
-15.00 -90 0.13461
-10.00 -90 -0.17378
-5.00 -90 -0.50531
0.00 -90 -0.76719
5.00 -90 -0.84733
10.00 -90 -0.67705
15.00 -90 -0.30633
20.00 -90 0.91158E-01
25.00 -90 0.31803
30.00 -90 0.29334
35.00 -90 0.11512
40.00 -90 -0.16473E-01
45.00 -90 0.43421E-01
50.00 -90 0.27918
55.00 -90 0.54742
60.00 -90 0.70787
65.00 -90 0.72748
70.00 -90 0.66822
80.00 -90 0.47359
-85.00 -85 0.74916E-01
-45.00 -85 -0.38537
-40.00 -85 -0.21450
-35.00 -85 0.45278E-01
-30.00 -85 0.27094
-25.00 -85 0.37534
-20.00 -85 0.34643
-15.00 -85 0.21490
-10.00 -85 0.80070E-02
-5.00 -85 -0.25014
0.00 -85 -0.49914
5.00 -85 -0.63048
10.00 -85 -0.54806
15.00 -85 -0.26148
20.00 -85 0.83590E-01
25.00 -85 0.29138
30.00 -85 0.26273
35.00 -85 0.77106E-01
40.00 -85 -0.69077E-01
45.00 -85 -0.20530E-01
85.00 -85 0.26624
-75.00 -80 -0.32917
-65.00 -80 -0.20705
-60.00 -80 -0.15872
-55.00 -80 -0.20878
-50.00 -80 -0.28729
-45.00 -80 -0.28298
-40.00 -80 -0.15129
-35.00 -80 0.49098E-01
-30.00 -80 0.21797
-25.00 -80 0.30247
-20.00 -80 0.32342
-15.00 -80 0.32248
-10.00 -80 0.29951
-5.00 -80 0.21521
0.00 -80 0.56945E-01
5.00 -80 -0.11096
10.00 -80 -0.18141
15.00 -80 -0.10227
20.00 -80 0.59557E-01
25.00 -80 0.16291
30.00 -80 0.11665
35.00 -80 -0.30842E-01
40.00 -80 -0.12613
45.00 -80 -0.42968E-01
50.00 -80 0.20811
55.00 -80 0.49281
60.00 -80 0.67090
65.00 -80 0.70295
75.00 -80 0.56956
-70.00 -75 -0.26499
-45.00 -75 -0.98755E-01
-40.00 -75 0.26297E-01
-35.00 -75 0.19048
-30.00 -75 0.31109
-25.00 -75 0.36795
-20.00 -75 0.41950
-15.00 -75 0.53011
-10.00 -75 0.68559
-5.00 -75 0.78840
0.00 -75 0.74298
5.00 -75 0.54776
10.00 -75 0.30160
15.00 -75 0.11738
20.00 -75 0.28646E-01
25.00 -75 -0.18822E-01
30.00 -75 -0.86425E-01
35.00 -75 -0.16044
40.00 -75 -0.15625
45.00 -75 -0.67380E-02
70.00 -75 0.60763
-65.00 -70 -0.11666
-60.00 -70 -0.49233E-02
-55.00 -70 0.52754E-01
-50.00 -70 0.91907E-01
-45.00 -70 0.18058
-40.00 -70 0.33343
-35.00 -70 0.48849
-30.00 -70 0.57266
-25.00 -70 0.58711
-20.00 -70 0.61896
-15.00 -70 0.75834
-10.00 -70 0.99727
-5.00 -70 1.2108
0.00 -70 1.2457
5.00 -70 1.0392
10.00 -70 0.66479
15.00 -70 0.26987
20.00 -70 -0.29703E-01
25.00 -70 -0.20291
30.00 -70 -0.27251
35.00 -70 -0.25288
40.00 -70 -0.13169
45.00 -70 0.89192E-01
50.00 -70 0.35100
55.00 -70 0.55549
60.00 -70 0.63580
65.00 -70 0.60822
-45.00 -65 0.51232
-40.00 -65 0.70045
-35.00 -65 0.84937
-30.00 -65 0.89389
-25.00 -65 0.84510
-20.00 -65 0.80162
-15.00 -65 0.87103
-10.00 -65 1.0670
-5.00 -65 1.2771
0.00 -65 1.3364
5.00 -65 1.1475
10.00 -65 0.74835
15.00 -65 0.27999
20.00 -65 -0.10712
25.00 -65 -0.32733
30.00 -65 -0.36872
35.00 -65 -0.25902
40.00 -65 -0.40368E-01
45.00 -65 0.22745
-80.00 -60 -0.87699E-02
-75.00 -60 -0.15998
-70.00 -60 -0.17237
-65.00 -60 -0.46389E-01
-60.00 -60 0.15794
-55.00 -60 0.38078
-50.00 -60 0.60066
-45.00 -60 0.81808
-40.00 -60 1.0124
-35.00 -60 1.1293
-30.00 -60 1.1215
-25.00 -60 1.0059
-20.00 -60 0.87288
-15.00 -60 0.82636
-10.00 -60 0.89979
-5.00 -60 1.0206
0.00 -60 1.0575
5.00 -60 0.91354
10.00 -60 0.59292
15.00 -60 0.19505
20.00 -60 -0.14772
25.00 -60 -0.33600
30.00 -60 -0.33397
35.00 -60 -0.16549
40.00 -60 0.10163
45.00 -60 0.37265
50.00 -60 0.55354
55.00 -60 0.59318
60.00 -60 0.51598
65.00 -60 0.40822
70.00 -60 0.35126
75.00 -60 0.35227
80.00 -60 0.33230
-45.00 -55 1.0218
-40.00 -55 1.1719
-35.00 -55 1.2218
-30.00 -55 1.1615
-25.00 -55 1.0163
-20.00 -55 0.84928
-15.00 -55 0.72960
-10.00 -55 0.68835
-5.00 -55 0.69601
0.00 -55 0.68219
5.00 -55 0.58345
10.00 -55 0.38491
15.00 -55 0.13032
20.00 -55 -0.99559E-01
25.00 -55 -0.22312
30.00 -55 -0.19170
35.00 -55 -0.12429E-01
40.00 -55 0.24657
45.00 -55 0.47778
-65.00 -50 0.31796E-02
-60.00 -50 0.27291
-55.00 -50 0.60386
-50.00 -50 0.89631
-45.00 -50 1.0819
-40.00 -50 1.1445
-35.00 -50 1.1113
-30.00 -50 1.0259
-25.00 -50 0.92501
-20.00 -50 0.82713
-15.00 -50 0.73592
-10.00 -50 0.64946
-5.00 -50 0.56625
0.00 -50 0.48358
5.00 -50 0.39305
10.00 -50 0.28249
15.00 -50 0.14933
20.00 -50 0.17366E-01
25.00 -50 -0.61476E-01
30.00 -50 -0.32894E-01
35.00 -50 0.11631
40.00 -50 0.32963
45.00 -50 0.49883
50.00 -50 0.52839
55.00 -50 0.40460
60.00 -50 0.21289
65.00 -50 0.80268E-01
-70.00 -45 -0.94487E-01
-45.00 -45 1.0016
-40.00 -45 0.96411
-35.00 -45 0.86432
-30.00 -45 0.80175
-25.00 -45 0.81845
-20.00 -45 0.87665
-15.00 -45 0.89818
-10.00 -45 0.83054
-5.00 -45 0.68538
0.00 -45 0.52088
5.00 -45 0.38835
10.00 -45 0.29334
15.00 -45 0.20625
20.00 -45 0.10930
25.00 -45 0.31326E-01
30.00 -45 0.30713E-01
35.00 -45 0.13639
40.00 -45 0.30060
45.00 -45 0.41437
70.00 -45 -0.72511E-01
-75.00 -40 0.16499E-01
-65.00 -40 0.16631E-01
-60.00 -40 0.26524
-55.00 -40 0.57116
-50.00 -40 0.78467
-45.00 -40 0.81587
-40.00 -40 0.70107
-35.00 -40 0.57767
-30.00 -40 0.58151
-25.00 -40 0.74377
-20.00 -40 0.96810
-15.00 -40 1.1053
-10.00 -40 1.0643
-5.00 -40 0.87085
0.00 -40 0.63135
5.00 -40 0.44071
10.00 -40 0.31669
15.00 -40 0.21371
20.00 -40 0.93840E-01
25.00 -40 -0.18953E-01
30.00 -40 -0.56654E-01
35.00 -40 0.18628E-01
40.00 -40 0.15687
45.00 -40 0.24070
50.00 -40 0.17571
55.00 -40 -0.24978E-01
60.00 -40 -0.23860
65.00 -40 -0.32229
75.00 -40 -0.25476E-01
-45.00 -35 0.56863
-40.00 -35 0.42137
-35.00 -35 0.32304
-30.00 -35 0.41049
-25.00 -35 0.68306
-20.00 -35 0.99652
-15.00 -35 1.1688
-10.00 -35 1.1116
-5.00 -35 0.88201
0.00 -35 0.61801
5.00 -35 0.42189
10.00 -35 0.29352
15.00 -35 0.16559
20.00 -35 -0.29660E-02
25.00 -35 -0.16976
30.00 -35 -0.24423
35.00 -35 -0.18177
40.00 -35 -0.45045E-01
45.00 -35 0.31641E-01
-85.00 -30 0.38320
-80.00 -30 0.28259
-70.00 -30 -0.65434E-02
-65.00 -30 -0.55852E-02
-60.00 -30 0.12779
-55.00 -30 0.29528
-50.00 -30 0.36755
-45.00 -30 0.29495
-40.00 -30 0.16090
-35.00 -30 0.12268
-30.00 -30 0.28130
-25.00 -30 0.58880
-20.00 -30 0.87543
-15.00 -30 0.97801
-10.00 -30 0.86197
-5.00 -30 0.63497
0.00 -30 0.44440
5.00 -30 0.35241
10.00 -30 0.29854
15.00 -30 0.17805
20.00 -30 -0.41693E-01
25.00 -30 -0.27697
30.00 -30 -0.39806
35.00 -30 -0.35003
40.00 -30 -0.21255
45.00 -30 -0.14109
50.00 -30 -0.23768
55.00 -30 -0.46174
60.00 -30 -0.65761
65.00 -30 -0.67549
70.00 -30 -0.48652
80.00 -30 0.15211E-01
85.00 -30 0.67860E-01
-45.00 -25 0.17597E-01
-40.00 -25 -0.73625E-01
-35.00 -25 -0.38679E-01
-30.00 -25 0.16398
-25.00 -25 0.43692
-20.00 -25 0.61181
-15.00 -25 0.58748
-10.00 -25 0.41704
-5.00 -25 0.26295
0.00 -25 0.25473
5.00 -25 0.37380
10.00 -25 0.46832
15.00 -25 0.38731
20.00 -25 0.11662
25.00 -25 -0.20292
30.00 -25 -0.39169
35.00 -25 -0.38054
40.00 -25 -0.26493
45.00 -25 -0.21926
-75.00 -20 0.22974
-65.00 -20 -0.35591E-01
-60.00 -20 -0.65061E-01
-55.00 -20 -0.82204E-01
-50.00 -20 -0.14712
-45.00 -20 -0.24524
-40.00 -20 -0.28497
-35.00 -20 -0.18263
-30.00 -20 0.40869E-01
-25.00 -20 0.25065
-20.00 -20 0.30144
-15.00 -20 0.17096
-10.00 -20 -0.52681E-03
-5.00 -20 -0.14309E-01
0.00 -20 0.21722
5.00 -20 0.58030
10.00 -20 0.83361
15.00 -20 0.79197
20.00 -20 0.46966
25.00 -20 0.64955E-01
30.00 -20 -0.19908
35.00 -20 -0.24380
40.00 -20 -0.17740
45.00 -20 -0.18461
50.00 -20 -0.36393
55.00 -20 -0.64744
60.00 -20 -0.86037
65.00 -20 -0.86060
75.00 -20 -0.32979
-70.00 -15 0.10609
-45.00 -15 -0.47038
-40.00 -15 -0.46454
-35.00 -15 -0.31038
-30.00 -15 -0.76829E-01
-25.00 -15 0.84110E-01
-20.00 -15 0.60434E-01
-15.00 -15 -0.10417
-10.00 -15 -0.21563
-5.00 -15 -0.72917E-01
0.00 -15 0.35854
5.00 -15 0.89087
10.00 -15 1.2334
15.00 -15 1.2001
20.00 -15 0.84001
25.00 -15 0.38880
30.00 -15 0.84018E-01
35.00 -15 -0.35217E-02
40.00 -15 0.72246E-02
45.00 -15 -0.65473E-01
70.00 -15 -0.66979
-65.00 -10 -0.39166E-01
-60.00 -10 -0.20905
-55.00 -10 -0.37595
-50.00 -10 -0.53432
-45.00 -10 -0.62812
-40.00 -10 -0.58521
-35.00 -10 -0.39549
-30.00 -10 -0.15429
-25.00 -10 -0.10010E-01
-20.00 -10 -0.41831E-01
-15.00 -10 -0.17091
-10.00 -10 -0.19717
-5.00 -10 0.48440E-01
0.00 -10 0.55310
5.00 -10 1.1022
10.00 -10 1.4183
15.00 -10 1.3556
20.00 -10 0.99696
25.00 -10 0.57885
30.00 -10 0.30981
35.00 -10 0.22834
40.00 -10 0.20626
45.00 -10 0.80158E-01
50.00 -10 -0.20552
55.00 -10 -0.55608
60.00 -10 -0.80499
65.00 -10 -0.83791
-45.00 -5 -0.69159
-40.00 -5 -0.61247
-35.00 -5 -0.39764
-30.00 -5 -0.15086
-25.00 -5 -0.16096E-02
-20.00 -5 -0.64936E-03
-15.00 -5 -0.63477E-01
-10.00 -5 -0.23621E-01
-5.00 -5 0.23383
0.00 -5 0.66436
5.00 -5 1.0763
10.00 -5 1.2621
15.00 -5 1.1475
20.00 -5 0.83976
25.00 -5 0.53863
30.00 -5 0.38427
35.00 -5 0.36387
40.00 -5 0.34428
45.00 -5 0.19408
90.00 0.00 -0.16222E-01
-90.00 0.00 0.38050
