-85.00 0.00 0.48404
-80.00 0.00 0.56710
-75.00 0.00 0.56364
-70.00 0.00 0.48544
-65.00 0.00 0.33050
-60.00 0.00 0.95104E-01
-55.00 0.00 -0.19222
-50.00 0.00 -0.45450
-45.00 0.00 -0.59361
-40.00 0.00 -0.55174
-35.00 0.00 -0.36104
-30.00 0.00 -0.13423
-25.00 0.00 0.87086E-02
-20.00 0.00 0.28435E-01
-15.00 0.00 -0.42583E-03
-10.00 0.00 0.57646E-01
-5.00 0.00 0.29434
0.00 0.00 0.67897
5.00 0.00 1.0664
10.00 0.00 1.2871
15.00 0.00 1.2535
20.00 0.00 1.0078
25.00 0.00 0.68354
30.00 0.00 0.41447
35.00 0.00 0.25875
40.00 0.00 0.18401
45.00 0.00 0.11194
50.00 0.00 -0.17761E-01
55.00 0.00 -0.20757
60.00 0.00 -0.40521
65.00 0.00 -0.53863
70.00 0.00 -0.55860
75.00 0.00 -0.46178
80.00 0.00 -0.29576
85.00 0.00 -0.12927
-45.00 5.00 -0.45723
-40.00 5.00 -0.38520
-35.00 5.00 -0.18681
-30.00 5.00 0.23174E-01
-25.00 5.00 0.15154
-20.00 5.00 0.19404
-15.00 5.00 0.22981
-10.00 5.00 0.34767
-5.00 5.00 0.56634
0.00 5.00 0.81404
5.00 5.00 0.98050
10.00 5.00 0.99519
15.00 5.00 0.86923
20.00 5.00 0.67540
25.00 5.00 0.49281
30.00 5.00 0.36407
35.00 5.00 0.28984
40.00 5.00 0.24871
45.00 5.00 0.21487
-65.00 10.00 0.43784
-60.00 10.00 0.23829
-55.00 10.00 -0.13648E-01
-50.00 10.00 -0.22683
-45.00 10.00 -0.30093
-40.00 10.00 -0.20412
-35.00 10.00 -0.34464E-02
-30.00 10.00 0.18681
-25.00 10.00 0.29716
-20.00 10.00 0.35321
-15.00 10.00 0.43848
-10.00 10.00 0.60454
-5.00 10.00 0.81227
0.00 10.00 0.95848
5.00 10.00 0.96210
10.00 10.00 0.83024
15.00 10.00 0.64630
20.00 10.00 0.49726
25.00 10.00 0.41119
30.00 10.00 0.35935
35.00 10.00 0.30956
40.00 10.00 0.26794
45.00 10.00 0.26415
50.00 10.00 0.29918
55.00 10.00 0.31825
60.00 10.00 0.24765
65.00 10.00 0.67051E-01
-70.00 15.00 0.56915
-45.00 15.00 -0.17182
-40.00 15.00 -0.50766E-01
-35.00 15.00 0.15950
-30.00 15.00 0.34076
-25.00 15.00 0.43431
-20.00 15.00 0.48366
-15.00 15.00 0.57809
-10.00 15.00 0.75093
-5.00 15.00 0.93221
0.00 15.00 1.0042
5.00 15.00 0.90848
10.00 15.00 0.70264
15.00 15.00 0.51098
20.00 15.00 0.41782
25.00 15.00 0.40521
30.00 15.00 0.39257
35.00 15.00 0.33395
40.00 15.00 0.27139
45.00 15.00 0.28785
70.00 15.00 0.46426E-01
-75.00 20.00 0.60943
-65.00 20.00 0.47219
-60.00 20.00 0.30836
-55.00 20.00 0.94035E-01
-50.00 20.00 -0.78595E-01
-45.00 20.00 -0.10422
-40.00 20.00 0.44071E-01
-35.00 20.00 0.28176
-30.00 20.00 0.47874
-25.00 20.00 0.56689
-20.00 20.00 0.58723
-15.00 20.00 0.63071
-10.00 20.00 0.73182
-5.00 20.00 0.82302
0.00 20.00 0.79872
5.00 20.00 0.62754
10.00 20.00 0.39901
15.00 20.00 0.25285
20.00 20.00 0.25511
25.00 20.00 0.34211
30.00 20.00 0.38975
35.00 20.00 0.34251
40.00 20.00 0.27368
45.00 20.00 0.31193
50.00 20.00 0.50052
55.00 20.00 0.72663
60.00 20.00 0.79806
65.00 20.00 0.60596
75.00 20.00 -0.12572
-45.00 25.00 -0.10994
-40.00 25.00 0.66903E-01
-35.00 25.00 0.34892
-30.00 25.00 0.58804
-25.00 25.00 0.68764
-20.00 25.00 0.66446
-15.00 25.00 0.60269
-10.00 25.00 0.55180
-5.00 25.00 0.47603
0.00 25.00 0.30909
5.00 25.00 0.55926E-01
10.00 25.00 -0.17128
15.00 25.00 -0.23373
20.00 25.00 -0.93305E-01
25.00 25.00 0.14071
30.00 25.00 0.30239
35.00 25.00 0.32011
40.00 25.00 0.28334
45.00 25.00 0.35350
-80.00 30.00 0.60978
-70.00 30.00 0.49343
-65.00 30.00 0.38299
-60.00 30.00 0.21749
-55.00 30.00 0.57519E-02
-50.00 30.00 -0.16517
-45.00 30.00 -0.17581
-40.00 30.00 0.23170E-01
-35.00 30.00 0.35053
-30.00 30.00 0.64104
-25.00 30.00 0.76203
-20.00 30.00 0.69468
-15.00 30.00 0.51117
-10.00 30.00 0.28278
-5.00 30.00 0.20189E-01
0.00 30.00 -0.29273
5.00 30.00 -0.61626
10.00 30.00 -0.82726
15.00 30.00 -0.79792
20.00 30.00 -0.51664
25.00 30.00 -0.12699
30.00 30.00 0.17247
35.00 30.00 0.28964
40.00 30.00 0.31286
45.00 30.00 0.41904
50.00 30.00 0.69171
55.00 30.00 1.0167
60.00 30.00 1.1596
65.00 30.00 0.96433
70.00 30.00 0.49867
80.00 30.00 -0.24632
-45.00 35.00 -0.26867
-40.00 35.00 -0.63446E-01
-35.00 35.00 0.28628
-30.00 35.00 0.60734
-25.00 35.00 0.74071
-20.00 35.00 0.63923
-15.00 35.00 0.36754
-10.00 35.00 0.20153E-01
-5.00 35.00 -0.35044
0.00 35.00 -0.72487
5.00 35.00 -1.0522
10.00 35.00 -1.2210
15.00 35.00 -1.1232
20.00 35.00 -0.76032
25.00 35.00 -0.28216
30.00 35.00 0.10604
35.00 35.00 0.29970
40.00 35.00 0.37414
45.00 35.00 0.50296
-75.00 40.00 0.50855
-65.00 40.00 0.20037
-60.00 40.00 0.20895E-01
-55.00 40.00 -0.17787
-50.00 40.00 -0.33512
-45.00 40.00 -0.34689
-40.00 40.00 -0.15523
-35.00 40.00 0.17614
-30.00 40.00 0.48066
-25.00 40.00 0.59618
-20.00 40.00 0.46982
-15.00 40.00 0.17194
-10.00 40.00 -0.18156
-5.00 40.00 -0.51507
0.00 40.00 -0.80644
5.00 40.00 -1.0315
10.00 40.00 -1.1204
15.00 40.00 -0.99257
20.00 40.00 -0.64467
25.00 40.00 -0.19589
30.00 40.00 0.17781
35.00 40.00 0.37788
40.00 40.00 0.46276
45.00 40.00 0.58685
50.00 40.00 0.84181
55.00 40.00 1.1442
60.00 40.00 1.2826
65.00 40.00 1.0942
75.00 40.00 0.93507E-01
-70.00 45.00 0.28624
-45.00 45.00 -0.37618
-40.00 45.00 -0.21128
-35.00 45.00 0.62243E-01
-30.00 45.00 0.29815
-25.00 45.00 0.35648
-20.00 45.00 0.20377
-15.00 45.00 -0.70736E-01
-10.00 45.00 -0.33448
-5.00 45.00 -0.50964
0.00 45.00 -0.60119
5.00 45.00 -0.64146
10.00 45.00 -0.62253
15.00 45.00 -0.49557
20.00 45.00 -0.23877
25.00 45.00 0.84842E-01
30.00 45.00 0.35525
35.00 45.00 0.49608
40.00 45.00 0.55026
45.00 45.00 0.64419
70.00 45.00 0.62736
-65.00 50.00 -0.26361E-02
-60.00 50.00 -0.17563
-55.00 50.00 -0.30317
-50.00 50.00 -0.37205
-45.00 50.00 -0.34503
-40.00 50.00 -0.20508
-35.00 50.00 -0.71525E-02
-30.00 50.00 0.13032
-25.00 50.00 0.10503
-20.00 50.00 -0.83742E-01
-15.00 50.00 -0.32528
-10.00 50.00 -0.47900
-5.00 50.00 -0.47762
0.00 50.00 -0.36158
5.00 50.00 -0.21990
10.00 50.00 -0.10157
15.00 50.00 0.15077E-01
20.00 50.00 0.17175
25.00 50.00 0.36047
30.00 50.00 0.51642
35.00 50.00 0.58616
40.00 50.00 0.59847
45.00 50.00 0.65270
50.00 50.00 0.81965
55.00 50.00 1.0457
60.00 50.00 1.1633
65.00 50.00 1.0179
-85.00 55.00 0.53246
-45.00 55.00 -0.27329
-40.00 55.00 -0.14179
-35.00 55.00 -0.66369E-02
-30.00 55.00 0.41027E-01
-25.00 55.00 -0.62953E-01
-20.00 55.00 -0.29085
-15.00 55.00 -0.52193
-10.00 55.00 -0.62038
-5.00 55.00 -0.53204
0.00 55.00 -0.31675
5.00 55.00 -0.88908E-01
10.00 55.00 0.77311E-01
15.00 55.00 0.19140
20.00 55.00 0.30528
25.00 55.00 0.43849
30.00 55.00 0.55181
35.00 55.00 0.59738
40.00 55.00 0.58889
45.00 55.00 0.60848
85.00 55.00 -0.22612
-80.00 60.00 0.56015
-75.00 60.00 0.38746
-70.00 60.00 0.10231
-65.00 60.00 -0.16775
-60.00 60.00 -0.33640
-55.00 60.00 -0.38260
-50.00 60.00 -0.32818
-45.00 60.00 -0.20766
-40.00 60.00 -0.63462E-01
-35.00 60.00 0.43350E-01
-30.00 60.00 0.42419E-01
-25.00 60.00 -0.10290
-20.00 60.00 -0.35198
-15.00 60.00 -0.59270
-10.00 60.00 -0.70799
-5.00 60.00 -0.65485
0.00 60.00 -0.48761
5.00 60.00 -0.30346
10.00 60.00 -0.15974
15.00 60.00 -0.38908E-01
20.00 60.00 0.10910
25.00 60.00 0.29447
30.00 60.00 0.46259
35.00 60.00 0.54622
40.00 60.00 0.54257
45.00 60.00 0.53137
50.00 60.00 0.60333
55.00 60.00 0.75986
60.00 60.00 0.88396
65.00 60.00 0.82476
70.00 60.00 0.53231
75.00 60.00 0.12506
80.00 60.00 -0.18052
-45.00 65.00 -0.20299
-40.00 65.00 -0.33679E-01
-35.00 65.00 0.80248E-01
-30.00 65.00 0.80149E-01
-25.00 65.00 -0.56237E-01
-20.00 65.00 -0.28915
-15.00 65.00 -0.52777
-10.00 65.00 -0.68303
-5.00 65.00 -0.72379
0.00 65.00 -0.68613
5.00 65.00 -0.62476
10.00 65.00 -0.55192
15.00 65.00 -0.42545
20.00 65.00 -0.20215
25.00 65.00 0.94850E-01
30.00 65.00 0.36711
35.00 65.00 0.51120
40.00 65.00 0.50979
45.00 65.00 0.45477
-65.00 70.00 -0.26292
-60.00 70.00 -0.48198
-55.00 70.00 -0.54548
-50.00 70.00 -0.46589
-45.00 70.00 -0.29591
-40.00 70.00 -0.10531
-35.00 70.00 0.34144E-01
-30.00 70.00 0.66142E-01
-25.00 70.00 -0.26082E-01
-20.00 70.00 -0.20580
-15.00 70.00 -0.40055
-10.00 70.00 -0.54815
-5.00 70.00 -0.63507
0.00 70.00 -0.68953
5.00 70.00 -0.73156
10.00 70.00 -0.72839
15.00 70.00 -0.60720
20.00 70.00 -0.32592
25.00 70.00 0.59879E-01
30.00 70.00 0.40552
35.00 70.00 0.57180
40.00 70.00 0.53354
45.00 70.00 0.40497
50.00 70.00 0.34883
55.00 70.00 0.43854
60.00 70.00 0.59132
65.00 70.00 0.63614
-70.00 75.00 0.70924E-01
-45.00 75.00 -0.48355
-40.00 75.00 -0.28820
-35.00 75.00 -0.12589
-30.00 75.00 -0.59641E-01
-25.00 75.00 -0.10438
-20.00 75.00 -0.21706
-15.00 75.00 -0.32593
-10.00 75.00 -0.38407
-5.00 75.00 -0.40271
0.00 75.00 -0.42880
5.00 75.00 -0.48105
10.00 75.00 -0.50506
15.00 75.00 -0.40144
20.00 75.00 -0.11637
25.00 75.00 0.28212
30.00 75.00 0.62156
35.00 75.00 0.74048
40.00 75.00 0.61466
45.00 75.00 0.38455
70.00 75.00 0.45291
-75.00 80.00 0.40049
-65.00 80.00 -0.25740
-60.00 80.00 -0.57669
-55.00 80.00 -0.77656
-50.00 80.00 -0.81995
-45.00 80.00 -0.71947
-40.00 80.00 -0.53735
-35.00 80.00 -0.36590
-30.00 80.00 -0.28291
-25.00 80.00 -0.30283
-20.00 80.00 -0.36416
-15.00 80.00 -0.37483
-10.00 80.00 -0.28775
-5.00 80.00 -0.14272
0.00 80.00 -0.30366E-01
5.00 80.00 -0.24627E-02
10.00 80.00 -0.93611E-02
15.00 80.00 0.68228E-01
20.00 80.00 0.30830
25.00 80.00 0.65250
30.00 80.00 0.92169
35.00 80.00 0.94607
40.00 80.00 0.70811
45.00 80.00 0.37302
50.00 80.00 0.16953
55.00 80.00 0.21199
60.00 80.00 0.41085
65.00 80.00 0.54876
75.00 80.00 0.17431
-45.00 85.00 -0.93038
-40.00 85.00 -0.77122
-35.00 85.00 -0.60238
-30.00 85.00 -0.52097
-25.00 85.00 -0.54251
-20.00 85.00 -0.58157
-15.00 85.00 -0.51512
-10.00 85.00 -0.28700
-5.00 85.00 0.35085E-01
0.00 85.00 0.30820
5.00 85.00 0.43497
10.00 85.00 0.45129
15.00 85.00 0.49537
20.00 85.00 0.67554
25.00 85.00 0.95210
30.00 85.00 1.1467
35.00 85.00 1.0851
40.00 85.00 0.75608
45.00 85.00 0.34530
-80.00 90.00 0.53691
-70.00 90.00 0.21641
-65.00 90.00 -0.12570
-60.00 90.00 -0.50948
-55.00 90.00 -0.84406
-50.00 90.00 -1.0378
-45.00 90.00 -1.0456
-40.00 90.00 -0.91043
-35.00 90.00 -0.75005
-30.00 90.00 -0.67844
-25.00 90.00 -0.71251
-20.00 90.00 -0.74709
-15.00 90.00 -0.63470
-10.00 90.00 -0.31476
-5.00 90.00 0.11893
0.00 90.00 0.48103
5.00 90.00 0.64364
10.00 90.00 0.64301
15.00 90.00 0.64324
20.00 90.00 0.78108
25.00 90.00 1.0274
30.00 90.00 1.1956
35.00 90.00 1.1004
40.00 90.00 0.73283
45.00 90.00 0.29450
50.00 90.00 0.51360E-01
55.00 90.00 0.12452
60.00 90.00 0.39403
65.00 90.00 0.59735
70.00 90.00 0.54048
80.00 90.00 -0.71146E-01
-45.00 95.00 -1.0240
-40.00 95.00 -0.91298
-35.00 95.00 -0.76839
-30.00 95.00 -0.70949
-25.00 95.00 -0.75021
-20.00 95.00 -0.77497
-15.00 95.00 -0.63129
-10.00 95.00 -0.27083
-5.00 95.00 0.18589
0.00 95.00 0.53052
5.00 95.00 0.63516
10.00 95.00 0.56198
15.00 95.00 0.50978
20.00 95.00 0.63477
25.00 95.00 0.90095
30.00 95.00 1.0983
35.00 95.00 1.0229
40.00 95.00 0.66539
45.00 95.00 0.24097
-75.00 100.00 0.48803
-65.00 100.00 0.10188
-60.00 100.00 -0.23068
-55.00 100.00 -0.56715
-50.00 100.00 -0.80137
-45.00 100.00 -0.86483
-40.00 100.00 -0.78489
-35.00 100.00 -0.67345
-30.00 100.00 -0.63672
-25.00 100.00 -0.67555
-20.00 100.00 -0.67177
-15.00 100.00 -0.48944
-10.00 100.00 -0.11197
-5.00 100.00 0.31131
0.00 100.00 0.56753
5.00 100.00 0.55592
10.00 100.00 0.38330
15.00 100.00 0.28370
20.00 100.00 0.41908
25.00 100.00 0.73104
30.00 100.00 0.97896
35.00 100.00 0.94158
40.00 100.00 0.61259
45.00 100.00 0.21970
50.00 100.00 0.45611E-01
55.00 100.00 0.19946
60.00 100.00 0.53018
65.00 100.00 0.75165
75.00 100.00 0.33502
-70.00 105.00 0.40188
-45.00 105.00 -0.60073
-40.00 105.00 -0.56327
-35.00 105.00 -0.50904
-30.00 105.00 -0.51271
-25.00 105.00 -0.55069
-20.00 105.00 -0.50624
-15.00 105.00 -0.27453
-10.00 105.00 0.11770
-5.00 105.00 0.49445
0.00 105.00 0.65206
5.00 105.00 0.52992
10.00 105.00 0.27972
15.00 105.00 0.15743
20.00 105.00 0.31482
25.00 105.00 0.66498
30.00 105.00 0.94410
35.00 105.00 0.92698
40.00 105.00 0.61811
45.00 105.00 0.25491
70.00 105.00 0.73770
-85.00 110.00 0.39617
-65.00 110.00 0.30714
-60.00 110.00 0.12736
-55.00 110.00 -0.67953E-01
-50.00 110.00 -0.21564
-45.00 110.00 -0.28076
-40.00 110.00 -0.28921
-35.00 110.00 -0.30513
-30.00 110.00 -0.36111
-25.00 110.00 -0.40457
-20.00 110.00 -0.32431
-15.00 110.00 -0.52437E-01
-10.00 110.00 0.34316
-5.00 110.00 0.67177
0.00 110.00 0.75163
5.00 110.00 0.56268
10.00 110.00 0.28517
15.00 110.00 0.17332
20.00 110.00 0.35402
25.00 110.00 0.71633
30.00 110.00 0.99232
35.00 110.00 0.97158
40.00 110.00 0.67485
45.00 110.00 0.34068
50.00 110.00 0.23328
55.00 110.00 0.42896
60.00 110.00 0.75598
65.00 110.00 0.93399
85.00 110.00 -0.14251
-45.00 115.00 0.43446E-01
-40.00 115.00 0.66459E-02
-35.00 115.00 -0.61793E-01
-30.00 115.00 -0.15432
-25.00 115.00 -0.19772
-20.00 115.00 -0.96031E-01
-15.00 115.00 0.18091
-10.00 115.00 0.53807
-5.00 115.00 0.79266
0.00 115.00 0.80047
5.00 115.00 0.57776
10.00 115.00 0.31088
15.00 115.00 0.22751
20.00 115.00 0.42066
25.00 115.00 0.76785
30.00 115.00 1.0197
35.00 115.00 0.99551
40.00 115.00 0.72866
45.00 115.00 0.44238
-80.00 120.00 0.37378
-75.00 120.00 0.37729
-70.00 120.00 0.36033
-65.00 120.00 0.33340
-60.00 120.00 0.31065
-55.00 120.00 0.30476
-50.00 120.00 0.31540
-45.00 120.00 0.32242
-40.00 120.00 0.29616
-35.00 120.00 0.22593
-30.00 120.00 0.14628
-25.00 120.00 0.13117
-20.00 120.00 0.24544
-15.00 120.00 0.48203
-10.00 120.00 0.73845
-5.00 120.00 0.86742
0.00 120.00 0.77944
5.00 120.00 0.52287
10.00 120.00 0.26997
15.00 120.00 0.20359
20.00 120.00 0.38222
25.00 120.00 0.68914
30.00 120.00 0.91428
35.00 120.00 0.91301
40.00 120.00 0.71893
45.00 120.00 0.51771
50.00 120.00 0.49781
55.00 120.00 0.69464
60.00 120.00 0.95406
65.00 120.00 1.0476
70.00 120.00 0.85088
75.00 120.00 0.44177
80.00 120.00 0.48287E-01
-45.00 125.00 0.50838
-40.00 125.00 0.53588
-35.00 125.00 0.52505
-30.00 125.00 0.52005
-25.00 125.00 0.57289
-20.00 125.00 0.70191
-15.00 125.00 0.86505
-10.00 125.00 0.97162
-5.00 125.00 0.93347
0.00 125.00 0.72770
5.00 125.00 0.42818
10.00 125.00 0.17601
15.00 125.00 0.98115E-01
20.00 125.00 0.22402
25.00 125.00 0.46164
30.00 125.00 0.65747
35.00 125.00 0.70521
40.00 125.00 0.62391
45.00 125.00 0.54153
-65.00 130.00 0.91793E-01
-60.00 130.00 0.13556
-55.00 130.00 0.25699
-50.00 130.00 0.41567
-45.00 130.00 0.55882
-40.00 130.00 0.66249
-35.00 130.00 0.74729
-30.00 130.00 0.85371
-25.00 130.00 0.99794
-20.00 130.00 1.1460
-15.00 130.00 1.2273
-10.00 130.00 1.1782
-5.00 130.00 0.98168
0.00 130.00 0.68173
5.00 130.00 0.36490
10.00 130.00 0.12452
15.00 130.00 0.23106E-01
20.00 130.00 0.66814E-01
25.00 130.00 0.20323
30.00 130.00 0.34915
35.00 130.00 0.44057
40.00 130.00 0.47595
45.00 130.00 0.51652
50.00 130.00 0.63179
55.00 130.00 0.82466
60.00 130.00 1.0000
65.00 130.00 1.0175
-70.00 135.00 -0.47391E-01
-45.00 135.00 0.44946
-40.00 135.00 0.61510
-35.00 135.00 0.78331
-30.00 135.00 0.98778
-25.00 135.00 1.2106
-20.00 135.00 1.3734
-15.00 135.00 1.3883
-10.00 135.00 1.2248
-5.00 135.00 0.93569
0.00 135.00 0.61970
5.00 135.00 0.35980
10.00 135.00 0.18726
15.00 135.00 0.92454E-01
20.00 135.00 0.57565E-01
25.00 135.00 0.73980E-01
30.00 135.00 0.13517
35.00 135.00 0.22693
40.00 135.00 0.33539
45.00 135.00 0.46306
70.00 135.00 0.73733
-75.00 140.00 -0.55038E-01
-65.00 140.00 -0.36408
-60.00 140.00 -0.36105
-55.00 140.00 -0.22370
-50.00 140.00 -0.14941E-01
-45.00 140.00 0.19115
-40.00 140.00 0.37398
-35.00 140.00 0.57174
-30.00 140.00 0.81903
-25.00 140.00 1.0799
-20.00 140.00 1.2488
-15.00 140.00 1.2291
-10.00 140.00 1.0188
-5.00 140.00 0.72379
0.00 140.00 0.48097
5.00 140.00 0.36020
10.00 140.00 0.32857
15.00 140.00 0.30282
20.00 140.00 0.23372
25.00 140.00 0.14444
30.00 140.00 0.97320E-01
35.00 140.00 0.13309
40.00 140.00 0.24432
45.00 140.00 0.39810
50.00 140.00 0.56782
55.00 140.00 0.73137
60.00 140.00 0.84373
65.00 140.00 0.83366
75.00 140.00 0.34796
-45.00 145.00 -0.16213
-40.00 145.00 -0.12223E-01
-35.00 145.00 0.15279
-30.00 145.00 0.38263
-25.00 145.00 0.64501
-20.00 145.00 0.82445
-15.00 145.00 0.81462
-10.00 145.00 0.62163
-5.00 145.00 0.37765
0.00 145.00 0.24373
5.00 145.00 0.28423
10.00 145.00 0.42307
15.00 145.00 0.51732
20.00 145.00 0.47851
25.00 145.00 0.33518
30.00 145.00 0.19259
35.00 145.00 0.14040
40.00 145.00 0.19598
45.00 145.00 0.32053
-80.00 150.00 -0.38602E-01
-70.00 150.00 -0.62265
-65.00 150.00 -0.86129
-60.00 150.00 -0.93731
-55.00 150.00 -0.84406
-50.00 150.00 -0.67075
-45.00 150.00 -0.52431
-40.00 150.00 -0.43465
-35.00 150.00 -0.33711
-30.00 150.00 -0.15376
-25.00 150.00 0.10500
-20.00 150.00 0.32327
-15.00 150.00 0.37366
-10.00 150.00 0.23935
-5.00 150.00 0.47246E-01
0.00 150.00 -0.26342E-01
5.00 150.00 0.10173
10.00 150.00 0.35536
15.00 150.00 0.56500
20.00 150.00 0.60354
25.00 150.00 0.47435
30.00 150.00 0.28703
35.00 150.00 0.15987
40.00 150.00 0.14270
45.00 150.00 0.21484
50.00 150.00 0.33173
55.00 150.00 0.45681
60.00 150.00 0.55297
65.00 150.00 0.56858
70.00 150.00 0.46201
80.00 150.00 0.46413E-01
-45.00 155.00 -0.80597
-40.00 155.00 -0.76792
-35.00 155.00 -0.73100
-30.00 155.00 -0.58457
-25.00 155.00 -0.30852
-20.00 155.00 -0.15564E-01
-15.00 155.00 0.13398
-10.00 155.00 0.72690E-01
-5.00 155.00 -0.10610
0.00 155.00 -0.21796
5.00 155.00 -0.13566
10.00 155.00 0.11196
15.00 155.00 0.37115
20.00 155.00 0.48934
25.00 155.00 0.42452
30.00 155.00 0.25467
35.00 155.00 0.99390E-01
40.00 155.00 0.35248E-01
45.00 155.00 0.69982E-01
-75.00 160.00 -0.53504
-65.00 160.00 -1.2142
-60.00 160.00 -1.3212
-55.00 160.00 -1.2360
-50.00 160.00 -1.0662
-45.00 160.00 -0.94686
-40.00 160.00 -0.92404
-35.00 160.00 -0.91358
-30.00 160.00 -0.78086
-25.00 160.00 -0.47663
-20.00 160.00 -0.10497
-15.00 160.00 0.14453
-10.00 160.00 0.14733
-5.00 160.00 -0.52146E-01
0.00 160.00 -0.27329
5.00 160.00 -0.33979
10.00 160.00 -0.20876
15.00 160.00 0.13961E-01
20.00 160.00 0.17209
25.00 160.00 0.17905
30.00 160.00 0.64689E-01
35.00 160.00 -0.70576E-01
40.00 160.00 -0.13676
45.00 160.00 -0.10187
50.00 160.00 0.13016E-01
55.00 160.00 0.16130
60.00 160.00 0.28902
65.00 160.00 0.34450
75.00 160.00 0.17220
-85.00 165.00 0.70792E-01
-70.00 165.00 -1.0118
-45.00 165.00 -0.93567
-40.00 165.00 -0.88486
-35.00 165.00 -0.86631
-30.00 165.00 -0.74276
-25.00 165.00 -0.44429
-20.00 165.00 -0.52684E-01
-15.00 165.00 0.24191
-10.00 165.00 0.28240
-5.00 165.00 0.67733E-01
0.00 165.00 -0.24449
5.00 165.00 -0.45598
10.00 165.00 -0.46763
15.00 165.00 -0.33173
20.00 165.00 -0.18703
25.00 165.00 -0.14265
30.00 165.00 -0.20629
35.00 165.00 -0.30027
40.00 165.00 -0.33327
45.00 165.00 -0.26232
70.00 165.00 0.24447
85.00 165.00 -0.11614E-01
-65.00 170.00 -1.3315
-60.00 170.00 -1.3987
-55.00 170.00 -1.2635
-50.00 170.00 -1.0217
-45.00 170.00 -0.80776
-40.00 170.00 -0.69751
-35.00 170.00 -0.65279
-30.00 170.00 -0.56160
-25.00 170.00 -0.34551
-20.00 170.00 -0.44379E-01
-15.00 170.00 0.19794
-10.00 170.00 0.23997
-5.00 170.00 0.54752E-01
0.00 170.00 -0.24534
5.00 170.00 -0.49056
10.00 170.00 -0.57414
15.00 170.00 -0.51517
20.00 170.00 -0.42113
25.00 170.00 -0.39077
30.00 170.00 -0.43968
35.00 170.00 -0.50118
40.00 170.00 -0.48898
45.00 170.00 -0.36388
50.00 170.00 -0.15657
55.00 170.00 0.58465E-01
60.00 170.00 0.20847
65.00 170.00 0.25672
-45.00 175.00 -0.62501
-40.00 175.00 -0.44252
-35.00 175.00 -0.36708
-30.00 175.00 -0.33687
-25.00 175.00 -0.27823
-20.00 175.00 -0.17358
-15.00 175.00 -0.77442E-01
-10.00 175.00 -0.67211E-01
-5.00 175.00 -0.17174
0.00 175.00 -0.34063
5.00 175.00 -0.48128
10.00 175.00 -0.53161
15.00 175.00 -0.50557
20.00 175.00 -0.47328
25.00 175.00 -0.49451
30.00 175.00 -0.56338
35.00 175.00 -0.61005
40.00 175.00 -0.55608
45.00 175.00 -0.37698
-80.00 180.00 -0.37264
-75.00 180.00 -0.75226
-70.00 180.00 -1.0654
-65.00 180.00 -1.2446
-60.00 180.00 -1.2473
-55.00 180.00 -1.0738
-50.00 180.00 -0.77646
-45.00 180.00 -0.45018
-40.00 180.00 -0.19849
-35.00 180.00 -0.88594E-01
-30.00 180.00 -0.12183
-25.00 180.00 -0.24102
-20.00 180.00 -0.37022
-15.00 180.00 -0.45814
-10.00 180.00 -0.49518
-5.00 180.00 -0.49794
0.00 180.00 -0.48270
5.00 180.00 -0.45485
10.00 180.00 -0.42051
15.00 180.00 -0.40095
20.00 180.00 -0.42571
25.00 180.00 -0.50330
30.00 180.00 -0.59592
35.00 180.00 -0.62838
40.00 180.00 -0.53464
45.00 180.00 -0.30967
50.00 180.00 -0.24323E-01
55.00 180.00 0.21312
60.00 180.00 0.32296
65.00 180.00 0.29933
70.00 180.00 0.20360
75.00 180.00 0.11102
80.00 180.00 0.60748E-01
-45.00 -175 -0.32744
-40.00 -175 -0.21105E-01
-35.00 -175 0.13059
-30.00 -175 0.66457E-01
-25.00 -175 -0.17935
-20.00 -175 -0.48768
-15.00 -175 -0.71959
-10.00 -175 -0.79242
-5.00 -175 -0.71451
0.00 -175 -0.56117
5.00 -175 -0.41938
10.00 -175 -0.34477
15.00 -175 -0.35213
20.00 -175 -0.42683
25.00 -175 -0.53364
30.00 -175 -0.61736
35.00 -175 -0.61185
40.00 -175 -0.47099
45.00 -175 -0.20749
-65.00 -170 -1.0562
-60.00 -170 -1.0182
-55.00 -170 -0.87184
-50.00 -170 -0.61536
-45.00 -170 -0.27388
-40.00 -170 0.62289E-01
-35.00 -170 0.25585
-30.00 -170 0.20316
-25.00 -170 -0.82582E-01
-20.00 -170 -0.46068
-15.00 -170 -0.74490
-10.00 -170 -0.81995
-5.00 -170 -0.70455
0.00 -170 -0.51853
5.00 -170 -0.38949
10.00 -170 -0.37612
15.00 -170 -0.45731
20.00 -170 -0.57311
25.00 -170 -0.66665
30.00 -170 -0.69505
35.00 -170 -0.62253
40.00 -170 -0.42806
45.00 -170 -0.13363
50.00 -170 0.17915
55.00 -170 0.39909
60.00 -170 0.45399
65.00 -170 0.36312
-70.00 -165 -0.91840
-45.00 -165 -0.28027
-40.00 -165 0.52296E-01
-35.00 -165 0.26608
-30.00 -165 0.23878
-25.00 -165 -0.25779E-01
-20.00 -165 -0.38017
-15.00 -165 -0.62966
-10.00 -165 -0.66889
-5.00 -165 -0.54760
0.00 -165 -0.41550
5.00 -165 -0.39974
10.00 -165 -0.51910
15.00 -165 -0.69537
20.00 -165 -0.83151
25.00 -165 -0.87603
30.00 -165 -0.82470
35.00 -165 -0.68333
40.00 -165 -0.45001
45.00 -165 -0.14111
70.00 -165 0.22561
-75.00 -160 -0.73314
-65.00 -160 -0.87130
-60.00 -160 -0.82129
-55.00 -160 -0.73488
-50.00 -160 -0.57575
-45.00 -160 -0.31807
-40.00 -160 -0.22762E-01
-35.00 -160 0.16896
-30.00 -160 0.13721
-25.00 -160 -0.10665
-20.00 -160 -0.40945
-15.00 -160 -0.58734
-10.00 -160 -0.56822
-5.00 -160 -0.44210
0.00 -160 -0.37706
5.00 -160 -0.47749
10.00 -160 -0.70791
15.00 -160 -0.93866
20.00 -160 -1.0577
25.00 -160 -1.0415
30.00 -160 -0.93268
35.00 -160 -0.76803
40.00 -160 -0.54375
45.00 -160 -0.25165
50.00 -160 0.63892E-01
55.00 -160 0.30492
60.00 -160 0.39024
65.00 -160 0.32962
75.00 -160 0.15667
-45.00 -155 -0.35168
-40.00 -155 -0.11212
-35.00 -155 0.17673E-01
-30.00 -155 -0.67723E-01
-25.00 -155 -0.33508
-20.00 -155 -0.61775
-15.00 -155 -0.74203
-10.00 -155 -0.66801
-5.00 -155 -0.51851
0.00 -155 -0.46956
5.00 -155 -0.60116
10.00 -155 -0.84020
15.00 -155 -1.0376
20.00 -155 -1.0979
25.00 -155 -1.0387
30.00 -155 -0.93696
35.00 -155 -0.83096
40.00 -155 -0.68513
45.00 -155 -0.44971
-80.00 -150 -0.44969
-70.00 -150 -0.78216
-65.00 -150 -0.76001
-60.00 -150 -0.71123
-55.00 -150 -0.65335
-50.00 -150 -0.54216
-45.00 -150 -0.35455
-40.00 -150 -0.16154
-35.00 -150 -0.10157
-30.00 -150 -0.26358
-25.00 -150 -0.58829
-20.00 -150 -0.89147
-15.00 -150 -1.0025
-10.00 -150 -0.89935
-5.00 -150 -0.71844
0.00 -150 -0.63072
5.00 -150 -0.69816
10.00 -150 -0.83906
15.00 -150 -0.92444
20.00 -150 -0.90404
25.00 -150 -0.83920
30.00 -150 -0.81835
35.00 -150 -0.84880
40.00 -150 -0.83907
45.00 -150 -0.69054
50.00 -150 -0.40426
55.00 -150 -0.92892E-01
60.00 -150 0.11565
65.00 -150 0.18600
70.00 -150 0.18609
80.00 -150 0.21277
-45.00 -145 -0.32423
-40.00 -145 -0.14360
-35.00 -145 -0.11905
-30.00 -145 -0.32747
-25.00 -145 -0.69146
-20.00 -145 -1.0176
-15.00 -145 -1.1396
-10.00 -145 -1.0417
-5.00 -145 -0.85358
0.00 -145 -0.72517
5.00 -145 -0.70111
10.00 -145 -0.70979
15.00 -145 -0.66647
20.00 -145 -0.57887
25.00 -145 -0.54518
30.00 -145 -0.64570
35.00 -145 -0.83955
40.00 -145 -0.97566
45.00 -145 -0.91495
-85.00 -140 -0.76565E-01
-75.00 -140 -0.66538
-65.00 -140 -0.74542
-60.00 -140 -0.71638
-55.00 -140 -0.65432
-50.00 -140 -0.51142
-45.00 -140 -0.28725
-40.00 -140 -0.80613E-01
-35.00 -140 -0.36618E-01
-30.00 -140 -0.22551
-25.00 -140 -0.56634
-20.00 -140 -0.87499
-15.00 -140 -1.0015
-10.00 -140 -0.93543
-5.00 -140 -0.78782
0.00 -140 -0.67388
5.00 -140 -0.61407
10.00 -140 -0.54636
15.00 -140 -0.42839
20.00 -140 -0.31623
25.00 -140 -0.33006
30.00 -140 -0.53312
35.00 -140 -0.84330
40.00 -140 -1.0719
45.00 -140 -1.0637
50.00 -140 -0.81387
55.00 -140 -0.45820
60.00 -140 -0.15210
65.00 -140 0.42856E-01
75.00 -140 0.25468
85.00 -140 0.19871
-70.00 -135 -0.74460
-45.00 -135 -0.28671
-40.00 -135 -0.38224E-01
-35.00 -135 0.60370E-01
-30.00 -135 -0.56898E-01
-25.00 -135 -0.31720
-20.00 -135 -0.56182
-15.00 -135 -0.67004
-10.00 -135 -0.64219
-5.00 -135 -0.56997
0.00 -135 -0.53144
5.00 -135 -0.51875
10.00 -135 -0.46911
15.00 -135 -0.36167
20.00 -135 -0.27299
25.00 -135 -0.32351
30.00 -135 -0.55885
35.00 -135 -0.88099
40.00 -135 -1.1036
45.00 -135 -1.0891
70.00 -135 0.17403
-65.00 -130 -0.79661
-60.00 -130 -0.82036
-55.00 -130 -0.77999
-50.00 -130 -0.62191
-45.00 -130 -0.35578
-40.00 -130 -0.84969E-01
-35.00 -130 0.56445E-01
-30.00 -130 0.83506E-02
-25.00 -130 -0.16629
-20.00 -130 -0.33612
-15.00 -130 -0.41045
-10.00 -130 -0.40245
-5.00 -130 -0.39243
0.00 -130 -0.43468
5.00 -130 -0.50374
10.00 -130 -0.53238
15.00 -130 -0.49793
20.00 -130 -0.46312
25.00 -130 -0.52291
30.00 -130 -0.70552
35.00 -130 -0.92580
40.00 -130 -1.0418
45.00 -130 -0.96533
50.00 -130 -0.72596
55.00 -130 -0.43215
60.00 -130 -0.17513
65.00 -130 0.28416E-01
-45.00 -125 -0.49176
-40.00 -125 -0.24088
-35.00 -125 -0.10637
-30.00 -125 -0.13919
-25.00 -125 -0.27865
-20.00 -125 -0.40741
-15.00 -125 -0.45013
-10.00 -125 -0.42660
-5.00 -125 -0.41590
0.00 -125 -0.47311
5.00 -125 -0.58095
10.00 -125 -0.67810
15.00 -125 -0.72758
20.00 -125 -0.75106
25.00 -125 -0.79477
30.00 -125 -0.86630
35.00 -125 -0.91204
40.00 -125 -0.86210
45.00 -125 -0.69761
-80.00 -120 -0.35741
-75.00 -120 -0.58042
-70.00 -120 -0.72527
-65.00 -120 -0.83820
-60.00 -120 -0.92754
-55.00 -120 -0.94671
-50.00 -120 -0.84730
-45.00 -120 -0.64903
-40.00 -120 -0.45233
-35.00 -120 -0.37251
-30.00 -120 -0.45003
-25.00 -120 -0.61739
-20.00 -120 -0.75357
-15.00 -120 -0.77859
-10.00 -120 -0.70782
-5.00 -120 -0.62526
0.00 -120 -0.60854
5.00 -120 -0.67429
10.00 -120 -0.78336
15.00 -120 -0.88506
20.00 -120 -0.94970
25.00 -120 -0.96434
30.00 -120 -0.91296
35.00 -120 -0.77762
40.00 -120 -0.56548
45.00 -120 -0.32708
50.00 -120 -0.13184
55.00 -120 -0.13013E-01
60.00 -120 0.63896E-01
65.00 -120 0.16718
70.00 -120 0.32100
75.00 -120 0.45780
80.00 -120 0.46154
-45.00 -115 -0.75916
-40.00 -115 -0.61618
-35.00 -115 -0.59693
-30.00 -115 -0.73448
-25.00 -115 -0.95327
-20.00 -115 -1.1212
-15.00 -115 -1.1436
-10.00 -115 -1.0234
-5.00 -115 -0.84803
0.00 -115 -0.72101
5.00 -115 -0.69843
10.00 -115 -0.76919
15.00 -115 -0.87629
20.00 -115 -0.94927
25.00 -115 -0.92741
30.00 -115 -0.77688
35.00 -115 -0.50956
40.00 -115 -0.19261
45.00 -115 0.73909E-01
-65.00 -110 -0.79652
-60.00 -110 -0.91691
-55.00 -110 -0.96881
-50.00 -110 -0.91039
-45.00 -110 -0.76809
-40.00 -110 -0.64139
-35.00 -110 -0.63826
-30.00 -110 -0.79182
-25.00 -110 -1.0282
-20.00 -110 -1.2143
-15.00 -110 -1.2476
-10.00 -110 -1.1196
-5.00 -110 -0.91102
0.00 -110 -0.73098
5.00 -110 -0.65119
10.00 -110 -0.67462
15.00 -110 -0.74523
20.00 -110 -0.77996
25.00 -110 -0.70463
30.00 -110 -0.48698
35.00 -110 -0.16008
40.00 -110 0.18039
45.00 -110 0.41913
50.00 -110 0.49104
55.00 -110 0.43065
60.00 -110 0.35327
65.00 -110 0.36741
-70.00 -105 -0.59988
-45.00 -105 -0.66711
-40.00 -105 -0.50659
-35.00 -105 -0.45473
-30.00 -105 -0.55312
-25.00 -105 -0.74521
-20.00 -105 -0.91697
-15.00 -105 -0.97689
-10.00 -105 -0.91220
-5.00 -105 -0.78347
0.00 -105 -0.67119
5.00 -105 -0.62074
10.00 -105 -0.62164
15.00 -105 -0.62330
20.00 -105 -0.56570
25.00 -105 -0.40703
30.00 -105 -0.14390
35.00 -105 0.17710
40.00 -105 0.46731
45.00 -105 0.63452
70.00 -105 0.56054
-75.00 -100 -0.39357
-65.00 -100 -0.65334
-60.00 -100 -0.75735
-55.00 -100 -0.78815
-50.00 -100 -0.69689
-45.00 -100 -0.49655
-40.00 -100 -0.27265
-35.00 -100 -0.13165
-30.00 -100 -0.12860
-25.00 -100 -0.23498
-20.00 -100 -0.37141
-15.00 -100 -0.47319
-10.00 -100 -0.53092
-5.00 -100 -0.57624
0.00 -100 -0.63411
5.00 -100 -0.68913
10.00 -100 -0.69394
15.00 -100 -0.60581
20.00 -100 -0.41592
25.00 -100 -0.15108
30.00 -100 0.14233
35.00 -100 0.41184
40.00 -100 0.60512
45.00 -100 0.68277
50.00 -100 0.64411
55.00 -100 0.54599
60.00 -100 0.48223
65.00 -100 0.51897
75.00 -100 0.69958
-45.00 -95 -0.31922
-40.00 -95 -0.40609E-01
-35.00 -95 0.18000
-30.00 -95 0.27525
-25.00 -95 0.24758
-20.00 -95 0.14297
-15.00 -95 -0.18723E-02
-10.00 -95 -0.18446
-5.00 -95 -0.41086
0.00 -95 -0.65030
5.00 -95 -0.82257
10.00 -95 -0.83915
15.00 -95 -0.66551
20.00 -95 -0.35000
25.00 -95 0.49811E-02
30.00 -95 0.30271
35.00 -95 0.49395
40.00 -95 0.57720
45.00 -95 0.57606
-80.00 -90 -0.12480
-70.00 -90 -0.36127
-65.00 -90 -0.44864
-60.00 -90 -0.52161
-55.00 -90 -0.53042
-50.00 -90 -0.41862
-45.00 -90 -0.18097
-40.00 -90 0.11505
-35.00 -90 0.36691
-30.00 -90 0.50153
-25.00 -90 0.50905
-20.00 -90 0.42017
-15.00 -90 0.25782
-10.00 -90 0.18361E-01
-5.00 -90 -0.29578
0.00 -90 -0.62837
5.00 -90 -0.86505
10.00 -90 -0.89304
15.00 -90 -0.68166
20.00 -90 -0.31400
25.00 -90 0.61043E-01
30.00 -90 0.31917
35.00 -90 0.42302
40.00 -90 0.41632
45.00 -90 0.37161
50.00 -90 0.34472
55.00 -90 0.36579
60.00 -90 0.44856
65.00 -90 0.58476
70.00 -90 0.72183
80.00 -90 0.62729
-85.00 -85 0.95874E-01
-45.00 -85 -0.84683E-01
-40.00 -85 0.19039
-35.00 -85 0.42215
-30.00 -85 0.53951
-25.00 -85 0.53739
-20.00 -85 0.45484
-15.00 -85 0.32124
-10.00 -85 0.12980
-5.00 -85 -0.13216
0.00 -85 -0.42866
5.00 -85 -0.65982
10.00 -85 -0.71536
15.00 -85 -0.55775
20.00 -85 -0.26137
25.00 -85 0.31676E-01
30.00 -85 0.20530
35.00 -85 0.23697
40.00 -85 0.19046
45.00 -85 0.15293
85.00 -85 0.31516
-75.00 -80 -0.12612
-65.00 -80 -0.23132
-60.00 -80 -0.27451
-55.00 -80 -0.27706
-50.00 -80 -0.18734
-45.00 -80 0.56847E-02
-40.00 -80 0.24385
-35.00 -80 0.43158
-30.00 -80 0.50438
-25.00 -80 0.47223
-20.00 -80 0.39802
-15.00 -80 0.33239
-10.00 -80 0.26890
-5.00 -80 0.16274
0.00 -80 -0.70564E-02
5.00 -80 -0.19611
10.00 -80 -0.31858
15.00 -80 -0.31669
20.00 -80 -0.21078
25.00 -80 -0.82796E-01
30.00 -80 -0.88894E-02
35.00 -80 -0.30473E-02
40.00 -80 -0.18360E-01
45.00 -80 0.44750E-02
50.00 -80 0.92449E-01
55.00 -80 0.23555
60.00 -80 0.40961
65.00 -80 0.58751
75.00 -80 0.75187
-70.00 -75 -0.10000
-45.00 -75 0.13539
-40.00 -75 0.34494
-35.00 -75 0.49459
-30.00 -75 0.52703
-25.00 -75 0.46708
-20.00 -75 0.40197
-15.00 -75 0.40691
-10.00 -75 0.48016
-5.00 -75 0.54448
0.00 -75 0.51251
5.00 -75 0.35765
10.00 -75 0.13128
15.00 -75 -0.81187E-01
20.00 -75 -0.22013
25.00 -75 -0.27637
30.00 -75 -0.27089
35.00 -75 -0.22201
40.00 -75 -0.13453
45.00 -75 -0.12656E-01
70.00 -75 0.68564
-65.00 -70 -0.24978E-01
-60.00 -70 -0.14071E-01
-55.00 -70 0.31600E-01
-50.00 -70 0.14407
-45.00 -70 0.32464
-40.00 -70 0.51894
-35.00 -70 0.64294
-30.00 -70 0.64718
-25.00 -70 0.56498
-20.00 -70 0.49672
-15.00 -70 0.53473
-10.00 -70 0.68645
-5.00 -70 0.85864
0.00 -70 0.91678
5.00 -70 0.77450
10.00 -70 0.44811
15.00 -70 0.43799E-01
20.00 -70 -0.30360
25.00 -70 -0.49427
30.00 -70 -0.49600
35.00 -70 -0.34207
40.00 -70 -0.10806
45.00 -70 0.12093
50.00 -70 0.28603
55.00 -70 0.38021
60.00 -70 0.44392
65.00 -70 0.52266
-45.00 -65 0.55221
-40.00 -65 0.72643
-35.00 -65 0.81759
-30.00 -65 0.79061
-25.00 -65 0.68356
-20.00 -65 0.59497
-15.00 -65 0.61943
-10.00 -65 0.77425
-5.00 -65 0.97280
0.00 -65 1.0679
5.00 -65 0.94001
10.00 -65 0.57295
15.00 -65 0.72378E-01
20.00 -65 -0.38308
25.00 -65 -0.62775
30.00 -65 -0.58671
35.00 -65 -0.30782
40.00 -65 0.66364E-01
45.00 -65 0.37380
-80.00 -60 0.16108
-75.00 -60 0.11705
-70.00 -60 0.11149
-65.00 -60 0.15596
-60.00 -60 0.25503
-55.00 -60 0.40497
-50.00 -60 0.58758
-45.00 -60 0.76559
-40.00 -60 0.88861
-35.00 -60 0.91465
-30.00 -60 0.83826
-25.00 -60 0.70571
-20.00 -60 0.60019
-15.00 -60 0.59798
-10.00 -60 0.71772
-5.00 -60 0.89490
0.00 -60 1.0033
5.00 -60 0.91941
10.00 -60 0.59872
15.00 -60 0.11941
20.00 -60 -0.33844
25.00 -60 -0.57726
30.00 -60 -0.48901
35.00 -60 -0.12253
40.00 -60 0.33610
45.00 -60 0.66737
50.00 -60 0.74600
55.00 -60 0.60892
60.00 -60 0.41449
65.00 -60 0.31922
70.00 -60 0.36088
75.00 -60 0.44040
80.00 -60 0.41289
-45.00 -55 0.90819
-40.00 -55 0.93645
-35.00 -55 0.86015
-30.00 -55 0.72322
-25.00 -55 0.58741
-20.00 -55 0.50768
-15.00 -55 0.51646
-10.00 -55 0.61445
-5.00 -55 0.76211
0.00 -55 0.87829
5.00 -55 0.86307
10.00 -55 0.65155
15.00 -55 0.27453
20.00 -55 -0.12329
25.00 -55 -0.34268
30.00 -55 -0.24811
35.00 -55 0.13082
40.00 -55 0.59620
45.00 -55 0.89603
-65.00 -50 0.28216
-60.00 -50 0.45672
-55.00 -50 0.68928
-50.00 -50 0.88332
-45.00 -50 0.94480
-40.00 -50 0.84829
-35.00 -50 0.65709
-30.00 -50 0.47858
-25.00 -50 0.39209
-20.00 -50 0.40881
-15.00 -50 0.49049
-10.00 -50 0.59720
-5.00 -50 0.71034
0.00 -50 0.81068
5.00 -50 0.84686
10.00 -50 0.74836
15.00 -50 0.49202
20.00 -50 0.16459
25.00 -50 -0.54756E-01
30.00 -50 -0.73634E-02
35.00 -50 0.31308
40.00 -50 0.72396
45.00 -50 0.96229
50.00 -50 0.86895
55.00 -50 0.50633
60.00 -50 0.11136
65.00 -50 -0.83291E-01
-70.00 -45 0.24064
-45.00 -45 0.87119
-40.00 -45 0.65334
-35.00 -45 0.37542
-30.00 -45 0.20635
-25.00 -45 0.23240
-20.00 -45 0.40364
-15.00 -45 0.59266
-10.00 -45 0.70692
-5.00 -45 0.74950
0.00 -45 0.77684
5.00 -45 0.80624
10.00 -45 0.77718
15.00 -45 0.61580
20.00 -45 0.34184
25.00 -45 0.10165
30.00 -45 0.71190E-01
35.00 -45 0.29950
40.00 -45 0.63472
45.00 -45 0.81648
70.00 -45 -0.23584
-75.00 -40 0.28996
-65.00 -40 0.32383
-60.00 -40 0.49600
-55.00 -40 0.71091
-50.00 -40 0.81934
-45.00 -40 0.70657
-40.00 -40 0.40558
-35.00 -40 0.10110
-30.00 -40 0.16761E-02
-25.00 -40 0.17808
-20.00 -40 0.50738
-15.00 -40 0.77510
-10.00 -40 0.84745
-5.00 -40 0.76163
0.00 -40 0.65852
5.00 -40 0.62937
10.00 -40 0.62769
15.00 -40 0.53206
20.00 -40 0.29561
25.00 -40 0.28530E-01
30.00 -40 -0.80351E-01
35.00 -40 0.59504E-01
40.00 -40 0.33115
45.00 -40 0.48303
50.00 -40 0.33366
55.00 -40 -0.67971E-01
60.00 -40 -0.47075
65.00 -40 -0.61888
75.00 -40 -0.13299
-45.00 -35 0.47908
-40.00 -35 0.15147
-35.00 -35 -0.11391
-30.00 -35 -0.10508
-25.00 -35 0.20818
-20.00 -35 0.63315
-15.00 -35 0.89787
-10.00 -35 0.86318
-5.00 -35 0.62014
0.00 -35 0.38887
5.00 -35 0.31407
10.00 -35 0.34548
15.00 -35 0.31029
20.00 -35 0.10292
25.00 -35 -0.19349
30.00 -35 -0.37459
35.00 -35 -0.31100
40.00 -35 -0.86813E-01
45.00 -35 0.56914E-01
-85.00 -30 0.37513
-80.00 -30 0.39864
-70.00 -30 0.30012
-65.00 -30 0.28929
-60.00 -30 0.36009
-55.00 -30 0.44747
-50.00 -30 0.42298
-45.00 -30 0.21580
-40.00 -30 -0.85900E-01
-35.00 -30 -0.26671
-30.00 -30 -0.14932
-25.00 -30 0.23995
-20.00 -30 0.66129
-15.00 -30 0.83619
-10.00 -30 0.66776
-5.00 -30 0.31474
0.00 -30 0.49713E-01
5.00 -30 0.23796E-01
10.00 -30 0.14648
15.00 -30 0.18590
20.00 -30 -0.56459E-02
25.00 -30 -0.35016
30.00 -30 -0.61620
35.00 -30 -0.63600
40.00 -30 -0.46463
45.00 -30 -0.33246
50.00 -30 -0.43432
55.00 -30 -0.74757
60.00 -30 -1.0438
65.00 -30 -1.0812
70.00 -30 -0.80500
80.00 -30 -0.63254E-01
85.00 -30 0.37096E-01
-45.00 -25 -0.57778E-01
-40.00 -25 -0.30027
-35.00 -25 -0.38155
-30.00 -25 -0.18644
-25.00 -25 0.20191
-20.00 -25 0.53255
-15.00 -25 0.57490
-10.00 -25 0.31261
-5.00 -25 -0.32041E-01
0.00 -25 -0.17901
5.00 -25 -0.28100E-01
10.00 -25 0.25369
15.00 -25 0.37549
20.00 -25 0.17305
25.00 -25 -0.25337
30.00 -25 -0.63264
35.00 -25 -0.76057
40.00 -25 -0.66819
45.00 -25 -0.57453
-75.00 -20 0.42953
-65.00 -20 0.23844
-60.00 -20 0.15580
-55.00 -20 0.60845E-01
-50.00 -20 -0.97400E-01
-45.00 -20 -0.31332
-40.00 -20 -0.48493
-35.00 -20 -0.47564
-30.00 -20 -0.24238
-25.00 -20 0.88466E-01
-20.00 -20 0.29044
-15.00 -20 0.21770
-10.00 -20 -0.53800E-01
-5.00 -20 -0.26301
0.00 -20 -0.16984
5.00 -20 0.23387
10.00 -20 0.69317
15.00 -20 0.87711
20.00 -20 0.63498
25.00 -20 0.10823
30.00 -20 -0.39309
35.00 -20 -0.64003
40.00 -20 -0.64760
45.00 -20 -0.62103
50.00 -20 -0.74721
55.00 -20 -1.0214
60.00 -20 -1.2559
65.00 -20 -1.2493
75.00 -20 -0.53462
-70.00 -15 0.36601
-45.00 -15 -0.51811
-40.00 -15 -0.62192
-35.00 -15 -0.54102
-30.00 -15 -0.29794
-25.00 -15 -0.42180E-01
-20.00 -15 0.46919E-01
-15.00 -15 -0.84745E-01
-10.00 -15 -0.28804
-5.00 -15 -0.30017
0.00 -15 0.47333E-01
5.00 -15 0.66643
10.00 -15 1.2408
15.00 -15 1.4388
20.00 -15 1.1494
25.00 -15 0.55317
30.00 -15 -0.24595E-01
35.00 -15 -0.35610
40.00 -15 -0.45177
45.00 -15 -0.49797
70.00 -15 -0.94203
-65.00 -10 0.24469
-60.00 -10 0.41386E-01
-55.00 -10 -0.20036
-50.00 -10 -0.45096
-45.00 -10 -0.64119
-40.00 -10 -0.68638
-35.00 -10 -0.55276
-30.00 -10 -0.31161
-25.00 -10 -0.11615
-20.00 -10 -0.92952E-01
-15.00 -10 -0.22407
-10.00 -10 -0.32690
-5.00 -10 -0.17364
0.00 -10 0.32531
5.00 -10 1.0182
10.00 -10 1.5839
15.00 -10 1.7393
20.00 -10 1.4270
25.00 -10 0.84323
30.00 -10 0.28594
35.00 -10 -0.52310E-01
40.00 -10 -0.18842
45.00 -10 -0.28223
50.00 -10 -0.47179
55.00 -10 -0.75228
60.00 -10 -0.98921
65.00 -10 -1.0384
-45.00 -5 -0.66470
-40.00 -5 -0.66149
-35.00 -5 -0.49161
-30.00 -5 -0.25545
-25.00 -5 -0.94792E-01
-20.00 -5 -0.88894E-01
-15.00 -5 -0.17879
-10.00 -5 -0.19086
-5.00 -5 0.41022E-01
0.00 -5 0.53856
5.00 -5 1.1345
10.00 -5 1.5645
15.00 -5 1.6339
20.00 -5 1.3401
25.00 -5 0.86115
30.00 -5 0.42478
35.00 -5 0.16044
40.00 -5 0.40269E-01
45.00 -5 -0.59504E-01
90.00 0.00 -0.16017E-01
-90.00 0.00 0.29348
