-85.00 0.00 0.21667
-80.00 0.00 0.24972
-75.00 0.00 0.91754E-01
-70.00 0.00 -0.15360
-65.00 0.00 -0.31692
-60.00 0.00 -0.30150
-55.00 0.00 -0.15587
-50.00 0.00 -0.16953E-01
-45.00 0.00 0.16084E-01
-40.00 0.00 -0.40702E-01
-35.00 0.00 -0.93509E-01
-30.00 0.00 -0.76686E-01
-25.00 0.00 -0.18574E-01
-20.00 0.00 -0.50994E-02
-15.00 0.00 -0.83658E-01
-10.00 0.00 -0.20793
-5.00 0.00 -0.27996
0.00 0.00 -0.24606
5.00 0.00 -0.14893
10.00 0.00 -0.83313E-01
15.00 0.00 -0.99965E-01
20.00 0.00 -0.15496
25.00 0.00 -0.15545
30.00 0.00 -0.56482E-01
35.00 0.00 0.87422E-01
40.00 0.00 0.16751
45.00 0.00 0.11863
50.00 0.00 -0.24971E-01
55.00 0.00 -0.16695
60.00 0.00 -0.23773
65.00 0.00 -0.24514
70.00 0.00 -0.24066
75.00 0.00 -0.24289
80.00 0.00 -0.20682
85.00 0.00 -0.74363E-01
-45.00 5.00 0.28750E-01
-40.00 5.00 -0.37734E-01
-35.00 5.00 -0.81546E-01
-30.00 5.00 -0.37497E-01
-25.00 5.00 0.44518E-01
-20.00 5.00 0.51726E-01
-15.00 5.00 -0.70650E-01
-10.00 5.00 -0.25307
-5.00 5.00 -0.35880
0.00 5.00 -0.31049
5.00 5.00 -0.16243
10.00 5.00 -0.47331E-01
15.00 5.00 -0.49253E-01
20.00 5.00 -0.12593
25.00 5.00 -0.15512
30.00 5.00 -0.58408E-01
35.00 5.00 0.11804
40.00 5.00 0.24255
45.00 5.00 0.21657
-65.00 10.00 -0.29716
-60.00 10.00 -0.25782
-55.00 10.00 -0.94524E-01
-50.00 10.00 0.40689E-01
-45.00 10.00 0.53784E-01
-40.00 10.00 -0.12907E-01
-35.00 10.00 -0.41175E-01
-30.00 10.00 0.28978E-01
-25.00 10.00 0.12905
-20.00 10.00 0.12819
-15.00 10.00 -0.28999E-01
-10.00 10.00 -0.25171
-5.00 10.00 -0.37443
0.00 10.00 -0.30604
5.00 10.00 -0.11398
10.00 10.00 0.38807E-01
15.00 10.00 0.45049E-01
20.00 10.00 -0.51160E-01
25.00 10.00 -0.10386
30.00 10.00 -0.10252E-01
35.00 10.00 0.18797
40.00 10.00 0.34104
45.00 10.00 0.32633
50.00 10.00 0.15248
55.00 10.00 -0.60549E-01
60.00 10.00 -0.19546
65.00 10.00 -0.22931
-70.00 15.00 -0.12818
-45.00 15.00 0.64903E-01
-40.00 15.00 -0.11780E-02
-35.00 15.00 -0.19377E-01
-30.00 15.00 0.63217E-01
-25.00 15.00 0.16750
-20.00 15.00 0.15691
-15.00 15.00 -0.19019E-01
-10.00 15.00 -0.25626
-5.00 15.00 -0.37697
0.00 15.00 -0.28792
5.00 15.00 -0.66369E-01
10.00 15.00 0.11033
15.00 15.00 0.12656
20.00 15.00 0.29285E-01
25.00 15.00 -0.25539E-01
30.00 15.00 0.72458E-01
35.00 15.00 0.28017
40.00 15.00 0.43922
45.00 15.00 0.41923
70.00 15.00 -0.18782
-75.00 20.00 0.12282
-65.00 20.00 -0.23551
-60.00 20.00 -0.19859
-55.00 20.00 -0.56573E-01
-50.00 20.00 0.49731E-01
-45.00 20.00 0.42354E-01
-40.00 20.00 -0.27660E-01
-35.00 20.00 -0.47259E-01
-30.00 20.00 0.29303E-01
-25.00 20.00 0.12228
-20.00 20.00 0.10202
-15.00 20.00 -0.74175E-01
-10.00 20.00 -0.30126
-5.00 20.00 -0.40849
0.00 20.00 -0.31108
5.00 20.00 -0.87677E-01
10.00 20.00 0.92006E-01
15.00 20.00 0.12218
20.00 20.00 0.52196E-01
25.00 20.00 0.29118E-01
30.00 20.00 0.14896
35.00 20.00 0.35938
40.00 20.00 0.50449
45.00 20.00 0.46556
50.00 20.00 0.26309
55.00 20.00 0.28867E-01
60.00 20.00 -0.11551
65.00 20.00 -0.15201
75.00 20.00 -0.15312
-45.00 25.00 -0.17168E-01
-40.00 25.00 -0.93686E-01
-35.00 25.00 -0.12158
-30.00 25.00 -0.62191E-01
-25.00 25.00 0.12320E-01
-20.00 25.00 -0.11473E-01
-15.00 25.00 -0.16852
-10.00 25.00 -0.36603
-5.00 25.00 -0.45813
0.00 25.00 -0.37595
5.00 25.00 -0.18831
10.00 25.00 -0.34030E-01
15.00 25.00 0.88994E-02
20.00 25.00 -0.89210E-02
25.00 25.00 0.31789E-01
30.00 25.00 0.19129
35.00 25.00 0.40045
40.00 25.00 0.51632
45.00 25.00 0.44978
-80.00 30.00 0.27813
-70.00 30.00 -0.31561E-01
-65.00 30.00 -0.16415
-60.00 30.00 -0.17024
-55.00 30.00 -0.10065
-50.00 30.00 -0.59775E-01
-45.00 30.00 -0.10046
-40.00 30.00 -0.17913
-35.00 30.00 -0.21106
-30.00 30.00 -0.16569
-25.00 30.00 -0.10372
-20.00 30.00 -0.11797
-15.00 30.00 -0.23751
-10.00 30.00 -0.39177
-5.00 30.00 -0.47154
0.00 30.00 -0.42733
5.00 30.00 -0.30848
10.00 30.00 -0.20580
15.00 30.00 -0.15720
20.00 30.00 -0.11250
25.00 30.00 0.61795E-02
30.00 30.00 0.20924
35.00 30.00 0.40738
40.00 30.00 0.47951
45.00 30.00 0.37909
50.00 30.00 0.17747
55.00 30.00 0.26116E-02
60.00 30.00 -0.68199E-01
65.00 30.00 -0.60048E-01
70.00 30.00 -0.51815E-01
80.00 30.00 -0.10070
-45.00 35.00 -0.18632
-40.00 35.00 -0.25741
-35.00 35.00 -0.28041
-30.00 35.00 -0.23501
-25.00 35.00 -0.17133
-20.00 35.00 -0.16205
-15.00 35.00 -0.23207
-10.00 35.00 -0.33617
-5.00 35.00 -0.40441
0.00 35.00 -0.40617
5.00 35.00 -0.36718
10.00 35.00 -0.32537
15.00 35.00 -0.27698
20.00 35.00 -0.17535
25.00 35.00 0.11003E-01
30.00 35.00 0.24056
35.00 35.00 0.40743
40.00 35.00 0.41979
45.00 35.00 0.27949
-75.00 40.00 0.20552
-65.00 40.00 -0.81900E-01
-60.00 40.00 -0.14479
-55.00 40.00 -0.16460
-50.00 40.00 -0.19561
-45.00 40.00 -0.25633
-40.00 40.00 -0.31159
-35.00 40.00 -0.31311
-30.00 40.00 -0.25282
-25.00 40.00 -0.17466
-20.00 40.00 -0.13534
-15.00 40.00 -0.15619
-10.00 40.00 -0.21295
-5.00 40.00 -0.26791
0.00 40.00 -0.30481
5.00 40.00 -0.32805
10.00 40.00 -0.33157
15.00 40.00 -0.28024
20.00 40.00 -0.13600
25.00 40.00 0.89935E-01
30.00 40.00 0.31436
35.00 40.00 0.42532
40.00 40.00 0.36512
45.00 40.00 0.18185
50.00 40.00 -0.16967E-02
55.00 40.00 -0.81170E-01
60.00 40.00 -0.47196E-01
65.00 40.00 0.20739E-01
75.00 40.00 -0.14530E-01
-70.00 45.00 0.95128E-01
-45.00 45.00 -0.30137
-40.00 45.00 -0.34083
-35.00 45.00 -0.31704
-30.00 45.00 -0.23437
-25.00 45.00 -0.13633
-20.00 45.00 -0.70688E-01
-15.00 45.00 -0.55978E-01
-10.00 45.00 -0.79819E-01
-5.00 45.00 -0.12270
0.00 45.00 -0.17455
5.00 45.00 -0.22437
10.00 45.00 -0.24013
15.00 45.00 -0.17383
20.00 45.00 -0.21288E-02
25.00 45.00 0.23113
30.00 45.00 0.41956
35.00 45.00 0.45889
40.00 45.00 0.32637
45.00 45.00 0.10648
70.00 45.00 0.68581E-01
-65.00 50.00 0.27688E-01
-60.00 50.00 -0.64973E-01
-55.00 50.00 -0.14901
-50.00 50.00 -0.23944
-45.00 50.00 -0.32131
-40.00 50.00 -0.35485
-35.00 50.00 -0.31231
-30.00 50.00 -0.20752
-25.00 50.00 -0.89048E-01
-20.00 50.00 -0.50686E-02
-15.00 50.00 0.25359E-01
-10.00 50.00 0.11572E-01
-5.00 50.00 -0.28811E-01
0.00 50.00 -0.81151E-01
5.00 50.00 -0.12440
10.00 50.00 -0.12015
15.00 50.00 -0.27314E-01
20.00 50.00 0.15767
25.00 50.00 0.37173
30.00 50.00 0.50630
35.00 50.00 0.47721
40.00 50.00 0.29214
45.00 50.00 0.55788E-01
50.00 50.00 -0.99985E-01
55.00 50.00 -0.10938
60.00 50.00 -0.14282E-01
65.00 50.00 0.79101E-01
-85.00 55.00 0.19695
-45.00 55.00 -0.32022
-40.00 55.00 -0.36294
-35.00 55.00 -0.31331
-30.00 55.00 -0.18914
-25.00 55.00 -0.48144E-01
-20.00 55.00 0.50621E-01
-15.00 55.00 0.80966E-01
-10.00 55.00 0.54212E-01
-5.00 55.00 0.29346E-04
0.00 55.00 -0.51398E-01
5.00 55.00 -0.71536E-01
10.00 55.00 -0.30840E-01
15.00 55.00 0.89357E-01
20.00 55.00 0.27089
25.00 55.00 0.44558
30.00 55.00 0.52176
35.00 55.00 0.44384
40.00 55.00 0.24090
45.00 55.00 0.18671E-01
85.00 55.00 0.22933E-01
-80.00 60.00 0.27339
-75.00 60.00 0.27673
-70.00 60.00 0.22753
-65.00 60.00 0.15992
-60.00 60.00 0.79894E-01
-55.00 60.00 -0.28703E-01
-50.00 60.00 -0.16837
-45.00 60.00 -0.30179
-40.00 60.00 -0.36619
-35.00 60.00 -0.31936
-30.00 60.00 -0.17710
-25.00 60.00 -0.85552E-02
-20.00 60.00 0.10765
-15.00 60.00 0.13115
-10.00 60.00 0.76820E-01
-5.00 60.00 -0.45486E-02
0.00 60.00 -0.59270E-01
5.00 60.00 -0.52667E-01
10.00 60.00 0.25751E-01
15.00 60.00 0.16274
20.00 60.00 0.31961
25.00 60.00 0.43619
30.00 60.00 0.45295
35.00 60.00 0.34782
40.00 60.00 0.16128
45.00 60.00 -0.17630E-01
50.00 60.00 -0.10425
55.00 60.00 -0.74440E-01
60.00 60.00 0.20709E-01
65.00 60.00 0.96105E-01
70.00 60.00 0.98720E-01
75.00 60.00 0.45375E-01
80.00 60.00 0.36698E-02
-45.00 65.00 -0.26802
-40.00 65.00 -0.35794
-35.00 65.00 -0.31850
-30.00 65.00 -0.16022
-25.00 65.00 0.36342E-01
-20.00 65.00 0.17024
-15.00 65.00 0.18496
-10.00 65.00 0.10054
-5.00 65.00 -0.70368E-02
0.00 65.00 -0.58872E-01
5.00 65.00 -0.18203E-01
10.00 65.00 0.98452E-01
15.00 65.00 0.24062
20.00 65.00 0.35211
25.00 65.00 0.39131
30.00 65.00 0.34176
35.00 65.00 0.21791
40.00 65.00 0.64707E-01
45.00 65.00 -0.56908E-01
-65.00 70.00 0.27705
-60.00 70.00 0.23029
-55.00 70.00 0.12597
-50.00 70.00 -0.40466E-01
-45.00 70.00 -0.22127
-40.00 70.00 -0.33007
-35.00 70.00 -0.29841
-30.00 70.00 -0.13283
-25.00 70.00 0.77476E-01
-20.00 70.00 0.21559
-15.00 70.00 0.21622
-10.00 70.00 0.10947
-5.00 70.00 -0.42049E-02
0.00 70.00 -0.27111E-01
5.00 70.00 0.70210E-01
10.00 70.00 0.23662
15.00 70.00 0.38230
20.00 70.00 0.43737
25.00 70.00 0.38544
30.00 70.00 0.25819
35.00 70.00 0.10766
40.00 70.00 -0.19043E-01
45.00 70.00 -0.91465E-01
50.00 70.00 -0.99430E-01
55.00 70.00 -0.55214E-01
60.00 70.00 0.85896E-02
65.00 70.00 0.53194E-01
-70.00 75.00 0.31281
-45.00 75.00 -0.16685
-40.00 75.00 -0.27978
-35.00 75.00 -0.25454
-30.00 75.00 -0.99300E-01
-25.00 75.00 0.93801E-01
-20.00 75.00 0.20725
-15.00 75.00 0.18322
-10.00 75.00 0.68750E-01
-5.00 75.00 -0.17580E-01
0.00 75.00 0.26025E-01
5.00 75.00 0.20867
10.00 75.00 0.44034
15.00 75.00 0.59602
20.00 75.00 0.59822
25.00 75.00 0.45749
30.00 75.00 0.25008
35.00 75.00 0.61088E-01
40.00 75.00 -0.60217E-01
45.00 75.00 -0.10822
70.00 75.00 0.24043E-01
-75.00 80.00 0.28328
-65.00 80.00 0.33513
-60.00 80.00 0.30351
-55.00 80.00 0.20715
-50.00 80.00 0.51525E-01
-45.00 80.00 -0.11377
-40.00 80.00 -0.21221
-35.00 80.00 -0.19076
-30.00 80.00 -0.66712E-01
-25.00 80.00 0.73073E-01
-20.00 80.00 0.13095
-15.00 80.00 0.75394E-01
-10.00 80.00 -0.26186E-01
-5.00 80.00 -0.51444E-01
0.00 80.00 0.84714E-01
5.00 80.00 0.35982
10.00 80.00 0.65092
15.00 80.00 0.81414
20.00 80.00 0.77619
25.00 80.00 0.57167
30.00 80.00 0.30636
35.00 80.00 0.83750E-01
40.00 80.00 -0.47875E-01
45.00 80.00 -0.97971E-01
50.00 80.00 -0.10079
55.00 80.00 -0.83771E-01
60.00 80.00 -0.59333E-01
65.00 80.00 -0.33369E-01
75.00 80.00 0.90965E-02
-45.00 85.00 -0.72475E-01
-40.00 85.00 -0.13835
-35.00 85.00 -0.11547
-30.00 85.00 -0.36206E-01
-25.00 85.00 0.27251E-01
-20.00 85.00 0.16353E-01
-15.00 85.00 -0.60778E-01
-10.00 85.00 -0.12211
-5.00 85.00 -0.64515E-01
0.00 85.00 0.15738
5.00 85.00 0.48589
10.00 85.00 0.78610
15.00 85.00 0.92683
20.00 85.00 0.85852
25.00 85.00 0.63384
30.00 85.00 0.36246
35.00 85.00 0.14011
40.00 85.00 0.42113E-02
45.00 85.00 -0.61010E-01
-80.00 90.00 0.18322
-70.00 90.00 0.31645
-65.00 90.00 0.32560
-60.00 90.00 0.26952
-55.00 90.00 0.15915
-50.00 90.00 0.35420E-01
-45.00 90.00 -0.50827E-01
-40.00 90.00 -0.70606E-01
-35.00 90.00 -0.38149E-01
-30.00 90.00 -0.32380E-02
-25.00 90.00 -0.15014E-01
-20.00 90.00 -0.80383E-01
-15.00 90.00 -0.14860
-10.00 90.00 -0.13838
-5.00 90.00 0.67904E-02
0.00 90.00 0.27271
5.00 90.00 0.57222
10.00 90.00 0.79104
15.00 90.00 0.85154
20.00 90.00 0.75162
25.00 90.00 0.55512
30.00 90.00 0.34560
35.00 90.00 0.17935
40.00 90.00 0.67980E-01
45.00 90.00 -0.57952E-02
50.00 90.00 -0.60249E-01
55.00 90.00 -0.98847E-01
60.00 90.00 -0.11418
65.00 90.00 -0.10080
70.00 90.00 -0.61801E-01
80.00 90.00 0.53683E-01
-45.00 95.00 -0.50405E-01
-40.00 95.00 -0.18416E-01
-35.00 95.00 0.31767E-01
-30.00 95.00 0.34051E-01
-25.00 95.00 -0.32824E-01
-20.00 95.00 -0.12078
-15.00 95.00 -0.14256
-10.00 95.00 -0.35786E-01
-5.00 95.00 0.18729
0.00 95.00 0.44198
5.00 95.00 0.62337
10.00 95.00 0.66939
15.00 95.00 0.59076
20.00 95.00 0.45127
25.00 95.00 0.31933
30.00 95.00 0.22839
35.00 95.00 0.17056
40.00 95.00 0.11921
45.00 95.00 0.56807E-01
-75.00 100.00 0.22684
-65.00 100.00 0.29063
-60.00 100.00 0.18903
-55.00 100.00 0.40993E-01
-50.00 100.00 -0.63780E-01
-45.00 100.00 -0.65085E-01
-40.00 100.00 0.14765E-01
-35.00 100.00 0.86087E-01
-30.00 100.00 0.69114E-01
-25.00 100.00 -0.30246E-01
-20.00 100.00 -0.11437
-15.00 100.00 -0.69175E-01
-10.00 100.00 0.13820
-5.00 100.00 0.42067
0.00 100.00 0.62601
5.00 100.00 0.64329
10.00 100.00 0.47787
15.00 100.00 0.23967
20.00 100.00 0.60126E-01
25.00 100.00 0.60287E-02
30.00 100.00 0.52334E-01
35.00 100.00 0.12199
40.00 100.00 0.14970
45.00 100.00 0.11844
50.00 100.00 0.51704E-01
55.00 100.00 -0.16757E-01
60.00 100.00 -0.64014E-01
65.00 100.00 -0.78902E-01
75.00 100.00 0.24539E-02
-70.00 105.00 0.28987
-45.00 105.00 -0.82920E-01
-40.00 105.00 0.32218E-01
-35.00 105.00 0.12092
-30.00 105.00 0.92075E-01
-25.00 105.00 -0.28146E-01
-20.00 105.00 -0.10502
-15.00 105.00 -0.62775E-02
-10.00 105.00 0.27498
-5.00 105.00 0.59262
0.00 105.00 0.74537
5.00 105.00 0.62436
10.00 105.00 0.29295
15.00 105.00 -0.61862E-01
20.00 105.00 -0.26215
25.00 105.00 -0.24956
30.00 105.00 -0.96678E-01
35.00 105.00 0.70796E-01
40.00 105.00 0.16536
45.00 105.00 0.17365
70.00 105.00 -0.27707E-01
-85.00 110.00 0.38048E-01
-65.00 110.00 0.28944
-60.00 110.00 0.16610
-55.00 110.00 -0.13862E-01
-50.00 110.00 -0.12496
-45.00 110.00 -0.91031E-01
-40.00 110.00 0.41742E-01
-35.00 110.00 0.13937
-30.00 110.00 0.10129
-25.00 110.00 -0.37860E-01
-20.00 110.00 -0.12408
-15.00 110.00 -0.14354E-01
-10.00 110.00 0.28729
-5.00 110.00 0.60927
0.00 110.00 0.73258
5.00 110.00 0.55599
10.00 110.00 0.17206
15.00 110.00 -0.20372
20.00 110.00 -0.38672
25.00 110.00 -0.33528
30.00 110.00 -0.14429
35.00 110.00 0.51920E-01
40.00 110.00 0.17351
45.00 110.00 0.21663
50.00 110.00 0.21109
55.00 110.00 0.17578
60.00 110.00 0.11599
65.00 110.00 0.49374E-01
85.00 110.00 0.15997
-45.00 115.00 -0.81798E-01
-40.00 115.00 0.50347E-01
-35.00 115.00 0.14921
-30.00 115.00 0.10787
-25.00 115.00 -0.43861E-01
-20.00 115.00 -0.15421
-15.00 115.00 -0.79746E-01
-10.00 115.00 0.18069
-5.00 115.00 0.46851
0.00 115.00 0.58388
5.00 115.00 0.44079
10.00 115.00 0.12905
15.00 115.00 -0.16217
20.00 115.00 -0.28654
25.00 115.00 -0.22825
30.00 115.00 -0.76291E-01
35.00 115.00 0.70224E-01
40.00 115.00 0.17136
45.00 115.00 0.23890
-80.00 120.00 0.36509E-01
-75.00 120.00 0.15473
-70.00 120.00 0.29167
-65.00 120.00 0.33981
-60.00 120.00 0.24507
-55.00 120.00 0.66431E-01
-50.00 120.00 -0.64919E-01
-45.00 120.00 -0.57366E-01
-40.00 120.00 0.58188E-01
-35.00 120.00 0.15462
-30.00 120.00 0.12497
-25.00 120.00 -0.16211E-01
-20.00 120.00 -0.14133
-15.00 120.00 -0.12279
-10.00 120.00 0.51358E-01
-5.00 120.00 0.26351
0.00 120.00 0.36549
5.00 120.00 0.29936
10.00 120.00 0.13411
15.00 120.00 -0.58210E-02
20.00 120.00 -0.45987E-01
25.00 120.00 -0.47142E-02
30.00 120.00 0.54081E-01
35.00 120.00 0.97137E-01
40.00 120.00 0.14613
45.00 120.00 0.23159
50.00 120.00 0.33509
55.00 120.00 0.38961
60.00 120.00 0.34344
65.00 120.00 0.22097
70.00 120.00 0.11191
75.00 120.00 0.90762E-01
80.00 120.00 0.14547
-45.00 125.00 -0.29465E-01
-40.00 125.00 0.56284E-01
-35.00 125.00 0.14830
-30.00 125.00 0.14930
-25.00 125.00 0.55040E-01
-20.00 125.00 -0.48049E-01
-15.00 125.00 -0.68073E-01
-10.00 125.00 0.85927E-02
-5.00 125.00 0.11326
0.00 125.00 0.16794
5.00 125.00 0.15850
10.00 125.00 0.13612
15.00 125.00 0.15155
20.00 125.00 0.19583
25.00 125.00 0.21187
30.00 125.00 0.16484
35.00 125.00 0.94465E-01
40.00 125.00 0.87612E-01
45.00 125.00 0.19188
-65.00 130.00 0.39224
-60.00 130.00 0.35468
-55.00 130.00 0.20285
-50.00 130.00 0.47280E-01
-45.00 130.00 -0.13459E-01
-40.00 130.00 0.31797E-01
-35.00 130.00 0.11326
-30.00 130.00 0.15393
-25.00 130.00 0.13573
-20.00 130.00 0.98138E-01
-15.00 130.00 0.82156E-01
-10.00 130.00 0.85376E-01
-5.00 130.00 0.76179E-01
0.00 130.00 0.46193E-01
5.00 130.00 0.35809E-01
10.00 130.00 0.95798E-01
15.00 130.00 0.22082
20.00 130.00 0.32991
25.00 130.00 0.32844
30.00 130.00 0.20156
35.00 130.00 0.46858E-01
40.00 130.00 0.27845E-02
45.00 130.00 0.12858
50.00 130.00 0.34492
55.00 130.00 0.49515
60.00 130.00 0.47693
65.00 130.00 0.32606
-70.00 135.00 0.26692
-45.00 135.00 -0.18963E-01
-40.00 135.00 -0.20313E-01
-35.00 135.00 0.37529E-01
-30.00 135.00 0.10493
-25.00 135.00 0.16151
-20.00 135.00 0.20897
-15.00 135.00 0.23630
-10.00 135.00 0.21078
-5.00 135.00 0.11548
0.00 135.00 -0.69951E-02
5.00 135.00 -0.64623E-01
10.00 135.00 0.10112E-01
15.00 135.00 0.18533
20.00 135.00 0.33414
25.00 135.00 0.33226
30.00 135.00 0.17050
35.00 135.00 -0.22745E-01
40.00 135.00 -0.80682E-01
45.00 135.00 0.61242E-01
70.00 135.00 0.17991
-75.00 140.00 0.47664E-01
-65.00 140.00 0.36898
-60.00 140.00 0.36964
-55.00 140.00 0.24553
-50.00 140.00 0.79679E-01
-45.00 140.00 -0.42355E-01
-40.00 140.00 -0.86620E-01
-35.00 140.00 -0.67244E-01
-30.00 140.00 -0.68434E-02
-25.00 140.00 0.85499E-01
-20.00 140.00 0.19554
-15.00 140.00 0.27712
-10.00 140.00 0.26622
-5.00 140.00 0.13954
0.00 140.00 -0.38875E-01
5.00 140.00 -0.14446
10.00 140.00 -0.88464E-01
15.00 140.00 0.96242E-01
20.00 140.00 0.26624
25.00 140.00 0.28089
30.00 140.00 0.12548
35.00 140.00 -0.67831E-01
40.00 140.00 -0.12749
45.00 140.00 0.11455E-01
50.00 140.00 0.25195
55.00 140.00 0.41986
60.00 140.00 0.41291
65.00 140.00 0.27974
75.00 140.00 0.15213
-45.00 145.00 -0.66447E-01
-40.00 145.00 -0.13490
-35.00 145.00 -0.15954
-30.00 145.00 -0.14451
-25.00 145.00 -0.77405E-01
-20.00 145.00 0.38396E-01
-15.00 145.00 0.15080
-10.00 145.00 0.17809
-5.00 145.00 0.78973E-01
0.00 145.00 -0.91021E-01
5.00 145.00 -0.20387
10.00 145.00 -0.15955
15.00 145.00 0.21373E-01
20.00 145.00 0.20302
25.00 145.00 0.24400
30.00 145.00 0.11976
35.00 145.00 -0.53101E-01
40.00 145.00 -0.11671
45.00 145.00 -0.87731E-02
-80.00 150.00 -0.12761
-70.00 150.00 0.12512
-65.00 150.00 0.23425
-60.00 150.00 0.23094
-55.00 150.00 0.13557
-50.00 150.00 0.18567E-01
-45.00 150.00 -0.68843E-01
-40.00 150.00 -0.12807
-35.00 150.00 -0.18451
-30.00 150.00 -0.23727
-25.00 150.00 -0.24899
-20.00 150.00 -0.19043
-15.00 150.00 -0.90247E-01
-10.00 150.00 -0.27687E-01
-5.00 150.00 -0.62965E-01
0.00 150.00 -0.16993
5.00 150.00 -0.24391
10.00 150.00 -0.18953
15.00 150.00 -0.12220E-01
20.00 150.00 0.17510
25.00 150.00 0.24399
30.00 150.00 0.16126
35.00 150.00 0.17068E-01
40.00 150.00 -0.56841E-01
45.00 150.00 -0.36045E-02
50.00 150.00 0.11502
55.00 150.00 0.18609
60.00 150.00 0.15692
65.00 150.00 0.82692E-01
70.00 150.00 0.65366E-01
80.00 150.00 0.25236
-45.00 155.00 -0.34856E-01
-40.00 155.00 -0.46366E-01
-35.00 155.00 -0.10726
-30.00 155.00 -0.22396
-25.00 155.00 -0.33674
-20.00 155.00 -0.37424
-15.00 155.00 -0.32450
-10.00 155.00 -0.24885
-5.00 155.00 -0.22127
0.00 155.00 -0.25202
5.00 155.00 -0.27314
10.00 155.00 -0.20419
15.00 155.00 -0.36316E-01
20.00 155.00 0.14802
25.00 155.00 0.24196
30.00 155.00 0.20617
35.00 155.00 0.99065E-01
40.00 155.00 0.18076E-01
45.00 155.00 0.10404E-01
-75.00 160.00 -0.11827
-65.00 160.00 0.29236E-01
-60.00 160.00 -0.92291E-03
-55.00 160.00 -0.49408E-01
-50.00 160.00 -0.40962E-01
-45.00 160.00 0.32691E-01
-40.00 160.00 0.96239E-01
-35.00 160.00 0.58600E-01
-30.00 160.00 -0.99100E-01
-25.00 160.00 -0.29960
-20.00 160.00 -0.43286
-15.00 160.00 -0.44708
-10.00 160.00 -0.38303
-5.00 160.00 -0.32325
0.00 160.00 -0.30892
5.00 160.00 -0.30521
10.00 160.00 -0.24526
15.00 160.00 -0.10545
20.00 160.00 0.63550E-01
25.00 160.00 0.17874
30.00 160.00 0.19600
35.00 160.00 0.14034
40.00 160.00 0.69944E-01
45.00 160.00 0.16498E-01
50.00 160.00 -0.34253E-01
55.00 160.00 -0.10373
60.00 160.00 -0.17048
65.00 160.00 -0.17068
75.00 160.00 0.13051
-85.00 165.00 -0.13286
-70.00 165.00 -0.88319E-01
-45.00 165.00 0.11319
-40.00 165.00 0.25333
-35.00 165.00 0.24886
-30.00 165.00 0.73516E-01
-25.00 165.00 -0.18043
-20.00 165.00 -0.37596
-15.00 165.00 -0.43710
-10.00 165.00 -0.39450
-5.00 165.00 -0.33783
0.00 165.00 -0.32690
5.00 165.00 -0.34462
10.00 165.00 -0.32788
15.00 165.00 -0.23717
20.00 165.00 -0.95342E-01
25.00 165.00 0.35687E-01
30.00 165.00 0.10831
35.00 165.00 0.11713
40.00 165.00 0.80890E-01
45.00 165.00 0.99890E-02
70.00 165.00 -0.10790
85.00 165.00 0.30211
-65.00 170.00 -0.15862
-60.00 170.00 -0.20516
-55.00 170.00 -0.19475
-50.00 170.00 -0.54750E-01
-45.00 170.00 0.17804
-40.00 170.00 0.36675
-35.00 170.00 0.37871
-30.00 170.00 0.19373
-25.00 170.00 -0.79083E-01
-20.00 170.00 -0.28917
-15.00 170.00 -0.35835
-10.00 170.00 -0.32431
-5.00 170.00 -0.28587
0.00 170.00 -0.30848
5.00 170.00 -0.37532
10.00 170.00 -0.41737
15.00 170.00 -0.38192
20.00 170.00 -0.27312
25.00 170.00 -0.13709
30.00 170.00 -0.20623E-01
35.00 170.00 0.50627E-01
40.00 170.00 0.62737E-01
45.00 170.00 0.16126E-02
50.00 170.00 -0.13254
55.00 170.00 -0.29531
60.00 170.00 -0.39573
65.00 170.00 -0.34671
-45.00 175.00 0.20471
-40.00 175.00 0.39519
-35.00 175.00 0.38787
-30.00 175.00 0.18460
-25.00 175.00 -0.84592E-01
-20.00 175.00 -0.26668
-15.00 175.00 -0.30069
-10.00 175.00 -0.24668
-5.00 175.00 -0.21450
0.00 175.00 -0.26500
5.00 175.00 -0.36977
10.00 175.00 -0.45142
15.00 175.00 -0.45361
20.00 175.00 -0.37530
25.00 175.00 -0.25208
30.00 175.00 -0.12126
35.00 175.00 -0.11406E-01
40.00 175.00 0.44675E-01
45.00 175.00 0.91277E-02
-80.00 180.00 -0.24943
-75.00 180.00 -0.24414
-70.00 180.00 -0.22818
-65.00 180.00 -0.26051
-60.00 180.00 -0.30044
-55.00 180.00 -0.24896
-50.00 180.00 -0.60286E-01
-45.00 180.00 0.18643
-40.00 180.00 0.33347
-35.00 180.00 0.27255
-30.00 180.00 0.38720E-01
-25.00 180.00 -0.21567
-20.00 180.00 -0.34345
-15.00 180.00 -0.31278
-10.00 180.00 -0.21323
-5.00 180.00 -0.16382
0.00 180.00 -0.21331
5.00 180.00 -0.31704
10.00 180.00 -0.39464
15.00 180.00 -0.40068
20.00 180.00 -0.34367
25.00 180.00 -0.25297
30.00 180.00 -0.14575
35.00 180.00 -0.33653E-01
40.00 180.00 0.48456E-01
45.00 180.00 0.42934E-01
50.00 180.00 -0.81062E-01
55.00 180.00 -0.27235
60.00 180.00 -0.40406
65.00 180.00 -0.35831
70.00 180.00 -0.12651
75.00 180.00 0.16773
80.00 180.00 0.35092
-45.00 -175 0.13229
-40.00 -175 0.21132
-35.00 -175 0.84250E-01
-30.00 -175 -0.17971
-25.00 -175 -0.41130
-20.00 -175 -0.47647
-15.00 -175 -0.37621
-10.00 -175 -0.22702
-5.00 -175 -0.15024
0.00 -175 -0.17643
5.00 -175 -0.24464
10.00 -175 -0.27928
15.00 -175 -0.25857
20.00 -175 -0.21180
25.00 -175 -0.16523
30.00 -175 -0.10854
35.00 -175 -0.22193E-01
40.00 -175 0.70232E-01
45.00 -175 0.96251E-01
-65.00 -170 -0.26839
-60.00 -170 -0.29458
-55.00 -170 -0.24200
-50.00 -170 -0.92489E-01
-45.00 -170 0.58990E-01
-40.00 -170 0.73744E-01
-35.00 -170 -0.10254
-30.00 -170 -0.37665
-25.00 -170 -0.57511
-20.00 -170 -0.58368
-15.00 -170 -0.43294
-10.00 -170 -0.25654
-5.00 -170 -0.16870
0.00 -170 -0.17767
5.00 -170 -0.20759
10.00 -170 -0.19157
15.00 -170 -0.13515
20.00 -170 -0.91121E-01
25.00 -170 -0.84609E-01
30.00 -170 -0.78369E-01
35.00 -170 -0.19701E-01
40.00 -170 0.83419E-01
45.00 -170 0.14751
50.00 -170 0.89336E-01
55.00 -170 -0.77519E-01
60.00 -170 -0.22795
65.00 -170 -0.22155
-70.00 -165 -0.23588
-45.00 -165 -0.19203E-01
-40.00 -165 -0.43116E-01
-35.00 -165 -0.23123
-30.00 -165 -0.48384
-25.00 -165 -0.63903
-20.00 -165 -0.60620
-15.00 -165 -0.43675
-10.00 -165 -0.26874
-5.00 -165 -0.20216
0.00 -165 -0.22389
5.00 -165 -0.24608
10.00 -165 -0.20809
15.00 -165 -0.13427
20.00 -165 -0.92899E-01
25.00 -165 -0.10811
30.00 -165 -0.12498
35.00 -165 -0.69210E-01
40.00 -165 0.61081E-01
45.00 -165 0.17384
70.00 -165 0.37501E-01
-75.00 -160 -0.25654
-65.00 -160 -0.22394
-60.00 -160 -0.25325
-55.00 -160 -0.24190
-50.00 -160 -0.16722
-45.00 -160 -0.95304E-01
-40.00 -160 -0.12561
-35.00 -160 -0.28679
-30.00 -160 -0.49125
-25.00 -160 -0.60098
-20.00 -160 -0.54668
-15.00 -160 -0.38716
-10.00 -160 -0.25292
-5.00 -160 -0.22937
0.00 -160 -0.29130
5.00 -160 -0.34575
10.00 -160 -0.33225
15.00 -160 -0.27613
20.00 -160 -0.24457
25.00 -160 -0.25865
30.00 -160 -0.26030
35.00 -160 -0.17380
40.00 -160 0.10296E-02
45.00 -160 0.16646
50.00 -160 0.20893
55.00 -160 0.11115
60.00 -160 -0.18543E-01
65.00 -160 -0.36858E-01
75.00 -160 0.30654
-45.00 -155 -0.16701
-40.00 -155 -0.17921
-35.00 -155 -0.29035
-30.00 -155 -0.43871
-25.00 -155 -0.51444
-20.00 -155 -0.45965
-15.00 -155 -0.32417
-10.00 -155 -0.22222
-5.00 -155 -0.23178
0.00 -155 -0.33285
5.00 -155 -0.43942
10.00 -155 -0.48602
15.00 -155 -0.47925
20.00 -155 -0.46621
25.00 -155 -0.46191
30.00 -155 -0.42004
35.00 -155 -0.28411
40.00 -155 -0.65995E-01
45.00 -155 0.13692
-80.00 -150 -0.26130
-70.00 -150 -0.18185
-65.00 -150 -0.17381
-60.00 -150 -0.22559
-55.00 -150 -0.27731
-50.00 -150 -0.27423
-45.00 -150 -0.23035
-40.00 -150 -0.21417
-35.00 -150 -0.27350
-30.00 -150 -0.37847
-25.00 -150 -0.44314
-20.00 -150 -0.40655
-15.00 -150 -0.29395
-10.00 -150 -0.19857
-5.00 -150 -0.20204
0.00 -150 -0.30926
5.00 -150 -0.45504
10.00 -150 -0.56736
15.00 -150 -0.61995
20.00 -150 -0.62639
25.00 -150 -0.59453
30.00 -150 -0.50194
35.00 -150 -0.32550
40.00 -150 -0.92815E-01
45.00 -150 0.10958
50.00 -150 0.19574
55.00 -150 0.15823
60.00 -150 0.85417E-01
65.00 -150 0.90341E-01
70.00 -150 0.20911
80.00 -150 0.42672
-45.00 -145 -0.27602
-40.00 -145 -0.23298
-35.00 -145 -0.25368
-30.00 -145 -0.33843
-25.00 -145 -0.41645
-20.00 -145 -0.41109
-15.00 -145 -0.31328
-10.00 -145 -0.19461
-5.00 -145 -0.14943
0.00 -145 -0.22050
5.00 -145 -0.37241
10.00 -145 -0.52743
15.00 -145 -0.62217
20.00 -145 -0.63422
25.00 -145 -0.56837
30.00 -145 -0.43426
35.00 -145 -0.24736
40.00 -145 -0.46711E-01
45.00 -145 0.10525
-85.00 -140 -0.15767
-75.00 -140 -0.22424
-65.00 -140 -0.13951
-60.00 -140 -0.20603
-55.00 -140 -0.29823
-50.00 -140 -0.33477
-45.00 -140 -0.29238
-40.00 -140 -0.22921
-35.00 -140 -0.22745
-30.00 -140 -0.31073
-25.00 -140 -0.41563
-20.00 -140 -0.44536
-15.00 -140 -0.35700
-10.00 -140 -0.20353
-5.00 -140 -0.94072E-01
0.00 -140 -0.10857
5.00 -140 -0.23947
10.00 -140 -0.40378
15.00 -140 -0.50625
20.00 -140 -0.49768
25.00 -140 -0.38888
30.00 -140 -0.22609
35.00 -140 -0.60493E-01
40.00 -140 0.66315E-01
45.00 -140 0.12721
50.00 -140 0.11951
55.00 -140 0.76760E-01
60.00 -140 0.60660E-01
65.00 -140 0.12214
75.00 -140 0.38523
85.00 -140 0.32039
-70.00 -135 -0.15052
-45.00 -135 -0.27366
-40.00 -135 -0.19728
-35.00 -135 -0.18335
-30.00 -135 -0.26935
-25.00 -135 -0.39594
-20.00 -135 -0.45281
-15.00 -135 -0.37451
-10.00 -135 -0.20132
-5.00 -135 -0.51064E-01
0.00 -135 -0.25913E-01
5.00 -135 -0.13325
10.00 -135 -0.28365
15.00 -135 -0.36159
20.00 -135 -0.30724
25.00 -135 -0.14760
30.00 -135 0.35482E-01
35.00 -135 0.16349
40.00 -135 0.20081
45.00 -135 0.15912
70.00 -135 0.25648
-65.00 -130 -0.12500
-60.00 -130 -0.17357
-55.00 -130 -0.25173
-50.00 -130 -0.28027
-45.00 -130 -0.22726
-40.00 -130 -0.14427
-35.00 -130 -0.12110
-30.00 -130 -0.19912
-25.00 -130 -0.32471
-20.00 -130 -0.38926
-15.00 -130 -0.32342
-10.00 -130 -0.16176
-5.00 -130 -0.19064E-01
0.00 -130 0.31625E-02
5.00 -130 -0.99709E-01
10.00 -130 -0.23140
15.00 -130 -0.27094
20.00 -130 -0.16415
25.00 -130 0.41358E-01
30.00 -130 0.23719
35.00 -130 0.33042
40.00 -130 0.29586
45.00 -130 0.17634
50.00 -130 0.46416E-01
55.00 -130 -0.26961E-01
60.00 -130 -0.79360E-02
65.00 -130 0.98949E-01
-45.00 -125 -0.17406
-40.00 -125 -0.92936E-01
-35.00 -125 -0.60511E-01
-30.00 -125 -0.11311
-25.00 -125 -0.20730
-20.00 -125 -0.25417
-15.00 -125 -0.19968
-10.00 -125 -0.78072E-01
-5.00 -125 0.12385E-01
0.00 -125 -0.70923E-02
5.00 -125 -0.12501
10.00 -125 -0.24301
15.00 -125 -0.25109
20.00 -125 -0.11207
25.00 -125 0.11145
30.00 -125 0.30376
35.00 -125 0.37439
40.00 -125 0.30873
45.00 -125 0.16303
-80.00 -120 -0.21673
-75.00 -120 -0.21964
-70.00 -120 -0.17148
-65.00 -120 -0.13578
-60.00 -120 -0.14552
-55.00 -120 -0.17826
-50.00 -120 -0.18451
-45.00 -120 -0.14021
-40.00 -120 -0.72314E-01
-35.00 -120 -0.32669E-01
-30.00 -120 -0.46121E-01
-25.00 -120 -0.84372E-01
-20.00 -120 -0.92725E-01
-15.00 -120 -0.45691E-01
-10.00 -120 0.21952E-01
-5.00 -120 0.40919E-01
0.00 -120 -0.30116E-01
5.00 -120 -0.16047
10.00 -120 -0.26230
15.00 -120 -0.25406
20.00 -120 -0.12118
25.00 -120 0.73375E-01
30.00 -120 0.23324
35.00 -120 0.29008
40.00 -120 0.23791
45.00 -120 0.12416
50.00 -120 0.15084E-01
55.00 -120 -0.36585E-01
60.00 -120 -0.78076E-02
65.00 -120 0.91297E-01
70.00 -120 0.22028
75.00 -120 0.32051
80.00 -120 0.34035
-45.00 -115 -0.14427
-40.00 -115 -0.10129
-35.00 -115 -0.59742E-01
-30.00 -115 -0.30696E-01
-25.00 -115 -0.48625E-02
-20.00 -115 0.31063E-01
-15.00 -115 0.70534E-01
-10.00 -115 0.83179E-01
-5.00 -115 0.38895E-01
0.00 -115 -0.60463E-01
5.00 -115 -0.17202
10.00 -115 -0.23652
15.00 -115 -0.21792
20.00 -115 -0.12634
25.00 -115 -0.79458E-02
30.00 -115 0.86690E-01
35.00 -115 0.12980
40.00 -115 0.12259
45.00 -115 0.84585E-01
-65.00 -110 -0.17380
-60.00 -110 -0.15881
-55.00 -110 -0.16460
-50.00 -110 -0.17950
-45.00 -110 -0.18738
-40.00 -110 -0.17596
-35.00 -110 -0.13823
-30.00 -110 -0.73853E-01
-25.00 -110 0.53819E-02
-20.00 -110 0.72593E-01
-15.00 -110 0.95320E-01
-10.00 -110 0.56607E-01
-5.00 -110 -0.28092E-01
0.00 -110 -0.11578
5.00 -110 -0.16328
10.00 -110 -0.15653
15.00 -110 -0.11713
20.00 -110 -0.80099E-01
25.00 -110 -0.62904E-01
30.00 -110 -0.53712E-01
35.00 -110 -0.28516E-01
40.00 -110 0.20809E-01
45.00 -110 0.75909E-01
50.00 -110 0.10970
55.00 -110 0.11487
60.00 -110 0.11374
65.00 -110 0.13784
-70.00 -105 -0.21775
-45.00 -105 -0.25181
-40.00 -105 -0.26931
-35.00 -105 -0.23766
-30.00 -105 -0.15109
-25.00 -105 -0.41718E-01
-20.00 -105 0.32261E-01
-15.00 -105 0.24897E-01
-10.00 -105 -0.58984E-01
-5.00 -105 -0.15919
0.00 -105 -0.20056
5.00 -105 -0.15069
10.00 -105 -0.47706E-01
15.00 -105 0.28511E-01
20.00 -105 0.21138E-01
25.00 -105 -0.55846E-01
30.00 -105 -0.12797
35.00 -105 -0.12086
40.00 -105 -0.20233E-01
45.00 -105 0.11865
70.00 -105 0.18520
-75.00 -100 -0.20975
-65.00 -100 -0.21663
-60.00 -100 -0.20417
-55.00 -100 -0.21214
-50.00 -100 -0.25199
-45.00 -100 -0.30899
-40.00 -100 -0.34350
-35.00 -100 -0.31564
-30.00 -100 -0.22082
-25.00 -100 -0.10648
-20.00 -100 -0.47073E-01
-15.00 -100 -0.87748E-01
-10.00 -100 -0.19974
-5.00 -100 -0.29022
0.00 -100 -0.26854
5.00 -100 -0.12071
10.00 -100 0.70527E-01
15.00 -100 0.18289
20.00 -100 0.14802
25.00 -100 0.67930E-02
30.00 -100 -0.11996
35.00 -100 -0.12302
40.00 -100 0.14403E-01
45.00 -100 0.20974
50.00 -100 0.34904
55.00 -100 0.37120
60.00 -100 0.30170
65.00 -100 0.21668
75.00 -100 0.18359
-45.00 -95 -0.33223
-40.00 -95 -0.36762
-35.00 -95 -0.33932
-30.00 -95 -0.24822
-25.00 -95 -0.14709
-20.00 -95 -0.10781
-15.00 -95 -0.16241
-10.00 -95 -0.26525
-5.00 -95 -0.31540
0.00 -95 -0.23112
5.00 -95 -0.21273E-01
10.00 -95 0.20775
15.00 -95 0.32313
20.00 -95 0.26435
25.00 -95 0.92169E-01
30.00 -95 -0.53077E-01
35.00 -95 -0.53321E-01
40.00 -95 0.10370
45.00 -95 0.32184
-80.00 -90 -0.11159
-70.00 -90 -0.21003
-65.00 -90 -0.21845
-60.00 -90 -0.21480
-55.00 -90 -0.22427
-50.00 -90 -0.26018
-45.00 -90 -0.30772
-40.00 -90 -0.33064
-35.00 -90 -0.29975
-30.00 -90 -0.22188
-25.00 -90 -0.14210
-20.00 -90 -0.11108
-15.00 -90 -0.13986
-10.00 -90 -0.18055
-5.00 -90 -0.15574
0.00 -90 -0.20178E-01
5.00 -90 0.19259
10.00 -90 0.38047
15.00 -90 0.43979
20.00 -90 0.34217
25.00 -90 0.16199
30.00 -90 0.29876E-01
35.00 -90 0.44028E-01
40.00 -90 0.20399
45.00 -90 0.41440
50.00 -90 0.55316
55.00 -90 0.55173
60.00 -90 0.43055
65.00 -90 0.27119
70.00 -90 0.15436
80.00 -90 0.12295
-85.00 -85 -0.21517E-01
-45.00 -85 -0.23886
-40.00 -85 -0.24367
-35.00 -85 -0.21182
-30.00 -85 -0.15366
-25.00 -85 -0.95377E-01
-20.00 -85 -0.53512E-01
-15.00 -85 -0.16063E-01
-10.00 -85 0.51087E-01
-5.00 -85 0.17431
0.00 -85 0.34149
5.00 -85 0.49649
10.00 -85 0.56783
15.00 -85 0.51501
20.00 -85 0.36108
25.00 -85 0.18722
30.00 -85 0.89471E-01
35.00 -85 0.12332
40.00 -85 0.27078
45.00 -85 0.45083
85.00 -85 0.12097
-75.00 -80 -0.10851
-65.00 -80 -0.14383
-60.00 -80 -0.13231
-55.00 -80 -0.12782
-50.00 -80 -0.13606
-45.00 -80 -0.14307
-40.00 -80 -0.13235
-35.00 -80 -0.10257
-30.00 -80 -0.65116E-01
-25.00 -80 -0.23529E-01
-20.00 -80 0.41577E-01
-15.00 -80 0.16120
-10.00 -80 0.34543
-5.00 -80 0.55843
0.00 -80 0.72694
5.00 -80 0.78084
10.00 -80 0.69670
15.00 -80 0.51282
20.00 -80 0.30715
25.00 -80 0.15684
30.00 -80 0.10637
35.00 -80 0.15773
40.00 -80 0.27804
45.00 -80 0.41346
50.00 -80 0.50518
55.00 -80 0.50939
60.00 -80 0.41802
65.00 -80 0.26775
75.00 -80 0.46118E-01
-70.00 -75 -0.88436E-01
-45.00 -75 -0.43915E-01
-40.00 -75 -0.25164E-01
-35.00 -75 0.25433E-02
-30.00 -75 0.26998E-01
-25.00 -75 0.60566E-01
-20.00 -75 0.14731
-15.00 -75 0.32808
-10.00 -75 0.58877
-5.00 -75 0.84235
0.00 -75 0.97216
5.00 -75 0.90939
10.00 -75 0.68336
15.00 -75 0.40278
20.00 -75 0.18384
25.00 -75 0.83675E-01
30.00 -75 0.87618E-01
35.00 -75 0.14760
40.00 -75 0.22669
45.00 -75 0.30974
70.00 -75 0.10830
-65.00 -70 -0.33026E-02
-60.00 -70 0.30721E-01
-55.00 -70 0.45171E-01
-50.00 -70 0.39551E-01
-45.00 -70 0.37378E-01
-40.00 -70 0.55862E-01
-35.00 -70 0.86841E-01
-30.00 -70 0.11489
-25.00 -70 0.15305
-20.00 -70 0.24936
-15.00 -70 0.44304
-10.00 -70 0.70509
-5.00 -70 0.92602
0.00 -70 0.97865
5.00 -70 0.81297
10.00 -70 0.50278
15.00 -70 0.19908
20.00 -70 0.25681E-01
25.00 -70 0.30746E-02
30.00 -70 0.60240E-01
35.00 -70 0.11419
40.00 -70 0.13955
45.00 -70 0.16761
50.00 -70 0.22699
55.00 -70 0.29406
60.00 -70 0.30682
65.00 -70 0.22847
-45.00 -65 0.88196E-01
-40.00 -65 0.99702E-01
-35.00 -65 0.14203
-30.00 -65 0.19322
-25.00 -65 0.24990
-20.00 -65 0.34241
-15.00 -65 0.49874
-10.00 -65 0.68911
-5.00 -65 0.81527
0.00 -65 0.77288
5.00 -65 0.54214
10.00 -65 0.22303
15.00 -65 -0.27034E-01
20.00 -65 -0.10731
25.00 -65 -0.42593E-01
30.00 -65 0.53032E-01
35.00 -65 0.82903E-01
40.00 -65 0.46838E-01
45.00 -65 0.22932E-01
-80.00 -60 0.72711E-01
-75.00 -60 0.65268E-01
-70.00 -60 0.86911E-01
-65.00 -60 0.14448
-60.00 -60 0.19769
-55.00 -60 0.20180
-50.00 -60 0.15592
-45.00 -60 0.10732
-40.00 -60 0.10708
-35.00 -60 0.16530
-30.00 -60 0.25152
-25.00 -60 0.33487
-20.00 -60 0.41466
-15.00 -60 0.50410
-10.00 -60 0.58613
-5.00 -60 0.59810
0.00 -60 0.47748
5.00 -60 0.23302
10.00 -60 -0.32376E-01
15.00 -60 -0.18472
20.00 -60 -0.16306
25.00 -60 -0.31380E-01
30.00 -60 0.74890E-01
35.00 -60 0.65452E-01
40.00 -60 -0.29456E-01
45.00 -60 -0.94395E-01
50.00 -60 -0.42313E-01
55.00 -60 0.99898E-01
60.00 -60 0.21436
65.00 -60 0.20184
70.00 -60 0.74736E-01
75.00 -60 -0.54596E-01
80.00 -60 -0.76406E-01
-45.00 -55 0.10428
-40.00 -55 0.89518E-01
-35.00 -55 0.15957
-30.00 -55 0.27610
-25.00 -55 0.38031
-20.00 -55 0.44092
-15.00 -55 0.46096
-10.00 -55 0.44476
-5.00 -55 0.37259
0.00 -55 0.22130
5.00 -55 0.12864E-01
10.00 -55 -0.16858
15.00 -55 -0.22702
20.00 -55 -0.13770
25.00 -55 0.16763E-01
30.00 -55 0.10399
35.00 -55 0.52436E-01
40.00 -55 -0.83577E-01
45.00 -55 -0.16940
-65.00 -50 0.22633
-60.00 -50 0.28415
-55.00 -50 0.27525
-50.00 -50 0.19186
-45.00 -50 0.95353E-01
-40.00 -50 0.66689E-01
-35.00 -50 0.13669
-30.00 -50 0.26187
-25.00 -50 0.36504
-20.00 -50 0.39724
-15.00 -50 0.36204
-10.00 -50 0.28788
-5.00 -50 0.18907
0.00 -50 0.62808E-01
5.00 -50 -0.77693E-01
10.00 -50 -0.18104
15.00 -50 -0.18655
20.00 -50 -0.86106E-01
25.00 -50 0.45790E-01
30.00 -50 0.99024E-01
35.00 -50 0.22071E-01
40.00 -50 -0.12255
45.00 -50 -0.20270
50.00 -50 -0.13127
55.00 -50 0.50496E-01
60.00 -50 0.20168
65.00 -50 0.20285
-70.00 -45 0.17121
-45.00 -45 0.96997E-01
-40.00 -45 0.60567E-01
-35.00 -45 0.11762
-30.00 -45 0.22301
-25.00 -45 0.29557
-20.00 -45 0.28692
-15.00 -45 0.21277
-10.00 -45 0.12285
-5.00 -45 0.48244E-01
0.00 -45 -0.17132E-01
5.00 -45 -0.86554E-01
10.00 -45 -0.14372
15.00 -45 -0.14861
20.00 -45 -0.85569E-01
25.00 -45 0.34233E-03
30.00 -45 0.29013E-01
35.00 -45 -0.39870E-01
40.00 -45 -0.15481
45.00 -45 -0.20444
70.00 -45 0.51940E-01
-75.00 -40 0.16603
-65.00 -40 0.19734
-60.00 -40 0.24598
-55.00 -40 0.25242
-50.00 -40 0.19589
-45.00 -40 0.11822
-40.00 -40 0.85953E-01
-35.00 -40 0.12416
-30.00 -40 0.18935
-25.00 -40 0.20962
-20.00 -40 0.15214
-15.00 -40 0.51163E-01
-10.00 -40 -0.29421E-01
-5.00 -40 -0.58683E-01
0.00 -40 -0.62180E-01
5.00 -40 -0.85032E-01
10.00 -40 -0.13709
15.00 -40 -0.18087
20.00 -40 -0.17587
25.00 -40 -0.13002
30.00 -40 -0.98243E-01
35.00 -40 -0.12335
40.00 -40 -0.17990
45.00 -40 -0.18649
50.00 -40 -0.85065E-01
55.00 -40 0.87578E-01
60.00 -40 0.21340
65.00 -40 0.19161
75.00 -40 -0.12940
-45.00 -35 0.15533
-40.00 -35 0.14107
-35.00 -35 0.16434
-30.00 -35 0.18670
-25.00 -35 0.15364
-20.00 -35 0.53793E-01
-15.00 -35 -0.62172E-01
-10.00 -35 -0.12617
-5.00 -35 -0.11830
0.00 -35 -0.86849E-01
5.00 -35 -0.10079
10.00 -35 -0.18086
15.00 -35 -0.27852
20.00 -35 -0.32404
25.00 -35 -0.29462
30.00 -35 -0.23251
35.00 -35 -0.19461
40.00 -35 -0.18724
45.00 -35 -0.15768
-85.00 -30 0.16337
-80.00 -30 0.20817
-70.00 -30 0.93114E-01
-65.00 -30 0.65756E-01
-60.00 -30 0.95668E-01
-55.00 -30 0.14669
-50.00 -30 0.18016
-45.00 -30 0.19253
-40.00 -30 0.20475
-35.00 -30 0.22194
-30.00 -30 0.21487
-25.00 -30 0.14882
-20.00 -30 0.30185E-01
-15.00 -30 -0.83765E-01
-10.00 -30 -0.13117
-5.00 -30 -0.10643
0.00 -30 -0.72863E-01
5.00 -30 -0.10784
10.00 -30 -0.22890
15.00 -30 -0.37210
20.00 -30 -0.44601
25.00 -30 -0.41122
30.00 -30 -0.30954
35.00 -30 -0.21620
40.00 -30 -0.16510
45.00 -30 -0.12360
50.00 -30 -0.42168E-01
55.00 -30 0.74316E-01
60.00 -30 0.15253
65.00 -30 0.11682
70.00 -30 -0.26052E-01
80.00 -30 -0.19369
85.00 -30 -0.59718E-01
-45.00 -25 0.20943
-40.00 -25 0.24484
-35.00 -25 0.26100
-30.00 -25 0.24290
-25.00 -25 0.17374
-20.00 -25 0.67745E-01
-15.00 -25 -0.24240E-01
-10.00 -25 -0.54340E-01
-5.00 -25 -0.28006E-01
0.00 -25 -0.10619E-01
5.00 -25 -0.73553E-01
10.00 -25 -0.22462
15.00 -25 -0.38996
20.00 -25 -0.47017
25.00 -25 -0.42251
30.00 -25 -0.29369
35.00 -25 -0.17307
40.00 -25 -0.11222
45.00 -25 -0.88689E-01
-75.00 -20 0.13716
-65.00 -20 -0.11069
-60.00 -20 -0.10207
-55.00 -20 -0.74885E-02
-50.00 -20 0.10769
-45.00 -20 0.19250
-40.00 -20 0.23548
-35.00 -20 0.24654
-30.00 -20 0.22959
-25.00 -20 0.18112
-20.00 -20 0.11144
-15.00 -20 0.53943E-01
-10.00 -20 0.40294E-01
-5.00 -20 0.62332E-01
0.00 -20 0.65376E-01
5.00 -20 -0.83470E-02
10.00 -20 -0.16039
15.00 -20 -0.31946
20.00 -20 -0.39152
25.00 -20 -0.33671
30.00 -20 -0.20321
35.00 -20 -0.85047E-01
40.00 -20 -0.42075E-01
45.00 -20 -0.56719E-01
50.00 -20 -0.66585E-01
55.00 -20 -0.37626E-01
60.00 -20 -0.24390E-02
65.00 -20 -0.23198E-01
75.00 -20 -0.21211
-70.00 -15 -0.62759E-01
-45.00 -15 0.14408
-40.00 -15 0.17348
-35.00 -15 0.16916
-30.00 -15 0.15627
-25.00 -15 0.13791
-20.00 -15 0.10981
-15.00 -15 0.82130E-01
-10.00 -15 0.74802E-01
-5.00 -15 0.88835E-01
0.00 -15 0.90265E-01
5.00 -15 0.34678E-01
10.00 -15 -0.84455E-01
15.00 -15 -0.21316
20.00 -15 -0.27126
25.00 -15 -0.21944
30.00 -15 -0.97518E-01
35.00 -15 0.54359E-02
40.00 -15 0.25013E-01
45.00 -15 -0.28261E-01
70.00 -15 -0.16087
-65.00 -10 -0.25536
-60.00 -10 -0.25534
-55.00 -10 -0.13357
-50.00 -10 0.75489E-02
-45.00 -10 0.82780E-01
-40.00 -10 0.82558E-01
-35.00 -10 0.55442E-01
-30.00 -10 0.46240E-01
-25.00 -10 0.56177E-01
-20.00 -10 0.58042E-01
-15.00 -10 0.38473E-01
-10.00 -10 0.15390E-01
-5.00 -10 0.12299E-01
0.00 -10 0.22680E-01
5.00 -10 0.99606E-02
10.00 -10 -0.51453E-01
15.00 -10 -0.13734
20.00 -10 -0.18357
25.00 -10 -0.14281
30.00 -10 -0.34783E-01
35.00 -10 0.62394E-01
40.00 -10 0.76558E-01
45.00 -10 0.25853E-02
50.00 -10 -0.98113E-01
55.00 -10 -0.15862
60.00 -10 -0.16733
65.00 -10 -0.16804
-45.00 -5 0.34095E-01
-40.00 -5 0.98840E-03
-35.00 -5 -0.45713E-01
-30.00 -5 -0.47005E-01
-25.00 -5 -0.12700E-01
-20.00 -5 0.14976E-02
-15.00 -5 -0.37676E-01
-10.00 -5 -0.10279
-5.00 -5 -0.13626
0.00 -5 -0.11396
5.00 -5 -0.72040E-01
10.00 -5 -0.67236E-01
15.00 -5 -0.11229
20.00 -5 -0.15604
25.00 -5 -0.13256
30.00 -5 -0.31751E-01
35.00 -5 0.80760E-01
40.00 -5 0.11775
45.00 -5 0.47731E-01
90.00 0.00 0.14055
-90.00 0.00 0.34140E-01
