-85.00 0.00 0.32381
-80.00 0.00 0.41945
-75.00 0.00 0.42743
-70.00 0.00 0.36815
-65.00 0.00 0.23886
-60.00 0.00 0.19872E-01
-55.00 0.00 -0.27724
-50.00 0.00 -0.57061
-45.00 0.00 -0.72988
-40.00 0.00 -0.65951
-35.00 0.00 -0.38000
-30.00 0.00 -0.30121E-01
-25.00 0.00 0.22610
-20.00 0.00 0.31983
-15.00 0.00 0.32520
-10.00 0.00 0.39032
-5.00 0.00 0.60570
0.00 0.00 0.91957
5.00 0.00 1.1717
10.00 0.00 1.2174
15.00 0.00 1.0381
20.00 0.00 0.75028
25.00 0.00 0.51108
30.00 0.00 0.40156
35.00 0.00 0.38095
40.00 0.00 0.33744
45.00 0.00 0.18353
50.00 0.00 -0.81833E-01
55.00 0.00 -0.38269
60.00 0.00 -0.62404
65.00 0.00 -0.74629
70.00 0.00 -0.74399
75.00 0.00 -0.64897
80.00 0.00 -0.51155
85.00 0.00 -0.37699
-45.00 5.00 -0.55430
-40.00 5.00 -0.41065
-35.00 5.00 -0.85646E-01
-30.00 5.00 0.27191
-25.00 5.00 0.51748
-20.00 5.00 0.61187
-15.00 5.00 0.63412
-10.00 5.00 0.69590
-5.00 5.00 0.83320
0.00 5.00 0.97128
5.00 5.00 0.99226
10.00 5.00 0.84336
15.00 5.00 0.58944
20.00 5.00 0.36518
25.00 5.00 0.27121
30.00 5.00 0.30306
35.00 5.00 0.36700
40.00 5.00 0.35947
45.00 5.00 0.23836
-65.00 10.00 0.28747
-60.00 10.00 0.94743E-01
-55.00 10.00 -0.14553
-50.00 10.00 -0.33247
-45.00 10.00 -0.34414
-40.00 10.00 -0.13102
-35.00 10.00 0.23021
-30.00 10.00 0.58077
-25.00 10.00 0.79303
-20.00 10.00 0.85768
-15.00 10.00 0.86863
-10.00 10.00 0.92057
-5.00 10.00 1.0136
0.00 10.00 1.0525
5.00 10.00 0.93987
10.00 10.00 0.67630
15.00 10.00 0.37485
20.00 10.00 0.17687
25.00 10.00 0.14514
30.00 10.00 0.22648
35.00 10.00 0.30840
40.00 10.00 0.31064
45.00 10.00 0.22993
50.00 10.00 0.11035
55.00 10.00 -0.15619E-01
60.00 10.00 -0.15103
65.00 10.00 -0.30524
-70.00 15.00 0.39568
-45.00 15.00 -0.16628
-40.00 15.00 0.10161
-35.00 15.00 0.48868
-30.00 15.00 0.82484
-25.00 15.00 0.99085
-20.00 15.00 1.0006
-15.00 15.00 0.96921
-10.00 15.00 0.99522
-5.00 15.00 1.0664
0.00 15.00 1.0743
5.00 15.00 0.92323
10.00 15.00 0.62947
15.00 15.00 0.31987
20.00 15.00 0.13158
25.00 15.00 0.10696
30.00 15.00 0.17619
35.00 15.00 0.23417
40.00 15.00 0.23142
45.00 15.00 0.19433
70.00 15.00 -0.31212
-75.00 20.00 0.43192
-65.00 20.00 0.27024
-60.00 20.00 0.11805
-55.00 20.00 -0.57036E-01
-50.00 20.00 -0.15754
-45.00 20.00 -0.71937E-01
-40.00 20.00 0.22571
-35.00 20.00 0.62713
-30.00 20.00 0.95160
-25.00 20.00 1.0758
-20.00 20.00 1.0203
-15.00 20.00 0.91464
-10.00 20.00 0.87320
-5.00 20.00 0.89466
0.00 20.00 0.87621
5.00 20.00 0.72393
10.00 20.00 0.45251
15.00 20.00 0.18055
20.00 20.00 0.29684E-01
25.00 20.00 0.25945E-01
30.00 20.00 0.94456E-01
35.00 20.00 0.14415
40.00 20.00 0.15257
45.00 20.00 0.16680
50.00 20.00 0.22594
55.00 20.00 0.29231
60.00 20.00 0.26924
65.00 20.00 0.94026E-01
75.00 20.00 -0.43157
-45.00 25.00 -0.77566E-01
-40.00 25.00 0.21809
-35.00 25.00 0.61845
-30.00 25.00 0.93758
-25.00 25.00 1.0381
-20.00 25.00 0.92667
-15.00 25.00 0.73063
-10.00 25.00 0.57874
-5.00 25.00 0.49646
0.00 25.00 0.40882
5.00 25.00 0.23942
10.00 25.00 0.37234E-02
15.00 25.00 -0.19475
20.00 25.00 -0.25829
25.00 25.00 -0.18305
30.00 25.00 -0.54576E-01
35.00 25.00 0.40845E-01
40.00 25.00 0.95788E-01
45.00 25.00 0.16997
-80.00 30.00 0.42251
-70.00 30.00 0.27221
-65.00 30.00 0.16572
-60.00 30.00 0.34059E-01
-55.00 30.00 -0.11810
-50.00 30.00 -0.21816
-45.00 30.00 -0.15953
-40.00 30.00 0.10141
-35.00 30.00 0.47772
-30.00 30.00 0.78932
-25.00 30.00 0.88492
-20.00 30.00 0.74553
-15.00 30.00 0.47982
-10.00 30.00 0.22055
-5.00 30.00 0.20743E-01
0.00 30.00 -0.15725
5.00 30.00 -0.36132
10.00 30.00 -0.56798
15.00 30.00 -0.68603
20.00 30.00 -0.64125
25.00 30.00 -0.45337
30.00 30.00 -0.22397
35.00 30.00 -0.45247E-01
40.00 30.00 0.77469E-01
45.00 30.00 0.20880
50.00 30.00 0.38770
55.00 30.00 0.55295
60.00 30.00 0.57413
65.00 30.00 0.36928
70.00 30.00 0.51135E-04
80.00 30.00 -0.51869
-45.00 35.00 -0.26519
-40.00 35.00 -0.65743E-01
-35.00 35.00 0.25555
-30.00 35.00 0.53913
-25.00 35.00 0.63342
-20.00 35.00 0.49958
-15.00 35.00 0.22334
-10.00 35.00 -0.70596E-01
-5.00 35.00 -0.31678
0.00 35.00 -0.52967
5.00 35.00 -0.73889
10.00 35.00 -0.91691
15.00 35.00 -0.98076
20.00 35.00 -0.86829
25.00 35.00 -0.60878
30.00 35.00 -0.30997
35.00 35.00 -0.69187E-01
40.00 35.00 0.10339
45.00 35.00 0.26962
-75.00 40.00 0.27797
-65.00 40.00 0.13308E-01
-60.00 40.00 -0.91546E-01
-55.00 40.00 -0.20872
-50.00 40.00 -0.31563
-45.00 40.00 -0.33622
-40.00 40.00 -0.21221
-35.00 40.00 0.21564E-01
-30.00 40.00 0.23922
-25.00 40.00 0.31116
-20.00 40.00 0.20042
-15.00 40.00 -0.19655E-01
-10.00 40.00 -0.23899
-5.00 40.00 -0.40240
0.00 40.00 -0.53250
5.00 40.00 -0.67002
10.00 40.00 -0.80091
15.00 40.00 -0.85051
20.00 40.00 -0.75245
25.00 40.00 -0.52024
30.00 40.00 -0.24425
35.00 40.00 -0.13546E-01
40.00 40.00 0.15812
45.00 40.00 0.32393
50.00 40.00 0.51871
55.00 40.00 0.68565
60.00 40.00 0.69941
65.00 40.00 0.47716
75.00 40.00 -0.31791
-70.00 45.00 0.61474E-01
-45.00 45.00 -0.33472
-40.00 45.00 -0.28256
-35.00 45.00 -0.15760
-30.00 45.00 -0.46119E-01
-25.00 45.00 -0.35992E-01
-20.00 45.00 -0.13745
-15.00 45.00 -0.27192
-10.00 45.00 -0.34302
-5.00 45.00 -0.32261
0.00 45.00 -0.26908
5.00 45.00 -0.26192
10.00 45.00 -0.31867
15.00 45.00 -0.37669
20.00 45.00 -0.35540
25.00 45.00 -0.23393
30.00 45.00 -0.65236E-01
35.00 45.00 0.84671E-01
40.00 45.00 0.20491
45.00 45.00 0.33914
70.00 45.00 0.77293E-01
-65.00 50.00 -0.13232
-60.00 50.00 -0.18429
-55.00 50.00 -0.20671
-50.00 50.00 -0.23528
-45.00 50.00 -0.26118
-40.00 50.00 -0.25975
-35.00 50.00 -0.24054
-30.00 50.00 -0.25421
-25.00 50.00 -0.34059
-20.00 50.00 -0.47046
-15.00 50.00 -0.54866
-10.00 50.00 -0.48771
-5.00 50.00 -0.28812
0.00 50.00 -0.48040E-01
5.00 50.00 0.11157
10.00 50.00 0.14018
15.00 50.00 0.86217E-01
20.00 50.00 0.40034E-01
25.00 50.00 0.51844E-01
30.00 50.00 0.10382
35.00 50.00 0.15570
40.00 50.00 0.20584
45.00 50.00 0.29500
50.00 50.00 0.44400
55.00 50.00 0.59286
60.00 50.00 0.61771
65.00 50.00 0.42794
-85.00 55.00 0.33337
-45.00 55.00 -0.15608
-40.00 55.00 -0.17293
-35.00 55.00 -0.22690
-30.00 55.00 -0.34515
-25.00 55.00 -0.52972
-20.00 55.00 -0.71920
-15.00 55.00 -0.80538
-10.00 55.00 -0.70729
-5.00 55.00 -0.44208
0.00 55.00 -0.12478
5.00 55.00 0.11050
10.00 55.00 0.20241
15.00 55.00 0.18943
20.00 55.00 0.15479
25.00 55.00 0.14789
30.00 55.00 0.15763
35.00 55.00 0.15533
40.00 55.00 0.15154
45.00 55.00 0.19744
85.00 55.00 -0.48303
-80.00 60.00 0.30480
-75.00 60.00 0.11658
-70.00 60.00 -0.10698
-65.00 60.00 -0.24644
-60.00 60.00 -0.26590
-55.00 60.00 -0.20612
-50.00 60.00 -0.13074
-45.00 60.00 -0.83167E-01
-40.00 60.00 -0.85693E-01
-35.00 60.00 -0.15933
-30.00 60.00 -0.32281
-25.00 60.00 -0.56169
-20.00 60.00 -0.80417
-15.00 60.00 -0.94500
-10.00 60.00 -0.91295
-5.00 60.00 -0.72670
0.00 60.00 -0.48474
5.00 60.00 -0.29203
10.00 60.00 -0.18597
15.00 60.00 -0.12686
20.00 60.00 -0.56789E-01
25.00 60.00 0.34461E-01
30.00 60.00 0.10309
35.00 60.00 0.10919
40.00 60.00 0.75499E-01
45.00 60.00 0.79213E-01
50.00 60.00 0.17539
55.00 60.00 0.32439
60.00 60.00 0.40144
65.00 60.00 0.29368
70.00 60.00 0.51490E-02
75.00 60.00 -0.32567
80.00 60.00 -0.51915
-45.00 65.00 -0.10072
-40.00 65.00 -0.67393E-01
-35.00 65.00 -0.10589
-30.00 65.00 -0.23999
-25.00 65.00 -0.46043
-20.00 65.00 -0.70720
-15.00 65.00 -0.89417
-10.00 65.00 -0.96537
-5.00 65.00 -0.93353
0.00 65.00 -0.86047
5.00 65.00 -0.79393
10.00 65.00 -0.72137
15.00 65.00 -0.58921
20.00 65.00 -0.37189
25.00 65.00 -0.12157
30.00 65.00 0.58224E-01
35.00 65.00 0.99228E-01
40.00 65.00 0.35834E-01
45.00 65.00 -0.16675E-01
-65.00 70.00 -0.32021
-60.00 70.00 -0.38816
-55.00 70.00 -0.37327
-50.00 70.00 -0.31243
-45.00 70.00 -0.23281
-40.00 70.00 -0.15867
-35.00 70.00 -0.12645
-30.00 70.00 -0.17531
-25.00 70.00 -0.31479
-20.00 70.00 -0.50585
-15.00 70.00 -0.68412
-10.00 70.00 -0.80936
-5.00 70.00 -0.89162
0.00 70.00 -0.96267
5.00 70.00 -1.0185
10.00 70.00 -0.99587
15.00 70.00 -0.81991
20.00 70.00 -0.48819
25.00 70.00 -0.10991
30.00 70.00 0.15151
35.00 70.00 0.19724
40.00 70.00 0.73594E-01
45.00 70.00 -0.62049E-01
50.00 70.00 -0.69438E-01
55.00 70.00 0.58329E-01
60.00 70.00 0.19099
65.00 70.00 0.17500
-70.00 75.00 -0.14422
-45.00 75.00 -0.45451
-40.00 75.00 -0.34793
-35.00 75.00 -0.23841
-30.00 75.00 -0.18853
-25.00 75.00 -0.23021
-20.00 75.00 -0.33739
-15.00 75.00 -0.45200
-10.00 75.00 -0.53985
-5.00 75.00 -0.61722
0.00 75.00 -0.71449
5.00 75.00 -0.81143
10.00 75.00 -0.81795
15.00 75.00 -0.63820
20.00 75.00 -0.27203
25.00 75.00 0.14319
30.00 75.00 0.40686
35.00 75.00 0.39965
40.00 75.00 0.17929
45.00 75.00 -0.59921E-01
70.00 75.00 -0.28716E-01
-75.00 80.00 0.91825E-01
-65.00 80.00 -0.32262
-60.00 80.00 -0.49724
-55.00 80.00 -0.63939
-50.00 80.00 -0.72019
-45.00 80.00 -0.69908
-40.00 80.00 -0.57271
-35.00 80.00 -0.40291
-30.00 80.00 -0.28206
-25.00 80.00 -0.26070
-20.00 80.00 -0.30739
-15.00 80.00 -0.34461
-10.00 80.00 -0.32789
-5.00 80.00 -0.28748
0.00 80.00 -0.28550
5.00 80.00 -0.32882
10.00 80.00 -0.33158
15.00 80.00 -0.18063
20.00 80.00 0.14476
25.00 80.00 0.51333
30.00 80.00 0.71510
35.00 80.00 0.62128
40.00 80.00 0.29669
45.00 80.00 -0.39192E-01
50.00 80.00 -0.17895
55.00 80.00 -0.85362E-01
60.00 80.00 0.90873E-01
65.00 80.00 0.14559
75.00 80.00 -0.27862
-45.00 85.00 -0.88498
-40.00 85.00 -0.74801
-35.00 85.00 -0.54460
-30.00 85.00 -0.39915
-25.00 85.00 -0.37341
-20.00 85.00 -0.41315
-15.00 85.00 -0.40099
-10.00 85.00 -0.27018
-5.00 85.00 -0.69848E-01
0.00 85.00 0.85296E-01
5.00 85.00 0.13513
10.00 85.00 0.14422
15.00 85.00 0.24383
20.00 85.00 0.49189
25.00 85.00 0.78514
30.00 85.00 0.91933
35.00 85.00 0.75827
40.00 85.00 0.36474
45.00 85.00 -0.30107E-01
-80.00 90.00 0.23844
-70.00 90.00 -0.26535E-01
-65.00 90.00 -0.21499
-60.00 90.00 -0.45302
-55.00 90.00 -0.71645
-50.00 90.00 -0.91506
-45.00 90.00 -0.94972
-40.00 90.00 -0.80753
-35.00 90.00 -0.59590
-30.00 90.00 -0.46499
-25.00 90.00 -0.47788
-20.00 90.00 -0.54940
-15.00 90.00 -0.52002
-10.00 90.00 -0.30409
-5.00 90.00 0.24923E-01
0.00 90.00 0.29695
5.00 90.00 0.40134
10.00 90.00 0.38880
15.00 90.00 0.41765
20.00 90.00 0.58986
25.00 90.00 0.83228
30.00 90.00 0.94309
35.00 90.00 0.77099
40.00 90.00 0.36636
45.00 90.00 -0.38117E-01
50.00 90.00 -0.20846
55.00 90.00 -0.96780E-01
60.00 90.00 0.12718
65.00 90.00 0.22435
70.00 90.00 0.82882E-01
80.00 90.00 -0.43006
-45.00 95.00 -0.87350
-40.00 95.00 -0.73415
-35.00 95.00 -0.53709
-30.00 95.00 -0.44134
-25.00 95.00 -0.49859
-20.00 95.00 -0.59520
-15.00 95.00 -0.54708
-10.00 95.00 -0.27069
-5.00 95.00 0.12742
0.00 95.00 0.43303
5.00 95.00 0.51042
10.00 95.00 0.42174
15.00 95.00 0.36464
20.00 95.00 0.48124
25.00 95.00 0.71498
30.00 95.00 0.85252
35.00 95.00 0.71821
40.00 95.00 0.34504
45.00 95.00 -0.36342E-01
-75.00 100.00 0.16345
-65.00 100.00 -0.15624E-01
-60.00 100.00 -0.20436
-55.00 100.00 -0.44791
-50.00 100.00 -0.64231
-45.00 100.00 -0.68126
-40.00 100.00 -0.56121
-35.00 100.00 -0.40291
-30.00 100.00 -0.35004
-25.00 100.00 -0.42896
-20.00 100.00 -0.50685
-15.00 100.00 -0.40375
-10.00 100.00 -0.66934E-01
-5.00 100.00 0.35571
0.00 100.00 0.62424
5.00 100.00 0.61056
10.00 100.00 0.41380
15.00 100.00 0.27537
20.00 100.00 0.36291
25.00 100.00 0.61657
30.00 100.00 0.79969
35.00 100.00 0.71183
40.00 100.00 0.37355
45.00 100.00 0.16285E-01
50.00 100.00 -0.11400
55.00 100.00 0.35345E-01
60.00 100.00 0.28558
65.00 100.00 0.38506
75.00 100.00 -0.10773
-70.00 105.00 0.14342
-45.00 105.00 -0.42461
-40.00 105.00 -0.34532
-35.00 105.00 -0.24989
-30.00 105.00 -0.24397
-25.00 105.00 -0.31879
-20.00 105.00 -0.33477
-15.00 105.00 -0.14281
-10.00 105.00 0.25830
-5.00 105.00 0.68085
0.00 105.00 0.88203
5.00 105.00 0.76775
10.00 105.00 0.48430
15.00 105.00 0.30434
20.00 105.00 0.39673
25.00 105.00 0.68050
30.00 105.00 0.89471
35.00 105.00 0.82642
40.00 105.00 0.49694
45.00 105.00 0.14346
70.00 105.00 0.29036
-85.00 110.00 0.18017
-65.00 110.00 0.17000
-60.00 110.00 0.10993
-55.00 110.00 -0.60721E-02
-50.00 110.00 -0.11625
-45.00 110.00 -0.15681
-40.00 110.00 -0.13123
-35.00 110.00 -0.11034
-30.00 110.00 -0.15043
-25.00 110.00 -0.20860
-20.00 110.00 -0.15315
-15.00 110.00 0.11822
-10.00 110.00 0.55385
-5.00 110.00 0.94504
0.00 110.00 1.0733
5.00 110.00 0.89348
10.00 110.00 0.58935
15.00 110.00 0.43564
20.00 110.00 0.57366
25.00 110.00 0.89085
30.00 110.00 1.1131
35.00 110.00 1.0352
40.00 110.00 0.69281
45.00 110.00 0.32943
50.00 110.00 0.18894
55.00 110.00 0.31494
60.00 110.00 0.52519
65.00 110.00 0.57421
85.00 110.00 -0.40210
-45.00 115.00 0.83187E-01
-40.00 115.00 0.65225E-01
-35.00 115.00 0.27934E-01
-30.00 115.00 -0.40328E-01
-25.00 115.00 -0.77431E-01
-20.00 115.00 0.23477E-01
-15.00 115.00 0.31398
-10.00 115.00 0.70798
-5.00 115.00 1.0098
0.00 115.00 1.0544
5.00 115.00 0.85029
10.00 115.00 0.59476
15.00 115.00 0.52912
20.00 115.00 0.74321
25.00 115.00 1.0938
30.00 115.00 1.3130
35.00 115.00 1.2232
40.00 115.00 0.87977
45.00 115.00 0.52277
-80.00 120.00 0.11221
-75.00 120.00 0.10451
-70.00 120.00 0.14049
-65.00 120.00 0.20456
-60.00 120.00 0.25971
-55.00 120.00 0.28407
-50.00 120.00 0.28322
-45.00 120.00 0.27051
-40.00 120.00 0.24462
-35.00 120.00 0.19652
-30.00 120.00 0.14179
-25.00 120.00 0.13744
-20.00 120.00 0.24840
-15.00 120.00 0.48009
-10.00 120.00 0.74032
-5.00 120.00 0.88394
0.00 120.00 0.82274
5.00 120.00 0.61397
10.00 120.00 0.44084
15.00 120.00 0.48197
20.00 120.00 0.76597
25.00 120.00 1.1330
30.00 120.00 1.3457
35.00 120.00 1.2679
40.00 120.00 0.96833
45.00 120.00 0.66377
50.00 120.00 0.54540
55.00 120.00 0.63040
60.00 120.00 0.75719
65.00 120.00 0.72392
70.00 120.00 0.45476
75.00 120.00 0.56016E-01
80.00 120.00 -0.26766
-45.00 125.00 0.38380
-40.00 125.00 0.39512
-35.00 125.00 0.39542
-30.00 125.00 0.40702
-25.00 125.00 0.45889
-20.00 125.00 0.56253
-15.00 125.00 0.68607
-10.00 125.00 0.75681
-5.00 125.00 0.70578
0.00 125.00 0.53017
5.00 125.00 0.32188
10.00 125.00 0.22522
15.00 125.00 0.34067
20.00 125.00 0.64235
25.00 125.00 0.97878
30.00 125.00 1.1683
35.00 125.00 1.1245
40.00 125.00 0.91709
45.00 125.00 0.71610
-65.00 130.00 0.14104E-01
-60.00 130.00 0.10127
-55.00 130.00 0.20817
-50.00 130.00 0.31144
-45.00 130.00 0.39851
-40.00 130.00 0.47536
-35.00 130.00 0.56198
-30.00 130.00 0.67439
-25.00 130.00 0.80342
-20.00 130.00 0.90697
-15.00 130.00 0.92647
-10.00 130.00 0.82191
-5.00 130.00 0.60522
0.00 130.00 0.34873
5.00 130.00 0.15830
10.00 130.00 0.12152
15.00 130.00 0.25840
20.00 130.00 0.50489
25.00 130.00 0.74374
30.00 130.00 0.86995
35.00 130.00 0.85298
40.00 130.00 0.75409
45.00 130.00 0.68141
50.00 130.00 0.70798
55.00 130.00 0.80947
60.00 130.00 0.87210
65.00 130.00 0.77333
-70.00 135.00 -0.16170
-45.00 135.00 0.29405
-40.00 135.00 0.42900
-35.00 135.00 0.59403
-30.00 135.00 0.79919
-25.00 135.00 1.0049
-20.00 135.00 1.1279
-15.00 135.00 1.0919
-10.00 135.00 0.88695
-5.00 135.00 0.58956
0.00 135.00 0.32404
5.00 135.00 0.19139
10.00 135.00 0.21625
15.00 135.00 0.34530
20.00 135.00 0.49032
25.00 135.00 0.58142
30.00 135.00 0.59826
35.00 135.00 0.56962
40.00 135.00 0.55038
45.00 135.00 0.58859
70.00 135.00 0.46485
-75.00 140.00 -0.20842
-65.00 140.00 -0.35790
-60.00 140.00 -0.32510
-55.00 140.00 -0.21852
-50.00 140.00 -0.74836E-01
-45.00 140.00 0.72101E-01
-40.00 140.00 0.22517
-35.00 140.00 0.41849
-30.00 140.00 0.66858
-25.00 140.00 0.92713
-20.00 140.00 1.0891
-15.00 140.00 1.0636
-10.00 140.00 0.85244
-5.00 140.00 0.56687
0.00 140.00 0.35895
5.00 140.00 0.31945
10.00 140.00 0.42212
15.00 140.00 0.55561
20.00 140.00 0.61191
25.00 140.00 0.55899
30.00 140.00 0.44804
35.00 140.00 0.36416
40.00 140.00 0.36808
45.00 140.00 0.46794
50.00 140.00 0.62366
55.00 140.00 0.76457
60.00 140.00 0.81018
65.00 140.00 0.70005
75.00 140.00 0.89215E-01
-45.00 145.00 -0.22831
-40.00 145.00 -0.10462
-35.00 145.00 0.56066E-01
-30.00 145.00 0.29416
-25.00 145.00 0.57797
-20.00 145.00 0.79807
-15.00 145.00 0.84311
-10.00 145.00 0.69775
-5.00 145.00 0.47300
0.00 145.00 0.33284
5.00 145.00 0.37236
10.00 145.00 0.54774
15.00 145.00 0.71520
20.00 145.00 0.74391
25.00 145.00 0.60979
30.00 145.00 0.40106
35.00 145.00 0.24477
40.00 145.00 0.22179
45.00 145.00 0.33063
-80.00 150.00 -0.20080
-70.00 150.00 -0.61824
-65.00 150.00 -0.77539
-60.00 150.00 -0.82492
-55.00 150.00 -0.76026
-50.00 150.00 -0.63866
-45.00 150.00 -0.53365
-40.00 150.00 -0.46365
-35.00 150.00 -0.36976
-30.00 150.00 -0.17506
-25.00 150.00 0.12393
-20.00 150.00 0.42356
-15.00 150.00 0.58106
-10.00 150.00 0.53291
-5.00 150.00 0.35861
0.00 150.00 0.22697
5.00 150.00 0.26472
10.00 150.00 0.45702
15.00 150.00 0.66241
20.00 150.00 0.72632
25.00 150.00 0.59738
30.00 150.00 0.35637
35.00 150.00 0.14780
40.00 150.00 0.79777E-01
45.00 150.00 0.16809
50.00 150.00 0.34785
55.00 150.00 0.52161
60.00 150.00 0.60258
65.00 150.00 0.54046
70.00 150.00 0.33889
80.00 150.00 -0.17168
-45.00 155.00 -0.76035
-40.00 155.00 -0.72889
-35.00 155.00 -0.69186
-30.00 155.00 -0.53594
-25.00 155.00 -0.21655
-20.00 155.00 0.17403
-15.00 155.00 0.45674
-10.00 155.00 0.50179
-5.00 155.00 0.33639
0.00 155.00 0.12869
5.00 155.00 0.57518E-01
10.00 155.00 0.17585
15.00 155.00 0.37903
20.00 155.00 0.49750
25.00 155.00 0.43155
30.00 155.00 0.21985
35.00 155.00 -0.11076E-02
40.00 155.00 -0.99602E-01
45.00 155.00 -0.29529E-01
-75.00 160.00 -0.58880
-65.00 160.00 -1.0917
-60.00 160.00 -1.1801
-55.00 160.00 -1.1164
-50.00 160.00 -0.96930
-45.00 160.00 -0.84896
-40.00 160.00 -0.80944
-35.00 160.00 -0.78823
-30.00 160.00 -0.65144
-25.00 160.00 -0.31941
-20.00 160.00 0.13506
-15.00 160.00 0.51162
-10.00 160.00 0.62318
-5.00 160.00 0.44061
0.00 160.00 0.11953
5.00 160.00 -0.11582
10.00 160.00 -0.13727
15.00 160.00 0.58502E-02
20.00 160.00 0.14650
25.00 160.00 0.14196
30.00 160.00 -0.19578E-01
35.00 160.00 -0.22365
40.00 160.00 -0.32525
45.00 160.00 -0.25122
50.00 160.00 -0.37722E-01
55.00 160.00 0.20601
60.00 160.00 0.36584
65.00 160.00 0.37683
75.00 160.00 0.36833E-01
-85.00 165.00 -0.98841E-01
-70.00 165.00 -0.95769
-45.00 165.00 -0.78915
-40.00 165.00 -0.68877
-35.00 165.00 -0.64120
-30.00 165.00 -0.51992
-25.00 165.00 -0.22362
-20.00 165.00 0.20975
-15.00 165.00 0.59782
-10.00 165.00 0.73598
-5.00 165.00 0.55355
0.00 165.00 0.17419
5.00 165.00 -0.17223
10.00 165.00 -0.31619
15.00 165.00 -0.25996
20.00 165.00 -0.15009
25.00 165.00 -0.14360
30.00 165.00 -0.28200
35.00 165.00 -0.46904
40.00 165.00 -0.55620
45.00 165.00 -0.45710
70.00 165.00 0.20888
85.00 165.00 -0.23995
-65.00 170.00 -1.2290
-60.00 170.00 -1.2903
-55.00 170.00 -1.1655
-50.00 170.00 -0.90355
-45.00 170.00 -0.62184
-40.00 170.00 -0.42714
-35.00 170.00 -0.33291
-30.00 170.00 -0.25033
-25.00 170.00 -0.72107E-01
-20.00 170.00 0.21741
-15.00 170.00 0.50497
-10.00 170.00 0.62542
-5.00 170.00 0.49414
0.00 170.00 0.18246
5.00 170.00 -0.13125
10.00 170.00 -0.29623
15.00 170.00 -0.29790
20.00 170.00 -0.25178
25.00 170.00 -0.29277
30.00 170.00 -0.45626
35.00 170.00 -0.64812
40.00 170.00 -0.72163
45.00 170.00 -0.59236
50.00 170.00 -0.29970
55.00 170.00 0.23971E-01
60.00 170.00 0.24121
65.00 170.00 0.28611
-45.00 175.00 -0.41853
-40.00 175.00 -0.12765
-35.00 175.00 0.97046E-02
-30.00 175.00 0.23726E-01
-25.00 175.00 0.14101E-01
-20.00 175.00 0.61163E-01
-15.00 175.00 0.15879
-10.00 175.00 0.22789
-5.00 175.00 0.19657
0.00 175.00 0.71986E-01
5.00 175.00 -0.64060E-01
10.00 175.00 -0.13200
15.00 175.00 -0.13168
20.00 175.00 -0.14554
25.00 175.00 -0.26074
30.00 175.00 -0.47867
35.00 175.00 -0.69368
40.00 175.00 -0.76361
45.00 175.00 -0.61578
-80.00 180.00 -0.49497
-75.00 180.00 -0.80529
-70.00 180.00 -1.0531
-65.00 180.00 -1.2006
-60.00 180.00 -1.2034
-55.00 180.00 -1.0252
-50.00 180.00 -0.67760
-45.00 180.00 -0.25040
-40.00 180.00 0.10993
-35.00 180.00 0.27572
-30.00 180.00 0.21604
-25.00 180.00 0.14506E-01
-20.00 180.00 -0.19016
-15.00 180.00 -0.29441
-10.00 180.00 -0.28093
-5.00 180.00 -0.19833
0.00 180.00 -0.10151
5.00 180.00 -0.13364E-01
10.00 180.00 0.61817E-01
15.00 180.00 0.10085
20.00 180.00 0.53269E-01
25.00 180.00 -0.11665
30.00 180.00 -0.37395
35.00 180.00 -0.60394
40.00 180.00 -0.67400
45.00 180.00 -0.52547
50.00 180.00 -0.22159
55.00 180.00 0.89912E-01
60.00 180.00 0.27174
65.00 180.00 0.27671
70.00 180.00 0.15702
75.00 180.00 0.45441E-02
80.00 180.00 -0.11524
-45.00 -175 -0.16228
-40.00 -175 0.22311
-35.00 -175 0.40140
-30.00 -175 0.29796
-25.00 -175 -0.20694E-01
-20.00 -175 -0.38073
-15.00 -175 -0.60570
-10.00 -175 -0.61452
-5.00 -175 -0.44489
0.00 -175 -0.19965
5.00 -175 0.26440E-01
10.00 -175 0.18060
15.00 -175 0.23817
20.00 -175 0.18137
25.00 -175 0.86014E-02
30.00 -175 -0.23368
35.00 -175 -0.44221
40.00 -175 -0.50259
45.00 -175 -0.36617
-65.00 -170 -1.0752
-60.00 -170 -1.0242
-55.00 -170 -0.85412
-50.00 -170 -0.55276
-45.00 -170 -0.16102
-40.00 -170 0.19870
-35.00 -170 0.36963
-30.00 -170 0.26352
-25.00 -170 -0.62949E-01
-20.00 -170 -0.42937
-15.00 -170 -0.64320
-10.00 -170 -0.61755
-5.00 -170 -0.40682
0.00 -170 -0.14336
5.00 -170 0.60845E-01
10.00 -170 0.16594
15.00 -170 0.18407
20.00 -170 0.13137
25.00 -170 0.12147E-01
30.00 -170 -0.15264
35.00 -170 -0.29741
40.00 -170 -0.33316
45.00 -170 -0.21312
50.00 -170 0.16228E-01
55.00 -170 0.23428
60.00 -170 0.32870
65.00 -170 0.27297
-70.00 -165 -0.98831
-45.00 -165 -0.21946
-40.00 -165 0.67990E-01
-35.00 -165 0.20034
-30.00 -165 0.10566
-25.00 -165 -0.15549
-20.00 -165 -0.41468
-15.00 -165 -0.51034
-10.00 -165 -0.40115
-5.00 -165 -0.18389
0.00 -165 -0.50112E-02
5.00 -165 0.52924E-01
10.00 -165 0.13325E-01
15.00 -165 -0.47673E-01
20.00 -165 -0.85107E-01
25.00 -165 -0.11512
30.00 -165 -0.16971
35.00 -165 -0.23457
40.00 -165 -0.24353
45.00 -165 -0.14092
70.00 -165 0.11042
-75.00 -160 -0.85618
-65.00 -160 -0.93225
-60.00 -160 -0.83459
-55.00 -160 -0.69566
-50.00 -160 -0.51082
-45.00 -160 -0.29170
-40.00 -160 -0.10676
-35.00 -160 -0.51583E-01
-30.00 -160 -0.16344
-25.00 -160 -0.36334
-20.00 -160 -0.49575
-15.00 -160 -0.44667
-10.00 -160 -0.24028
-5.00 -160 -0.23764E-01
0.00 -160 0.51726E-01
5.00 -160 -0.48676E-01
10.00 -160 -0.22654
15.00 -160 -0.34591
20.00 -160 -0.34936
25.00 -160 -0.28900
30.00 -160 -0.25292
35.00 -160 -0.26735
40.00 -160 -0.27267
45.00 -160 -0.19284
50.00 -160 -0.23863E-01
55.00 -160 0.15011
60.00 -160 0.22922
65.00 -160 0.18573
75.00 -160 -0.11022E-01
-45.00 -155 -0.33401
-40.00 -155 -0.25277
-35.00 -155 -0.29915
-30.00 -155 -0.47424
-25.00 -155 -0.67254
-20.00 -155 -0.74023
-15.00 -155 -0.59811
-10.00 -155 -0.32144
-5.00 -155 -0.94308E-01
0.00 -155 -0.66928E-01
5.00 -155 -0.23642
10.00 -155 -0.45602
15.00 -155 -0.56367
20.00 -155 -0.51377
25.00 -155 -0.39639
30.00 -155 -0.33504
35.00 -155 -0.36564
40.00 -155 -0.41043
45.00 -155 -0.36439
-80.00 -150 -0.61757
-70.00 -150 -0.91711
-65.00 -150 -0.83689
-60.00 -150 -0.69948
-55.00 -150 -0.55722
-50.00 -150 -0.42517
-45.00 -150 -0.32518
-40.00 -150 -0.31444
-35.00 -150 -0.44782
-30.00 -150 -0.70242
-25.00 -150 -0.94978
-20.00 -150 -1.0285
-15.00 -150 -0.87101
-10.00 -150 -0.57287
-5.00 -150 -0.32923
0.00 -150 -0.28333
5.00 -150 -0.41548
10.00 -150 -0.57136
15.00 -150 -0.60397
20.00 -150 -0.50035
25.00 -150 -0.37985
30.00 -150 -0.37109
35.00 -150 -0.48631
40.00 -150 -0.60990
45.00 -150 -0.60671
50.00 -150 -0.44410
55.00 -150 -0.21422
60.00 -150 -0.43997E-01
65.00 -150 0.13166E-01
70.00 -150 -0.20049E-03
80.00 -150 -0.35885E-01
-45.00 -145 -0.27867
-40.00 -145 -0.28172
-35.00 -145 -0.44450
-30.00 -145 -0.73770
-25.00 -145 -1.0246
-20.00 -145 -1.1393
-15.00 -145 -1.0134
-10.00 -145 -0.73787
-5.00 -145 -0.49574
0.00 -145 -0.41516
5.00 -145 -0.47259
10.00 -145 -0.53248
15.00 -145 -0.48595
20.00 -145 -0.35821
25.00 -145 -0.28395
30.00 -145 -0.37429
35.00 -145 -0.60155
40.00 -145 -0.81049
45.00 -145 -0.84551
-85.00 -140 -0.25189
-75.00 -140 -0.85647
-65.00 -140 -0.82206
-60.00 -140 -0.68099
-55.00 -140 -0.52637
-50.00 -140 -0.36954
-45.00 -140 -0.23863
-40.00 -140 -0.20170
-35.00 -140 -0.32069
-30.00 -140 -0.57455
-25.00 -140 -0.83715
-20.00 -140 -0.95287
-15.00 -140 -0.85589
-10.00 -140 -0.62605
-5.00 -140 -0.42302
0.00 -140 -0.35289
5.00 -140 -0.38726
10.00 -140 -0.40950
15.00 -140 -0.34301
20.00 -140 -0.23758
25.00 -140 -0.22834
30.00 -140 -0.40337
35.00 -140 -0.70468
40.00 -140 -0.95789
45.00 -140 -1.0064
50.00 -140 -0.82964
55.00 -140 -0.54344
60.00 -140 -0.29250
65.00 -140 -0.14172
75.00 -140 -0.10674E-01
85.00 -140 -0.83848E-01
-70.00 -135 -0.90866
-45.00 -135 -0.25783
-40.00 -135 -0.15794
-35.00 -135 -0.18763
-30.00 -135 -0.34169
-25.00 -135 -0.51834
-20.00 -135 -0.58620
-15.00 -135 -0.49188
-10.00 -135 -0.30870
-5.00 -135 -0.17516
0.00 -135 -0.17516
5.00 -135 -0.27020
10.00 -135 -0.34744
15.00 -135 -0.33759
20.00 -135 -0.28860
25.00 -135 -0.32183
30.00 -135 -0.51027
35.00 -135 -0.79392
40.00 -135 -1.0141
45.00 -135 -1.0372
70.00 -135 -0.71665E-01
-65.00 -130 -0.86558
-60.00 -130 -0.77966
-55.00 -130 -0.67479
-50.00 -130 -0.53550
-45.00 -130 -0.36567
-40.00 -130 -0.22060
-35.00 -130 -0.17004
-30.00 -130 -0.22587
-25.00 -130 -0.31314
-20.00 -130 -0.32573
-15.00 -130 -0.22256
-10.00 -130 -0.72986E-01
-5.00 -130 -0.25459E-02
0.00 -130 -0.84101E-01
5.00 -130 -0.27428
10.00 -130 -0.45487
15.00 -130 -0.54021
20.00 -130 -0.54937
25.00 -130 -0.57608
30.00 -130 -0.68787
35.00 -130 -0.85232
40.00 -130 -0.96030
45.00 -130 -0.92174
50.00 -130 -0.74162
55.00 -130 -0.50736
60.00 -130 -0.30783
65.00 -130 -0.16814
-45.00 -125 -0.54450
-40.00 -125 -0.39576
-35.00 -125 -0.31646
-30.00 -125 -0.33417
-25.00 -125 -0.39348
-20.00 -125 -0.39919
-15.00 -125 -0.30632
-10.00 -125 -0.17198
-5.00 -125 -0.11540
0.00 -125 -0.21789
5.00 -125 -0.45213
10.00 -125 -0.70391
15.00 -125 -0.86406
20.00 -125 -0.90604
25.00 -125 -0.88336
30.00 -125 -0.85962
35.00 -125 -0.84489
40.00 -125 -0.79788
45.00 -125 -0.68247
-80.00 -120 -0.58145
-75.00 -120 -0.80979
-70.00 -120 -0.89263
-65.00 -120 -0.89458
-60.00 -120 -0.88600
-55.00 -120 -0.87855
-50.00 -120 -0.83432
-45.00 -120 -0.73127
-40.00 -120 -0.61078
-35.00 -120 -0.55320
-30.00 -120 -0.60176
-25.00 -120 -0.71123
-20.00 -120 -0.77795
-15.00 -120 -0.72995
-10.00 -120 -0.59645
-5.00 -120 -0.49096
0.00 -120 -0.52057
5.00 -120 -0.69952
10.00 -120 -0.93941
15.00 -120 -1.1180
20.00 -120 -1.1625
25.00 -120 -1.0795
30.00 -120 -0.92219
35.00 -120 -0.73837
40.00 -120 -0.55081
45.00 -120 -0.37369
50.00 -120 -0.22979
55.00 -120 -0.13946
60.00 -120 -0.94084E-01
65.00 -120 -0.53830E-01
70.00 -120 0.13355E-01
75.00 -120 0.85423E-01
80.00 -120 0.88274E-01
-45.00 -115 -0.84795
-40.00 -115 -0.75230
-35.00 -115 -0.72453
-30.00 -115 -0.82613
-25.00 -115 -1.0194
-20.00 -115 -1.1828
-15.00 -115 -1.2044
-10.00 -115 -1.0735
-5.00 -115 -0.89207
0.00 -115 -0.79522
5.00 -115 -0.84877
10.00 -115 -1.0058
15.00 -115 -1.1490
20.00 -115 -1.1745
25.00 -115 -1.0499
30.00 -115 -0.81199
35.00 -115 -0.52894
40.00 -115 -0.26463
45.00 -115 -0.65748E-01
-65.00 -110 -0.84168
-60.00 -110 -0.86729
-55.00 -110 -0.90977
-50.00 -110 -0.91552
-45.00 -110 -0.84450
-40.00 -110 -0.73641
-35.00 -110 -0.69724
-30.00 -110 -0.81055
-25.00 -110 -1.0528
-20.00 -110 -1.2938
-15.00 -110 -1.3890
-10.00 -110 -1.2888
-5.00 -110 -1.0734
0.00 -110 -0.88671
5.00 -110 -0.82774
10.00 -110 -0.88533
15.00 -110 -0.96115
20.00 -110 -0.94876
25.00 -110 -0.80172
30.00 -110 -0.54736
35.00 -110 -0.25524
40.00 -110 0.26763E-02
45.00 -110 0.17514
50.00 -110 0.24117
55.00 -110 0.21668
60.00 -110 0.15345
65.00 -110 0.11482
-70.00 -105 -0.77268
-45.00 -105 -0.72732
-40.00 -105 -0.56335
-35.00 -105 -0.45472
-30.00 -105 -0.50841
-25.00 -105 -0.72632
-20.00 -105 -0.99115
-15.00 -105 -1.1506
-10.00 -105 -1.1297
-5.00 -105 -0.97720
0.00 -105 -0.81271
5.00 -105 -0.72648
10.00 -105 -0.71686
15.00 -105 -0.70945
20.00 -105 -0.62798
25.00 -105 -0.45135
30.00 -105 -0.21700
35.00 -105 0.15235E-01
40.00 -105 0.19786
45.00 -105 0.30614
70.00 -105 0.18924
-75.00 -100 -0.65245
-65.00 -100 -0.70451
-60.00 -100 -0.71008
-55.00 -100 -0.73158
-50.00 -100 -0.70036
-45.00 -100 -0.55345
-40.00 -100 -0.31674
-35.00 -100 -0.10888
-30.00 -100 -0.55884E-01
-25.00 -100 -0.19108
-20.00 -100 -0.42975
-15.00 -100 -0.63898
-10.00 -100 -0.73798
-5.00 -100 -0.74106
0.00 -100 -0.71438
5.00 -100 -0.69741
10.00 -100 -0.66603
15.00 -100 -0.56638
20.00 -100 -0.37791
25.00 -100 -0.14115
30.00 -100 0.72998E-01
35.00 -100 0.21696
40.00 -100 0.29034
45.00 -100 0.31916
50.00 -100 0.32227
55.00 -100 0.30356
60.00 -100 0.27046
65.00 -100 0.24478
75.00 -100 0.23398
-45.00 -95 -0.39274
-40.00 -95 -0.10569
-35.00 -95 0.18075
-30.00 -95 0.33218
-25.00 -95 0.28992
-20.00 -95 0.10176
-15.00 -95 -0.13343
-10.00 -95 -0.34652
-5.00 -95 -0.52675
0.00 -95 -0.68127
5.00 -95 -0.78107
10.00 -95 -0.76041
15.00 -95 -0.57671
20.00 -95 -0.26984
25.00 -95 0.44793E-01
30.00 -95 0.25148
35.00 -95 0.31255
40.00 -95 0.28075
45.00 -95 0.24038
-80.00 -90 -0.38134
-70.00 -90 -0.57228
-65.00 -90 -0.53561
-60.00 -90 -0.50955
-55.00 -90 -0.50583
-50.00 -90 -0.45567
-45.00 -90 -0.28251
-40.00 -90 0.10005E-01
-35.00 -90 0.32054
-30.00 -90 0.51975
-25.00 -90 0.54051
-20.00 -90 0.40723
-15.00 -90 0.18800
-10.00 -90 -0.70143E-01
-5.00 -90 -0.35320
0.00 -90 -0.63432
5.00 -90 -0.83377
10.00 -90 -0.84669
15.00 -90 -0.62805
20.00 -90 -0.25488
25.00 -90 0.10414
30.00 -90 0.29918
35.00 -90 0.29903
40.00 -90 0.19631
45.00 -90 0.11872
50.00 -90 0.12972
55.00 -90 0.20232
60.00 -90 0.27290
65.00 -90 0.30634
70.00 -90 0.30553
80.00 -90 0.16903
-85.00 -85 -0.99037E-01
-45.00 -85 -0.20473
-40.00 -85 0.58480E-01
-35.00 -85 0.34394
-30.00 -85 0.53768
-25.00 -85 0.58304
-20.00 -85 0.50362
-15.00 -85 0.35299
-10.00 -85 0.15432
-5.00 -85 -0.10102
0.00 -85 -0.39617
5.00 -85 -0.64402
10.00 -85 -0.72081
15.00 -85 -0.56331
20.00 -85 -0.24089
25.00 -85 0.75146E-01
30.00 -85 0.23070
35.00 -85 0.19741
40.00 -85 0.78070E-01
45.00 -85 0.92216E-02
85.00 -85 -0.31935E-01
-75.00 -80 -0.42252
-65.00 -80 -0.37686
-60.00 -80 -0.32067
-55.00 -80 -0.29227
-50.00 -80 -0.24106
-45.00 -80 -0.10083
-40.00 -80 0.13104
-35.00 -80 0.37640
-30.00 -80 0.53911
-25.00 -80 0.58389
-20.00 -80 0.55219
-15.00 -80 0.50246
-10.00 -80 0.44143
-5.00 -80 0.32196
0.00 -80 0.11181
5.00 -80 -0.14047
10.00 -80 -0.31892
15.00 -80 -0.33074
20.00 -80 -0.19070
25.00 -80 -0.15510E-01
30.00 -80 0.71872E-01
35.00 -80 0.41477E-01
40.00 -80 -0.30566E-01
45.00 -80 -0.41827E-01
50.00 -80 0.43690E-01
55.00 -80 0.17533
60.00 -80 0.27595
65.00 -80 0.31116
75.00 -80 0.24913
-70.00 -75 -0.37273
-45.00 -75 0.86073E-01
-40.00 -75 0.31269
-35.00 -75 0.53371
-30.00 -75 0.66582
-25.00 -75 0.69415
-20.00 -75 0.68455
-15.00 -75 0.71467
-10.00 -75 0.79030
-5.00 -75 0.83079
0.00 -75 0.74148
5.00 -75 0.50542
10.00 -75 0.20734
15.00 -75 -0.31762E-01
20.00 -75 -0.14645
25.00 -75 -0.16083
30.00 -75 -0.14134
35.00 -75 -0.12398
40.00 -75 -0.89902E-01
45.00 -75 -0.64164E-02
70.00 -75 0.25862
-65.00 -70 -0.22708
-60.00 -70 -0.10831
-55.00 -70 0.14889E-01
-50.00 -70 0.16343
-45.00 -70 0.36969
-40.00 -70 0.61751
-35.00 -70 0.83128
-30.00 -70 0.93462
-25.00 -70 0.92498
-20.00 -70 0.88705
-15.00 -70 0.92242
-10.00 -70 1.0540
-5.00 -70 1.1924
0.00 -70 1.1984
5.00 -70 0.99007
10.00 -70 0.60567
15.00 -70 0.17583
20.00 -70 -0.16245
25.00 -70 -0.33663
30.00 -70 -0.34905
35.00 -70 -0.24269
40.00 -70 -0.68775E-01
45.00 -70 0.11991
50.00 -70 0.26745
55.00 -70 0.33088
60.00 -70 0.30859
65.00 -70 0.24530
-45.00 -65 0.70612
-40.00 -65 0.97252
-35.00 -65 1.1690
-30.00 -65 1.2282
-25.00 -65 1.1536
-20.00 -65 1.0363
-15.00 -65 0.99406
-10.00 -65 1.0774
-5.00 -65 1.2187
0.00 -65 1.2715
5.00 -65 1.1117
10.00 -65 0.72577
15.00 -65 0.22371
20.00 -65 -0.22341
25.00 -65 -0.47281
30.00 -65 -0.47046
35.00 -65 -0.26058
40.00 -65 0.44818E-01
45.00 -65 0.31479
-80.00 -60 -0.87947E-01
-75.00 -60 -0.18858
-70.00 -60 -0.19316
-65.00 -60 -0.75336E-01
-60.00 -60 0.14326
-55.00 -60 0.42062
-50.00 -60 0.72071
-45.00 -60 1.0137
-40.00 -60 1.2581
-35.00 -60 1.3971
-30.00 -60 1.3868
-25.00 -60 1.2385
-20.00 -60 1.0339
-15.00 -60 0.88564
-10.00 -60 0.86410
-5.00 -60 0.94229
0.00 -60 1.0046
5.00 -60 0.91864
10.00 -60 0.62525
15.00 -60 0.18597
20.00 -60 -0.24103
25.00 -60 -0.48285
30.00 -60 -0.44388
35.00 -60 -0.15772
40.00 -60 0.22830
45.00 -60 0.52864
50.00 -60 0.61602
55.00 -60 0.48591
60.00 -60 0.24898
65.00 -60 0.52467E-01
70.00 -60 -0.21082E-01
75.00 -60 -0.31592E-02
80.00 -60 -0.39586E-02
-45.00 -55 1.2122
-40.00 -55 1.3744
-35.00 -55 1.4101
-30.00 -55 1.3221
-25.00 -55 1.1361
-20.00 -55 0.90648
-15.00 -55 0.70727
-10.00 -55 0.60180
-5.00 -55 0.60249
0.00 -55 0.65071
5.00 -55 0.64120
10.00 -55 0.48739
15.00 -55 0.19004
20.00 -55 -0.14121
25.00 -55 -0.33927
30.00 -55 -0.28158
35.00 -55 0.21695E-01
40.00 -55 0.41719
45.00 -55 0.69225
-65.00 -50 0.61254E-01
-60.00 -50 0.35646
-55.00 -50 0.72993
-50.00 -50 1.0624
-45.00 -50 1.2571
-40.00 -50 1.2891
-35.00 -50 1.2030
-30.00 -50 1.0672
-25.00 -50 0.92409
-20.00 -50 0.78053
-15.00 -50 0.63577
-10.00 -50 0.51195
-5.00 -50 0.44708
0.00 -50 0.45258
5.00 -50 0.47956
10.00 -50 0.43993
15.00 -50 0.27966
20.00 -50 0.45469E-01
25.00 -50 -0.12291
30.00 -50 -0.87148E-01
35.00 -50 0.17365
40.00 -50 0.52118
45.00 -50 0.73653
50.00 -50 0.66951
55.00 -50 0.34687
60.00 -50 -0.46413E-01
65.00 -50 -0.30092
-70.00 -45 -0.26672E-01
-45.00 -45 1.1499
-40.00 -45 1.0414
-35.00 -45 0.85867
-30.00 -45 0.73670
-25.00 -45 0.72525
-20.00 -45 0.76438
-15.00 -45 0.75538
-10.00 -45 0.65903
-5.00 -45 0.52914
0.00 -45 0.45153
5.00 -45 0.45010
10.00 -45 0.45563
15.00 -45 0.37399
20.00 -45 0.19242
25.00 -45 0.17990E-01
30.00 -45 -0.14822E-02
35.00 -45 0.18620
40.00 -45 0.46567
45.00 -45 0.62120
70.00 -45 -0.50025
-75.00 -40 0.43090E-01
-65.00 -40 0.14850
-60.00 -40 0.42795
-55.00 -40 0.75475
-50.00 -40 0.95720
-45.00 -40 0.92539
-40.00 -40 0.70748
-35.00 -40 0.48620
-30.00 -40 0.44147
-25.00 -40 0.60809
-20.00 -40 0.84982
-15.00 -40 0.97481
-10.00 -40 0.89333
-5.00 -40 0.68100
0.00 -40 0.49551
5.00 -40 0.42805
10.00 -40 0.42816
15.00 -40 0.37023
20.00 -40 0.19453
25.00 -40 -0.16031E-01
30.00 -40 -0.10305
35.00 -40 0.13512E-01
40.00 -40 0.23851
45.00 -40 0.35937
50.00 -40 0.21700
55.00 -40 -0.15622
60.00 -40 -0.55249
65.00 -40 -0.74718
75.00 -40 -0.42997
-45.00 -35 0.62832
-40.00 -35 0.35632
-35.00 -35 0.16033
-30.00 -35 0.22584
-25.00 -35 0.54724
-20.00 -35 0.91980
-15.00 -35 1.0959
-10.00 -35 0.97750
-5.00 -35 0.68106
0.00 -35 0.42230
5.00 -35 0.32663
10.00 -35 0.33525
15.00 -35 0.28636
20.00 -35 0.88640E-01
25.00 -35 -0.17917
30.00 -35 -0.33768
35.00 -35 -0.28068
40.00 -35 -0.89644E-01
45.00 -35 0.21702E-01
-85.00 -30 0.20625
-80.00 -30 0.21187
-70.00 -30 0.11873
-65.00 -30 0.17501
-60.00 -30 0.33195
-55.00 -30 0.48492
-50.00 -30 0.49000
-45.00 -30 0.29696
-40.00 -30 0.25916E-01
-35.00 -30 -0.10046
-30.00 -30 0.67143E-01
-25.00 -30 0.46598
-20.00 -30 0.84927
-15.00 -30 0.97191
-10.00 -30 0.78212
-5.00 -30 0.45405
0.00 -30 0.23161
5.00 -30 0.22005
10.00 -30 0.30823
15.00 -30 0.28680
20.00 -30 0.51019E-01
25.00 -30 -0.29763
30.00 -30 -0.54231
35.00 -30 -0.54917
40.00 -30 -0.39151
45.00 -30 -0.28742
50.00 -30 -0.40753
55.00 -30 -0.72434
60.00 -30 -1.0331
65.00 -30 -1.1208
70.00 -30 -0.93389
80.00 -30 -0.34240
85.00 -30 -0.24649
-45.00 -25 -0.39411E-01
-40.00 -25 -0.27212
-35.00 -25 -0.31285
-30.00 -25 -0.77323E-01
-25.00 -25 0.31398
-20.00 -25 0.60881
-15.00 -25 0.62014
-10.00 -25 0.38262
-5.00 -25 0.12654
0.00 -25 0.82126E-01
5.00 -25 0.27943
10.00 -25 0.51896
15.00 -25 0.54169
20.00 -25 0.25151
25.00 -25 -0.20290
30.00 -25 -0.55581
35.00 -25 -0.64707
40.00 -25 -0.54578
45.00 -25 -0.47311
-75.00 -20 0.26683
-65.00 -20 0.17153
-60.00 -20 0.15108
-55.00 -20 0.79165E-01
-50.00 -20 -0.10168
-45.00 -20 -0.35271
-40.00 -20 -0.53066
-35.00 -20 -0.49034
-30.00 -20 -0.22080
-25.00 -20 0.11386
-20.00 -20 0.28842
-15.00 -20 0.20441
-10.00 -20 -0.10769E-01
-5.00 -20 -0.94990E-01
0.00 -20 0.12869
5.00 -20 0.58579
10.00 -20 0.98591
15.00 -20 1.0403
20.00 -20 0.68460
25.00 -20 0.12367
30.00 -20 -0.33573
35.00 -20 -0.52018
40.00 -20 -0.49928
45.00 -20 -0.49051
50.00 -20 -0.65482
55.00 -20 -0.96062
60.00 -20 -1.2215
65.00 -20 -1.2590
75.00 -20 -0.70798
-70.00 -15 0.25161
-45.00 -15 -0.60909
-40.00 -15 -0.72902
-35.00 -15 -0.61903
-30.00 -15 -0.33166
-25.00 -15 -0.53774E-01
-20.00 -15 0.33596E-01
-15.00 -15 -0.82742E-01
-10.00 -15 -0.21075
-5.00 -15 -0.93978E-01
0.00 -15 0.37012
5.00 -15 1.0148
10.00 -15 1.4984
15.00 -15 1.5440
20.00 -15 1.1362
25.00 -15 0.52041
30.00 -15 0.10868E-01
35.00 -15 -0.23363
40.00 -15 -0.29002
45.00 -15 -0.36065
70.00 -15 -1.0284
-65.00 -10 0.18698
-60.00 -10 0.20827E-01
-55.00 -10 -0.22667
-50.00 -10 -0.52622
-45.00 -10 -0.77152
-40.00 -10 -0.83284
-35.00 -10 -0.66185
-30.00 -10 -0.35584
-25.00 -10 -0.10530
-20.00 -10 -0.46432E-01
-15.00 -10 -0.13518
-10.00 -10 -0.16063
-5.00 -10 0.93123E-01
0.00 -10 0.65779
5.00 -10 1.3213
10.00 -10 1.7570
15.00 -10 1.7484
20.00 -10 1.3337
25.00 -10 0.76307
30.00 -10 0.30779
35.00 -10 0.77473E-01
40.00 -10 -0.18510E-01
45.00 -10 -0.15397
50.00 -10 -0.42420
55.00 -10 -0.77115
60.00 -10 -1.0409
65.00 -10 -1.1090
-45.00 -5 -0.81257
-40.00 -5 -0.81134
-35.00 -5 -0.58401
-30.00 -5 -0.25453
-25.00 -5 -0.38202E-02
-20.00 -5 0.68799E-01
-15.00 -5 0.32043E-01
-10.00 -5 0.75091E-01
-5.00 -5 0.35287
0.00 -5 0.84570
5.00 -5 1.3508
10.00 -5 1.6184
15.00 -5 1.5270
20.00 -5 1.1611
25.00 -5 0.73584
30.00 -5 0.43560
35.00 -5 0.29558
40.00 -5 0.21061
45.00 -5 0.46951E-01
90.00 0.00 -0.27336
-90.00 0.00 0.12213
