-85.00 0.00 0.35670
-80.00 0.00 0.25816
-75.00 0.00 0.13785
-70.00 0.00 0.53828E-01
-65.00 0.00 0.35813E-01
-60.00 0.00 0.51594E-01
-55.00 0.00 0.29523E-01
-50.00 0.00 -0.84200E-01
-45.00 0.00 -0.28119
-40.00 0.00 -0.49818
-35.00 0.00 -0.66842
-30.00 0.00 -0.77095
-25.00 0.00 -0.83546
-20.00 0.00 -0.90221
-15.00 0.00 -0.97683
-10.00 0.00 -1.0226
-5.00 0.00 -0.99615
0.00 0.00 -0.89268
5.00 0.00 -0.75801
10.00 0.00 -0.65657
15.00 0.00 -0.62267
20.00 0.00 -0.63616
25.00 0.00 -0.64063
30.00 0.00 -0.58645
35.00 0.00 -0.46355
40.00 0.00 -0.30215
45.00 0.00 -0.14748
50.00 0.00 -0.31691E-01
55.00 0.00 0.38427E-01
60.00 0.00 0.76514E-01
65.00 0.00 0.10480
70.00 0.00 0.14409
75.00 0.00 0.20760
80.00 0.00 0.29287
85.00 0.00 0.38344
-45.00 5.00 -0.38212
-40.00 5.00 -0.63333
-35.00 5.00 -0.83373
-30.00 5.00 -0.94019
-25.00 5.00 -0.97140
-20.00 5.00 -0.97965
-15.00 5.00 -0.99878
-10.00 5.00 -1.0143
-5.00 5.00 -0.98071
0.00 5.00 -0.86847
5.00 5.00 -0.69879
10.00 5.00 -0.53478
15.00 5.00 -0.43645
20.00 5.00 -0.41640
25.00 5.00 -0.43186
30.00 5.00 -0.41769
35.00 5.00 -0.33331
40.00 5.00 -0.18815
45.00 5.00 -0.30048E-01
-65.00 10.00 -0.18065E-01
-60.00 10.00 -0.25224E-01
-55.00 10.00 -0.62158E-01
-50.00 10.00 -0.19650
-45.00 10.00 -0.43508
-40.00 10.00 -0.70989
-35.00 10.00 -0.92217
-30.00 10.00 -1.0118
-25.00 10.00 -0.99678
-20.00 10.00 -0.95093
-15.00 10.00 -0.93935
-10.00 10.00 -0.96519
-5.00 10.00 -0.97195
0.00 10.00 -0.89776
5.00 10.00 -0.73420
10.00 10.00 -0.53940
15.00 10.00 -0.39425
20.00 10.00 -0.33909
25.00 10.00 -0.34334
30.00 10.00 -0.33217
35.00 10.00 -0.24646
40.00 10.00 -0.87061E-01
45.00 10.00 0.89688E-01
50.00 10.00 0.21705
55.00 10.00 0.26475
60.00 10.00 0.25253
65.00 10.00 0.22666
-70.00 15.00 0.40464E-01
-45.00 15.00 -0.42796
-40.00 15.00 -0.71135
-35.00 15.00 -0.91670
-30.00 15.00 -0.97481
-25.00 15.00 -0.91197
-20.00 15.00 -0.82737
-15.00 15.00 -0.81282
-10.00 15.00 -0.88004
-5.00 15.00 -0.95499
0.00 15.00 -0.94330
5.00 15.00 -0.81089
10.00 15.00 -0.61202
15.00 15.00 -0.44290
20.00 15.00 -0.36207
25.00 15.00 -0.34569
30.00 15.00 -0.31340
35.00 15.00 -0.19955
40.00 15.00 -0.81560E-02
45.00 15.00 0.19224
70.00 15.00 0.26602
-75.00 20.00 0.17133
-65.00 20.00 0.26339E-01
-60.00 20.00 0.34965E-01
-55.00 20.00 0.12367E-01
-50.00 20.00 -0.11935
-45.00 20.00 -0.36710
-40.00 20.00 -0.64564
-35.00 20.00 -0.83118
-30.00 20.00 -0.85320
-25.00 20.00 -0.75097
-20.00 20.00 -0.64509
-15.00 20.00 -0.64321
-10.00 20.00 -0.75557
-5.00 20.00 -0.88985
0.00 20.00 -0.92886
5.00 20.00 -0.82537
10.00 20.00 -0.63515
15.00 20.00 -0.46364
20.00 20.00 -0.37571
25.00 20.00 -0.34657
30.00 20.00 -0.29291
35.00 20.00 -0.15199
40.00 20.00 0.61948E-01
45.00 20.00 0.27006
50.00 20.00 0.39365
55.00 20.00 0.41202
60.00 20.00 0.36708
65.00 20.00 0.31977
75.00 20.00 0.31510
-45.00 25.00 -0.27578
-40.00 25.00 -0.54134
-35.00 25.00 -0.70224
-30.00 25.00 -0.69240
-25.00 25.00 -0.56332
-20.00 25.00 -0.44739
-15.00 25.00 -0.45501
-10.00 25.00 -0.58863
-5.00 25.00 -0.74443
0.00 25.00 -0.79913
5.00 25.00 -0.70776
10.00 25.00 -0.53126
15.00 25.00 -0.37544
20.00 25.00 -0.29887
25.00 25.00 -0.27042
30.00 25.00 -0.20875
35.00 25.00 -0.62605E-01
40.00 25.00 0.14140
45.00 25.00 0.32261
-80.00 30.00 0.33739
-70.00 30.00 0.14456
-65.00 30.00 0.13514
-60.00 30.00 0.17202
-55.00 30.00 0.16894
-50.00 30.00 0.48120E-01
-45.00 30.00 -0.18645
-40.00 30.00 -0.43570
-35.00 30.00 -0.57204
-30.00 30.00 -0.53714
-25.00 30.00 -0.39059
-20.00 30.00 -0.26553
-15.00 30.00 -0.26503
-10.00 30.00 -0.38389
-5.00 30.00 -0.51976
0.00 30.00 -0.56105
5.00 30.00 -0.47516
10.00 30.00 -0.32380
15.00 30.00 -0.19887
20.00 30.00 -0.14116
25.00 30.00 -0.11410
30.00 30.00 -0.50028E-01
35.00 30.00 0.79516E-01
40.00 30.00 0.23591
45.00 30.00 0.34994
50.00 30.00 0.38392
55.00 30.00 0.36005
60.00 30.00 0.33254
65.00 30.00 0.33544
70.00 30.00 0.35889
80.00 30.00 0.37000
-45.00 35.00 -0.13007
-40.00 35.00 -0.36062
-35.00 35.00 -0.47115
-30.00 35.00 -0.41342
-25.00 35.00 -0.25087
-20.00 35.00 -0.10906
-15.00 35.00 -0.79230E-01
-10.00 35.00 -0.15458
-5.00 35.00 -0.24885
0.00 35.00 -0.27518
5.00 35.00 -0.21380
10.00 35.00 -0.11310
15.00 35.00 -0.32416E-01
20.00 35.00 0.14112E-01
25.00 35.00 0.60598E-01
30.00 35.00 0.14238
35.00 35.00 0.25041
40.00 35.00 0.33427
45.00 35.00 0.35047
-75.00 40.00 0.29338
-65.00 40.00 0.23092
-60.00 40.00 0.25902
-55.00 40.00 0.23394
-50.00 40.00 0.96870E-01
-45.00 40.00 -0.12685
-40.00 40.00 -0.33276
-35.00 40.00 -0.40991
-30.00 40.00 -0.32341
-25.00 40.00 -0.13895
-20.00 40.00 0.29366E-01
-15.00 40.00 0.10226
-10.00 40.00 0.80936E-01
-5.00 40.00 0.24451E-01
0.00 40.00 -0.10816E-01
5.00 40.00 -0.11010E-01
10.00 40.00 0.64895E-02
15.00 40.00 0.32392E-01
20.00 40.00 0.84336E-01
25.00 40.00 0.18293
30.00 40.00 0.31197
35.00 40.00 0.41087
40.00 40.00 0.41700
45.00 40.00 0.32357
50.00 40.00 0.19706
55.00 40.00 0.13127
60.00 40.00 0.17384
65.00 40.00 0.28930
75.00 40.00 0.42280
-70.00 45.00 0.26594
-45.00 45.00 -0.18129
-40.00 45.00 -0.35094
-35.00 45.00 -0.38035
-30.00 45.00 -0.25323
-25.00 45.00 -0.39497E-01
-20.00 45.00 0.15882
-15.00 45.00 0.27436
-10.00 45.00 0.30010
-5.00 45.00 0.26453
0.00 45.00 0.19389
5.00 45.00 0.10291
10.00 45.00 0.16138E-01
15.00 45.00 -0.17092E-01
20.00 45.00 0.53234E-01
25.00 45.00 0.22667
30.00 45.00 0.42530
35.00 45.00 0.53079
40.00 45.00 0.46885
45.00 45.00 0.27372
70.00 45.00 0.40823
-65.00 50.00 0.25059
-60.00 50.00 0.20486
-55.00 50.00 0.99054E-01
-50.00 50.00 -0.82527E-01
-45.00 50.00 -0.28228
-40.00 50.00 -0.40011
-35.00 50.00 -0.36502
-30.00 50.00 -0.18624
-25.00 50.00 0.57807E-01
-20.00 50.00 0.27696
-15.00 50.00 0.41926
-10.00 50.00 0.47500
-5.00 50.00 0.44769
0.00 50.00 0.33700
5.00 50.00 0.15837
10.00 50.00 -0.25649E-01
15.00 50.00 -0.11279
20.00 50.00 -0.24484E-01
25.00 50.00 0.21878
30.00 50.00 0.48319
35.00 50.00 0.59970
40.00 50.00 0.48543
45.00 50.00 0.21194
50.00 50.00 -0.40567E-01
55.00 50.00 -0.11252
60.00 50.00 0.23323E-01
65.00 50.00 0.25471
-85.00 55.00 0.45851
-45.00 55.00 -0.40710
-40.00 55.00 -0.45828
-35.00 55.00 -0.34644
-30.00 55.00 -0.11278
-25.00 55.00 0.15173
-20.00 55.00 0.36955
-15.00 55.00 0.51130
-10.00 55.00 0.57701
-5.00 55.00 0.55754
0.00 55.00 0.43042
5.00 55.00 0.20356
10.00 55.00 -0.41234E-01
15.00 55.00 -0.16766
20.00 55.00 -0.75860E-01
25.00 55.00 0.20357
30.00 55.00 0.50235
35.00 55.00 0.62031
40.00 55.00 0.47145
45.00 55.00 0.15356
85.00 55.00 0.38133
-80.00 60.00 0.47413
-75.00 60.00 0.41434
-70.00 60.00 0.31582
-65.00 60.00 0.19270
-60.00 60.00 0.30918E-01
-55.00 60.00 -0.17747
-50.00 60.00 -0.39254
-45.00 60.00 -0.52736
-40.00 60.00 -0.50316
-35.00 60.00 -0.31276
-30.00 60.00 -0.32056E-01
-25.00 60.00 0.23420
-20.00 60.00 0.42287
-15.00 60.00 0.53448
-10.00 60.00 0.59195
-5.00 60.00 0.58724
0.00 60.00 0.48056
5.00 60.00 0.26087
10.00 60.00 0.45697E-02
15.00 60.00 -0.14280
20.00 60.00 -0.68711E-01
25.00 60.00 0.20051
30.00 60.00 0.49129
35.00 60.00 0.59754
40.00 60.00 0.43582
45.00 60.00 0.11421
50.00 60.00 -0.14589
55.00 60.00 -0.17459
60.00 60.00 0.27101E-01
65.00 60.00 0.30514
70.00 60.00 0.48349
75.00 60.00 0.49726
80.00 60.00 0.41858
-45.00 65.00 -0.61526
-40.00 65.00 -0.51680
-35.00 65.00 -0.25896
-30.00 65.00 0.51350E-01
-25.00 65.00 0.29927
-20.00 65.00 0.43782
-15.00 65.00 0.49967
-10.00 65.00 0.53686
-5.00 65.00 0.55158
0.00 65.00 0.49176
5.00 65.00 0.32076
10.00 65.00 0.90711E-01
15.00 65.00 -0.64150E-01
20.00 65.00 -0.26392E-01
25.00 65.00 0.19449
30.00 65.00 0.44544
35.00 65.00 0.53649
40.00 65.00 0.38992
45.00 65.00 0.10699
-65.00 70.00 0.11621
-60.00 70.00 -0.14516
-55.00 70.00 -0.41459
-50.00 70.00 -0.61212
-45.00 70.00 -0.64912
-40.00 70.00 -0.48828
-35.00 70.00 -0.18591
-30.00 70.00 0.13113
-25.00 70.00 0.34694
-20.00 70.00 0.43170
-15.00 70.00 0.44442
-10.00 70.00 0.46064
-5.00 70.00 0.49311
0.00 70.00 0.48244
5.00 70.00 0.36900
10.00 70.00 0.17594
15.00 70.00 0.16677E-01
20.00 70.00 0.81926E-02
25.00 70.00 0.16357
30.00 70.00 0.36492
35.00 70.00 0.45097
40.00 70.00 0.34965
45.00 70.00 0.14130
50.00 70.00 -0.48156E-02
55.00 70.00 0.32240E-01
60.00 70.00 0.23033
65.00 70.00 0.44982
-70.00 75.00 0.33559
-45.00 75.00 -0.61765
-40.00 75.00 -0.41507
-35.00 75.00 -0.99135E-01
-30.00 75.00 0.20003
-25.00 75.00 0.37879
-20.00 75.00 0.42486
-15.00 75.00 0.41095
-10.00 75.00 0.41978
-5.00 75.00 0.46610
0.00 75.00 0.48709
5.00 75.00 0.41136
10.00 75.00 0.24227
15.00 75.00 0.74229E-01
20.00 75.00 0.20440E-01
25.00 75.00 0.11409
30.00 75.00 0.27406
35.00 75.00 0.37060
40.00 75.00 0.33585
45.00 75.00 0.22145
70.00 75.00 0.58021
-75.00 80.00 0.51699
-65.00 80.00 0.94200E-01
-60.00 80.00 -0.20281
-55.00 80.00 -0.45493
-50.00 80.00 -0.57836
-45.00 80.00 -0.52254
-40.00 80.00 -0.30348
-35.00 80.00 -0.76478E-02
-30.00 80.00 0.24960
-25.00 80.00 0.39130
-20.00 80.00 0.42330
-15.00 80.00 0.41724
-10.00 80.00 0.44242
-5.00 80.00 0.50254
0.00 80.00 0.53369
5.00 80.00 0.46740
10.00 80.00 0.30347
15.00 80.00 0.12497
20.00 80.00 0.37983E-01
25.00 80.00 0.86706E-01
30.00 80.00 0.21903
35.00 80.00 0.33373
40.00 80.00 0.36742
45.00 80.00 0.34354
50.00 80.00 0.34099
55.00 80.00 0.41327
60.00 80.00 0.53355
65.00 80.00 0.61635
75.00 80.00 0.48639
-45.00 85.00 -0.37850
-40.00 85.00 -0.16767
-35.00 85.00 0.77940E-01
-30.00 85.00 0.27208
-25.00 85.00 0.37587
-20.00 85.00 0.41391
-15.00 85.00 0.44534
-10.00 85.00 0.50924
-5.00 85.00 0.58710
0.00 85.00 0.61546
5.00 85.00 0.54152
10.00 85.00 0.37610
15.00 85.00 0.19760
20.00 85.00 0.99811E-01
25.00 85.00 0.12537
30.00 85.00 0.23966
35.00 85.00 0.36586
40.00 85.00 0.44885
45.00 85.00 0.49158
-80.00 90.00 0.60098
-70.00 90.00 0.42214
-65.00 90.00 0.16277
-60.00 90.00 -0.10790
-55.00 90.00 -0.28887
-50.00 90.00 -0.32011
-45.00 90.00 -0.21065
-40.00 90.00 -0.27208E-01
-35.00 90.00 0.14823
-30.00 90.00 0.26526
-25.00 90.00 0.32762
-20.00 90.00 0.37826
-15.00 90.00 0.45837
-10.00 90.00 0.56939
-5.00 90.00 0.66621
0.00 90.00 0.68804
5.00 90.00 0.60547
10.00 90.00 0.44839
15.00 90.00 0.29238
20.00 90.00 0.21214
25.00 90.00 0.23631
30.00 90.00 0.33696
35.00 90.00 0.45866
40.00 90.00 0.56075
45.00 90.00 0.63715
50.00 90.00 0.70048
55.00 90.00 0.75038
60.00 90.00 0.76035
65.00 90.00 0.69924
70.00 90.00 0.56909
80.00 90.00 0.33313
-45.00 95.00 -0.48996E-01
-40.00 95.00 0.96811E-01
-35.00 95.00 0.19751
-30.00 95.00 0.23642
-25.00 95.00 0.25564
-20.00 95.00 0.31349
-15.00 95.00 0.43312
-10.00 95.00 0.58080
-5.00 95.00 0.68838
0.00 95.00 0.70112
5.00 95.00 0.61574
10.00 95.00 0.48235
15.00 95.00 0.37189
20.00 95.00 0.33404
25.00 95.00 0.37473
30.00 95.00 0.46483
35.00 95.00 0.56801
40.00 95.00 0.66330
45.00 95.00 0.74602
-75.00 100.00 0.65131
-65.00 100.00 0.30599
-60.00 100.00 0.78477E-01
-55.00 100.00 -0.47037E-01
-50.00 100.00 -0.30705E-01
-45.00 100.00 0.78819E-01
-40.00 100.00 0.18642
-35.00 100.00 0.22454
-30.00 100.00 0.20088
-25.00 100.00 0.18394
-20.00 100.00 0.24096
-15.00 100.00 0.37999
-10.00 100.00 0.54138
-5.00 100.00 0.64279
0.00 100.00 0.63928
5.00 100.00 0.55226
10.00 100.00 0.44883
15.00 100.00 0.39291
20.00 100.00 0.40759
25.00 100.00 0.47353
30.00 100.00 0.55672
35.00 100.00 0.63708
40.00 100.00 0.71443
45.00 100.00 0.79106
50.00 100.00 0.85147
55.00 100.00 0.86127
60.00 100.00 0.78972
65.00 100.00 0.63931
75.00 100.00 0.31742
-70.00 105.00 0.59397
-45.00 105.00 0.15495
-40.00 105.00 0.23137
-35.00 105.00 0.23183
-30.00 105.00 0.17511
-25.00 105.00 0.13972
-20.00 105.00 0.19321
-15.00 105.00 0.33249
-10.00 105.00 0.48411
-5.00 105.00 0.56213
0.00 105.00 0.53387
5.00 105.00 0.44049
10.00 105.00 0.36018
15.00 105.00 0.34865
20.00 105.00 0.40617
25.00 105.00 0.49259
30.00 105.00 0.56977
35.00 105.00 0.63090
40.00 105.00 0.69316
45.00 105.00 0.76546
70.00 105.00 0.37732
-85.00 110.00 0.52749
-65.00 110.00 0.48080
-60.00 110.00 0.27190
-55.00 110.00 0.13432
-50.00 110.00 0.11523
-45.00 110.00 0.17651
-40.00 110.00 0.23254
-35.00 110.00 0.22466
-30.00 110.00 0.16903
-25.00 110.00 0.13751
-20.00 110.00 0.18956
-15.00 110.00 0.31561
-10.00 110.00 0.44110
-5.00 110.00 0.48678
0.00 110.00 0.43278
5.00 110.00 0.33217
10.00 110.00 0.26587
15.00 110.00 0.27989
20.00 110.00 0.35811
25.00 110.00 0.44854
30.00 110.00 0.51384
35.00 110.00 0.55892
40.00 110.00 0.61317
45.00 110.00 0.68810
50.00 110.00 0.75249
55.00 110.00 0.75034
60.00 110.00 0.64766
65.00 110.00 0.46864
85.00 110.00 0.33109
-45.00 115.00 0.15644
-40.00 115.00 0.20262
-35.00 115.00 0.21087
-30.00 115.00 0.18325
-25.00 115.00 0.17164
-20.00 115.00 0.22147
-15.00 115.00 0.32217
-10.00 115.00 0.41039
-5.00 115.00 0.42337
0.00 115.00 0.35418
5.00 115.00 0.25911
10.00 115.00 0.21128
15.00 115.00 0.24253
20.00 115.00 0.32428
25.00 115.00 0.40117
30.00 115.00 0.44349
35.00 115.00 0.46916
40.00 115.00 0.51669
45.00 115.00 0.59639
-80.00 120.00 0.67132
-75.00 120.00 0.78003
-70.00 120.00 0.77981
-65.00 120.00 0.64862
-60.00 120.00 0.43584
-55.00 120.00 0.23640
-50.00 120.00 0.12707
-45.00 120.00 0.11883
-40.00 120.00 0.16265
-35.00 120.00 0.20018
-30.00 120.00 0.21213
-25.00 120.00 0.22253
-20.00 120.00 0.26020
-15.00 120.00 0.31893
-10.00 120.00 0.35698
-5.00 120.00 0.33713
0.00 120.00 0.26753
5.00 120.00 0.20180
10.00 120.00 0.19558
15.00 120.00 0.25873
20.00 120.00 0.34791
25.00 120.00 0.40720
30.00 120.00 0.41901
35.00 120.00 0.41758
40.00 120.00 0.45143
45.00 120.00 0.52935
50.00 120.00 0.60075
55.00 120.00 0.59215
60.00 120.00 0.47075
65.00 120.00 0.28129
70.00 120.00 0.12274
75.00 120.00 0.81969E-01
80.00 120.00 0.17221
-45.00 125.00 0.90032E-01
-40.00 125.00 0.13434
-35.00 125.00 0.20100
-30.00 125.00 0.24771
-25.00 125.00 0.26944
-20.00 125.00 0.27874
-15.00 125.00 0.27643
-10.00 125.00 0.24756
-5.00 125.00 0.18653
0.00 125.00 0.12116
5.00 125.00 0.10329
10.00 125.00 0.16738
15.00 125.00 0.29427
20.00 125.00 0.41828
25.00 125.00 0.47759
30.00 125.00 0.46521
35.00 125.00 0.43350
40.00 125.00 0.44467
45.00 125.00 0.50957
-65.00 130.00 0.78217
-60.00 130.00 0.57701
-55.00 130.00 0.33234
-50.00 130.00 0.15069
-45.00 130.00 0.88790E-01
-40.00 130.00 0.13095
-35.00 130.00 0.21464
-30.00 130.00 0.27949
-25.00 130.00 0.29729
-20.00 130.00 0.26683
-15.00 130.00 0.19386
-10.00 130.00 0.86185E-01
-5.00 130.00 -0.31328E-01
0.00 130.00 -0.10667
5.00 130.00 -0.81436E-01
10.00 130.00 0.64317E-01
15.00 130.00 0.28248
20.00 130.00 0.47765
25.00 130.00 0.57105
30.00 130.00 0.55741
35.00 130.00 0.50425
40.00 130.00 0.49026
45.00 130.00 0.53405
50.00 130.00 0.57598
55.00 130.00 0.53131
60.00 130.00 0.37043
65.00 130.00 0.15658
-70.00 135.00 0.88317
-45.00 135.00 0.11989
-40.00 135.00 0.15152
-35.00 135.00 0.23108
-30.00 135.00 0.29121
-25.00 135.00 0.29295
-20.00 135.00 0.22629
-15.00 135.00 0.95211E-01
-10.00 135.00 -0.83935E-01
-5.00 135.00 -0.26734
0.00 135.00 -0.37909
5.00 135.00 -0.34245
10.00 135.00 -0.13541
15.00 135.00 0.17585
20.00 135.00 0.46535
25.00 135.00 0.62657
30.00 135.00 0.64259
35.00 135.00 0.58751
40.00 135.00 0.55571
45.00 135.00 0.57827
70.00 135.00 -0.24538E-01
-75.00 140.00 0.78882
-65.00 140.00 0.85400
-60.00 140.00 0.68793
-55.00 140.00 0.45712
-50.00 140.00 0.26398
-45.00 140.00 0.17446
-40.00 140.00 0.18276
-35.00 140.00 0.23181
-30.00 140.00 0.26162
-25.00 140.00 0.23942
-20.00 140.00 0.15438
-15.00 140.00 0.10446E-02
-10.00 140.00 -0.21560
-5.00 140.00 -0.45334
0.00 140.00 -0.62093
5.00 140.00 -0.61485
10.00 140.00 -0.39142
15.00 140.00 -0.15767E-01
20.00 140.00 0.36393
25.00 140.00 0.60875
30.00 140.00 0.67786
35.00 140.00 0.64078
40.00 140.00 0.60301
45.00 140.00 0.61028
50.00 140.00 0.61523
55.00 140.00 0.53413
60.00 140.00 0.34014
65.00 140.00 0.10679
75.00 140.00 -0.15480E-01
-45.00 145.00 0.23650
-40.00 145.00 0.20842
-35.00 145.00 0.20113
-30.00 145.00 0.17505
-25.00 145.00 0.12048
-20.00 145.00 0.36450E-01
-15.00 145.00 -0.95219E-01
-10.00 145.00 -0.29804
-5.00 145.00 -0.55373
0.00 145.00 -0.77138
5.00 145.00 -0.82167
10.00 145.00 -0.62598
15.00 145.00 -0.22935
20.00 145.00 0.21228
25.00 145.00 0.53135
30.00 145.00 0.65742
35.00 145.00 0.64643
40.00 145.00 0.60929
45.00 145.00 0.60637
-80.00 150.00 0.58700
-70.00 150.00 0.83313
-65.00 150.00 0.83810
-60.00 150.00 0.72683
-55.00 150.00 0.55353
-50.00 150.00 0.39572
-45.00 150.00 0.29163
-40.00 150.00 0.22038
-35.00 150.00 0.13981
-30.00 150.00 0.37243E-01
-25.00 150.00 -0.62645E-01
-20.00 150.00 -0.14010
-15.00 150.00 -0.22169
-10.00 150.00 -0.36522
-5.00 150.00 -0.59096
0.00 150.00 -0.82530
5.00 150.00 -0.92429
10.00 150.00 -0.77449
15.00 150.00 -0.39082
20.00 150.00 0.76994E-01
25.00 150.00 0.44298
30.00 150.00 0.60967
35.00 150.00 0.61614
40.00 150.00 0.57473
45.00 150.00 0.55971
50.00 150.00 0.55009
55.00 150.00 0.47300
60.00 150.00 0.29885
65.00 150.00 0.93207E-01
70.00 150.00 -0.25429E-01
80.00 150.00 0.18634
-45.00 155.00 0.33256
-40.00 155.00 0.22332
-35.00 155.00 0.69520E-01
-30.00 155.00 -0.11739
-25.00 155.00 -0.27718
-20.00 155.00 -0.36236
-15.00 155.00 -0.39698
-10.00 155.00 -0.46455
-5.00 155.00 -0.62409
0.00 155.00 -0.83042
5.00 155.00 -0.94188
10.00 155.00 -0.82354
15.00 155.00 -0.46280
20.00 155.00 0.49589E-02
25.00 155.00 0.38760
30.00 155.00 0.56933
35.00 155.00 0.57454
40.00 155.00 0.51530
45.00 155.00 0.47914
-75.00 160.00 0.62804
-65.00 160.00 0.73337
-60.00 160.00 0.66546
-55.00 160.00 0.55475
-50.00 160.00 0.45134
-45.00 160.00 0.35838
-40.00 160.00 0.22863
-35.00 160.00 0.21215E-01
-30.00 160.00 -0.23908
-25.00 160.00 -0.46603
-20.00 160.00 -0.58462
-15.00 160.00 -0.60410
-10.00 160.00 -0.61472
-5.00 160.00 -0.70079
0.00 160.00 -0.84687
5.00 160.00 -0.92930
10.00 160.00 -0.81149
15.00 160.00 -0.46486
20.00 160.00 -0.85426E-02
25.00 160.00 0.37005
30.00 160.00 0.54722
35.00 160.00 0.53648
40.00 160.00 0.44806
45.00 160.00 0.38125
50.00 160.00 0.34998
55.00 160.00 0.30227
60.00 160.00 0.20145
65.00 160.00 0.82838E-01
75.00 160.00 0.96035E-01
-85.00 165.00 0.43456
-70.00 165.00 0.64385
-45.00 165.00 0.36910
-40.00 165.00 0.24133
-35.00 165.00 0.12317E-01
-30.00 165.00 -0.29332
-25.00 165.00 -0.57959
-20.00 165.00 -0.75176
-15.00 165.00 -0.79649
-10.00 165.00 -0.79073
-5.00 165.00 -0.82427
0.00 165.00 -0.90473
5.00 165.00 -0.93594
10.00 165.00 -0.79698
15.00 165.00 -0.45561
20.00 165.00 -0.14803E-01
25.00 165.00 0.35161
30.00 165.00 0.52044
35.00 165.00 0.49557
40.00 165.00 0.38064
45.00 165.00 0.28214
70.00 165.00 0.70188E-01
85.00 165.00 0.41487
-65.00 170.00 0.58024
-60.00 170.00 0.53661
-55.00 170.00 0.46955
-50.00 170.00 0.41439
-45.00 170.00 0.36089
-40.00 170.00 0.25017
-35.00 170.00 0.28907E-01
-30.00 170.00 -0.28815
-25.00 170.00 -0.61120
-20.00 170.00 -0.83812
-15.00 170.00 -0.93309
-10.00 170.00 -0.94731
-5.00 170.00 -0.95985
0.00 170.00 -0.99219
5.00 170.00 -0.97816
10.00 170.00 -0.82157
15.00 170.00 -0.49252
20.00 170.00 -0.75237E-01
25.00 170.00 0.27807
30.00 170.00 0.45010
35.00 170.00 0.43214
40.00 170.00 0.31172
45.00 170.00 0.19393
50.00 170.00 0.12925
55.00 170.00 0.10454
60.00 170.00 0.89851E-01
65.00 170.00 0.85036E-01
-45.00 175.00 0.32656
-40.00 175.00 0.23031
-35.00 175.00 0.28795E-01
-30.00 175.00 -0.27465
-25.00 175.00 -0.60597
-20.00 175.00 -0.86797
-15.00 175.00 -1.0099
-10.00 175.00 -1.0565
-5.00 175.00 -1.0692
0.00 175.00 -1.0769
5.00 175.00 -1.0412
10.00 175.00 -0.89103
15.00 175.00 -0.59723
20.00 175.00 -0.21922
25.00 175.00 0.12034
30.00 175.00 0.31346
35.00 175.00 0.33360
40.00 175.00 0.24042
45.00 175.00 0.12619
-80.00 180.00 0.38559
-75.00 180.00 0.40211
-70.00 180.00 0.43142
-65.00 180.00 0.44242
-60.00 180.00 0.41759
-55.00 180.00 0.36929
-50.00 180.00 0.31878
-45.00 180.00 0.26178
-40.00 180.00 0.15905
-35.00 180.00 -0.32538E-01
-30.00 180.00 -0.31440
-25.00 180.00 -0.62966
-20.00 180.00 -0.89532
-15.00 180.00 -1.0577
-10.00 180.00 -1.1235
-5.00 180.00 -1.1389
0.00 180.00 -1.1368
5.00 180.00 -1.1015
10.00 180.00 -0.98233
15.00 180.00 -0.74663
20.00 180.00 -0.42348
25.00 180.00 -0.10029
30.00 180.00 0.12714
35.00 180.00 0.21146
40.00 180.00 0.17564
45.00 180.00 0.88664E-01
50.00 180.00 0.19940E-01
55.00 180.00 0.69213E-02
60.00 180.00 0.52087E-01
65.00 180.00 0.13894
70.00 180.00 0.24670
75.00 180.00 0.35397
80.00 180.00 0.43639
-45.00 -175 0.17230
-40.00 -175 0.34357E-01
-35.00 -175 -0.16933
-30.00 -175 -0.43434
-25.00 -175 -0.71741
-20.00 -175 -0.95600
-15.00 -175 -1.1066
-10.00 -175 -1.1700
-5.00 -175 -1.1814
0.00 -175 -1.1742
5.00 -175 -1.1473
10.00 -175 -1.0653
15.00 -175 -0.89082
20.00 -175 -0.62456
25.00 -175 -0.31901
30.00 -175 -0.55295E-01
35.00 -175 0.10129
40.00 -175 0.13648
45.00 -175 0.90876E-01
-65.00 -170 0.36426
-60.00 -170 0.36628
-55.00 -170 0.32085
-50.00 -170 0.22292
-45.00 -170 0.75469E-01
-40.00 -170 -0.11787
-35.00 -170 -0.35020
-30.00 -170 -0.60278
-25.00 -170 -0.84259
-20.00 -170 -1.0330
-15.00 -170 -1.1521
-10.00 -170 -1.2042
-5.00 -170 -1.2144
0.00 -170 -1.2070
5.00 -170 -1.1844
10.00 -170 -1.1215
15.00 -170 -0.98321
20.00 -170 -0.75445
25.00 -170 -0.46197
30.00 -170 -0.17122
35.00 -170 0.43989E-01
40.00 -170 0.14187
45.00 -170 0.13721
50.00 -170 0.92803E-01
55.00 -170 0.81836E-01
60.00 -170 0.14518
65.00 -170 0.27116
-70.00 -165 0.30684
-45.00 -165 -0.66273E-02
-40.00 -165 -0.25503
-35.00 -165 -0.51361
-30.00 -165 -0.74726
-25.00 -165 -0.93377
-20.00 -165 -1.0677
-15.00 -165 -1.1564
-10.00 -165 -1.2118
-5.00 -165 -1.2427
0.00 -165 -1.2498
5.00 -165 -1.2245
10.00 -165 -1.1490
15.00 -165 -1.0029
20.00 -165 -0.77638
25.00 -165 -0.48679
30.00 -165 -0.18502
35.00 -165 0.59918E-01
40.00 -165 0.19575
45.00 -165 0.22041
70.00 -165 0.49902
-75.00 -160 0.26067
-65.00 -160 0.34127
-60.00 -160 0.37112
-55.00 -160 0.32632
-50.00 -160 0.17931
-45.00 -160 -0.59039E-01
-40.00 -160 -0.34135
-35.00 -160 -0.60506
-30.00 -160 -0.80379
-25.00 -160 -0.92975
-20.00 -160 -1.0114
-15.00 -160 -1.0870
-10.00 -160 -1.1741
-5.00 -160 -1.2568
0.00 -160 -1.2990
5.00 -160 -1.2683
10.00 -160 -1.1524
15.00 -160 -0.95742
20.00 -160 -0.69986
25.00 -160 -0.40443
30.00 -160 -0.10979
35.00 -160 0.13260
40.00 -160 0.27806
45.00 -160 0.31859
50.00 -160 0.29725
55.00 -160 0.28691
60.00 -160 0.34236
65.00 -160 0.46140
75.00 -160 0.65347
-45.00 -155 -0.82676E-01
-40.00 -155 -0.36794
-35.00 -155 -0.61032
-30.00 -155 -0.76140
-25.00 -155 -0.83000
-20.00 -155 -0.87388
-15.00 -155 -0.95551
-10.00 -155 -1.0929
-5.00 -155 -1.2428
0.00 -155 -1.3289
5.00 -155 -1.2927
10.00 -155 -1.1263
15.00 -155 -0.86755
20.00 -155 -0.56868
25.00 -155 -0.27077
30.00 -155 -0.14712E-02
35.00 -155 0.21350
40.00 -155 0.34930
45.00 -155 0.39974
-80.00 -150 0.25814
-70.00 -150 0.26949
-65.00 -150 0.33136
-60.00 -150 0.36275
-55.00 -150 0.30994
-50.00 -150 0.14999
-45.00 -150 -0.93365E-01
-40.00 -150 -0.35526
-35.00 -150 -0.56061
-30.00 -150 -0.66808
-25.00 -150 -0.69905
-20.00 -150 -0.72565
-15.00 -150 -0.81932
-10.00 -150 -0.99391
-5.00 -150 -1.1873
0.00 -150 -1.2983
5.00 -150 -1.2528
10.00 -150 -1.0486
15.00 -150 -0.74850
20.00 -150 -0.43285
25.00 -150 -0.15451
30.00 -150 0.71332E-01
35.00 -150 0.24627
40.00 -150 0.36788
45.00 -150 0.43306
50.00 -150 0.45725
55.00 -150 0.48006
60.00 -150 0.54096
65.00 -150 0.64283
70.00 -150 0.74002
80.00 -150 0.70486
-45.00 -145 -0.11117
-40.00 -145 -0.33635
-35.00 -145 -0.50677
-30.00 -145 -0.59367
-25.00 -145 -0.61980
-20.00 -145 -0.64842
-15.00 -145 -0.73987
-10.00 -145 -0.90243
-5.00 -145 -1.0757
0.00 -145 -1.1644
5.00 -145 -1.1010
10.00 -145 -0.89047
15.00 -145 -0.60302
20.00 -145 -0.32377
25.00 -145 -0.10155
30.00 -145 0.64295E-01
35.00 -145 0.19747
40.00 -145 0.31146
45.00 -145 0.40225
-85.00 -140 0.31644
-75.00 -140 0.22785
-65.00 -140 0.29801
-60.00 -140 0.28661
-55.00 -140 0.19935
-50.00 -140 0.44018E-01
-45.00 -140 -0.14692
-40.00 -140 -0.33340
-35.00 -140 -0.48236
-30.00 -140 -0.57882
-25.00 -140 -0.63259
-20.00 -140 -0.67403
-15.00 -140 -0.73438
-10.00 -140 -0.81914
-5.00 -140 -0.89525
0.00 -140 -0.90812
5.00 -140 -0.82043
10.00 -140 -0.64314
15.00 -140 -0.43137
20.00 -140 -0.24639
25.00 -140 -0.11490
30.00 -140 -0.19166E-01
35.00 -140 0.76594E-01
40.00 -140 0.19085
45.00 -140 0.31373
50.00 -140 0.42666
55.00 -140 0.52731
60.00 -140 0.62972
65.00 -140 0.73793
75.00 -140 0.83630
85.00 -140 0.59632
-70.00 -135 0.25677
-45.00 -135 -0.19502
-40.00 -135 -0.34447
-35.00 -135 -0.48355
-30.00 -135 -0.60966
-25.00 -135 -0.70877
-20.00 -135 -0.76300
-15.00 -135 -0.76528
-10.00 -135 -0.72377
-5.00 -135 -0.65246
0.00 -135 -0.56054
5.00 -135 -0.45330
10.00 -135 -0.34209
15.00 -135 -0.24768
20.00 -135 -0.18771
25.00 -135 -0.15814
30.00 -135 -0.12933
35.00 -135 -0.65455E-01
40.00 -135 0.48118E-01
45.00 -135 0.19520
70.00 -135 0.82958
-65.00 -130 0.24393
-60.00 -130 0.16634
-55.00 -130 0.32118E-01
-50.00 -130 -0.11308
-45.00 -130 -0.23719
-40.00 -130 -0.34906
-35.00 -130 -0.47951
-30.00 -130 -0.63626
-25.00 -130 -0.77888
-20.00 -130 -0.84047
-15.00 -130 -0.77796
-10.00 -130 -0.60715
-5.00 -130 -0.39362
0.00 -130 -0.21066
5.00 -130 -0.10054
10.00 -130 -0.65477E-01
15.00 -130 -0.84073E-01
20.00 -130 -0.12973
25.00 -130 -0.17591
30.00 -130 -0.19409
35.00 -130 -0.15870
40.00 -130 -0.60715E-01
45.00 -130 0.84700E-01
50.00 -130 0.24868
55.00 -130 0.40971
60.00 -130 0.56273
65.00 -130 0.70453
-45.00 -125 -0.25405
-40.00 -125 -0.32690
-35.00 -125 -0.44275
-30.00 -125 -0.61763
-25.00 -125 -0.79058
-20.00 -125 -0.85801
-15.00 -125 -0.75229
-10.00 -125 -0.49825
-5.00 -125 -0.20051
0.00 -125 0.25556E-01
5.00 -125 0.12152
10.00 -125 0.10327
15.00 -125 0.27210E-01
20.00 -125 -0.55515E-01
25.00 -125 -0.11888
30.00 -125 -0.15242
35.00 -125 -0.14613
40.00 -125 -0.90140E-01
45.00 -125 0.15067E-01
-80.00 -120 0.24517
-75.00 -120 0.24036
-70.00 -120 0.24677
-65.00 -120 0.20128
-60.00 -120 0.81197E-01
-55.00 -120 -0.70105E-01
-50.00 -120 -0.18408
-45.00 -120 -0.23623
-40.00 -120 -0.27442
-35.00 -120 -0.37365
-30.00 -120 -0.55529
-25.00 -120 -0.74726
-20.00 -120 -0.82764
-15.00 -120 -0.71869
-10.00 -120 -0.45160
-5.00 -120 -0.14697
0.00 -120 0.70455E-01
5.00 -120 0.15066
10.00 -120 0.13069
15.00 -120 0.82684E-01
20.00 -120 0.51965E-01
25.00 -120 0.37327E-01
30.00 -120 0.17981E-01
35.00 -120 -0.10135E-01
40.00 -120 -0.25148E-01
45.00 -120 0.13415E-02
50.00 -120 0.82676E-01
55.00 -120 0.21387
60.00 -120 0.38035
65.00 -120 0.55963
70.00 -120 0.71320
75.00 -120 0.78803
80.00 -120 0.74626
-45.00 -115 -0.18760
-40.00 -115 -0.20638
-35.00 -115 -0.29954
-30.00 -115 -0.48820
-25.00 -115 -0.69623
-20.00 -115 -0.79939
-15.00 -115 -0.72188
-10.00 -115 -0.49682
-5.00 -115 -0.23888
0.00 -115 -0.54806E-01
5.00 -115 0.29474E-01
10.00 -115 0.66615E-01
15.00 -115 0.12185
20.00 -115 0.20878
25.00 -115 0.28276
30.00 -115 0.28956
35.00 -115 0.21841
40.00 -115 0.11265
45.00 -115 0.36723E-01
-65.00 -110 0.19187
-60.00 -110 0.81512E-01
-55.00 -110 -0.37067E-01
-50.00 -110 -0.10568
-45.00 -110 -0.11972
-40.00 -110 -0.14230
-35.00 -110 -0.24980
-30.00 -110 -0.45478
-25.00 -110 -0.67860
-20.00 -110 -0.80400
-15.00 -110 -0.76464
-10.00 -110 -0.59331
-5.00 -110 -0.38739
0.00 -110 -0.22471
5.00 -110 -0.10663
10.00 -110 0.23326E-01
15.00 -110 0.20759
20.00 -110 0.41917
25.00 -110 0.57335
30.00 -110 0.59362
35.00 -110 0.47205
40.00 -110 0.27519
45.00 -110 0.98475E-01
50.00 -110 0.13085E-01
55.00 -110 0.43285E-01
60.00 -110 0.17472
65.00 -110 0.36838
-70.00 -105 0.24296
-45.00 -105 -0.42631E-01
-40.00 -105 -0.89538E-01
-35.00 -105 -0.22846
-30.00 -105 -0.45474
-25.00 -105 -0.68522
-20.00 -105 -0.81316
-15.00 -105 -0.78597
-10.00 -105 -0.63792
-5.00 -105 -0.45033
0.00 -105 -0.27775
5.00 -105 -0.10856
10.00 -105 0.10537
15.00 -105 0.38036
20.00 -105 0.65999
25.00 -105 0.84105
30.00 -105 0.84492
35.00 -105 0.67381
40.00 -105 0.40905
45.00 -105 0.16008
70.00 -105 0.48886
-75.00 -100 0.24594
-65.00 -100 0.20352
-60.00 -100 0.14269
-55.00 -100 0.89349E-01
-50.00 -100 0.63362E-01
-45.00 -100 0.40317E-01
-40.00 -100 -0.36917E-01
-35.00 -100 -0.20694
-30.00 -100 -0.44315
-25.00 -100 -0.65705
-20.00 -100 -0.75454
-15.00 -100 -0.69965
-10.00 -100 -0.53199
-5.00 -100 -0.32443
0.00 -100 -0.12106
5.00 -100 0.88237E-01
10.00 -100 0.33580
15.00 -100 0.61950
20.00 -100 0.87664
25.00 -100 1.0146
30.00 -100 0.97339
35.00 -100 0.76739
40.00 -100 0.47715
45.00 -100 0.20305
50.00 -100 0.20996E-01
55.00 -100 -0.33887E-01
60.00 -100 0.38392E-01
65.00 -100 0.20874
75.00 -100 0.58688
-45.00 -95 0.13030
-40.00 -95 0.35786E-01
-35.00 -95 -0.14380
-30.00 -95 -0.36235
-25.00 -95 -0.53069
-20.00 -95 -0.57104
-15.00 -95 -0.46554
-10.00 -95 -0.26017
-5.00 -95 -0.23594E-01
0.00 -95 0.20199
5.00 -95 0.41629
10.00 -95 0.63401
15.00 -95 0.84525
20.00 -95 1.0025
25.00 -95 1.0469
30.00 -95 0.95030
35.00 -95 0.73704
40.00 -95 0.47084
45.00 -95 0.22249
-80.00 -90 0.25545
-70.00 -90 0.22353
-65.00 -90 0.20609
-60.00 -90 0.19956
-55.00 -90 0.21560
-50.00 -90 0.23851
-45.00 -90 0.22592
-40.00 -90 0.13977
-35.00 -90 -0.16477E-01
-30.00 -90 -0.18704
-25.00 -90 -0.29201
-20.00 -90 -0.27493
-15.00 -90 -0.13418
-10.00 -90 0.83792E-01
-5.00 -90 0.31974
0.00 -90 0.53489
5.00 -90 0.71759
10.00 -90 0.86541
15.00 -90 0.96563
20.00 -90 0.99475
25.00 -90 0.93619
30.00 -90 0.79723
35.00 -90 0.60838
40.00 -90 0.40726
45.00 -90 0.22419
50.00 -90 0.82063E-01
55.00 -90 0.50964E-02
60.00 -90 0.18577E-01
65.00 -90 0.13077
70.00 -90 0.31032
80.00 -90 0.58047
-85.00 -85 0.30419
-45.00 -85 0.31764
-40.00 -85 0.26433
-35.00 -85 0.15854
-30.00 -85 0.52264E-01
-25.00 -85 0.49387E-02
-20.00 -85 0.48682E-01
-15.00 -85 0.17540
-10.00 -85 0.35064
-5.00 -85 0.53743
0.00 -85 0.70926
5.00 -85 0.84660
10.00 -85 0.92869
15.00 -85 0.93566
20.00 -85 0.86219
25.00 -85 0.72820
30.00 -85 0.57253
35.00 -85 0.43063
40.00 -85 0.31494
45.00 -85 0.21620
85.00 -85 0.54414
-75.00 -80 0.22357
-65.00 -80 0.18590
-60.00 -80 0.21099
-55.00 -80 0.27411
-50.00 -80 0.34679
-45.00 -80 0.38868
-40.00 -80 0.37888
-35.00 -80 0.33174
-30.00 -80 0.28420
-25.00 -80 0.26822
-20.00 -80 0.29314
-15.00 -80 0.35071
-10.00 -80 0.43187
-5.00 -80 0.53430
0.00 -80 0.65212
5.00 -80 0.76061
10.00 -80 0.81700
15.00 -80 0.78449
20.00 -80 0.66205
25.00 -80 0.49322
30.00 -80 0.34182
35.00 -80 0.25086
40.00 -80 0.21690
45.00 -80 0.20094
50.00 -80 0.16705
55.00 -80 0.11673
60.00 -80 0.90223E-01
65.00 -80 0.13282
75.00 -80 0.40510
-70.00 -75 0.18391
-45.00 -75 0.42231
-40.00 -75 0.44836
-35.00 -75 0.44783
-30.00 -75 0.43806
-25.00 -75 0.42360
-20.00 -75 0.39664
-15.00 -75 0.35682
-10.00 -75 0.32718
-5.00 -75 0.34378
0.00 -75 0.42280
5.00 -75 0.53421
10.00 -75 0.61060
15.00 -75 0.59076
20.00 -75 0.46601
25.00 -75 0.29125
30.00 -75 0.14933
35.00 -75 0.95132E-01
40.00 -75 0.12173
45.00 -75 0.17352
70.00 -75 0.23883
-65.00 -70 0.16208
-60.00 -70 0.19369
-55.00 -70 0.26398
-50.00 -70 0.34548
-45.00 -70 0.41074
-40.00 -70 0.45162
-35.00 -70 0.47498
-30.00 -70 0.48157
-25.00 -70 0.45440
-20.00 -70 0.37439
-15.00 -70 0.25094
-10.00 -70 0.13503
-5.00 -70 0.93501E-01
0.00 -70 0.15886
5.00 -70 0.29523
10.00 -70 0.41332
15.00 -70 0.42867
20.00 -70 0.32084
25.00 -70 0.14829
30.00 -70 0.75391E-02
35.00 -70 -0.32467E-01
40.00 -70 0.27684E-01
45.00 -70 0.12746
50.00 -70 0.19613
55.00 -70 0.20357
60.00 -70 0.17642
65.00 -70 0.17173
-45.00 -65 0.35971
-40.00 -65 0.39119
-35.00 -65 0.41774
-30.00 -65 0.43117
-25.00 -65 0.40015
-20.00 -65 0.29672
-15.00 -65 0.13426
-10.00 -65 -0.21315E-01
-5.00 -65 -0.86500E-01
0.00 -65 -0.20261E-01
5.00 -65 0.13807
10.00 -65 0.28713
15.00 -65 0.32882
20.00 -65 0.23382
25.00 -65 0.59728E-01
30.00 -65 -0.90039E-01
35.00 -65 -0.13488
40.00 -65 -0.64599E-01
45.00 -65 0.63818E-01
-80.00 -60 0.25254
-75.00 -60 0.20379
-70.00 -60 0.17034
-65.00 -60 0.16896
-60.00 -60 0.20178
-55.00 -60 0.24742
-50.00 -60 0.27813
-45.00 -60 0.28623
-40.00 -60 0.28977
-35.00 -60 0.30840
-30.00 -60 0.33282
-25.00 -60 0.32161
-20.00 -60 0.23550
-15.00 -60 0.81840E-01
-10.00 -60 -0.72965E-01
-5.00 -60 -0.14136
0.00 -60 -0.78119E-01
5.00 -60 0.80171E-01
10.00 -60 0.23304
15.00 -60 0.28095
20.00 -60 0.19053
25.00 -60 0.14373E-01
30.00 -60 -0.14594
35.00 -60 -0.20487
40.00 -60 -0.14160
45.00 -60 -0.36953E-02
50.00 -60 0.13080
55.00 -60 0.20446
60.00 -60 0.21250
65.00 -60 0.19832
70.00 -60 0.21813
75.00 -60 0.29672
80.00 -60 0.40492
-45.00 -55 0.21125
-40.00 -55 0.17771
-35.00 -55 0.18665
-30.00 -55 0.23179
-25.00 -55 0.26165
-20.00 -55 0.22092
-15.00 -55 0.10283
-10.00 -55 -0.34172E-01
-5.00 -55 -0.10370
0.00 -55 -0.55772E-01
5.00 -55 0.82170E-01
10.00 -55 0.22012
15.00 -55 0.26517
20.00 -55 0.18226
25.00 -55 0.14338E-01
30.00 -55 -0.14784
35.00 -55 -0.22193
40.00 -55 -0.17901
45.00 -55 -0.52752E-01
-65.00 -50 0.22015
-60.00 -50 0.26936
-55.00 -50 0.28741
-50.00 -50 0.24166
-45.00 -50 0.15182
-40.00 -50 0.80482E-01
-35.00 -50 0.82014E-01
-30.00 -50 0.15287
-25.00 -50 0.22904
-20.00 -50 0.23634
-15.00 -50 0.15256
-10.00 -50 0.29054E-01
-5.00 -50 -0.46842E-01
0.00 -50 -0.18383E-01
5.00 -50 0.97710E-01
10.00 -50 0.22335
15.00 -50 0.27365
20.00 -50 0.21192
25.00 -50 0.68591E-01
30.00 -50 -0.82503E-01
35.00 -50 -0.16905
40.00 -50 -0.15747
45.00 -50 -0.64803E-01
50.00 -50 0.56302E-01
55.00 -50 0.14940
60.00 -50 0.18694
65.00 -50 0.18612
-70.00 -45 0.20354
-45.00 -45 0.11656
-40.00 -45 0.12213E-01
-35.00 -45 0.80044E-02
-30.00 -45 0.99836E-01
-25.00 -45 0.20928
-20.00 -45 0.24522
-15.00 -45 0.17625
-10.00 -45 0.54238E-01
-5.00 -45 -0.27997E-01
0.00 -45 -0.81425E-02
5.00 -45 0.10214
10.00 -45 0.23088
15.00 -45 0.29904
20.00 -45 0.26997
25.00 -45 0.16354
30.00 -45 0.35285E-01
35.00 -45 -0.57534E-01
40.00 -45 -0.81789E-01
45.00 -45 -0.38408E-01
70.00 -45 0.17734
-75.00 -40 0.20461
-65.00 -40 0.28755
-60.00 -40 0.36784
-55.00 -40 0.37597
-50.00 -40 0.27315
-45.00 -40 0.10530
-40.00 -40 -0.23985E-01
-35.00 -40 -0.33977E-01
-30.00 -40 0.66740E-01
-25.00 -40 0.18603
-20.00 -40 0.22247
-15.00 -40 0.14563
-10.00 -40 0.16381E-01
-5.00 -40 -0.65278E-01
0.00 -40 -0.37752E-01
5.00 -40 0.82106E-01
10.00 -40 0.22104
15.00 -40 0.30592
20.00 -40 0.30672
25.00 -40 0.24026
30.00 -40 0.14608
35.00 -40 0.61661E-01
40.00 -40 0.11651E-01
45.00 -40 0.59500E-02
50.00 -40 0.37681E-01
55.00 -40 0.83981E-01
60.00 -40 0.11882
65.00 -40 0.13524
75.00 -40 0.21751
-45.00 -35 0.11113
-40.00 -35 -0.32980E-01
-35.00 -35 -0.48993E-01
-30.00 -35 0.47188E-01
-25.00 -35 0.15316
-20.00 -35 0.16571
-15.00 -35 0.64472E-01
-10.00 -35 -0.76303E-01
-5.00 -35 -0.15263
0.00 -35 -0.11253
5.00 -35 0.12986E-01
10.00 -35 0.14638
15.00 -35 0.22588
20.00 -35 0.23908
25.00 -35 0.20977
30.00 -35 0.16452
35.00 -35 0.11551
40.00 -35 0.68388E-01
45.00 -35 0.34501E-01
-85.00 -30 0.32739
-80.00 -30 0.25045
-70.00 -30 0.21924
-65.00 -30 0.31694
-60.00 -30 0.42168
-55.00 -30 0.43550
-50.00 -30 0.31610
-45.00 -30 0.12263
-40.00 -30 -0.25724E-01
-35.00 -30 -0.47248E-01
-30.00 -30 0.33941E-01
-25.00 -30 0.11022
-20.00 -30 0.84001E-01
-15.00 -30 -0.50408E-01
-10.00 -30 -0.20665
-5.00 -30 -0.28296
0.00 -30 -0.24394
5.00 -30 -0.13772
10.00 -30 -0.42850E-01
15.00 -30 -0.11167E-02
20.00 -30 0.30449E-02
25.00 -30 0.80994E-02
30.00 -30 0.29561E-01
35.00 -30 0.49501E-01
40.00 -30 0.45012E-01
45.00 -30 0.18585E-01
50.00 -30 -0.34908E-02
55.00 -30 0.61484E-03
60.00 -30 0.28593E-01
65.00 -30 0.65769E-01
70.00 -30 0.11220
80.00 -30 0.29878
85.00 -30 0.41162
-45.00 -25 0.12572
-40.00 -25 -0.18895E-01
-35.00 -25 -0.46258E-01
-30.00 -25 0.12613E-01
-25.00 -25 0.50563E-01
-20.00 -25 -0.19513E-01
-15.00 -25 -0.18884
-10.00 -25 -0.36416
-5.00 -25 -0.45182
0.00 -25 -0.43489
5.00 -25 -0.37536
10.00 -25 -0.34657
15.00 -25 -0.36471
20.00 -25 -0.38271
25.00 -25 -0.34531
30.00 -25 -0.24655
35.00 -25 -0.13444
40.00 -25 -0.63761E-01
45.00 -25 -0.47923E-01
-75.00 -20 0.18009
-65.00 -20 0.26939
-60.00 -20 0.36951
-55.00 -20 0.38767
-50.00 -20 0.28168
-45.00 -20 0.10584
-40.00 -20 -0.33281E-01
-35.00 -20 -0.70676E-01
-30.00 -20 -0.40483E-01
-25.00 -20 -0.43296E-01
-20.00 -20 -0.15312
-15.00 -20 -0.35021
-10.00 -20 -0.54091
-5.00 -20 -0.64306
0.00 -20 -0.65539
5.00 -20 -0.64746
10.00 -20 -0.68392
15.00 -20 -0.75823
20.00 -20 -0.79828
25.00 -20 -0.73555
30.00 -20 -0.56994
35.00 -20 -0.37092
40.00 -20 -0.21855
45.00 -20 -0.14312
50.00 -20 -0.11625
55.00 -20 -0.91349E-01
60.00 -20 -0.45943E-01
65.00 -20 0.14466E-01
75.00 -20 0.17079
-70.00 -15 0.15305
-45.00 -15 0.51812E-01
-40.00 -15 -0.88241E-01
-35.00 -15 -0.14513
-30.00 -15 -0.14985
-25.00 -15 -0.19009
-20.00 -15 -0.32586
-15.00 -15 -0.53175
-10.00 -15 -0.71997
-5.00 -15 -0.82078
0.00 -15 -0.84318
5.00 -15 -0.85868
10.00 -15 -0.92543
15.00 -15 -1.0261
20.00 -15 -1.0785
25.00 -15 -1.0074
30.00 -15 -0.81128
35.00 -15 -0.56397
40.00 -15 -0.35520
45.00 -15 -0.22740
70.00 -15 0.82365E-01
-65.00 -10 0.15561
-60.00 -10 0.21857
-55.00 -10 0.22360
-50.00 -10 0.12647
-45.00 -10 -0.39139E-01
-40.00 -10 -0.19293
-35.00 -10 -0.28149
-30.00 -10 -0.32486
-25.00 -10 -0.39230
-20.00 -10 -0.53107
-15.00 -10 -0.71699
-10.00 -10 -0.87410
-5.00 -10 -0.94441
0.00 -10 -0.94077
5.00 -10 -0.93230
10.00 -10 -0.97648
15.00 -10 -1.0617
20.00 -10 -1.1133
25.00 -10 -1.0569
30.00 -10 -0.88004
35.00 -10 -0.64064
40.00 -10 -0.41934
45.00 -10 -0.26342
50.00 -10 -0.16834
55.00 -10 -0.10251
60.00 -10 -0.41321E-01
65.00 -10 0.22453E-01
-45.00 -5 -0.15741
-40.00 -5 -0.33870
-35.00 -5 -0.46802
-30.00 -5 -0.54707
-25.00 -5 -0.62412
-20.00 -5 -0.73851
-15.00 -5 -0.87600
-10.00 -5 -0.97815
-5.00 -5 -0.99657
0.00 -5 -0.94019
5.00 -5 -0.87050
10.00 -5 -0.84871
15.00 -5 -0.88280
20.00 -5 -0.92109
25.00 -5 -0.89584
30.00 -5 -0.77679
35.00 -5 -0.59029
40.00 -5 -0.39381
45.00 -5 -0.23395
90.00 0.00 0.45175
-90.00 0.00 0.39748
