-85.00 0.00 0.19966
-80.00 0.00 0.22602
-75.00 0.00 0.15490
-70.00 0.00 0.30101E-01
-65.00 0.00 -0.10245
-60.00 0.00 -0.21661
-55.00 0.00 -0.29973
-50.00 0.00 -0.33818
-45.00 0.00 -0.31418
-40.00 0.00 -0.22038
-35.00 0.00 -0.76778E-01
-30.00 0.00 0.72067E-01
-25.00 0.00 0.18457
-20.00 0.00 0.25386
-15.00 0.00 0.31437
-10.00 0.00 0.41258
-5.00 0.00 0.56209
0.00 0.00 0.72009
5.00 0.00 0.80801
10.00 0.00 0.76471
15.00 0.00 0.59356
20.00 0.00 0.36754
25.00 0.00 0.18681
30.00 0.00 0.11755
35.00 0.00 0.15311
40.00 0.00 0.22172
45.00 0.00 0.23342
50.00 0.00 0.13471
55.00 0.00 -0.61628E-01
60.00 0.00 -0.28664
65.00 0.00 -0.45590
70.00 0.00 -0.51642
75.00 0.00 -0.47242
80.00 0.00 -0.38012
85.00 0.00 -0.30919
-45.00 5.00 -0.27914
-40.00 5.00 -0.15497
-35.00 5.00 -0.44609E-02
-30.00 5.00 0.12818
-25.00 5.00 0.22665
-20.00 5.00 0.31157
-15.00 5.00 0.41734
-10.00 5.00 0.55453
-5.00 5.00 0.68979
0.00 5.00 0.76184
5.00 5.00 0.72268
10.00 5.00 0.57267
15.00 5.00 0.36430
20.00 5.00 0.17411
25.00 5.00 0.63887E-01
30.00 5.00 0.54557E-01
35.00 5.00 0.12243
40.00 5.00 0.21278
45.00 5.00 0.26185
-65.00 10.00 -0.53293E-01
-60.00 10.00 -0.20576
-55.00 10.00 -0.30656
-50.00 10.00 -0.31160
-45.00 10.00 -0.20784
-40.00 10.00 -0.32716E-01
-35.00 10.00 0.14267
-30.00 10.00 0.26188
-25.00 10.00 0.32457
-20.00 10.00 0.38221
-15.00 10.00 0.48744
-10.00 10.00 0.63929
-5.00 10.00 0.77297
0.00 10.00 0.80518
5.00 10.00 0.69783
10.00 10.00 0.48788
15.00 10.00 0.26189
20.00 10.00 0.10042
25.00 10.00 0.37876E-01
30.00 10.00 0.61747E-01
35.00 10.00 0.13746
40.00 10.00 0.22832
45.00 10.00 0.29693
50.00 10.00 0.30225
55.00 10.00 0.21266
60.00 10.00 0.32823E-01
65.00 10.00 -0.18254
-70.00 15.00 0.13048
-45.00 15.00 -0.14216
-40.00 15.00 0.98003E-01
-35.00 15.00 0.32167
-30.00 15.00 0.44710
-25.00 15.00 0.47312
-20.00 15.00 0.47485
-15.00 15.00 0.53424
-10.00 15.00 0.66368
-5.00 15.00 0.78994
0.00 15.00 0.81323
5.00 15.00 0.68997
10.00 15.00 0.46835
15.00 15.00 0.25007
20.00 15.00 0.11686
25.00 15.00 0.85742E-01
30.00 15.00 0.12277
35.00 15.00 0.18808
40.00 15.00 0.26214
45.00 15.00 0.33242
70.00 15.00 -0.27268
-75.00 20.00 0.27335
-65.00 20.00 -0.27126E-01
-60.00 20.00 -0.20985
-55.00 20.00 -0.33112
-50.00 20.00 -0.31309
-45.00 20.00 -0.12446
-40.00 20.00 0.17649
-35.00 20.00 0.46224
-30.00 20.00 0.61809
-25.00 20.00 0.62295
-20.00 20.00 0.55810
-15.00 20.00 0.53278
-10.00 20.00 0.58959
-5.00 20.00 0.67187
0.00 20.00 0.67992
5.00 20.00 0.56305
10.00 20.00 0.36485
15.00 20.00 0.18514
20.00 20.00 0.99358E-01
25.00 20.00 0.10999
30.00 20.00 0.16738
35.00 20.00 0.22772
40.00 20.00 0.28534
45.00 20.00 0.35023
50.00 20.00 0.40411
55.00 20.00 0.39155
60.00 20.00 0.26448
65.00 20.00 0.37920E-01
75.00 20.00 -0.36022
-45.00 25.00 -0.17596
-40.00 25.00 0.15881
-35.00 25.00 0.49826
-30.00 25.00 0.69662
-25.00 25.00 0.69930
-20.00 25.00 0.57330
-15.00 25.00 0.44268
-10.00 25.00 0.38508
-5.00 25.00 0.37938
0.00 25.00 0.34578
5.00 25.00 0.23483
10.00 25.00 0.79837E-01
15.00 25.00 -0.33240E-01
20.00 25.00 -0.43964E-01
25.00 25.00 0.33822E-01
30.00 25.00 0.13583
35.00 25.00 0.21291
40.00 25.00 0.26857
45.00 25.00 0.33207
-80.00 30.00 0.33926
-70.00 30.00 0.15713
-65.00 30.00 -0.25374E-01
-60.00 30.00 -0.23189
-55.00 30.00 -0.40091
-50.00 30.00 -0.44005
-45.00 30.00 -0.28286
-40.00 30.00 0.42652E-01
-35.00 30.00 0.40342
-30.00 30.00 0.63480
-25.00 30.00 0.64754
-20.00 30.00 0.48097
-15.00 30.00 0.25848
-10.00 30.00 0.86034E-01
-5.00 30.00 -0.16987E-01
0.00 30.00 -0.10003
5.00 30.00 -0.20462
10.00 30.00 -0.30889
15.00 30.00 -0.34637
20.00 30.00 -0.27508
25.00 30.00 -0.12368
30.00 30.00 0.32357E-01
35.00 30.00 0.13882
40.00 30.00 0.20417
45.00 30.00 0.27212
50.00 30.00 0.35568
55.00 30.00 0.40435
60.00 30.00 0.34384
65.00 30.00 0.15221
70.00 30.00 -0.10322
80.00 30.00 -0.39266
-45.00 35.00 -0.39931
-40.00 35.00 -0.12755
-35.00 35.00 0.20818
-30.00 35.00 0.44408
-25.00 35.00 0.46904
-20.00 35.00 0.29455
-15.00 35.00 0.32051E-01
-10.00 35.00 -0.19906
-5.00 35.00 -0.35069
0.00 35.00 -0.44859
5.00 35.00 -0.52981
10.00 35.00 -0.58579
15.00 35.00 -0.56860
20.00 35.00 -0.44888
25.00 35.00 -0.25986
30.00 35.00 -0.77974E-01
35.00 35.00 0.42198E-01
40.00 35.00 0.11150
45.00 35.00 0.18185
-75.00 40.00 0.27498
-65.00 40.00 -0.20572E-01
-60.00 40.00 -0.20371
-55.00 40.00 -0.38340
-50.00 40.00 -0.49632
-45.00 40.00 -0.46810
-40.00 40.00 -0.28087
-35.00 40.00 -0.14359E-01
-30.00 40.00 0.18943
-25.00 40.00 0.21943
-20.00 40.00 0.70858E-01
-15.00 40.00 -0.16114
-10.00 40.00 -0.36136
-5.00 40.00 -0.47579
0.00 40.00 -0.52625
5.00 40.00 -0.55701
10.00 40.00 -0.57523
15.00 40.00 -0.54553
20.00 40.00 -0.43865
25.00 40.00 -0.27690
30.00 40.00 -0.12410
35.00 40.00 -0.28139E-01
40.00 40.00 0.23248E-01
45.00 40.00 0.84201E-01
50.00 40.00 0.18482
55.00 40.00 0.28486
60.00 40.00 0.29877
65.00 40.00 0.17380
75.00 40.00 -0.27219
-70.00 45.00 0.13013
-45.00 45.00 -0.44964
-40.00 45.00 -0.35587
-35.00 45.00 -0.18679
-30.00 45.00 -0.47065E-01
-25.00 45.00 -0.26350E-01
-20.00 45.00 -0.13031
-15.00 45.00 -0.27948
-10.00 45.00 -0.37742
-5.00 45.00 -0.38621
0.00 45.00 -0.34270
5.00 45.00 -0.30767
10.00 45.00 -0.30278
15.00 45.00 -0.29713
20.00 45.00 -0.25104
25.00 45.00 -0.16590
30.00 45.00 -0.85253E-01
35.00 45.00 -0.46198E-01
40.00 45.00 -0.34915E-01
45.00 45.00 0.20438E-02
70.00 45.00 -0.37630E-01
-65.00 50.00 0.32745E-03
-60.00 50.00 -0.95135E-01
-55.00 50.00 -0.19129
-50.00 50.00 -0.28623
-45.00 50.00 -0.34416
-40.00 50.00 -0.33261
-35.00 50.00 -0.26660
-30.00 50.00 -0.20783
-25.00 50.00 -0.21277
-20.00 50.00 -0.27803
-15.00 50.00 -0.33857
-10.00 50.00 -0.32432
-5.00 50.00 -0.22343
0.00 50.00 -0.92496E-01
5.00 50.00 -0.51808E-02
10.00 50.00 0.10589E-01
15.00 50.00 -0.12582E-01
20.00 50.00 -0.24552E-01
25.00 50.00 -0.10702E-01
30.00 50.00 0.28164E-03
35.00 50.00 -0.20247E-01
40.00 50.00 -0.55913E-01
45.00 50.00 -0.51703E-01
50.00 50.00 0.28628E-01
55.00 50.00 0.15088
60.00 50.00 0.22181
65.00 50.00 0.16189
-85.00 55.00 0.27656
-45.00 55.00 -0.19489
-40.00 55.00 -0.24254
-35.00 55.00 -0.26331
-30.00 55.00 -0.28071
-25.00 55.00 -0.31978
-20.00 55.00 -0.36889
-15.00 55.00 -0.37868
-10.00 55.00 -0.30541
-5.00 55.00 -0.15772
0.00 55.00 0.13046E-02
5.00 55.00 0.10263
10.00 55.00 0.12536
15.00 55.00 0.10503
20.00 55.00 0.89902E-01
25.00 55.00 0.91165E-01
30.00 55.00 0.78430E-01
35.00 55.00 0.24656E-01
40.00 55.00 -0.48488E-01
45.00 55.00 -0.77386E-01
85.00 55.00 -0.39273
-80.00 60.00 0.30743
-75.00 60.00 0.20862
-70.00 60.00 0.81014E-01
-65.00 60.00 0.93515E-02
-60.00 60.00 0.33705E-02
-55.00 60.00 0.14966E-01
-50.00 60.00 -0.59398E-02
-45.00 60.00 -0.69362E-01
-40.00 60.00 -0.15068
-35.00 60.00 -0.22541
-30.00 60.00 -0.29084
-25.00 60.00 -0.35369
-20.00 60.00 -0.40431
-15.00 60.00 -0.41271
-10.00 60.00 -0.35566
-5.00 60.00 -0.24652
0.00 60.00 -0.13226
5.00 60.00 -0.55783E-01
10.00 60.00 -0.19717E-01
15.00 60.00 0.97465E-02
20.00 60.00 0.60592E-01
25.00 60.00 0.11753
30.00 60.00 0.13162
35.00 60.00 0.72666E-01
40.00 60.00 -0.26868E-01
45.00 60.00 -0.85918E-01
50.00 60.00 -0.42915E-01
55.00 60.00 0.81341E-01
60.00 60.00 0.18747
65.00 60.00 0.17219
70.00 60.00 0.13288E-01
75.00 60.00 -0.20883
80.00 60.00 -0.37106
-45.00 65.00 -0.28147E-01
-40.00 65.00 -0.12060
-35.00 65.00 -0.20770
-30.00 65.00 -0.27552
-25.00 65.00 -0.33054
-20.00 65.00 -0.37821
-15.00 65.00 -0.41058
-10.00 65.00 -0.41619
-5.00 65.00 -0.39649
0.00 65.00 -0.36470
5.00 65.00 -0.32569
10.00 65.00 -0.26231
15.00 65.00 -0.15128
20.00 65.00 0.68831E-03
25.00 65.00 0.13902
30.00 65.00 0.19089
35.00 65.00 0.12625
40.00 65.00 -0.35661E-02
45.00 65.00 -0.93316E-01
-65.00 70.00 -0.23467E-01
-60.00 70.00 -0.22288E-01
-55.00 70.00 -0.42317E-02
-50.00 70.00 -0.25632E-01
-45.00 70.00 -0.96522E-01
-40.00 70.00 -0.18160
-35.00 70.00 -0.23998
-30.00 70.00 -0.26141
-25.00 70.00 -0.26827
-20.00 70.00 -0.28964
-15.00 70.00 -0.33688
-10.00 70.00 -0.40014
-5.00 70.00 -0.45916
0.00 70.00 -0.49047
5.00 70.00 -0.46643
10.00 70.00 -0.36035
15.00 70.00 -0.16854
20.00 70.00 0.64393E-01
25.00 70.00 0.24879
30.00 70.00 0.29758
35.00 70.00 0.19209
40.00 70.00 0.10741E-01
45.00 70.00 -0.11495
50.00 70.00 -0.93932E-01
55.00 70.00 0.52454E-01
60.00 70.00 0.20176
65.00 70.00 0.22165
-70.00 75.00 0.33569E-01
-45.00 75.00 -0.25310
-40.00 75.00 -0.31528
-35.00 75.00 -0.31407
-30.00 75.00 -0.25591
-25.00 75.00 -0.18850
-20.00 75.00 -0.16340
-15.00 75.00 -0.20104
-10.00 75.00 -0.28282
-5.00 75.00 -0.36618
0.00 75.00 -0.40332
5.00 75.00 -0.35360
10.00 75.00 -0.19673
15.00 75.00 0.47269E-01
20.00 75.00 0.30486
25.00 75.00 0.46794
30.00 75.00 0.45206
35.00 75.00 0.26141
40.00 75.00 0.56513E-02
45.00 75.00 -0.15985
70.00 75.00 0.10555
-75.00 80.00 0.16072
-65.00 80.00 -0.73405E-01
-60.00 80.00 -0.14763
-55.00 80.00 -0.23220
-50.00 80.00 -0.34191
-45.00 80.00 -0.44024
-40.00 80.00 -0.46701
-35.00 80.00 -0.39339
-30.00 80.00 -0.25213
-25.00 80.00 -0.11666
-20.00 80.00 -0.49625E-01
-15.00 80.00 -0.64692E-01
-10.00 80.00 -0.12651
-5.00 80.00 -0.17819
0.00 80.00 -0.16872
5.00 80.00 -0.66616E-01
10.00 80.00 0.13154
15.00 80.00 0.38817
20.00 80.00 0.61800
25.00 80.00 0.71227
30.00 80.00 0.59944
35.00 80.00 0.30795
40.00 80.00 -0.25015E-01
45.00 80.00 -0.22517
50.00 80.00 -0.19468
55.00 80.00 0.15388E-01
60.00 80.00 0.23538
65.00 80.00 0.29492
75.00 80.00 -0.12935
-45.00 85.00 -0.59011
-40.00 85.00 -0.57424
-35.00 85.00 -0.43642
-30.00 85.00 -0.23956
-25.00 85.00 -0.73831E-01
-20.00 85.00 0.52934E-02
-15.00 85.00 0.66323E-02
-10.00 85.00 -0.16595E-01
-5.00 85.00 -0.88961E-02
0.00 85.00 0.61516E-01
5.00 85.00 0.20325
10.00 85.00 0.40741
15.00 85.00 0.63815
20.00 85.00 0.81930
25.00 85.00 0.85075
30.00 85.00 0.66794
35.00 85.00 0.30906
40.00 85.00 -0.74118E-01
45.00 85.00 -0.29334
-80.00 90.00 0.24186
-70.00 90.00 0.50292E-01
-65.00 90.00 -0.72185E-01
-60.00 90.00 -0.21870
-55.00 90.00 -0.39798
-50.00 90.00 -0.56888
-45.00 90.00 -0.65289
-40.00 90.00 -0.59568
-35.00 90.00 -0.41926
-30.00 90.00 -0.21250
-25.00 90.00 -0.65701E-01
-20.00 90.00 -0.74720E-02
-15.00 90.00 0.24351E-02
-10.00 90.00 0.25516E-01
-5.00 90.00 0.93232E-01
0.00 90.00 0.19862
5.00 90.00 0.32657
10.00 90.00 0.47668
15.00 90.00 0.64511
20.00 90.00 0.78567
25.00 90.00 0.80590
30.00 90.00 0.62739
35.00 90.00 0.27085
40.00 90.00 -0.11620
45.00 90.00 -0.33546
50.00 90.00 -0.27492
55.00 90.00 0.26943E-03
60.00 90.00 0.28400
65.00 90.00 0.37283
70.00 90.00 0.20761
80.00 90.00 -0.34455
-45.00 95.00 -0.61413
-40.00 95.00 -0.52658
-35.00 95.00 -0.34519
-30.00 95.00 -0.17259
-25.00 95.00 -0.79371E-01
-20.00 95.00 -0.52266E-01
-15.00 95.00 -0.21079E-01
-10.00 95.00 0.64633E-01
-5.00 95.00 0.18669
0.00 95.00 0.28515
5.00 95.00 0.32992
10.00 95.00 0.35756
15.00 95.00 0.42841
20.00 95.00 0.54352
25.00 95.00 0.61176
30.00 95.00 0.51631
35.00 95.00 0.23206
40.00 95.00 -0.11607
45.00 95.00 -0.32286
-75.00 100.00 0.17844
-65.00 100.00 0.16511E-01
-60.00 100.00 -0.13129
-55.00 100.00 -0.31577
-50.00 100.00 -0.46380
-45.00 100.00 -0.49455
-40.00 100.00 -0.39432
-35.00 100.00 -0.23766
-30.00 100.00 -0.12490
-25.00 100.00 -0.91039E-01
-20.00 100.00 -0.75861E-01
-15.00 100.00 0.10198E-01
-10.00 100.00 0.18547
-5.00 100.00 0.36307
0.00 100.00 0.42472
5.00 100.00 0.33687
10.00 100.00 0.19486
15.00 100.00 0.14301
20.00 100.00 0.23807
25.00 100.00 0.38487
30.00 100.00 0.41386
35.00 100.00 0.23847
40.00 100.00 -0.49869E-01
45.00 100.00 -0.24246
50.00 100.00 -0.18495
55.00 100.00 0.87351E-01
60.00 100.00 0.36907
65.00 100.00 0.44428
75.00 100.00 -0.80995E-01
-70.00 105.00 0.14891
-45.00 105.00 -0.33557
-40.00 105.00 -0.23973
-35.00 105.00 -0.12274
-30.00 105.00 -0.70045E-01
-25.00 105.00 -0.76784E-01
-20.00 105.00 -0.43531E-01
-15.00 105.00 0.12428
-10.00 105.00 0.40212
-5.00 105.00 0.63420
0.00 105.00 0.65254
5.00 105.00 0.42927
10.00 105.00 0.12063
15.00 105.00 -0.50269E-01
20.00 105.00 0.22512E-01
25.00 105.00 0.23864
30.00 105.00 0.38072
35.00 105.00 0.30656
40.00 105.00 0.74915E-01
45.00 105.00 -0.10705
70.00 105.00 0.26009
-85.00 110.00 0.16071
-65.00 110.00 0.14840
-60.00 110.00 0.54969E-01
-55.00 110.00 -0.78814E-01
-50.00 110.00 -0.17843
-45.00 110.00 -0.17970
-40.00 110.00 -0.96598E-01
-35.00 110.00 -0.13675E-01
-30.00 110.00 0.15324E-02
-25.00 110.00 -0.17962E-01
-20.00 110.00 0.46659E-01
-15.00 110.00 0.28294
-10.00 110.00 0.63187
-5.00 110.00 0.89473
0.00 110.00 0.87928
5.00 110.00 0.56806
10.00 110.00 0.15625
15.00 110.00 -0.88717E-01
20.00 110.00 -0.35121E-01
25.00 110.00 0.21421
30.00 110.00 0.41843
35.00 110.00 0.40673
40.00 110.00 0.21692
45.00 110.00 0.47382E-01
50.00 110.00 0.70926E-01
55.00 110.00 0.27827
60.00 110.00 0.48618
65.00 110.00 0.49585
85.00 110.00 -0.41485
-45.00 115.00 -0.56317E-01
-40.00 115.00 0.18560E-01
-35.00 115.00 0.91829E-01
-30.00 115.00 0.10607
-25.00 115.00 0.97661E-01
-20.00 115.00 0.17790
-15.00 115.00 0.42103
-10.00 115.00 0.75994
-5.00 115.00 1.0003
0.00 115.00 0.96349
5.00 115.00 0.64294
10.00 115.00 0.23313
15.00 115.00 -0.91031E-02
20.00 115.00 0.38962E-01
25.00 115.00 0.27721
30.00 115.00 0.47785
35.00 115.00 0.48099
40.00 115.00 0.32098
45.00 115.00 0.17778
-80.00 120.00 0.14149
-75.00 120.00 0.16562
-70.00 120.00 0.20833
-65.00 120.00 0.23132
-60.00 120.00 0.19172
-55.00 120.00 0.99415E-01
-50.00 120.00 0.21192E-01
-45.00 120.00 0.22129E-01
-40.00 120.00 0.10283
-35.00 120.00 0.19939
-30.00 120.00 0.25141
-25.00 120.00 0.27063
-20.00 120.00 0.33502
-15.00 120.00 0.50424
-10.00 120.00 0.73557
-5.00 120.00 0.89037
0.00 120.00 0.84119
5.00 120.00 0.59028
10.00 120.00 0.28846
15.00 120.00 0.12584
20.00 120.00 0.18238
25.00 120.00 0.36768
30.00 120.00 0.50442
35.00 120.00 0.48264
40.00 120.00 0.34924
45.00 120.00 0.25500
50.00 120.00 0.30922
55.00 120.00 0.47326
60.00 120.00 0.58742
65.00 120.00 0.50558
70.00 120.00 0.21938
75.00 120.00 -0.13307
80.00 120.00 -0.37442
-45.00 125.00 0.55257E-01
-40.00 125.00 0.15527
-35.00 125.00 0.30057
-30.00 125.00 0.41849
-25.00 125.00 0.47779
-20.00 125.00 0.50674
-15.00 125.00 0.55033
-10.00 125.00 0.61209
-5.00 125.00 0.64229
0.00 125.00 0.58822
5.00 125.00 0.45752
10.00 125.00 0.32811
15.00 125.00 0.28706
20.00 125.00 0.35169
25.00 125.00 0.44902
30.00 125.00 0.47892
35.00 125.00 0.40724
40.00 125.00 0.30244
45.00 125.00 0.27688
-65.00 130.00 0.19574
-60.00 130.00 0.18115
-55.00 130.00 0.10936
-50.00 130.00 0.39361E-01
-45.00 130.00 0.47704E-01
-40.00 130.00 0.16867
-35.00 130.00 0.36564
-30.00 130.00 0.55572
-25.00 130.00 0.66502
-20.00 130.00 0.67011
-15.00 130.00 0.59856
-10.00 130.00 0.49894
-5.00 130.00 0.41135
0.00 130.00 0.35894
5.00 130.00 0.35367
10.00 130.00 0.39695
15.00 130.00 0.46929
20.00 130.00 0.52554
25.00 130.00 0.51499
30.00 130.00 0.42180
35.00 130.00 0.29247
40.00 130.00 0.21696
45.00 130.00 0.26523
50.00 130.00 0.42386
55.00 130.00 0.58734
60.00 130.00 0.62083
65.00 130.00 0.45374
-70.00 135.00 0.90561E-01
-45.00 135.00 0.56796E-02
-40.00 135.00 0.13253
-35.00 135.00 0.35615
-30.00 135.00 0.59788
-25.00 135.00 0.76077
-20.00 135.00 0.78131
-15.00 135.00 0.66278
-10.00 135.00 0.47361
-5.00 135.00 0.31309
0.00 135.00 0.26188
5.00 135.00 0.34101
10.00 135.00 0.49965
15.00 135.00 0.64033
20.00 135.00 0.67168
25.00 135.00 0.56243
30.00 135.00 0.36483
35.00 135.00 0.18931
40.00 135.00 0.14018
45.00 135.00 0.24913
70.00 135.00 0.78676E-01
-75.00 140.00 -0.16518E-01
-65.00 140.00 0.33294E-01
-60.00 140.00 0.24574E-01
-55.00 140.00 -0.21700E-01
-50.00 140.00 -0.69437E-01
-45.00 140.00 -0.61642E-01
-40.00 140.00 0.45421E-01
-35.00 140.00 0.25194
-30.00 140.00 0.50422
-25.00 140.00 0.71245
-20.00 140.00 0.79280
-15.00 140.00 0.71558
-10.00 140.00 0.53103
-5.00 140.00 0.35053
0.00 140.00 0.28549
5.00 140.00 0.37749
10.00 140.00 0.56637
15.00 140.00 0.72341
20.00 140.00 0.73302
25.00 140.00 0.57037
30.00 140.00 0.32118
35.00 140.00 0.12848
40.00 140.00 0.10127
45.00 140.00 0.24527
50.00 140.00 0.45986
55.00 140.00 0.60003
60.00 140.00 0.56159
65.00 140.00 0.33775
75.00 140.00 -0.26846
-45.00 145.00 -0.13950
-40.00 145.00 -0.73423E-01
-35.00 145.00 0.74457E-01
-30.00 145.00 0.29202
-25.00 145.00 0.52425
-20.00 145.00 0.68752
-15.00 145.00 0.71422
-10.00 145.00 0.60346
-5.00 145.00 0.43617
0.00 145.00 0.33103
5.00 145.00 0.36366
10.00 145.00 0.50780
15.00 145.00 0.64829
20.00 145.00 0.66279
25.00 145.00 0.51381
30.00 145.00 0.28066
35.00 145.00 0.10604
40.00 145.00 0.96224E-01
45.00 145.00 0.24789
-80.00 150.00 -0.10581
-70.00 150.00 -0.19889
-65.00 150.00 -0.21319
-60.00 150.00 -0.21995
-55.00 150.00 -0.22073
-50.00 150.00 -0.21659
-45.00 150.00 -0.20852
-40.00 150.00 -0.18455
-35.00 150.00 -0.11258
-30.00 150.00 0.39876E-01
-25.00 150.00 0.26620
-20.00 150.00 0.49866
-15.00 150.00 0.63700
-10.00 150.00 0.61779
-5.00 150.00 0.47057
0.00 150.00 0.30714
5.00 150.00 0.24271
10.00 150.00 0.30835
15.00 150.00 0.42748
20.00 150.00 0.47911
25.00 150.00 0.39793
30.00 150.00 0.22926
35.00 150.00 0.94363E-01
40.00 150.00 0.95010E-01
45.00 150.00 0.23413
50.00 150.00 0.41237
55.00 150.00 0.49807
60.00 150.00 0.41411
65.00 150.00 0.18090
70.00 150.00 -0.10512
80.00 150.00 -0.42942
-45.00 155.00 -0.25106
-40.00 155.00 -0.24369
-35.00 155.00 -0.22978
-30.00 155.00 -0.14667
-25.00 155.00 0.41967E-01
-20.00 155.00 0.29329
-15.00 155.00 0.49352
-10.00 155.00 0.53470
-5.00 155.00 0.40184
0.00 155.00 0.19410
5.00 155.00 0.54625E-01
10.00 155.00 0.62636E-01
15.00 155.00 0.17701
20.00 155.00 0.27831
25.00 155.00 0.27260
30.00 155.00 0.16863
35.00 155.00 0.65149E-01
40.00 155.00 0.63405E-01
45.00 155.00 0.18056
-75.00 160.00 -0.33212
-65.00 160.00 -0.47811
-60.00 160.00 -0.48506
-55.00 160.00 -0.43337
-50.00 160.00 -0.34223
-45.00 160.00 -0.25971
-40.00 160.00 -0.22426
-35.00 160.00 -0.22195
-30.00 160.00 -0.18825
-25.00 160.00 -0.65347E-01
-20.00 160.00 0.13184
-15.00 160.00 0.30679
-10.00 160.00 0.34951
-5.00 160.00 0.22955
0.00 160.00 0.31690E-01
5.00 160.00 -0.10330
10.00 160.00 -0.87600E-01
15.00 160.00 0.46521E-01
20.00 160.00 0.17859
25.00 160.00 0.20292
30.00 160.00 0.11437
35.00 160.00 0.59367E-02
40.00 160.00 -0.15282E-01
45.00 160.00 0.80509E-01
50.00 160.00 0.22212
55.00 160.00 0.29476
60.00 160.00 0.22599
65.00 160.00 0.32832E-01
75.00 160.00 -0.36854
-85.00 165.00 -0.94086E-01
-70.00 165.00 -0.52578
-45.00 165.00 -0.24223
-40.00 165.00 -0.13325
-35.00 165.00 -0.87654E-01
-30.00 165.00 -0.71219E-01
-25.00 165.00 -0.33092E-01
-20.00 165.00 0.38331E-01
-15.00 165.00 0.96804E-01
-10.00 165.00 0.80827E-01
-5.00 165.00 -0.18932E-01
0.00 165.00 -0.13349
5.00 165.00 -0.16326
10.00 165.00 -0.63514E-01
15.00 165.00 0.10850
20.00 165.00 0.23141
25.00 165.00 0.21544
30.00 165.00 0.75836E-01
35.00 165.00 -0.78312E-01
40.00 165.00 -0.13075
45.00 165.00 -0.48223E-01
70.00 165.00 -0.22331
85.00 165.00 -0.37407
-65.00 170.00 -0.69558
-60.00 170.00 -0.70519
-55.00 170.00 -0.62217
-50.00 170.00 -0.44617
-45.00 170.00 -0.21883
-40.00 170.00 -0.10499E-01
-35.00 170.00 0.11835
-30.00 170.00 0.14813
-25.00 170.00 0.98759E-01
-20.00 170.00 0.34317E-02
-15.00 170.00 -0.11202
-10.00 170.00 -0.22430
-5.00 170.00 -0.29547
0.00 170.00 -0.27498
5.00 170.00 -0.13442
10.00 170.00 0.90952E-01
15.00 170.00 0.29882
20.00 170.00 0.37390
25.00 170.00 0.26745
30.00 170.00 0.39874E-01
35.00 170.00 -0.17323
40.00 170.00 -0.25142
45.00 170.00 -0.16965
50.00 170.00 -0.93810E-02
55.00 170.00 0.10418
60.00 170.00 0.88196E-01
65.00 170.00 -0.50456E-01
-45.00 175.00 -0.21219
-40.00 175.00 0.88592E-01
-35.00 175.00 0.30948
-30.00 175.00 0.37227
-25.00 175.00 0.25592
-20.00 175.00 0.78454E-02
-15.00 175.00 -0.27442
-10.00 175.00 -0.47898
-5.00 175.00 -0.51922
0.00 175.00 -0.36744
5.00 175.00 -0.72725E-01
10.00 175.00 0.24917
15.00 175.00 0.46026
20.00 175.00 0.46638
25.00 175.00 0.27070
30.00 175.00 -0.22308E-01
35.00 175.00 -0.26259
40.00 175.00 -0.34021
45.00 175.00 -0.24669
-80.00 180.00 -0.41006
-75.00 180.00 -0.61526
-70.00 180.00 -0.75119
-65.00 180.00 -0.81787
-60.00 180.00 -0.81752
-55.00 180.00 -0.73365
-50.00 180.00 -0.53957
-45.00 180.00 -0.23549
-40.00 180.00 0.11783
-35.00 180.00 0.40410
-30.00 180.00 0.50340
-25.00 180.00 0.36206
-20.00 180.00 0.34341E-01
-15.00 180.00 -0.33469
-10.00 180.00 -0.57780
-5.00 180.00 -0.58719
0.00 180.00 -0.36467
5.00 180.00 -0.16387E-01
10.00 180.00 0.30107
15.00 180.00 0.45395
20.00 180.00 0.38971
25.00 180.00 0.15564
30.00 180.00 -0.12857
35.00 180.00 -0.33104
40.00 180.00 -0.37207
45.00 180.00 -0.26066
50.00 180.00 -0.83682E-01
55.00 180.00 0.46670E-01
60.00 180.00 0.56765E-01
65.00 180.00 -0.50932E-01
70.00 180.00 -0.20805
75.00 180.00 -0.32948
80.00 180.00 -0.36834
-45.00 -175 -0.28475
-40.00 -175 0.60326E-01
-35.00 -175 0.35710
-30.00 -175 0.47671
-25.00 -175 0.35698
-20.00 -175 0.55337E-01
-15.00 -175 -0.27344
-10.00 -175 -0.46407
-5.00 -175 -0.43434
0.00 -175 -0.22404
5.00 -175 0.40394E-01
10.00 -175 0.22393
15.00 -175 0.25104
20.00 -175 0.12897
25.00 -175 -0.72782E-01
30.00 -175 -0.26288
35.00 -175 -0.36567
40.00 -175 -0.34661
45.00 -175 -0.22384
-65.00 -170 -0.83837
-60.00 -170 -0.79282
-55.00 -170 -0.70631
-50.00 -170 -0.56213
-45.00 -170 -0.33955
-40.00 -170 -0.64380E-01
-35.00 -170 0.17593
-30.00 -170 0.27933
-25.00 -170 0.20602
-20.00 -170 0.19322E-01
-15.00 -170 -0.15055
-10.00 -170 -0.19632
-5.00 -170 -0.10687
0.00 -170 0.33104E-01
5.00 -170 0.11256
10.00 -170 0.73511E-01
15.00 -170 -0.60115E-01
20.00 -170 -0.21612
25.00 -170 -0.33042
30.00 -170 -0.37751
35.00 -170 -0.36115
40.00 -170 -0.29126
45.00 -170 -0.17852
50.00 -170 -0.48761E-01
55.00 -170 0.49264E-01
60.00 -170 0.64899E-01
65.00 -170 -0.15738E-01
-70.00 -165 -0.84344
-45.00 -165 -0.37245
-40.00 -165 -0.20843
-35.00 -165 -0.81796E-01
-30.00 -165 -0.43196E-01
-25.00 -165 -0.84873E-01
-20.00 -165 -0.12960
-15.00 -165 -0.88128E-01
-10.00 -165 0.58767E-01
-5.00 -165 0.22867
0.00 -165 0.29263
5.00 -165 0.17615
10.00 -165 -0.78657E-01
15.00 -165 -0.34275
20.00 -165 -0.49532
25.00 -165 -0.50308
30.00 -165 -0.42126
35.00 -165 -0.32699
40.00 -165 -0.25320
45.00 -165 -0.18168
70.00 -165 -0.12185
-75.00 -160 -0.77892
-65.00 -160 -0.80471
-60.00 -160 -0.68389
-55.00 -160 -0.55612
-50.00 -160 -0.44761
-45.00 -160 -0.36321
-40.00 -160 -0.31596
-35.00 -160 -0.32808
-30.00 -160 -0.39434
-25.00 -160 -0.45059
-20.00 -160 -0.39828
-15.00 -160 -0.18425
-10.00 -160 0.12921
-5.00 -160 0.37822
0.00 -160 0.40327
5.00 -160 0.17017
10.00 -160 -0.19542
15.00 -160 -0.49454
20.00 -160 -0.59529
25.00 -160 -0.51353
30.00 -160 -0.37322
35.00 -160 -0.28964
40.00 -160 -0.28115
45.00 -160 -0.28024
50.00 -160 -0.22026
55.00 -160 -0.10853
60.00 -160 -0.18461E-01
65.00 -160 -0.15977E-01
75.00 -160 -0.19817
-45.00 -155 -0.31180
-40.00 -155 -0.34874
-35.00 -155 -0.47867
-30.00 -155 -0.65571
-25.00 -155 -0.77066
-20.00 -155 -0.70398
-15.00 -155 -0.42160
-10.00 -155 -0.32717E-01
-5.00 -155 0.25815
0.00 -155 0.28740
5.00 -155 0.54568E-01
10.00 -155 -0.27368
15.00 -155 -0.48849
20.00 -155 -0.49348
25.00 -155 -0.36273
30.00 -155 -0.25820
35.00 -155 -0.28370
40.00 -155 -0.40305
45.00 -155 -0.48715
-80.00 -150 -0.59699
-70.00 -150 -0.88547
-65.00 -150 -0.79263
-60.00 -150 -0.61740
-55.00 -150 -0.43451
-50.00 -150 -0.29711
-45.00 -150 -0.24380
-40.00 -150 -0.30724
-35.00 -150 -0.49242
-30.00 -150 -0.73876
-25.00 -150 -0.91816
-20.00 -150 -0.90173
-15.00 -150 -0.65927
-10.00 -150 -0.30567
-5.00 -150 -0.36507E-01
0.00 -150 0.11521E-01
5.00 -150 -0.13578
10.00 -150 -0.31483
15.00 -150 -0.36317
20.00 -150 -0.25657
25.00 -150 -0.12533
30.00 -150 -0.13478
35.00 -150 -0.33467
40.00 -150 -0.60908
45.00 -150 -0.76901
50.00 -150 -0.70446
55.00 -150 -0.46500
60.00 -150 -0.20709
65.00 -150 -0.65438E-01
70.00 -150 -0.63781E-01
80.00 -150 -0.19882
-45.00 -145 -0.20346
-40.00 -145 -0.23565
-35.00 -145 -0.39750
-30.00 -145 -0.63793
-25.00 -145 -0.83911
-20.00 -145 -0.88142
-15.00 -145 -0.73419
-10.00 -145 -0.49065
-5.00 -145 -0.30199
0.00 -145 -0.25578
5.00 -145 -0.30409
10.00 -145 -0.31211
15.00 -145 -0.19160
20.00 -145 -0.31543E-03
25.00 -145 0.89132E-01
30.00 -145 -0.66195E-01
35.00 -145 -0.44380
40.00 -145 -0.84960
45.00 -145 -1.0525
-85.00 -140 -0.27851
-75.00 -140 -0.85317
-65.00 -140 -0.84273
-60.00 -140 -0.68833
-55.00 -140 -0.51307
-50.00 -140 -0.35152
-45.00 -140 -0.23491
-40.00 -140 -0.20367
-35.00 -140 -0.28394
-30.00 -140 -0.44746
-25.00 -140 -0.60600
-20.00 -140 -0.66496
-15.00 -140 -0.59805
-10.00 -140 -0.47136
-5.00 -140 -0.38373
0.00 -140 -0.37126
5.00 -140 -0.36792
10.00 -140 -0.27016
15.00 -140 -0.55041E-01
20.00 -140 0.15961
25.00 -140 0.18354
30.00 -140 -0.92364E-01
35.00 -140 -0.58485
40.00 -140 -1.0512
45.00 -140 -1.2489
50.00 -140 -1.0984
55.00 -140 -0.72125
60.00 -140 -0.33481
65.00 -140 -0.98914E-01
75.00 -140 -0.76238E-01
85.00 -140 -0.21385
-70.00 -135 -0.93340
-45.00 -135 -0.35827
-40.00 -135 -0.26932
-35.00 -135 -0.25667
-30.00 -135 -0.31544
-25.00 -135 -0.38987
-20.00 -135 -0.41372
-15.00 -135 -0.36987
-10.00 -135 -0.30723
-5.00 -135 -0.28952
0.00 -135 -0.32107
5.00 -135 -0.32785
10.00 -135 -0.22600
15.00 -135 -0.23068E-01
20.00 -135 0.14745
25.00 -135 0.10854
30.00 -135 -0.21591
35.00 -135 -0.71503
40.00 -135 -1.1447
45.00 -135 -1.2871
70.00 -135 -0.19549E-01
-65.00 -130 -0.91624
-60.00 -130 -0.84702
-55.00 -130 -0.76572
-50.00 -130 -0.66912
-45.00 -130 -0.55299
-40.00 -130 -0.44071
-35.00 -130 -0.36975
-30.00 -130 -0.35120
-25.00 -130 -0.35091
-20.00 -130 -0.31992
-15.00 -130 -0.24678
-10.00 -130 -0.17521
-5.00 -130 -0.16182
0.00 -130 -0.21181
5.00 -130 -0.26118
10.00 -130 -0.23427
15.00 -130 -0.12927
20.00 -130 -0.46973E-01
25.00 -130 -0.12175
30.00 -130 -0.40356
35.00 -130 -0.79294
40.00 -130 -1.0927
45.00 -130 -1.1412
50.00 -130 -0.92187
55.00 -130 -0.56310
60.00 -130 -0.23742
65.00 -130 -0.49051E-01
-45.00 -125 -0.75995
-40.00 -125 -0.66159
-35.00 -125 -0.58344
-30.00 -125 -0.54509
-25.00 -125 -0.51934
-20.00 -125 -0.45668
-15.00 -125 -0.33953
-10.00 -125 -0.21024
-5.00 -125 -0.13969
0.00 -125 -0.16338
5.00 -125 -0.24745
10.00 -125 -0.32132
15.00 -125 -0.34770
20.00 -125 -0.36127
25.00 -125 -0.43429
30.00 -125 -0.59780
35.00 -125 -0.79301
40.00 -125 -0.90291
45.00 -125 -0.84063
-80.00 -120 -0.60765
-75.00 -120 -0.82782
-70.00 -120 -0.91570
-65.00 -120 -0.92662
-60.00 -120 -0.92921
-55.00 -120 -0.94475
-50.00 -120 -0.94619
-45.00 -120 -0.90541
-40.00 -120 -0.83492
-35.00 -120 -0.77881
-30.00 -120 -0.76327
-25.00 -120 -0.76072
-20.00 -120 -0.70921
-15.00 -120 -0.57300
-10.00 -120 -0.38700
-5.00 -120 -0.24001
0.00 -120 -0.20869
5.00 -120 -0.30050
10.00 -120 -0.45435
15.00 -120 -0.59368
20.00 -120 -0.68010
25.00 -120 -0.72102
30.00 -120 -0.73372
35.00 -120 -0.71037
40.00 -120 -0.62257
45.00 -120 -0.45914
50.00 -120 -0.25418
55.00 -120 -0.72333E-01
60.00 -120 0.36680E-01
65.00 -120 0.69587E-01
70.00 -120 0.56833E-01
75.00 -120 0.21095E-01
80.00 -120 -0.45950E-01
-45.00 -115 -0.93664
-40.00 -115 -0.87591
-35.00 -115 -0.82861
-30.00 -115 -0.83212
-25.00 -115 -0.86408
-20.00 -115 -0.85320
-15.00 -115 -0.74256
-10.00 -115 -0.54911
-5.00 -115 -0.36418
0.00 -115 -0.29145
5.00 -115 -0.37333
10.00 -115 -0.56383
15.00 -115 -0.76354
20.00 -115 -0.88182
25.00 -115 -0.87740
30.00 -115 -0.75798
35.00 -115 -0.55727
40.00 -115 -0.31779
45.00 -115 -0.87344E-01
-65.00 -110 -0.82460
-60.00 -110 -0.82833
-55.00 -110 -0.86137
-50.00 -110 -0.88391
-45.00 -110 -0.84993
-40.00 -110 -0.76350
-35.00 -110 -0.68125
-30.00 -110 -0.65896
-25.00 -110 -0.69487
-20.00 -110 -0.72579
-15.00 -110 -0.68254
-10.00 -110 -0.55568
-5.00 -110 -0.41271
0.00 -110 -0.35080
5.00 -110 -0.42410
10.00 -110 -0.60316
15.00 -110 -0.79358
20.00 -110 -0.89297
25.00 -110 -0.84279
30.00 -110 -0.64645
35.00 -110 -0.35644
40.00 -110 -0.49416E-01
45.00 -110 0.19796
50.00 -110 0.33217
55.00 -110 0.34321
60.00 -110 0.26974
65.00 -110 0.17605
-70.00 -105 -0.76809
-45.00 -105 -0.69302
-40.00 -105 -0.55588
-35.00 -105 -0.39926
-30.00 -105 -0.30168
-25.00 -105 -0.29741
-20.00 -105 -0.35282
-15.00 -105 -0.40206
-10.00 -105 -0.40677
-5.00 -105 -0.38604
0.00 -105 -0.39352
5.00 -105 -0.46558
10.00 -105 -0.58611
15.00 -105 -0.69365
20.00 -105 -0.71936
25.00 -105 -0.62442
30.00 -105 -0.41513
35.00 -105 -0.13657
40.00 -105 0.14373
45.00 -105 0.35563
70.00 -105 0.12808
-75.00 -100 -0.68227
-65.00 -100 -0.64514
-60.00 -100 -0.60514
-55.00 -100 -0.61110
-50.00 -100 -0.61414
-45.00 -100 -0.53844
-40.00 -100 -0.35661
-35.00 -100 -0.12191
-30.00 -100 0.66920E-01
-25.00 -100 0.13426
-20.00 -100 0.71836E-01
-15.00 -100 -0.70752E-01
-10.00 -100 -0.23047
-5.00 -100 -0.36784
0.00 -100 -0.47126
5.00 -100 -0.53832
10.00 -100 -0.56077
15.00 -100 -0.52719
20.00 -100 -0.43463
25.00 -100 -0.29300
30.00 -100 -0.11896
35.00 -100 0.69416E-01
40.00 -100 0.24891
45.00 -100 0.38599
50.00 -100 0.44543
55.00 -100 0.41417
60.00 -100 0.31927
65.00 -100 0.21544
75.00 -100 0.93298E-01
-45.00 -95 -0.44199
-40.00 -95 -0.25063
-35.00 -95 0.25479E-01
-30.00 -95 0.27695
-25.00 -95 0.39614
-20.00 -95 0.33733
-15.00 -95 0.13028
-10.00 -95 -0.14779
-5.00 -95 -0.41030
0.00 -95 -0.58639
5.00 -95 -0.63307
10.00 -95 -0.54428
15.00 -95 -0.35628
20.00 -95 -0.13682
25.00 -95 0.46692E-01
30.00 -95 0.16272
35.00 -95 0.22617
40.00 -95 0.27308
45.00 -95 0.32149
-80.00 -90 -0.45908
-70.00 -90 -0.56737
-65.00 -90 -0.46574
-60.00 -90 -0.39234
-55.00 -90 -0.39852
-50.00 -90 -0.43813
-45.00 -90 -0.41104
-40.00 -90 -0.25140
-35.00 -90 0.13268E-01
-30.00 -90 0.27557
-25.00 -90 0.41634
-20.00 -90 0.37177
-15.00 -90 0.15780
-10.00 -90 -0.14873
-5.00 -90 -0.44544
0.00 -90 -0.63539
5.00 -90 -0.65298
10.00 -90 -0.48866
15.00 -90 -0.20239
20.00 -90 0.94639E-01
25.00 -90 0.29400
30.00 -90 0.35012
35.00 -90 0.30152
40.00 -90 0.23322
45.00 -90 0.20942
50.00 -90 0.23214
55.00 -90 0.25772
60.00 -90 0.24888
65.00 -90 0.20821
70.00 -90 0.16104
80.00 -90 0.28176E-01
-85.00 -85 -0.18720
-45.00 -85 -0.40206
-40.00 -85 -0.29392
-35.00 -85 -0.76553E-01
-30.00 -85 0.15477
-25.00 -85 0.29170
-20.00 -85 0.27729
-15.00 -85 0.12521
-10.00 -85 -0.10255
-5.00 -85 -0.32687
0.00 -85 -0.47110
5.00 -85 -0.47576
10.00 -85 -0.32218
15.00 -85 -0.56268E-01
20.00 -85 0.21682
25.00 -85 0.38311
30.00 -85 0.38927
35.00 -85 0.27715
40.00 -85 0.15013
45.00 -85 0.95145E-01
85.00 -85 -0.11913
-75.00 -80 -0.50177
-65.00 -80 -0.33342
-60.00 -80 -0.23804
-55.00 -80 -0.24186
-50.00 -80 -0.31162
-45.00 -80 -0.34878
-40.00 -80 -0.27832
-35.00 -80 -0.10998
-30.00 -80 0.76357E-01
-25.00 -80 0.19813
-20.00 -80 0.22529
-15.00 -80 0.18127
-10.00 -80 0.10546
-5.00 -80 0.24204E-01
0.00 -80 -0.44700E-01
5.00 -80 -0.74361E-01
10.00 -80 -0.33652E-01
15.00 -80 0.80407E-01
20.00 -80 0.21843
25.00 -80 0.29988
30.00 -80 0.27286
35.00 -80 0.16061
40.00 -80 0.47475E-01
45.00 -80 0.11722E-01
50.00 -80 0.64659E-01
55.00 -80 0.15051
60.00 -80 0.20292
65.00 -80 0.19947
75.00 -80 0.10889
-70.00 -75 -0.41917
-45.00 -75 -0.20347
-40.00 -75 -0.13466
-35.00 -75 0.73976E-02
-30.00 -75 0.15466
-25.00 -75 0.25376
-20.00 -75 0.31022
-15.00 -75 0.36651
-10.00 -75 0.44312
-5.00 -75 0.50788
0.00 -75 0.50592
5.00 -75 0.41791
10.00 -75 0.28465
15.00 -75 0.17205
20.00 -75 0.11297
25.00 -75 0.85394E-01
30.00 -75 0.47624E-01
35.00 -75 -0.91069E-02
40.00 -75 -0.47354E-01
45.00 -75 -0.23661E-01
70.00 -75 0.15116
-65.00 -70 -0.24516
-60.00 -70 -0.10264
-55.00 -70 -0.27047E-01
-50.00 -70 -0.42964E-02
-45.00 -70 0.33847E-01
-40.00 -70 0.13300
-35.00 -70 0.27031
-30.00 -70 0.38394
-25.00 -70 0.44387
-20.00 -70 0.48764
-15.00 -70 0.58053
-10.00 -70 0.73802
-5.00 -70 0.88923
0.00 -70 0.92256
5.00 -70 0.77552
10.00 -70 0.48831
15.00 -70 0.17486
20.00 -70 -0.58642E-01
25.00 -70 -0.17456
30.00 -70 -0.19863
35.00 -70 -0.17032
40.00 -70 -0.10633
45.00 -70 -0.90020E-02
50.00 -70 0.10321
55.00 -70 0.18893
60.00 -70 0.21372
65.00 -70 0.18172
-45.00 -65 0.31446
-40.00 -65 0.44953
-35.00 -65 0.58257
-30.00 -65 0.65673
-25.00 -65 0.65656
-20.00 -65 0.63853
-15.00 -65 0.68574
-10.00 -65 0.82338
-5.00 -65 0.97559
0.00 -65 1.0104
5.00 -65 0.83963
10.00 -65 0.48968
15.00 -65 0.86437E-01
20.00 -65 -0.22855
25.00 -65 -0.37848
30.00 -65 -0.37134
35.00 -65 -0.26281
40.00 -65 -0.11013
45.00 -65 0.44414E-01
-80.00 -60 -0.24730
-75.00 -60 -0.35629
-70.00 -60 -0.33472
-65.00 -60 -0.18365
-60.00 -60 0.30667E-01
-55.00 -60 0.23741
-50.00 -60 0.41113
-45.00 -60 0.56659
-40.00 -60 0.71278
-35.00 -60 0.82138
-30.00 -60 0.84786
-25.00 -60 0.78483
-20.00 -60 0.68895
-15.00 -60 0.64474
-10.00 -60 0.69077
-5.00 -60 0.77531
0.00 -60 0.78622
5.00 -60 0.63510
10.00 -60 0.32745
15.00 -60 -0.36369E-01
20.00 -60 -0.32547
25.00 -60 -0.45377
30.00 -60 -0.41355
35.00 -60 -0.25755
40.00 -60 -0.59488E-01
45.00 -60 0.11463
50.00 -60 0.21845
55.00 -60 0.23298
60.00 -60 0.17484
65.00 -60 0.91248E-01
70.00 -60 0.29345E-01
75.00 -60 -0.20232E-02
80.00 -60 -0.44590E-01
-45.00 -55 0.73037
-40.00 -55 0.84793
-35.00 -55 0.90897
-30.00 -55 0.89494
-25.00 -55 0.80381
-20.00 -55 0.67186
-15.00 -55 0.55908
-10.00 -55 0.50489
-5.00 -55 0.49296
0.00 -55 0.45956
5.00 -55 0.34237
10.00 -55 0.13132
15.00 -55 -0.11828
20.00 -55 -0.31790
25.00 -55 -0.39677
30.00 -55 -0.33662
35.00 -55 -0.17420
40.00 -55 0.20548E-01
45.00 -55 0.17415
-65.00 -50 -0.14599
-60.00 -50 0.11815
-55.00 -50 0.40907
-50.00 -50 0.64258
-45.00 -50 0.78192
-40.00 -50 0.83926
-35.00 -50 0.84562
-30.00 -50 0.82068
-25.00 -50 0.76624
-20.00 -50 0.68052
-15.00 -50 0.57276
-10.00 -50 0.46147
-5.00 -50 0.35922
0.00 -50 0.26091
5.00 -50 0.14918
10.00 -50 0.13964E-01
15.00 -50 -0.12983
20.00 -50 -0.24214
25.00 -50 -0.27763
30.00 -50 -0.21409
35.00 -50 -0.71610E-01
40.00 -50 0.90231E-01
45.00 -50 0.19870
50.00 -50 0.20549
55.00 -50 0.11486
60.00 -50 -0.17227E-01
65.00 -50 -0.11741
-70.00 -45 -0.27463
-45.00 -45 0.73546
-40.00 -45 0.72521
-35.00 -45 0.69175
-30.00 -45 0.69484
-25.00 -45 0.73596
-20.00 -45 0.76619
-15.00 -45 0.73116
-10.00 -45 0.61392
-5.00 -45 0.44313
0.00 -45 0.26601
5.00 -45 0.11410
10.00 -45 -0.85841E-02
15.00 -45 -0.10873
20.00 -45 -0.17947
25.00 -45 -0.19549
30.00 -45 -0.13546
35.00 -45 -0.12630E-01
40.00 -45 0.11625
45.00 -45 0.17766
70.00 -45 -0.25029
-75.00 -40 -0.21603
-65.00 -40 -0.13638
-60.00 -40 0.11671
-55.00 -40 0.39935
-50.00 -40 0.58777
-45.00 -40 0.62687
-40.00 -40 0.56713
-35.00 -40 0.52188
-30.00 -40 0.57772
-25.00 -40 0.72810
-20.00 -40 0.88051
-15.00 -40 0.92786
-10.00 -40 0.82459
-5.00 -40 0.60961
0.00 -40 0.36584
5.00 -40 0.15835
10.00 -40 0.39391E-02
15.00 -40 -0.11023
20.00 -40 -0.18756
25.00 -40 -0.20664
30.00 -40 -0.14616
35.00 -40 -0.23956E-01
40.00 -40 0.92166E-01
45.00 -40 0.12051
50.00 -40 0.23679E-01
55.00 -40 -0.15845
60.00 -40 -0.33050
65.00 -40 -0.40483
75.00 -40 -0.25319
-45.00 -35 0.49160
-40.00 -35 0.41485
-35.00 -35 0.38464
-30.00 -35 0.48991
-25.00 -35 0.70685
-20.00 -35 0.91547
-15.00 -35 0.98935
-10.00 -35 0.88371
-5.00 -35 0.65344
0.00 -35 0.39634
5.00 -35 0.17892
10.00 -35 0.88773E-02
15.00 -35 -0.13238
20.00 -35 -0.24067
25.00 -35 -0.27858
30.00 -35 -0.21576
35.00 -35 -0.78786E-01
40.00 -35 0.43534E-01
45.00 -35 0.53950E-01
-85.00 -30 0.69587E-01
-80.00 -30 -0.84305E-02
-70.00 -30 -0.20436
-65.00 -30 -0.14784
-60.00 -30 0.31437E-01
-55.00 -30 0.23740
-50.00 -30 0.35653
-45.00 -30 0.35029
-40.00 -30 0.28835
-35.00 -30 0.28984
-30.00 -30 0.42027
-25.00 -30 0.63220
-20.00 -30 0.80072
-15.00 -30 0.82193
-10.00 -30 0.68910
-5.00 -30 0.48403
0.00 -30 0.29883
5.00 -30 0.16365
10.00 -30 0.44237E-01
15.00 -30 -0.96362E-01
20.00 -30 -0.23854
25.00 -30 -0.31153
30.00 -30 -0.26133
35.00 -30 -0.11681
40.00 -30 0.12008E-01
45.00 -30 0.93185E-02
50.00 -30 -0.15762
55.00 -30 -0.40961
60.00 -30 -0.60993
65.00 -30 -0.65801
70.00 -30 -0.55193
80.00 -30 -0.24789
85.00 -30 -0.22529
-45.00 -25 0.20782
-40.00 -25 0.18082
-35.00 -25 0.22015
-30.00 -25 0.35172
-25.00 -25 0.50428
-20.00 -25 0.56783
-15.00 -25 0.49145
-10.00 -25 0.33048
-5.00 -25 0.19804
0.00 -25 0.16418
5.00 -25 0.19555
10.00 -25 0.19174
15.00 -25 0.84936E-01
20.00 -25 -0.89514E-01
25.00 -25 -0.21855
30.00 -25 -0.21202
35.00 -25 -0.88983E-01
40.00 -25 0.27812E-01
45.00 -25 0.66001E-02
-75.00 -20 -0.37265E-01
-65.00 -20 -0.15862
-60.00 -20 -0.90429E-01
-55.00 -20 0.40753E-02
-50.00 -20 0.57771E-01
-45.00 -20 0.62934E-01
-40.00 -20 0.75724E-01
-35.00 -20 0.15223
-30.00 -20 0.27783
-25.00 -20 0.36415
-20.00 -20 0.32605
-15.00 -20 0.17102
-10.00 -20 0.13091E-01
-5.00 -20 -0.12856E-01
0.00 -20 0.13252
5.00 -20 0.34956
10.00 -20 0.47339
15.00 -20 0.40643
20.00 -20 0.19708
25.00 -20 -0.30315E-02
30.00 -20 -0.66603E-01
35.00 -20 0.54916E-02
40.00 -20 0.89536E-01
45.00 -20 0.44696E-01
50.00 -20 -0.17176
55.00 -20 -0.47177
60.00 -20 -0.70477
65.00 -20 -0.76475
75.00 -20 -0.46389
-70.00 -15 -0.99992E-01
-45.00 -15 -0.79961E-01
-40.00 -15 -0.34657E-01
-35.00 -15 0.73733E-01
-30.00 -15 0.20234
-25.00 -15 0.25718
-20.00 -15 0.17719
-15.00 -15 0.95812E-02
-10.00 -15 -0.10201
-5.00 -15 -0.22704E-01
0.00 -15 0.25684
5.00 -15 0.59418
10.00 -15 0.79092
15.00 -15 0.73819
20.00 -15 0.49447
25.00 -15 0.23275
30.00 -15 0.10231
35.00 -15 0.11856
40.00 -15 0.16617
45.00 -15 0.10438
70.00 -15 -0.65927
-65.00 -10 -0.14513
-60.00 -10 -0.18592
-55.00 -10 -0.20229
-50.00 -10 -0.21387
-45.00 -10 -0.20507
-40.00 -10 -0.13926
-35.00 -10 -0.86357E-02
-30.00 -10 0.13306
-25.00 -10 0.19940
-20.00 -10 0.14778
-15.00 -10 0.36301E-01
-10.00 -10 -0.94402E-03
-5.00 -10 0.14576
0.00 -10 0.46302
5.00 -10 0.80362
10.00 -10 0.98226
15.00 -10 0.90711
20.00 -10 0.64371
25.00 -10 0.36085
30.00 -10 0.20292
35.00 -10 0.19009
40.00 -10 0.22017
45.00 -10 0.16196
50.00 -10 -0.39583E-01
55.00 -10 -0.32588
60.00 -10 -0.57365
65.00 -10 -0.68269
-45.00 -5 -0.28930
-40.00 -5 -0.21093
-35.00 -5 -0.69988E-01
-30.00 -5 0.82430E-01
-25.00 -5 0.17891
-20.00 -5 0.19268
-15.00 -5 0.17151
-10.00 -5 0.21007
-5.00 -5 0.37379
0.00 -5 0.63385
5.00 -5 0.87117
10.00 -5 0.95396
15.00 -5 0.83228
20.00 -5 0.57606
25.00 -5 0.32598
30.00 -5 0.19476
35.00 -5 0.19333
40.00 -5 0.23426
45.00 -5 0.20408
90.00 0.00 -0.29985
-90.00 0.00 0.58661E-01
