-85.00 0.00 0.44844
-80.00 0.00 0.38759
-75.00 0.00 0.30259
-70.00 0.00 0.23907
-65.00 0.00 0.21928
-60.00 0.00 0.21145
-55.00 0.00 0.14686
-50.00 0.00 -0.27274E-01
-45.00 0.00 -0.30016
-40.00 0.00 -0.59658
-35.00 0.00 -0.82634
-30.00 0.00 -0.94445
-25.00 0.00 -0.97331
-20.00 0.00 -0.97069
-15.00 0.00 -0.97399
-10.00 0.00 -0.96997
-5.00 0.00 -0.91454
0.00 0.00 -0.78215
5.00 0.00 -0.59945
10.00 0.00 -0.43305
15.00 0.00 -0.34260
20.00 0.00 -0.33845
25.00 0.00 -0.37713
30.00 0.00 -0.39435
35.00 0.00 -0.34684
40.00 0.00 -0.23285
45.00 0.00 -0.83165E-01
50.00 0.00 0.62609E-01
55.00 0.00 0.17535
60.00 0.00 0.24358
65.00 0.00 0.27272
70.00 0.00 0.28128
75.00 0.00 0.29438
80.00 0.00 0.32771
85.00 0.00 0.37592
-45.00 5.00 -0.39346
-40.00 5.00 -0.73877
-35.00 5.00 -1.0140
-30.00 5.00 -1.1536
-25.00 5.00 -1.1687
-20.00 5.00 -1.1241
-15.00 5.00 -1.0768
-10.00 5.00 -1.0307
-5.00 5.00 -0.94449
0.00 5.00 -0.78241
5.00 5.00 -0.56080
10.00 5.00 -0.34820
15.00 5.00 -0.21853
20.00 5.00 -0.19692
25.00 5.00 -0.24233
30.00 5.00 -0.27874
35.00 5.00 -0.24743
40.00 5.00 -0.14010
45.00 5.00 0.65749E-02
-65.00 10.00 0.20659
-60.00 10.00 0.18177
-55.00 10.00 0.99625E-01
-50.00 10.00 -0.10770
-45.00 10.00 -0.44026
-40.00 10.00 -0.81357
-35.00 10.00 -1.1067
-30.00 10.00 -1.2408
-25.00 10.00 -1.2272
-20.00 10.00 -1.1458
-15.00 10.00 -1.0749
-10.00 10.00 -1.0310
-5.00 10.00 -0.96871
0.00 10.00 -0.83523
5.00 10.00 -0.63015
10.00 10.00 -0.41585
15.00 10.00 -0.27093
20.00 10.00 -0.22812
25.00 10.00 -0.24965
30.00 10.00 -0.25861
35.00 10.00 -0.19739
40.00 10.00 -0.65031E-01
45.00 10.00 0.91708E-01
50.00 10.00 0.21855
55.00 10.00 0.28886
60.00 10.00 0.31008
65.00 10.00 0.30642
-70.00 15.00 0.26088
-45.00 15.00 -0.43596
-40.00 15.00 -0.81162
-35.00 15.00 -1.0922
-30.00 15.00 -1.1962
-25.00 15.00 -1.1450
-20.00 15.00 -1.0385
-15.00 15.00 -0.97243
-10.00 15.00 -0.96824
-5.00 15.00 -0.96994
0.00 15.00 -0.90636
5.00 15.00 -0.76006
10.00 15.00 -0.58311
15.00 15.00 -0.44941
20.00 15.00 -0.38983
25.00 15.00 -0.36802
30.00 15.00 -0.31545
35.00 15.00 -0.19119
40.00 15.00 -0.13833E-01
45.00 15.00 0.15781
70.00 15.00 0.30846
-75.00 20.00 0.36287
-65.00 20.00 0.23870
-60.00 20.00 0.22062
-55.00 20.00 0.14493
-50.00 20.00 -0.61583E-01
-45.00 20.00 -0.39338
-40.00 20.00 -0.74909
-35.00 20.00 -0.99267
-30.00 20.00 -1.0489
-25.00 20.00 -0.95634
-20.00 20.00 -0.83343
-15.00 20.00 -0.78606
-10.00 20.00 -0.83250
-5.00 20.00 -0.90497
0.00 20.00 -0.91927
5.00 20.00 -0.84741
10.00 20.00 -0.73116
15.00 20.00 -0.63181
20.00 20.00 -0.56853
25.00 20.00 -0.50295
30.00 20.00 -0.38105
35.00 20.00 -0.18930
40.00 20.00 0.27672E-01
45.00 20.00 0.20179
50.00 20.00 0.29375
55.00 20.00 0.31579
60.00 20.00 0.30979
65.00 20.00 0.30821
75.00 20.00 0.32352
-45.00 25.00 -0.33708
-40.00 25.00 -0.65862
-35.00 25.00 -0.85038
-30.00 25.00 -0.84929
-25.00 25.00 -0.71242
-20.00 25.00 -0.57210
-15.00 25.00 -0.53622
-10.00 25.00 -0.61596
-5.00 25.00 -0.73609
0.00 25.00 -0.80979
5.00 25.00 -0.80722
10.00 25.00 -0.76057
15.00 25.00 -0.71161
20.00 25.00 -0.65983
25.00 25.00 -0.56289
30.00 25.00 -0.38607
35.00 25.00 -0.14889
40.00 25.00 0.78433E-01
45.00 25.00 0.22671
-80.00 30.00 0.48314
-70.00 30.00 0.31599
-65.00 30.00 0.28036
-60.00 30.00 0.26799
-55.00 30.00 0.19749
-50.00 30.00 0.27148E-02
-45.00 30.00 -0.29351
-40.00 30.00 -0.57474
-35.00 30.00 -0.70863
-30.00 30.00 -0.64653
-25.00 30.00 -0.46181
-20.00 30.00 -0.29453
-15.00 30.00 -0.24949
-10.00 30.00 -0.33189
-5.00 30.00 -0.46722
0.00 30.00 -0.57623
5.00 30.00 -0.63262
10.00 30.00 -0.65664
15.00 30.00 -0.66400
20.00 30.00 -0.63076
25.00 30.00 -0.51320
30.00 30.00 -0.30193
35.00 30.00 -0.52042E-01
40.00 30.00 0.14652
45.00 30.00 0.23541
50.00 30.00 0.23068
55.00 30.00 0.20290
60.00 30.00 0.21398
65.00 30.00 0.26950
70.00 30.00 0.32795
80.00 30.00 0.34548
-45.00 35.00 -0.28133
-40.00 35.00 -0.52089
-35.00 35.00 -0.59629
-30.00 35.00 -0.47362
-25.00 35.00 -0.23897
-20.00 35.00 -0.35054E-01
-15.00 35.00 0.38185E-01
-10.00 35.00 -0.22761E-01
-5.00 35.00 -0.15203
0.00 35.00 -0.28375
5.00 35.00 -0.39450
10.00 35.00 -0.48666
15.00 35.00 -0.54487
20.00 35.00 -0.52302
25.00 35.00 -0.38361
30.00 35.00 -0.15023
35.00 35.00 0.85862E-01
40.00 35.00 0.22350
45.00 35.00 0.22768
-75.00 40.00 0.42684
-65.00 40.00 0.28337
-60.00 40.00 0.24661
-55.00 40.00 0.15251
-50.00 40.00 -0.46295E-01
-45.00 40.00 -0.30592
-40.00 40.00 -0.50303
-35.00 40.00 -0.52146
-30.00 40.00 -0.34237
-25.00 40.00 -0.61373E-01
-20.00 40.00 0.17988
-15.00 40.00 0.28678
-10.00 40.00 0.25398
-5.00 40.00 0.13434
0.00 40.00 -0.20289E-01
5.00 40.00 -0.18496
10.00 40.00 -0.33852
15.00 40.00 -0.43297
20.00 40.00 -0.40555
25.00 40.00 -0.23398
30.00 40.00 0.19189E-01
35.00 40.00 0.22861
40.00 40.00 0.29051
45.00 40.00 0.20231
50.00 40.00 0.65919E-01
55.00 40.00 0.73190E-02
60.00 40.00 0.79061E-01
65.00 40.00 0.22772
75.00 40.00 0.38612
-70.00 45.00 0.33450
-45.00 45.00 -0.35920
-40.00 45.00 -0.51104
-35.00 45.00 -0.47452
-30.00 45.00 -0.24718
-25.00 45.00 0.68218E-01
-20.00 45.00 0.33463
-15.00 45.00 0.46495
-10.00 45.00 0.45224
-5.00 45.00 0.33664
0.00 45.00 0.15793
5.00 45.00 -0.54716E-01
10.00 45.00 -0.25601
15.00 45.00 -0.36930
20.00 45.00 -0.32195
25.00 45.00 -0.11207
30.00 45.00 0.15960
35.00 45.00 0.33991
40.00 45.00 0.32973
45.00 45.00 0.16129
70.00 45.00 0.37223
-65.00 50.00 0.22549
-60.00 50.00 0.13064
-55.00 50.00 -0.95461E-02
-50.00 50.00 -0.21434
-45.00 50.00 -0.42397
-40.00 50.00 -0.52570
-35.00 50.00 -0.43697
-30.00 50.00 -0.17351
-25.00 50.00 0.15687
-20.00 50.00 0.42636
-15.00 50.00 0.56041
-10.00 50.00 0.55509
-5.00 50.00 0.44131
0.00 50.00 0.24806
5.00 50.00 0.60316E-02
10.00 50.00 -0.22265
15.00 50.00 -0.34168
20.00 50.00 -0.27394
25.00 50.00 -0.35288E-01
30.00 50.00 0.24531
35.00 50.00 0.39812
40.00 50.00 0.33333
45.00 50.00 0.11267
50.00 50.00 -0.93192E-01
55.00 50.00 -0.13257
60.00 50.00 0.16931E-01
65.00 50.00 0.24397
-85.00 55.00 0.54665
-45.00 55.00 -0.48020
-40.00 55.00 -0.52731
-35.00 55.00 -0.39127
-30.00 55.00 -0.10697
-25.00 55.00 0.21558
-20.00 55.00 0.46318
-15.00 55.00 0.58045
-10.00 55.00 0.57298
-5.00 55.00 0.46691
0.00 55.00 0.27985
5.00 55.00 0.36353E-01
10.00 55.00 -0.19744
15.00 55.00 -0.31710
20.00 55.00 -0.24360
25.00 55.00 -0.91462E-03
30.00 55.00 0.27086
35.00 55.00 0.39941
40.00 55.00 0.30593
45.00 55.00 0.69978E-01
85.00 55.00 0.34504
-80.00 60.00 0.55076
-75.00 60.00 0.44834
-70.00 60.00 0.29178
-65.00 60.00 0.12954
-60.00 60.00 -0.30412E-01
-55.00 60.00 -0.20478
-50.00 60.00 -0.38500
-45.00 60.00 -0.51067
-40.00 60.00 -0.50227
-35.00 60.00 -0.32767
-30.00 60.00 -0.39455E-01
-25.00 60.00 0.25416
-20.00 60.00 0.45933
-15.00 60.00 0.54469
-10.00 60.00 0.53012
-5.00 60.00 0.44038
0.00 60.00 0.28054
5.00 60.00 0.61097E-01
10.00 60.00 -0.16045
15.00 60.00 -0.28202
20.00 60.00 -0.22312
25.00 60.00 -0.38733E-02
30.00 60.00 0.24260
35.00 60.00 0.35419
40.00 60.00 0.26198
45.00 60.00 0.48750E-01
50.00 60.00 -0.11129
55.00 60.00 -0.86625E-01
60.00 60.00 0.11290
65.00 60.00 0.35275
70.00 60.00 0.48674
75.00 60.00 0.47128
80.00 60.00 0.38263
-45.00 65.00 -0.50432
-40.00 65.00 -0.44569
-35.00 65.00 -0.24601
-30.00 65.00 0.29303E-01
-25.00 65.00 0.27892
-20.00 65.00 0.43086
-15.00 65.00 0.47785
-10.00 65.00 0.45414
-5.00 65.00 0.38415
0.00 65.00 0.26086
5.00 65.00 0.77600E-01
10.00 65.00 -0.12375
15.00 65.00 -0.25004
20.00 65.00 -0.21949
25.00 65.00 -0.39802E-01
30.00 65.00 0.17572
35.00 65.00 0.28342
40.00 65.00 0.22122
45.00 65.00 0.62007E-01
-65.00 70.00 0.48580E-01
-60.00 70.00 -0.14748
-55.00 70.00 -0.31426
-50.00 70.00 -0.43073
-45.00 70.00 -0.45717
-40.00 70.00 -0.36021
-35.00 70.00 -0.15298
-30.00 70.00 0.94510E-01
-25.00 70.00 0.29359
-20.00 70.00 0.39381
-15.00 70.00 0.40660
-10.00 70.00 0.37488
-5.00 70.00 0.32126
0.00 70.00 0.22939
5.00 70.00 0.78981E-01
10.00 70.00 -0.10293
15.00 70.00 -0.23412
20.00 70.00 -0.23297
25.00 70.00 -0.92736E-01
30.00 70.00 0.97761E-01
35.00 70.00 0.21609
40.00 70.00 0.20401
45.00 70.00 0.11623
50.00 70.00 0.73950E-01
55.00 70.00 0.16054
60.00 70.00 0.34887
65.00 70.00 0.52336
-70.00 75.00 0.25169
-45.00 75.00 -0.37170
-40.00 75.00 -0.25312
-35.00 75.00 -0.57422E-01
-30.00 75.00 0.15077
-25.00 75.00 0.30144
-20.00 75.00 0.36319
-15.00 75.00 0.35691
-10.00 75.00 0.32447
-5.00 75.00 0.28284
0.00 75.00 0.21039
5.00 75.00 0.81341E-01
10.00 75.00 -0.85702E-01
15.00 75.00 -0.21819
20.00 75.00 -0.23770
25.00 75.00 -0.12692
30.00 75.00 0.47491E-01
35.00 75.00 0.18349
40.00 75.00 0.22565
45.00 75.00 0.20853
70.00 75.00 0.60984
-75.00 80.00 0.45610
-65.00 80.00 0.29731E-01
-60.00 80.00 -0.15460
-55.00 80.00 -0.26935
-50.00 80.00 -0.30388
-45.00 80.00 -0.25590
-40.00 80.00 -0.13369
-35.00 80.00 0.33150E-01
-30.00 80.00 0.19516
-25.00 80.00 0.30589
-20.00 80.00 0.34974
-15.00 80.00 0.34702
-10.00 80.00 0.32797
-5.00 80.00 0.29918
0.00 80.00 0.23724
5.00 80.00 0.11963
10.00 80.00 -0.35529E-01
15.00 80.00 -0.16304
20.00 80.00 -0.19161
25.00 80.00 -0.10036
30.00 80.00 0.60524E-01
35.00 80.00 0.20754
40.00 80.00 0.28986
45.00 80.00 0.32563
50.00 80.00 0.37549
55.00 80.00 0.47706
60.00 80.00 0.60079
65.00 80.00 0.66956
75.00 80.00 0.49389
-45.00 85.00 -0.12239
-40.00 85.00 -0.12246E-01
-35.00 85.00 0.11344
-30.00 85.00 0.22721
-25.00 85.00 0.30882
-20.00 85.00 0.35497
-15.00 85.00 0.37755
-10.00 85.00 0.38716
-5.00 85.00 0.37631
0.00 85.00 0.32221
5.00 85.00 0.21211
10.00 85.00 0.69837E-01
15.00 85.00 -0.45078E-01
20.00 85.00 -0.72450E-01
25.00 85.00 0.49407E-02
30.00 85.00 0.14718
35.00 85.00 0.28772
40.00 85.00 0.38421
45.00 85.00 0.44557
-80.00 90.00 0.57959
-70.00 90.00 0.28265
-65.00 90.00 0.84163E-01
-60.00 90.00 -0.52900E-01
-55.00 90.00 -0.98219E-01
-50.00 90.00 -0.64549E-01
-45.00 90.00 0.12662E-01
-40.00 90.00 0.99964E-01
-35.00 90.00 0.17916
-30.00 90.00 0.24704
-25.00 90.00 0.30846
-20.00 90.00 0.36888
-15.00 90.00 0.42750
-10.00 90.00 0.47220
-5.00 90.00 0.48078
0.00 90.00 0.43310
5.00 90.00 0.32992
10.00 90.00 0.20409
15.00 90.00 0.11006
20.00 90.00 0.93614E-01
25.00 90.00 0.16217
30.00 90.00 0.28041
35.00 90.00 0.39706
40.00 90.00 0.48216
45.00 90.00 0.54317
50.00 90.00 0.60579
55.00 90.00 0.67710
60.00 90.00 0.72679
65.00 90.00 0.70765
70.00 90.00 0.60136
80.00 90.00 0.32991
-45.00 95.00 0.13194
-40.00 95.00 0.19146
-35.00 95.00 0.22617
-30.00 95.00 0.25411
-25.00 95.00 0.30010
-20.00 95.00 0.37446
-15.00 95.00 0.46324
-10.00 95.00 0.53398
-5.00 95.00 0.55307
0.00 95.00 0.50563
5.00 95.00 0.40752
10.00 95.00 0.30142
15.00 95.00 0.23649
20.00 95.00 0.24189
25.00 95.00 0.31086
30.00 95.00 0.40769
35.00 95.00 0.49371
40.00 95.00 0.55321
45.00 95.00 0.59817
-75.00 100.00 0.49787
-65.00 100.00 0.18464
-60.00 100.00 0.95824E-01
-55.00 100.00 0.95773E-01
-50.00 100.00 0.15533
-45.00 100.00 0.22087
-40.00 100.00 0.25329
-35.00 100.00 0.25192
-30.00 100.00 0.24882
-25.00 100.00 0.28046
-20.00 100.00 0.35814
-15.00 100.00 0.45743
-10.00 100.00 0.53253
-5.00 100.00 0.54491
0.00 100.00 0.48781
5.00 100.00 0.39165
10.00 100.00 0.30736
15.00 100.00 0.27790
20.00 100.00 0.31519
25.00 100.00 0.39649
30.00 100.00 0.48228
35.00 100.00 0.54321
40.00 100.00 0.57706
45.00 100.00 0.60299
50.00 100.00 0.63774
55.00 100.00 0.67337
60.00 100.00 0.67728
65.00 100.00 0.61787
75.00 100.00 0.36384
-70.00 105.00 0.37419
-45.00 105.00 0.27222
-40.00 105.00 0.28318
-35.00 105.00 0.25902
-30.00 105.00 0.23628
-25.00 105.00 0.25347
-20.00 105.00 0.31973
-15.00 105.00 0.40546
-10.00 105.00 0.46131
-5.00 105.00 0.45171
0.00 105.00 0.37982
5.00 105.00 0.28695
10.00 105.00 0.22751
15.00 105.00 0.23613
20.00 105.00 0.30859
25.00 105.00 0.40810
30.00 105.00 0.49154
35.00 105.00 0.53694
40.00 105.00 0.55318
45.00 105.00 0.56579
70.00 105.00 0.42618
-85.00 110.00 0.55670
-65.00 110.00 0.29005
-60.00 110.00 0.22242
-55.00 110.00 0.21947
-50.00 110.00 0.25624
-45.00 110.00 0.28923
-40.00 110.00 0.28864
-35.00 110.00 0.25818
-30.00 110.00 0.22900
-25.00 110.00 0.23286
-20.00 110.00 0.27506
-15.00 110.00 0.32773
-10.00 110.00 0.34883
-5.00 110.00 0.31335
0.00 110.00 0.23397
5.00 110.00 0.15575
10.00 110.00 0.12810
15.00 110.00 0.17329
20.00 110.00 0.27314
25.00 110.00 0.38270
30.00 110.00 0.46042
35.00 110.00 0.49322
40.00 110.00 0.49903
45.00 110.00 0.50627
50.00 110.00 0.52688
55.00 110.00 0.54432
60.00 110.00 0.52681
65.00 110.00 0.45635
85.00 110.00 0.30046
-45.00 115.00 0.28508
-40.00 115.00 0.28586
-35.00 115.00 0.26655
-30.00 115.00 0.24460
-25.00 115.00 0.23828
-20.00 115.00 0.24880
-15.00 115.00 0.25692
-10.00 115.00 0.23779
-5.00 115.00 0.18318
0.00 115.00 0.11362
5.00 115.00 0.69169E-01
10.00 115.00 0.83869E-01
15.00 115.00 0.16182
20.00 115.00 0.27285
25.00 115.00 0.37170
30.00 115.00 0.42731
35.00 115.00 0.44056
40.00 115.00 0.43791
45.00 115.00 0.44618
-80.00 120.00 0.57757
-75.00 120.00 0.54380
-70.00 120.00 0.46448
-65.00 120.00 0.37377
-60.00 120.00 0.30252
-55.00 120.00 0.26661
-50.00 120.00 0.26333
-45.00 120.00 0.27767
-40.00 120.00 0.29310
-35.00 120.00 0.30001
-30.00 120.00 0.29687
-25.00 120.00 0.28471
-20.00 120.00 0.26091
-15.00 120.00 0.21941
-10.00 120.00 0.15884
-5.00 120.00 0.92015E-01
0.00 120.00 0.46389E-01
5.00 120.00 0.50978E-01
10.00 120.00 0.11646
15.00 120.00 0.22339
20.00 120.00 0.33005
25.00 120.00 0.39704
30.00 120.00 0.41209
35.00 120.00 0.39612
40.00 120.00 0.38496
45.00 120.00 0.39979
50.00 120.00 0.42934
55.00 120.00 0.43829
60.00 120.00 0.39655
65.00 120.00 0.30728
70.00 120.00 0.21130
75.00 120.00 0.16378
80.00 120.00 0.19648
-45.00 125.00 0.28180
-40.00 125.00 0.32086
-35.00 125.00 0.36170
-30.00 125.00 0.38315
-25.00 125.00 0.36898
-20.00 125.00 0.31276
-15.00 125.00 0.22148
-10.00 125.00 0.11739
-5.00 125.00 0.35089E-01
0.00 125.00 0.10267E-01
5.00 125.00 0.61656E-01
10.00 125.00 0.17599
15.00 125.00 0.30874
20.00 125.00 0.40551
25.00 125.00 0.43368
30.00 125.00 0.40267
35.00 125.00 0.35645
40.00 125.00 0.34103
45.00 125.00 0.36971
-65.00 130.00 0.43143
-60.00 130.00 0.35651
-55.00 130.00 0.29812
-50.00 130.00 0.27692
-45.00 130.00 0.30230
-40.00 130.00 0.36409
-35.00 130.00 0.43383
-30.00 130.00 0.47567
-25.00 130.00 0.46082
-20.00 130.00 0.37925
-15.00 130.00 0.24543
-10.00 130.00 0.97363E-01
-5.00 130.00 -0.13149E-01
0.00 130.00 -0.39790E-01
5.00 130.00 0.34242E-01
10.00 130.00 0.18098
15.00 130.00 0.33566
20.00 130.00 0.43001
25.00 130.00 0.43295
30.00 130.00 0.37047
35.00 130.00 0.30697
40.00 130.00 0.29831
45.00 130.00 0.35007
50.00 130.00 0.41335
55.00 130.00 0.42269
60.00 130.00 0.34801
65.00 130.00 0.22069
-70.00 135.00 0.51131
-45.00 135.00 0.33218
-40.00 135.00 0.40235
-35.00 135.00 0.48005
-30.00 135.00 0.52526
-25.00 135.00 0.50654
-20.00 135.00 0.41194
-15.00 135.00 0.25432
-10.00 135.00 0.72422E-01
-5.00 135.00 -0.75794E-01
0.00 135.00 -0.13288
5.00 135.00 -0.71738E-01
10.00 135.00 0.81515E-01
15.00 135.00 0.25303
20.00 135.00 0.36083
25.00 135.00 0.36643
30.00 135.00 0.30085
35.00 135.00 0.24129
40.00 135.00 0.25202
45.00 135.00 0.33368
70.00 135.00 0.84387E-01
-75.00 140.00 0.53945
-65.00 140.00 0.46794
-60.00 140.00 0.40652
-55.00 140.00 0.35347
-50.00 140.00 0.33382
-45.00 140.00 0.35728
-40.00 140.00 0.40970
-35.00 140.00 0.46103
-30.00 140.00 0.48103
-25.00 140.00 0.44927
-20.00 140.00 0.35622
-15.00 140.00 0.20416
-10.00 140.00 0.14888E-01
-5.00 140.00 -0.16321
0.00 140.00 -0.26544
5.00 140.00 -0.24429
10.00 140.00 -0.10676
15.00 140.00 0.77783E-01
20.00 140.00 0.21592
25.00 140.00 0.25290
30.00 140.00 0.21161
35.00 140.00 0.17278
40.00 140.00 0.20785
45.00 140.00 0.31765
50.00 140.00 0.42838
55.00 140.00 0.45036
60.00 140.00 0.35216
65.00 140.00 0.18953
75.00 140.00 0.56581E-01
-45.00 145.00 0.36506
-40.00 145.00 0.37001
-35.00 145.00 0.35733
-30.00 145.00 0.31943
-25.00 145.00 0.26036
-20.00 145.00 0.17941
-15.00 145.00 0.63268E-01
-10.00 145.00 -0.97206E-01
-5.00 145.00 -0.27822
0.00 145.00 -0.41546
5.00 145.00 -0.43768
10.00 145.00 -0.32188
15.00 145.00 -0.12245
20.00 145.00 0.58910E-01
25.00 145.00 0.14564
30.00 145.00 0.14279
35.00 145.00 0.12756
40.00 145.00 0.17860
45.00 145.00 0.30340
-80.00 150.00 0.50992
-70.00 150.00 0.50746
-65.00 150.00 0.48461
-60.00 150.00 0.44878
-55.00 150.00 0.41344
-50.00 150.00 0.38567
-45.00 150.00 0.35232
-40.00 150.00 0.28894
-35.00 150.00 0.18635
-30.00 150.00 0.66511E-01
-25.00 150.00 -0.34243E-01
-20.00 150.00 -0.10233
-15.00 150.00 -0.16590
-10.00 150.00 -0.26951
-5.00 150.00 -0.42174
0.00 150.00 -0.56616
5.00 150.00 -0.61176
10.00 150.00 -0.50497
15.00 150.00 -0.28200
20.00 150.00 -0.50353E-01
25.00 150.00 0.90779E-01
30.00 150.00 0.12511
35.00 150.00 0.12332
40.00 150.00 0.17229
45.00 150.00 0.29201
50.00 150.00 0.41454
55.00 150.00 0.44405
60.00 150.00 0.34446
65.00 150.00 0.17705
70.00 150.00 0.55504E-01
80.00 150.00 0.17461
-45.00 155.00 0.32683
-40.00 155.00 0.19377
-35.00 155.00 0.59072E-03
-30.00 155.00 -0.20365
-25.00 155.00 -0.35256
-20.00 155.00 -0.41718
-15.00 155.00 -0.43513
-10.00 155.00 -0.47932
-5.00 155.00 -0.58700
0.00 155.00 -0.71259
5.00 155.00 -0.75370
10.00 155.00 -0.63509
15.00 155.00 -0.37915
20.00 155.00 -0.97894E-01
25.00 155.00 0.90896E-01
30.00 155.00 0.15236
35.00 155.00 0.15094
40.00 155.00 0.18167
45.00 155.00 0.27941
-75.00 160.00 0.47696
-65.00 160.00 0.48038
-60.00 160.00 0.46737
-55.00 160.00 0.44437
-50.00 160.00 0.39980
-45.00 160.00 0.30161
-40.00 160.00 0.11961
-35.00 160.00 -0.13593
-30.00 160.00 -0.40010
-25.00 160.00 -0.58912
-20.00 160.00 -0.66387
-15.00 160.00 -0.66416
-10.00 160.00 -0.67541
-5.00 160.00 -0.74930
0.00 160.00 -0.84803
5.00 160.00 -0.86727
10.00 160.00 -0.72427
15.00 160.00 -0.43628
20.00 160.00 -0.11802
25.00 160.00 0.10285
30.00 160.00 0.18056
35.00 160.00 0.17466
40.00 160.00 0.18458
45.00 160.00 0.25664
50.00 160.00 0.34731
55.00 160.00 0.37249
60.00 160.00 0.29359
65.00 160.00 0.16014
75.00 160.00 0.94496E-01
-85.00 165.00 0.46219
-70.00 165.00 0.46530
-45.00 165.00 0.28542
-40.00 165.00 0.88843E-01
-35.00 165.00 -0.18201
-30.00 165.00 -0.46221
-25.00 165.00 -0.66929
-20.00 165.00 -0.76375
-15.00 165.00 -0.78128
-10.00 165.00 -0.80083
-5.00 165.00 -0.86971
0.00 165.00 -0.95163
5.00 165.00 -0.94911
10.00 165.00 -0.78701
15.00 165.00 -0.48589
20.00 165.00 -0.15859
25.00 165.00 0.70566E-01
30.00 165.00 0.15584
35.00 165.00 0.15272
40.00 165.00 0.15669
45.00 165.00 0.21581
70.00 165.00 0.88571E-01
85.00 165.00 0.35577
-65.00 170.00 0.45919
-60.00 170.00 0.45756
-55.00 170.00 0.43554
-50.00 170.00 0.38242
-45.00 170.00 0.27596
-40.00 170.00 0.96886E-01
-35.00 170.00 -0.14379
-30.00 170.00 -0.39516
-25.00 170.00 -0.59355
-20.00 170.00 -0.70913
-15.00 170.00 -0.76913
-10.00 170.00 -0.83026
-5.00 170.00 -0.91964
0.00 170.00 -0.99775
5.00 170.00 -0.98247
10.00 170.00 -0.81937
15.00 170.00 -0.53784
20.00 170.00 -0.24091
25.00 170.00 -0.33479E-01
30.00 170.00 0.51323E-01
35.00 170.00 0.65245E-01
40.00 170.00 0.88863E-01
45.00 170.00 0.15833
50.00 170.00 0.23986
55.00 170.00 0.27108
60.00 170.00 0.22726
65.00 170.00 0.15000
-45.00 175.00 0.26078
-40.00 175.00 0.11403
-35.00 175.00 -0.72557E-01
-30.00 175.00 -0.26922
-25.00 175.00 -0.44067
-20.00 175.00 -0.57259
-15.00 175.00 -0.68156
-10.00 175.00 -0.79366
-5.00 175.00 -0.90813
0.00 175.00 -0.98205
5.00 175.00 -0.95669
10.00 175.00 -0.80790
15.00 175.00 -0.57625
20.00 175.00 -0.34637
25.00 175.00 -0.18887
30.00 175.00 -0.11287
35.00 175.00 -0.69588E-01
40.00 175.00 -0.29040E-02
45.00 175.00 0.98781E-01
-80.00 180.00 0.39587
-75.00 180.00 0.38929
-70.00 180.00 0.40833
-65.00 180.00 0.42985
-60.00 180.00 0.42906
-55.00 180.00 0.39376
-50.00 180.00 0.32438
-45.00 180.00 0.22586
-40.00 180.00 0.10347
-35.00 180.00 -0.35267E-01
-30.00 180.00 -0.17990
-25.00 180.00 -0.32268
-20.00 180.00 -0.46473
-15.00 180.00 -0.61217
-10.00 180.00 -0.76079
-5.00 180.00 -0.88336
0.00 180.00 -0.93687
5.00 180.00 -0.89088
10.00 180.00 -0.75565
15.00 180.00 -0.58337
20.00 180.00 -0.43574
25.00 180.00 -0.34153
30.00 180.00 -0.27949
35.00 180.00 -0.20239
40.00 180.00 -0.82515E-01
45.00 180.00 0.60781E-01
50.00 180.00 0.17568
55.00 180.00 0.22201
60.00 180.00 0.20626
65.00 180.00 0.17742
70.00 180.00 0.18764
75.00 180.00 0.25181
80.00 180.00 0.33941
-45.00 -175 0.16626
-40.00 -175 0.44581E-01
-35.00 -175 -0.75001E-01
-30.00 -175 -0.19245
-25.00 -175 -0.31826
-20.00 -175 -0.46484
-15.00 -175 -0.63118
-10.00 -175 -0.79122
-5.00 -175 -0.89906
0.00 -175 -0.91443
5.00 -175 -0.83270
10.00 -175 -0.69478
15.00 -175 -0.56353
20.00 -175 -0.48078
25.00 -175 -0.43800
30.00 -175 -0.38608
35.00 -175 -0.27827
40.00 -175 -0.11191
45.00 -175 0.65612E-01
-65.00 -170 0.39731
-60.00 -170 0.39324
-55.00 -170 0.33722
-50.00 -170 0.23037
-45.00 -170 0.91668E-01
-40.00 -170 -0.53442E-01
-35.00 -170 -0.18651
-30.00 -170 -0.30633
-25.00 -170 -0.42882
-20.00 -170 -0.57258
-15.00 -170 -0.73645
-10.00 -170 -0.88671
-5.00 -170 -0.96963
0.00 -170 -0.94658
5.00 -170 -0.82685
10.00 -170 -0.66888
15.00 -170 -0.54300
20.00 -170 -0.48118
25.00 -170 -0.45437
30.00 -170 -0.39785
35.00 -170 -0.26603
40.00 -170 -0.72173E-01
45.00 -170 0.11964
50.00 -170 0.24333
55.00 -170 0.27951
60.00 -170 0.26502
65.00 -170 0.25857
-70.00 -165 0.35119
-45.00 -165 0.22551E-01
-40.00 -165 -0.15632
-35.00 -165 -0.32189
-30.00 -165 -0.46215
-25.00 -165 -0.58669
-20.00 -165 -0.71612
-15.00 -165 -0.85779
-10.00 -165 -0.98674
-5.00 -165 -1.0528
0.00 -165 -1.0149
5.00 -165 -0.87794
10.00 -165 -0.69799
15.00 -165 -0.54614
20.00 -165 -0.45673
25.00 -165 -0.40292
30.00 -165 -0.32258
35.00 -165 -0.17418
40.00 -165 0.24392E-01
45.00 -165 0.20765
70.00 -165 0.35547
-75.00 -160 0.31044
-65.00 -160 0.35558
-60.00 -160 0.34703
-55.00 -160 0.28257
-50.00 -160 0.15652
-45.00 -160 -0.20711E-01
-40.00 -160 -0.22433
-35.00 -160 -0.42108
-30.00 -160 -0.58380
-25.00 -160 -0.70723
-20.00 -160 -0.80964
-15.00 -160 -0.91275
-10.00 -160 -1.0140
-5.00 -160 -1.0777
0.00 -160 -1.0584
5.00 -160 -0.94019
10.00 -160 -0.75673
15.00 -160 -0.57051
20.00 -160 -0.42596
25.00 -160 -0.31756
30.00 -160 -0.20232
35.00 -160 -0.46240E-01
40.00 -160 0.13783
45.00 -160 0.29637
50.00 -160 0.38046
55.00 -160 0.38853
60.00 -160 0.36745
65.00 -160 0.37144
75.00 -160 0.47344
-45.00 -155 -0.29037E-01
-40.00 -155 -0.23382
-35.00 -155 -0.44574
-30.00 -155 -0.62442
-25.00 -155 -0.74454
-20.00 -155 -0.81473
-15.00 -155 -0.86913
-10.00 -155 -0.93379
-5.00 -155 -0.99723
0.00 -155 -1.0144
5.00 -155 -0.94372
10.00 -155 -0.78523
15.00 -155 -0.58319
20.00 -155 -0.39128
25.00 -155 -0.23227
30.00 -155 -0.89972E-01
35.00 -155 0.60800E-01
40.00 -155 0.21797
45.00 -155 0.34726
-80.00 -150 0.29924
-70.00 -150 0.28795
-65.00 -150 0.29319
-60.00 -150 0.26933
-55.00 -150 0.21215
-50.00 -150 0.12193
-45.00 -150 -0.92257E-02
-40.00 -150 -0.18738
-35.00 -150 -0.39469
-30.00 -150 -0.58488
-25.00 -150 -0.71000
-20.00 -150 -0.75791
-15.00 -150 -0.76330
-10.00 -150 -0.77706
-5.00 -150 -0.81911
0.00 -150 -0.85799
5.00 -150 -0.83730
10.00 -150 -0.72523
15.00 -150 -0.54192
20.00 -150 -0.34121
25.00 -150 -0.16680
30.00 -150 -0.25074E-01
35.00 -150 0.10273
40.00 -150 0.22699
45.00 -150 0.33273
50.00 -150 0.39693
55.00 -150 0.41938
60.00 -150 0.43080
65.00 -150 0.46563
70.00 -150 0.52540
80.00 -150 0.56657
-45.00 -145 0.20308E-01
-40.00 -145 -0.10832
-35.00 -145 -0.29481
-30.00 -145 -0.49729
-25.00 -145 -0.64552
-20.00 -145 -0.69443
-15.00 -145 -0.66128
-10.00 -145 -0.60978
-5.00 -145 -0.59403
0.00 -145 -0.61314
5.00 -145 -0.61709
10.00 -145 -0.55586
15.00 -145 -0.42468
20.00 -145 -0.26482
25.00 -145 -0.12431
30.00 -145 -0.19545E-01
35.00 -145 0.66844E-01
40.00 -145 0.15630
45.00 -145 0.24835
-85.00 -140 0.35390
-75.00 -140 0.25165
-65.00 -140 0.21138
-60.00 -140 0.14839
-55.00 -140 0.87758E-01
-50.00 -140 0.57737E-01
-45.00 -140 0.39262E-01
-40.00 -140 -0.26030E-01
-35.00 -140 -0.17935
-30.00 -140 -0.39363
-25.00 -140 -0.58052
-20.00 -140 -0.65477
-15.00 -140 -0.60015
-10.00 -140 -0.47840
-5.00 -140 -0.37498
0.00 -140 -0.33193
5.00 -140 -0.32631
10.00 -140 -0.30666
15.00 -140 -0.24668
20.00 -140 -0.16480
25.00 -140 -0.97048E-01
30.00 -140 -0.56992E-01
35.00 -140 -0.24301E-01
40.00 -140 0.30477E-01
45.00 -140 0.11550
50.00 -140 0.21429
55.00 -140 0.30909
60.00 -140 0.40031
65.00 -140 0.49718
75.00 -140 0.64394
85.00 -140 0.52375
-70.00 -135 0.22476
-45.00 -135 0.34523E-01
-40.00 -135 0.36814E-01
-35.00 -135 -0.72368E-01
-30.00 -135 -0.28830
-25.00 -135 -0.51297
-20.00 -135 -0.62352
-15.00 -135 -0.56405
-10.00 -135 -0.38317
-5.00 -135 -0.18950
0.00 -135 -0.68863E-01
5.00 -135 -0.34489E-01
10.00 -135 -0.44126E-01
15.00 -135 -0.54870E-01
20.00 -135 -0.59085E-01
25.00 -135 -0.73349E-01
30.00 -135 -0.10281
35.00 -135 -0.12398
40.00 -135 -0.10307
45.00 -135 -0.26701E-01
70.00 -135 0.60118
-65.00 -130 0.13799
-60.00 -130 0.20737E-01
-55.00 -130 -0.72553E-01
-50.00 -130 -0.74748E-01
-45.00 -130 0.42320E-02
-40.00 -130 0.68526E-01
-35.00 -130 0.11692E-01
-30.00 -130 -0.18652
-25.00 -130 -0.42925
-20.00 -130 -0.56873
-15.00 -130 -0.51580
-10.00 -130 -0.30199
-5.00 -130 -0.47606E-01
0.00 -130 0.12979
5.00 -130 0.18720
10.00 -130 0.15726
15.00 -130 0.95038E-01
20.00 -130 0.29159E-01
25.00 -130 -0.41941E-01
30.00 -130 -0.11949
35.00 -130 -0.18162
40.00 -130 -0.19362
45.00 -130 -0.13656
50.00 -130 -0.20746E-01
55.00 -130 0.12832
60.00 -130 0.29105
65.00 -130 0.45495
-45.00 -125 -0.43350E-01
-40.00 -125 0.66023E-01
-35.00 -125 0.59717E-01
-30.00 -125 -0.10426
-25.00 -125 -0.33957
-20.00 -125 -0.49105
-15.00 -125 -0.45109
-10.00 -125 -0.23663
-5.00 -125 0.32158E-01
0.00 -125 0.22528
5.00 -125 0.28661
10.00 -125 0.24584
15.00 -125 0.16601
20.00 -125 0.85844E-01
25.00 -125 0.61583E-02
30.00 -125 -0.81235E-01
35.00 -125 -0.16340
40.00 -125 -0.20731
45.00 -125 -0.18545
-80.00 -120 0.25237
-75.00 -120 0.22700
-70.00 -120 0.20268
-65.00 -120 0.11479
-60.00 -120 -0.35431E-01
-55.00 -120 -0.16787
-50.00 -120 -0.19124
-45.00 -120 -0.93375E-01
-40.00 -120 0.32529E-01
-35.00 -120 0.57543E-01
-30.00 -120 -0.73648E-01
-25.00 -120 -0.28916
-20.00 -120 -0.44091
-15.00 -120 -0.41808
-10.00 -120 -0.22818
-5.00 -120 0.17704E-01
0.00 -120 0.19488
5.00 -120 0.25009
10.00 -120 0.21616
15.00 -120 0.15906
20.00 -120 0.11568
25.00 -120 0.76550E-01
30.00 -120 0.16808E-01
35.00 -120 -0.65195E-01
40.00 -120 -0.13955
45.00 -120 -0.16738
50.00 -120 -0.12581
55.00 -120 -0.13645E-01
60.00 -120 0.15630
65.00 -120 0.35880
70.00 -120 0.54912
75.00 -120 0.66553
80.00 -120 0.66248
-45.00 -115 -0.12780
-40.00 -115 -0.20593E-01
-35.00 -115 0.46745E-03
-30.00 -115 -0.12179
-25.00 -115 -0.32688
-20.00 -115 -0.47995
-15.00 -115 -0.47620
-10.00 -115 -0.31799
-5.00 -115 -0.10339
0.00 -115 0.56809E-01
5.00 -115 0.11857
10.00 -115 0.11746
15.00 -115 0.11604
20.00 -115 0.14180
25.00 -115 0.17006
30.00 -115 0.15748
35.00 -115 0.87205E-01
40.00 -115 -0.14869E-01
45.00 -115 -0.98915E-01
-65.00 -110 0.16168
-60.00 -110 0.33772E-01
-55.00 -110 -0.10037
-50.00 -110 -0.16110
-45.00 -110 -0.12849
-40.00 -110 -0.70830E-01
-35.00 -110 -0.91582E-01
-30.00 -110 -0.23842
-25.00 -110 -0.45442
-20.00 -110 -0.61617
-15.00 -110 -0.62696
-10.00 -110 -0.48652
-5.00 -110 -0.28138
0.00 -110 -0.11064
5.00 -110 -0.14150E-01
10.00 -110 0.39122E-01
15.00 -110 0.10268
20.00 -110 0.19466
25.00 -110 0.28124
30.00 -110 0.30871
35.00 -110 0.24975
40.00 -110 0.12498
45.00 -110 -0.10105E-01
50.00 -110 -0.94053E-01
55.00 -110 -0.82703E-01
60.00 -110 0.37849E-01
65.00 -110 0.24292
-70.00 -105 0.23880
-45.00 -105 -0.81658E-01
-40.00 -105 -0.87354E-01
-35.00 -105 -0.17114
-30.00 -105 -0.36314
-25.00 -105 -0.60245
-20.00 -105 -0.77241
-15.00 -105 -0.78320
-10.00 -105 -0.63366
-5.00 -105 -0.40378
0.00 -105 -0.18940
5.00 -105 -0.36978E-01
10.00 -105 0.70829E-01
15.00 -105 0.17607
20.00 -105 0.29460
25.00 -105 0.39764
30.00 -105 0.43560
35.00 -105 0.37827
40.00 -105 0.23875
45.00 -105 0.68854E-01
70.00 -105 0.42330
-75.00 -100 0.23314
-65.00 -100 0.25156
-60.00 -100 0.19684
-55.00 -100 0.11711
-50.00 -100 0.54563E-01
-45.00 -100 0.16169E-01
-40.00 -100 -0.43169E-01
-35.00 -100 -0.18214
-30.00 -100 -0.41102
-25.00 -100 -0.66244
-20.00 -100 -0.82493
-15.00 -100 -0.81542
-10.00 -100 -0.63377
-5.00 -100 -0.35790
0.00 -100 -0.87583E-01
5.00 -100 0.11608
10.00 -100 0.25144
15.00 -100 0.35056
20.00 -100 0.43665
25.00 -100 0.50101
30.00 -100 0.51237
35.00 -100 0.44476
40.00 -100 0.30097
45.00 -100 0.11896
50.00 -100 -0.38523E-01
55.00 -100 -0.10555
60.00 -100 -0.41238E-01
65.00 -100 0.14416
75.00 -100 0.56926
-45.00 -95 0.15298
-40.00 -95 0.68603E-01
-35.00 -95 -0.92227E-01
-30.00 -95 -0.32393
-25.00 -95 -0.55718
-20.00 -95 -0.68953
-15.00 -95 -0.64702
-10.00 -95 -0.43133
-5.00 -95 -0.11823
0.00 -95 0.18868
5.00 -95 0.41358
10.00 -95 0.53644
15.00 -95 0.58208
20.00 -95 0.58702
25.00 -95 0.57103
30.00 -95 0.52936
35.00 -95 0.44479
40.00 -95 0.30837
45.00 -95 0.13699
-80.00 -90 0.24253
-70.00 -90 0.27742
-65.00 -90 0.32674
-60.00 -90 0.35144
-55.00 -90 0.35033
-50.00 -90 0.33472
-45.00 -90 0.30142
-40.00 -90 0.22551
-35.00 -90 0.83719E-01
-30.00 -90 -0.11129
-25.00 -90 -0.29763
-20.00 -90 -0.38878
-15.00 -90 -0.32231
-10.00 -90 -0.99013E-01
-5.00 -90 0.21404
0.00 -90 0.51761
5.00 -90 0.72822
10.00 -90 0.81132
15.00 -90 0.78461
20.00 -90 0.69578
25.00 -90 0.59112
30.00 -90 0.49260
35.00 -90 0.39377
40.00 -90 0.27553
45.00 -90 0.13228
50.00 -90 -0.86580E-02
55.00 -90 -0.90951E-01
60.00 -90 -0.60338E-01
65.00 -90 0.93977E-01
70.00 -90 0.31759
80.00 -90 0.59238
-85.00 -85 0.32769
-45.00 -85 0.42652
-40.00 -85 0.38225
-35.00 -85 0.28743
-30.00 -85 0.15151
-25.00 -85 0.19203E-01
-20.00 -85 -0.44292E-01
-15.00 -85 0.12950E-01
-10.00 -85 0.19790
-5.00 -85 0.46318
0.00 -85 0.72584
5.00 -85 0.90388
10.00 -85 0.95117
15.00 -85 0.87379
20.00 -85 0.72067
25.00 -85 0.55432
30.00 -85 0.41758
35.00 -85 0.31550
40.00 -85 0.22372
45.00 -85 0.11861
85.00 -85 0.53017
-75.00 -80 0.22929
-65.00 -80 0.34625
-60.00 -80 0.41031
-55.00 -80 0.45540
-50.00 -80 0.48416
-45.00 -80 0.49871
-40.00 -80 0.49098
-35.00 -80 0.44798
-30.00 -80 0.36766
-25.00 -80 0.27168
-20.00 -80 0.20332
-15.00 -80 0.20877
-10.00 -80 0.31134
-5.00 -80 0.49343
0.00 -80 0.69774
5.00 -80 0.84984
10.00 -80 0.89233
15.00 -80 0.81277
20.00 -80 0.64897
25.00 -80 0.46661
30.00 -80 0.32148
35.00 -80 0.23030
40.00 -80 0.17001
45.00 -80 0.10647
50.00 -80 0.31051E-01
55.00 -80 -0.24418E-01
60.00 -80 -0.86698E-02
65.00 -80 0.10564
75.00 -80 0.46593
-70.00 -75 0.26700
-45.00 -75 0.50559
-40.00 -75 0.52375
-35.00 -75 0.51921
-30.00 -75 0.47483
-25.00 -75 0.38880
-20.00 -75 0.28590
-15.00 -75 0.21205
-10.00 -75 0.21208
-5.00 -75 0.30176
0.00 -75 0.45191
5.00 -75 0.59731
10.00 -75 0.66894
15.00 -75 0.63186
20.00 -75 0.50464
25.00 -75 0.34636
30.00 -75 0.21885
35.00 -75 0.14977
40.00 -75 0.12256
45.00 -75 0.99816E-01
70.00 -75 0.28854
-65.00 -70 0.31916
-60.00 -70 0.37641
-55.00 -70 0.41256
-50.00 -70 0.43388
-45.00 -70 0.45578
-40.00 -70 0.48309
-35.00 -70 0.49914
-30.00 -70 0.47332
-25.00 -70 0.38406
-20.00 -70 0.24172
-15.00 -70 0.93743E-01
-10.00 -70 0.41407E-02
-5.00 -70 0.17069E-01
0.00 -70 0.12709
5.00 -70 0.27735
10.00 -70 0.38985
15.00 -70 0.41015
20.00 -70 0.33754
25.00 -70 0.22079
30.00 -70 0.12285
35.00 -70 0.79950E-01
40.00 -70 0.83788E-01
45.00 -70 0.98208E-01
50.00 -70 0.95306E-01
55.00 -70 0.81681E-01
60.00 -70 0.93648E-01
65.00 -70 0.16502
-45.00 -65 0.37302
-40.00 -65 0.39528
-35.00 -65 0.42054
-30.00 -65 0.41008
-25.00 -65 0.32753
-20.00 -65 0.17061
-15.00 -65 -0.15652E-01
-10.00 -65 -0.15732
-5.00 -65 -0.19302
0.00 -65 -0.11205
5.00 -65 0.36806E-01
10.00 -65 0.17330
15.00 -65 0.23285
20.00 -65 0.20222
25.00 -65 0.12092
30.00 -65 0.49581E-01
35.00 -65 0.28815E-01
40.00 -65 0.57181E-01
45.00 -65 0.10160
-80.00 -60 0.25500
-75.00 -60 0.21943
-70.00 -60 0.24084
-65.00 -60 0.29043
-60.00 -60 0.32797
-55.00 -60 0.33005
-50.00 -60 0.30513
-45.00 -60 0.28427
-40.00 -60 0.29262
-35.00 -60 0.32344
-30.00 -60 0.33636
-25.00 -60 0.28432
-20.00 -60 0.15141
-15.00 -60 -0.26841E-01
-10.00 -60 -0.17810
-5.00 -60 -0.23529
0.00 -60 -0.17832
5.00 -60 -0.46874E-01
10.00 -60 0.84537E-01
15.00 -60 0.15199
20.00 -60 0.13792
25.00 -60 0.75079E-01
30.00 -60 0.18968E-01
35.00 -60 0.10012E-01
40.00 -60 0.51052E-01
45.00 -60 0.11314
50.00 -60 0.16224
55.00 -60 0.18597
60.00 -60 0.20112
65.00 -60 0.23754
70.00 -60 0.31119
75.00 -60 0.40499
80.00 -60 0.47620
-45.00 -55 0.20919
-40.00 -55 0.19759
-35.00 -55 0.23148
-30.00 -55 0.27407
-25.00 -55 0.27030
-20.00 -55 0.18915
-15.00 -55 0.51160E-01
-10.00 -55 -0.80467E-01
-5.00 -55 -0.13995
0.00 -55 -0.10168
5.00 -55 0.43908E-02
10.00 -55 0.11406
15.00 -55 0.17033
20.00 -55 0.15625
25.00 -55 0.99103E-01
30.00 -55 0.47085E-01
35.00 -55 0.37072E-01
40.00 -55 0.74724E-01
45.00 -55 0.13719
-65.00 -50 0.29484
-60.00 -50 0.33162
-55.00 -50 0.31254
-50.00 -50 0.23911
-45.00 -50 0.15604
-40.00 -50 0.11832
-35.00 -50 0.14785
-30.00 -50 0.21424
-25.00 -50 0.25629
-20.00 -50 0.22843
-15.00 -50 0.13608
-10.00 -50 0.32793E-01
-5.00 -50 -0.17956E-01
0.00 -50 0.13262E-01
5.00 -50 0.10416
10.00 -50 0.19941
15.00 -50 0.24872
20.00 -50 0.23622
25.00 -50 0.18376
30.00 -50 0.13103
35.00 -50 0.10984
40.00 -50 0.12864
45.00 -50 0.17347
50.00 -50 0.22084
55.00 -50 0.25350
60.00 -50 0.27072
65.00 -50 0.28772
-70.00 -45 0.24938
-45.00 -45 0.12437
-40.00 -45 0.54875E-01
-35.00 -45 0.68582E-01
-30.00 -45 0.14188
-25.00 -45 0.20894
-20.00 -45 0.21293
-15.00 -45 0.14909
-10.00 -45 0.66337E-01
-5.00 -45 0.28437E-01
0.00 -45 0.67227E-01
5.00 -45 0.16331
10.00 -45 0.26468
15.00 -45 0.32403
20.00 -45 0.32558
25.00 -45 0.28606
30.00 -45 0.23658
35.00 -45 0.20287
40.00 -45 0.19575
45.00 -45 0.21194
70.00 -45 0.32253
-75.00 -40 0.23812
-65.00 -40 0.32578
-60.00 -40 0.38115
-55.00 -40 0.36212
-50.00 -40 0.25492
-45.00 -40 0.11008
-40.00 -40 0.77129E-02
-35.00 -40 -0.27185E-02
-30.00 -40 0.60417E-01
-25.00 -40 0.12774
-20.00 -40 0.13549
-15.00 -40 0.75218E-01
-10.00 -40 -0.28099E-02
-5.00 -40 -0.31933E-01
0.00 -40 0.20126E-01
5.00 -40 0.13188
10.00 -40 0.24992
15.00 -40 0.32820
20.00 -40 0.35230
25.00 -40 0.33593
30.00 -40 0.30185
35.00 -40 0.26742
40.00 -40 0.24263
45.00 -40 0.23343
50.00 -40 0.24133
55.00 -40 0.26054
60.00 -40 0.28074
65.00 -40 0.29727
75.00 -40 0.35552
-45.00 -35 0.10812
-40.00 -35 -0.20458E-01
-35.00 -35 -0.53749E-01
-30.00 -35 -0.74895E-02
-25.00 -35 0.45635E-01
-20.00 -35 0.37990E-01
-15.00 -35 -0.38336E-01
-10.00 -35 -0.12865
-5.00 -35 -0.16293
0.00 -35 -0.11030
5.00 -35 0.36001E-02
10.00 -35 0.12407
15.00 -35 0.20945
20.00 -35 0.25154
25.00 -35 0.26467
30.00 -35 0.26313
35.00 -35 0.25168
40.00 -35 0.23318
45.00 -35 0.21757
-85.00 -30 0.38876
-80.00 -30 0.30611
-70.00 -30 0.27072
-65.00 -30 0.34635
-60.00 -30 0.41701
-55.00 -30 0.40642
-50.00 -30 0.28783
-45.00 -30 0.11147
-40.00 -30 -0.30786E-01
-35.00 -30 -0.77014E-01
-30.00 -30 -0.42933E-01
-25.00 -30 -0.48313E-02
-20.00 -30 -0.33199E-01
-15.00 -30 -0.13480
-10.00 -30 -0.25122
-5.00 -30 -0.31056
0.00 -30 -0.28391
5.00 -30 -0.19928
10.00 -30 -0.10822
15.00 -30 -0.41963E-01
20.00 -30 0.33508E-02
25.00 -30 0.46240E-01
30.00 -30 0.92532E-01
35.00 -30 0.13040
40.00 -30 0.14880
45.00 -30 0.15459
50.00 -30 0.16739
55.00 -30 0.19857
60.00 -30 0.23953
65.00 -30 0.27371
70.00 -30 0.29871
80.00 -30 0.37708
85.00 -30 0.42035
-45.00 -25 0.10895
-40.00 -25 -0.35790E-01
-35.00 -25 -0.85131E-01
-30.00 -25 -0.55991E-01
-25.00 -25 -0.27679E-01
-20.00 -25 -0.73207E-01
-15.00 -25 -0.19971
-10.00 -25 -0.34793
-5.00 -25 -0.44612
0.00 -25 -0.46662
5.00 -25 -0.43641
10.00 -25 -0.39962
15.00 -25 -0.37350
20.00 -25 -0.33972
25.00 -25 -0.27347
30.00 -25 -0.17559
35.00 -25 -0.74207E-01
40.00 -25 0.29531E-02
45.00 -25 0.53853E-01
-75.00 -20 0.26913
-65.00 -20 0.32664
-60.00 -20 0.38896
-55.00 -20 0.37802
-50.00 -20 0.26188
-45.00 -20 0.85932E-01
-40.00 -20 -0.59599E-01
-35.00 -20 -0.11251
-30.00 -20 -0.89283E-01
-25.00 -20 -0.69077E-01
-20.00 -20 -0.12576
-15.00 -20 -0.26830
-10.00 -20 -0.43970
-5.00 -20 -0.57020
0.00 -20 -0.63267
5.00 -20 -0.65153
10.00 -20 -0.66405
15.00 -20 -0.67701
20.00 -20 -0.66123
25.00 -20 -0.58537
30.00 -20 -0.45152
35.00 -20 -0.29661
40.00 -20 -0.16082
45.00 -20 -0.57018E-01
50.00 -20 0.29034E-01
55.00 -20 0.11263
60.00 -20 0.18991
65.00 -20 0.24581
75.00 -20 0.30787
-70.00 -15 0.26034
-45.00 -15 0.29728E-01
-40.00 -15 -0.12778
-35.00 -15 -0.19866
-30.00 -15 -0.19391
-25.00 -15 -0.18632
-20.00 -15 -0.24717
-15.00 -15 -0.38798
-10.00 -15 -0.55697
-5.00 -15 -0.68832
0.00 -15 -0.75586
5.00 -15 -0.78327
10.00 -15 -0.80737
15.00 -15 -0.83476
20.00 -15 -0.83421
25.00 -15 -0.76878
30.00 -15 -0.63294
35.00 -15 -0.45872
40.00 -15 -0.28823
45.00 -15 -0.14306
70.00 -15 0.27309
-65.00 -10 0.27190
-60.00 -10 0.30135
-55.00 -10 0.26936
-50.00 -10 0.13765
-45.00 -10 -0.62873E-01
-40.00 -10 -0.25208
-35.00 -10 -0.36313
-30.00 -10 -0.39415
-25.00 -10 -0.40420
-20.00 -10 -0.45861
-15.00 -10 -0.57293
-10.00 -10 -0.70409
-5.00 -10 -0.79258
0.00 -10 -0.81427
5.00 -10 -0.79520
10.00 -10 -0.78000
15.00 -10 -0.78741
20.00 -10 -0.79434
25.00 -10 -0.75964
30.00 -10 -0.66096
35.00 -10 -0.51065
40.00 -10 -0.34069
45.00 -10 -0.17747
50.00 -10 -0.31725E-01
55.00 -10 0.92282E-01
60.00 -10 0.18644
65.00 -10 0.24358
-45.00 -5 -0.18073
-40.00 -5 -0.41996
-35.00 -5 -0.58898
-30.00 -5 -0.66602
-25.00 -5 -0.69148
-20.00 -5 -0.72454
-15.00 -5 -0.78866
-10.00 -5 -0.85383
-5.00 -5 -0.86863
0.00 -5 -0.81038
5.00 -5 -0.70783
10.00 -5 -0.61787
15.00 -5 -0.57946
20.00 -5 -0.58513
25.00 -5 -0.59131
30.00 -5 -0.55377
35.00 -5 -0.45624
40.00 -5 -0.31319
45.00 -5 -0.15299
90.00 0.00 0.41166
-90.00 0.00 0.45784
