-85.00 0.00 0.41261
-80.00 0.00 0.36113
-75.00 0.00 0.31129
-70.00 0.00 0.30820
-65.00 0.00 0.34162
-60.00 0.00 0.34609
-55.00 0.00 0.24958
-50.00 0.00 0.31104E-01
-45.00 0.00 -0.25809
-40.00 0.00 -0.52668
-35.00 0.00 -0.70278
-30.00 0.00 -0.77519
-25.00 0.00 -0.78712
-20.00 0.00 -0.79128
-15.00 0.00 -0.80387
-10.00 0.00 -0.79270
-5.00 0.00 -0.70688
0.00 0.00 -0.52376
5.00 0.00 -0.27759
10.00 0.00 -0.49036E-01
15.00 0.00 0.77868E-01
20.00 0.00 0.63462E-01
25.00 0.00 -0.64777E-01
30.00 0.00 -0.22751
35.00 0.00 -0.33668
40.00 0.00 -0.34054
45.00 0.00 -0.24520
50.00 0.00 -0.10224
55.00 0.00 0.26890E-01
60.00 0.00 0.10614
65.00 0.00 0.13851
70.00 0.00 0.15256
75.00 0.00 0.17674
80.00 0.00 0.21721
85.00 0.00 0.25925
-45.00 5.00 -0.29701
-40.00 5.00 -0.63150
-35.00 5.00 -0.88565
-30.00 5.00 -1.0142
-25.00 5.00 -1.0351
-20.00 5.00 -1.0009
-15.00 5.00 -0.94987
-10.00 5.00 -0.87771
-5.00 5.00 -0.74893
0.00 5.00 -0.53948
5.00 5.00 -0.27463
10.00 5.00 -0.30117E-01
15.00 5.00 0.10800
20.00 5.00 0.97793E-01
25.00 5.00 -0.28783E-01
30.00 5.00 -0.18298
35.00 5.00 -0.27198
40.00 5.00 -0.25118
45.00 5.00 -0.14206
-65.00 10.00 0.31388
-60.00 10.00 0.32507
-55.00 10.00 0.25411
-50.00 10.00 0.44398E-01
-45.00 10.00 -0.29066
-40.00 10.00 -0.66604
-35.00 10.00 -0.97192
-30.00 10.00 -1.1366
-25.00 10.00 -1.1609
-20.00 10.00 -1.1012
-15.00 10.00 -1.0175
-10.00 10.00 -0.92817
-5.00 10.00 -0.80789
0.00 10.00 -0.62682
5.00 10.00 -0.39626
10.00 10.00 -0.17903
15.00 10.00 -0.52613E-01
20.00 10.00 -0.52787E-01
25.00 10.00 -0.14341
30.00 10.00 -0.23779
35.00 10.00 -0.25637
40.00 10.00 -0.17692
45.00 10.00 -0.41043E-01
50.00 10.00 0.83656E-01
55.00 10.00 0.15269
60.00 10.00 0.16769
65.00 10.00 0.16170
-70.00 15.00 0.29472
-45.00 15.00 -0.25505
-40.00 15.00 -0.63955
-35.00 15.00 -0.95901
-30.00 15.00 -1.1274
-25.00 15.00 -1.1410
-20.00 15.00 -1.0669
-15.00 15.00 -0.98304
-10.00 15.00 -0.92080
-5.00 15.00 -0.85496
0.00 15.00 -0.74455
5.00 15.00 -0.58521
10.00 15.00 -0.42466
15.00 15.00 -0.32663
20.00 15.00 -0.31536
25.00 15.00 -0.35031
30.00 15.00 -0.35478
35.00 15.00 -0.27520
40.00 15.00 -0.12151
45.00 15.00 0.43502E-01
70.00 15.00 0.17165
-75.00 20.00 0.34643
-65.00 20.00 0.27998
-60.00 20.00 0.29836
-55.00 20.00 0.26157
-50.00 20.00 0.92325E-01
-45.00 20.00 -0.21675
-40.00 20.00 -0.58252
-35.00 20.00 -0.87819
-30.00 20.00 -1.0151
-25.00 20.00 -0.99752
-20.00 20.00 -0.90793
-15.00 20.00 -0.83828
-10.00 20.00 -0.82355
-5.00 20.00 -0.83075
0.00 20.00 -0.80573
5.00 20.00 -0.73079
10.00 20.00 -0.64033
15.00 20.00 -0.58269
20.00 20.00 -0.56720
25.00 20.00 -0.54826
30.00 20.00 -0.46323
35.00 20.00 -0.29033
40.00 20.00 -0.73902E-01
45.00 20.00 0.10619
50.00 20.00 0.19431
55.00 20.00 0.19642
60.00 20.00 0.16591
65.00 20.00 0.15514
75.00 20.00 0.21341
-45.00 25.00 -0.20172
-40.00 25.00 -0.53170
-35.00 25.00 -0.77709
-30.00 25.00 -0.85478
-25.00 25.00 -0.78418
-20.00 25.00 -0.66575
-15.00 25.00 -0.60181
-10.00 25.00 -0.62573
-5.00 25.00 -0.69497
0.00 25.00 -0.74494
5.00 25.00 -0.74898
10.00 25.00 -0.73023
15.00 25.00 -0.72043
20.00 25.00 -0.71213
25.00 25.00 -0.65509
30.00 25.00 -0.50317
35.00 25.00 -0.26708
40.00 25.00 -0.21047E-01
45.00 25.00 0.14706
-80.00 30.00 0.44543
-70.00 30.00 0.26463
-65.00 30.00 0.22350
-60.00 30.00 0.22294
-55.00 30.00 0.18769
-50.00 30.00 0.40080E-01
-45.00 30.00 -0.22384
-40.00 30.00 -0.51233
-35.00 30.00 -0.69564
-30.00 30.00 -0.70026
-25.00 30.00 -0.56294
-20.00 30.00 -0.40064
-15.00 30.00 -0.32318
-10.00 30.00 -0.36178
-5.00 30.00 -0.46779
0.00 30.00 -0.57159
5.00 30.00 -0.64107
10.00 30.00 -0.68786
15.00 30.00 -0.72520
20.00 30.00 -0.72899
25.00 30.00 -0.64784
30.00 30.00 -0.45564
35.00 30.00 -0.19410
40.00 30.00 0.41563E-01
45.00 30.00 0.16771
50.00 30.00 0.17308
55.00 30.00 0.12173
60.00 30.00 0.96147E-01
65.00 30.00 0.13200
70.00 30.00 0.20112
80.00 30.00 0.25974
-45.00 35.00 -0.27908
-40.00 35.00 -0.52689
-35.00 35.00 -0.64844
-30.00 35.00 -0.58162
-25.00 35.00 -0.37898
-20.00 35.00 -0.16957
-15.00 35.00 -0.67264E-01
-10.00 35.00 -0.10186
-5.00 35.00 -0.22336
0.00 35.00 -0.36209
5.00 35.00 -0.48197
10.00 35.00 -0.58127
15.00 35.00 -0.65338
20.00 35.00 -0.66058
25.00 35.00 -0.55702
30.00 35.00 -0.34161
35.00 35.00 -0.84573E-01
40.00 35.00 0.10825
45.00 35.00 0.17012
-75.00 40.00 0.35966
-65.00 40.00 0.14426
-60.00 40.00 0.99650E-01
-55.00 40.00 0.33739E-01
-50.00 40.00 -0.11871
-45.00 40.00 -0.34829
-40.00 40.00 -0.55654
-35.00 40.00 -0.62261
-30.00 40.00 -0.49761
-25.00 40.00 -0.24692
-20.00 40.00 -0.52809E-02
-15.00 40.00 0.11503
-10.00 40.00 0.87169E-01
-5.00 40.00 -0.39865E-01
0.00 40.00 -0.19942
5.00 40.00 -0.35257
10.00 40.00 -0.48406
15.00 40.00 -0.56909
20.00 40.00 -0.56179
25.00 40.00 -0.42888
30.00 40.00 -0.19770
35.00 40.00 0.37068E-01
40.00 40.00 0.16902
45.00 40.00 0.15807
50.00 40.00 0.62398E-01
55.00 40.00 -0.76983E-02
60.00 40.00 0.22480E-01
65.00 40.00 0.13741
75.00 40.00 0.30462
-70.00 45.00 0.21261
-45.00 45.00 -0.40718
-40.00 45.00 -0.57389
-35.00 45.00 -0.59143
-30.00 45.00 -0.42666
-25.00 45.00 -0.15479
-20.00 45.00 0.91092E-01
-15.00 45.00 0.20845
-10.00 45.00 0.17856
-5.00 45.00 0.50406E-01
0.00 45.00 -0.11453
5.00 45.00 -0.27819
10.00 45.00 -0.41643
15.00 45.00 -0.49198
20.00 45.00 -0.45643
25.00 45.00 -0.29216
30.00 45.00 -0.52768E-01
35.00 45.00 0.14970
40.00 45.00 0.21658
45.00 45.00 0.13854
70.00 45.00 0.29907
-65.00 50.00 0.60520E-01
-60.00 50.00 -0.27768E-01
-55.00 50.00 -0.11904
-50.00 50.00 -0.26159
-45.00 50.00 -0.43776
-40.00 50.00 -0.55932
-35.00 50.00 -0.53454
-30.00 50.00 -0.34808
-25.00 50.00 -0.82138E-01
-20.00 50.00 0.13910
-15.00 50.00 0.23157
-10.00 50.00 0.19156
-5.00 50.00 0.70427E-01
0.00 50.00 -0.78372E-01
5.00 50.00 -0.22495
10.00 50.00 -0.34574
15.00 50.00 -0.39909
20.00 50.00 -0.33736
25.00 50.00 -0.15490
30.00 50.00 0.77555E-01
35.00 50.00 0.24070
40.00 50.00 0.24893
45.00 50.00 0.12110
50.00 50.00 -0.26414E-01
55.00 50.00 -0.66745E-01
60.00 50.00 0.39957E-01
65.00 50.00 0.22035
-85.00 55.00 0.49563
-45.00 55.00 -0.43520
-40.00 55.00 -0.51123
-35.00 55.00 -0.45178
-30.00 55.00 -0.25896
-25.00 55.00 -0.18593E-01
-20.00 55.00 0.15957
-15.00 55.00 0.21605
-10.00 55.00 0.16672
-5.00 55.00 0.66476E-01
0.00 55.00 -0.43042E-01
5.00 55.00 -0.14853
10.00 55.00 -0.23722
15.00 55.00 -0.27024
20.00 55.00 -0.20029
25.00 55.00 -0.24841E-01
30.00 55.00 0.18156
35.00 55.00 0.30281
40.00 55.00 0.26781
45.00 55.00 0.11532
85.00 55.00 0.26066
-80.00 60.00 0.48127
-75.00 60.00 0.34642
-70.00 60.00 0.15746
-65.00 60.00 -0.54869E-02
-60.00 60.00 -0.11461
-55.00 60.00 -0.20183
-50.00 60.00 -0.30417
-45.00 60.00 -0.40676
-40.00 60.00 -0.44439
-35.00 60.00 -0.36215
-30.00 60.00 -0.17543
-25.00 60.00 0.30543E-01
-20.00 60.00 0.16290
-15.00 60.00 0.18698
-10.00 60.00 0.13716
-5.00 60.00 0.70079E-01
0.00 60.00 0.12686E-01
5.00 60.00 -0.42927E-01
10.00 60.00 -0.10016
15.00 60.00 -0.12591
20.00 60.00 -0.70286E-01
25.00 60.00 0.75424E-01
30.00 60.00 0.24451
35.00 60.00 0.33115
40.00 60.00 0.27644
45.00 60.00 0.12803
50.00 60.00 0.12572E-01
55.00 60.00 0.36437E-01
60.00 60.00 0.19819
65.00 60.00 0.38966
70.00 60.00 0.48517
75.00 60.00 0.44386
80.00 60.00 0.33226
-45.00 65.00 -0.36431
-40.00 65.00 -0.37850
-35.00 65.00 -0.28965
-30.00 65.00 -0.11869
-25.00 65.00 0.54605E-01
-20.00 65.00 0.15283
-15.00 65.00 0.15942
-10.00 65.00 0.11955
-5.00 65.00 0.87265E-01
0.00 65.00 0.75123E-01
5.00 65.00 0.56985E-01
10.00 65.00 0.16158E-01
15.00 65.00 -0.17923E-01
20.00 65.00 0.99191E-02
25.00 65.00 0.11924
30.00 65.00 0.25619
35.00 65.00 0.32691
40.00 65.00 0.28001
45.00 65.00 0.16206
-65.00 70.00 -0.40966E-01
-60.00 70.00 -0.14212
-55.00 70.00 -0.20101
-50.00 70.00 -0.25914
-45.00 70.00 -0.31579
-40.00 70.00 -0.32484
-35.00 70.00 -0.24631
-30.00 70.00 -0.97081E-01
-25.00 70.00 0.53045E-01
-20.00 70.00 0.13766
-15.00 70.00 0.14655
-10.00 70.00 0.12365
-5.00 70.00 0.11524
0.00 70.00 0.12388
5.00 70.00 0.11549
10.00 70.00 0.69961E-01
15.00 70.00 0.17996E-01
20.00 70.00 0.20010E-01
25.00 70.00 0.10407
30.00 70.00 0.22687
35.00 70.00 0.30397
40.00 70.00 0.28722
45.00 70.00 0.21628
50.00 70.00 0.18968
55.00 70.00 0.27626
60.00 70.00 0.44674
65.00 70.00 0.59098
-70.00 75.00 0.11926
-45.00 75.00 -0.26117
-40.00 75.00 -0.28012
-35.00 75.00 -0.22447
-30.00 75.00 -0.98538E-01
-25.00 75.00 0.41244E-01
-20.00 75.00 0.13388
-15.00 75.00 0.16315
-10.00 75.00 0.15986
-5.00 75.00 0.15890
0.00 75.00 0.15979
5.00 75.00 0.13374
10.00 75.00 0.68664E-01
15.00 75.00 0.31387E-03
20.00 75.00 -0.97264E-02
25.00 75.00 0.67557E-01
30.00 75.00 0.19315
35.00 75.00 0.28893
40.00 75.00 0.30908
45.00 75.00 0.28583
70.00 75.00 0.65096
-75.00 80.00 0.31491
-65.00 80.00 -0.46750E-01
-60.00 80.00 -0.11566
-55.00 80.00 -0.12968
-50.00 80.00 -0.14913
-45.00 80.00 -0.19507
-40.00 80.00 -0.23073
-35.00 80.00 -0.20302
-30.00 80.00 -0.98594E-01
-25.00 80.00 0.41044E-01
-20.00 80.00 0.15607
-15.00 80.00 0.21595
-10.00 80.00 0.23137
-5.00 80.00 0.22534
0.00 80.00 0.20141
5.00 80.00 0.14636
10.00 80.00 0.62942E-01
15.00 80.00 -0.88263E-02
20.00 80.00 -0.13552E-01
25.00 80.00 0.69867E-01
30.00 80.00 0.20137
35.00 80.00 0.30911
40.00 80.00 0.35298
45.00 80.00 0.36179
50.00 80.00 0.40425
55.00 80.00 0.51691
60.00 80.00 0.65734
65.00 80.00 0.73093
75.00 80.00 0.50474
-45.00 85.00 -0.11373
-40.00 85.00 -0.16403
-35.00 85.00 -0.16224
-30.00 85.00 -0.77057E-01
-25.00 85.00 0.64556E-01
-20.00 85.00 0.20260
-15.00 85.00 0.29079
-10.00 85.00 0.32002
-5.00 85.00 0.30455
0.00 85.00 0.25685
5.00 85.00 0.18284
10.00 85.00 0.99314E-01
15.00 85.00 0.44679E-01
20.00 85.00 0.59831E-01
25.00 85.00 0.15150
30.00 85.00 0.27708
35.00 85.00 0.37453
40.00 85.00 0.41558
45.00 85.00 0.43148
-80.00 90.00 0.45171
-70.00 90.00 0.97534E-01
-65.00 90.00 -0.35902E-01
-60.00 90.00 -0.61401E-01
-55.00 90.00 -0.20400E-01
-50.00 90.00 0.75070E-02
-45.00 90.00 -0.20961E-01
-40.00 90.00 -0.78087E-01
-35.00 90.00 -0.96127E-01
-30.00 90.00 -0.29932E-01
-25.00 90.00 0.10598
-20.00 90.00 0.25297
-15.00 90.00 0.35410
-10.00 90.00 0.38716
-5.00 90.00 0.36315
0.00 90.00 0.30515
5.00 90.00 0.23522
10.00 90.00 0.17730
15.00 90.00 0.16025
20.00 90.00 0.20443
25.00 90.00 0.30004
30.00 90.00 0.40379
35.00 90.00 0.46786
40.00 90.00 0.48092
45.00 90.00 0.48114
50.00 90.00 0.52212
55.00 90.00 0.61747
60.00 90.00 0.71619
65.00 90.00 0.73757
70.00 90.00 0.64029
80.00 90.00 0.30490
-45.00 95.00 0.71226E-01
-40.00 95.00 0.16658E-01
-35.00 95.00 -0.13809E-01
-30.00 95.00 0.32019E-01
-25.00 95.00 0.14874
-20.00 95.00 0.28214
-15.00 95.00 0.37327
-10.00 95.00 0.39644
-5.00 95.00 0.36481
0.00 95.00 0.31064
5.00 95.00 0.26510
10.00 95.00 0.25108
15.00 95.00 0.28250
20.00 95.00 0.35830
25.00 95.00 0.45451
30.00 95.00 0.52992
35.00 95.00 0.55236
40.00 95.00 0.52762
45.00 95.00 0.50141
-75.00 100.00 0.27189
-65.00 100.00 -0.26222E-01
-60.00 100.00 -0.19156E-01
-55.00 100.00 0.64531E-01
-50.00 100.00 0.13913
-45.00 100.00 0.14811
-40.00 100.00 0.10459
-35.00 100.00 0.69887E-01
-30.00 100.00 0.95561E-01
-25.00 100.00 0.18128
-20.00 100.00 0.28032
-15.00 100.00 0.34035
-10.00 100.00 0.34095
-5.00 100.00 0.30064
0.00 100.00 0.25678
5.00 100.00 0.24179
10.00 100.00 0.27184
15.00 100.00 0.34631
20.00 100.00 0.44832
25.00 100.00 0.54567
30.00 100.00 0.60099
35.00 100.00 0.59403
40.00 100.00 0.54161
45.00 100.00 0.49290
50.00 100.00 0.49473
55.00 100.00 0.55086
60.00 100.00 0.61199
65.00 100.00 0.61145
75.00 100.00 0.37903
-70.00 105.00 0.79514E-01
-45.00 105.00 0.20034
-40.00 105.00 0.17565
-35.00 105.00 0.14682
-30.00 105.00 0.15746
-25.00 105.00 0.20796
-20.00 105.00 0.26096
-15.00 105.00 0.27753
-10.00 105.00 0.24874
-5.00 105.00 0.19890
0.00 105.00 0.16471
5.00 105.00 0.17261
10.00 105.00 0.22978
15.00 105.00 0.32672
20.00 105.00 0.44117
25.00 105.00 0.54106
30.00 105.00 0.59341
35.00 105.00 0.58246
40.00 105.00 0.52544
45.00 105.00 0.46769
70.00 105.00 0.44176
-85.00 110.00 0.46200
-65.00 110.00 -0.25620E-01
-60.00 110.00 -0.11621E-01
-55.00 110.00 0.80921E-01
-50.00 110.00 0.17876
-45.00 110.00 0.22928
-40.00 110.00 0.23185
-35.00 110.00 0.22149
-30.00 110.00 0.22732
-25.00 110.00 0.24592
-20.00 110.00 0.25017
-15.00 110.00 0.21950
-10.00 110.00 0.16083
-5.00 110.00 0.10352
0.00 110.00 0.77581E-01
5.00 110.00 0.96986E-01
10.00 110.00 0.15900
15.00 110.00 0.25225
20.00 110.00 0.36055
25.00 110.00 0.46082
30.00 110.00 0.52521
35.00 110.00 0.53487
40.00 110.00 0.49666
45.00 110.00 0.44427
50.00 110.00 0.41574
55.00 110.00 0.42267
60.00 110.00 0.43916
65.00 110.00 0.42413
85.00 110.00 0.22898
-45.00 115.00 0.24593
-40.00 115.00 0.28484
-35.00 115.00 0.30607
-30.00 115.00 0.31865
-25.00 115.00 0.31129
-20.00 115.00 0.26742
-15.00 115.00 0.18893
-10.00 115.00 0.10253
-5.00 115.00 0.42517E-01
0.00 115.00 0.27575E-01
5.00 115.00 0.53535E-01
10.00 115.00 0.10591
15.00 115.00 0.17577
20.00 115.00 0.26127
25.00 115.00 0.35541
30.00 115.00 0.43726
35.00 115.00 0.48075
40.00 115.00 0.47543
45.00 115.00 0.43772
-80.00 120.00 0.37710
-75.00 120.00 0.22675
-70.00 120.00 0.68222E-01
-65.00 120.00 -0.23491E-01
-60.00 120.00 -0.18578E-01
-55.00 120.00 0.59597E-01
-50.00 120.00 0.16479
-45.00 120.00 0.26357
-40.00 120.00 0.34564
-35.00 120.00 0.40743
-30.00 120.00 0.43431
-25.00 120.00 0.40464
-20.00 120.00 0.31285
-15.00 120.00 0.18622
-10.00 120.00 0.74256E-01
-5.00 120.00 0.16779E-01
0.00 120.00 0.18660E-01
5.00 120.00 0.53840E-01
10.00 120.00 0.93754E-01
15.00 120.00 0.13255
20.00 120.00 0.18579
25.00 120.00 0.26614
30.00 120.00 0.36167
35.00 120.00 0.43930
40.00 120.00 0.46993
45.00 120.00 0.45084
50.00 120.00 0.40424
55.00 120.00 0.35502
60.00 120.00 0.31119
65.00 120.00 0.26594
70.00 120.00 0.21692
75.00 120.00 0.18034
80.00 120.00 0.18044
-45.00 125.00 0.28856
-40.00 125.00 0.41302
-35.00 125.00 0.51454
-30.00 125.00 0.55536
-25.00 125.00 0.50429
-20.00 125.00 0.36745
-15.00 125.00 0.19738
-10.00 125.00 0.65368E-01
-5.00 125.00 0.15342E-01
0.00 125.00 0.37485E-01
5.00 125.00 0.83890E-01
10.00 125.00 0.11234
15.00 125.00 0.11998
20.00 125.00 0.13886
25.00 125.00 0.20041
30.00 125.00 0.30240
35.00 125.00 0.40725
40.00 125.00 0.47057
45.00 125.00 0.47226
-65.00 130.00 -0.21530E-02
-60.00 130.00 -0.79629E-03
-55.00 130.00 0.64381E-01
-50.00 130.00 0.17398
-45.00 130.00 0.31473
-40.00 130.00 0.46826
-35.00 130.00 0.59499
-30.00 130.00 0.64050
-25.00 130.00 0.56943
-20.00 130.00 0.40014
-15.00 130.00 0.20513
-10.00 130.00 0.68851E-01
-5.00 130.00 0.32814E-01
0.00 130.00 0.71926E-01
5.00 130.00 0.12162
10.00 130.00 0.13270
15.00 130.00 0.10840
20.00 130.00 0.95007E-01
25.00 130.00 0.13779
30.00 130.00 0.24139
35.00 130.00 0.36604
40.00 130.00 0.45769
45.00 130.00 0.48344
50.00 130.00 0.44483
55.00 130.00 0.36588
60.00 130.00 0.27380
65.00 130.00 0.19022
-70.00 135.00 0.81127E-01
-45.00 135.00 0.32564
-40.00 135.00 0.48129
-35.00 135.00 0.60537
-30.00 135.00 0.63890
-25.00 135.00 0.55172
-20.00 135.00 0.37442
-15.00 135.00 0.18858
-10.00 135.00 0.75767E-01
-5.00 135.00 0.63195E-01
0.00 135.00 0.10990
5.00 135.00 0.14473
10.00 135.00 0.12455
15.00 135.00 0.65817E-01
20.00 135.00 0.26457E-01
25.00 135.00 0.57157E-01
30.00 135.00 0.16286
35.00 135.00 0.30206
40.00 135.00 0.41761
45.00 135.00 0.47055
70.00 135.00 0.11935
-75.00 140.00 0.19619
-65.00 140.00 0.42411E-01
-60.00 140.00 0.51646E-01
-55.00 140.00 0.10391
-50.00 140.00 0.18969
-45.00 140.00 0.30388
-40.00 140.00 0.42651
-35.00 140.00 0.51291
-30.00 140.00 0.51387
-25.00 140.00 0.41456
-20.00 140.00 0.25660
-15.00 140.00 0.11728
-10.00 140.00 0.56962E-01
-5.00 140.00 0.76395E-01
0.00 140.00 0.11992
5.00 140.00 0.12253
10.00 140.00 0.62156E-01
15.00 140.00 -0.24681E-01
20.00 140.00 -0.73180E-01
25.00 140.00 -0.38783E-01
30.00 140.00 0.74683E-01
35.00 140.00 0.22364
40.00 140.00 0.35541
45.00 140.00 0.43379
50.00 140.00 0.44572
55.00 140.00 0.39587
60.00 140.00 0.30251
65.00 140.00 0.19750
75.00 140.00 0.10482
-45.00 145.00 0.24255
-40.00 145.00 0.30044
-35.00 145.00 0.31865
-30.00 145.00 0.26859
-25.00 145.00 0.15692
-20.00 145.00 0.33247E-01
-15.00 145.00 -0.40428E-01
-10.00 145.00 -0.36852E-01
-5.00 145.00 0.13540E-01
0.00 145.00 0.46173E-01
5.00 145.00 0.14386E-01
10.00 145.00 -0.73166E-01
15.00 145.00 -0.15975
20.00 145.00 -0.18369
25.00 145.00 -0.12016
30.00 145.00 0.95857E-02
35.00 145.00 0.16098
40.00 145.00 0.29475
45.00 145.00 0.38797
-80.00 150.00 0.29623
-70.00 150.00 0.11414
-65.00 150.00 0.95615E-01
-60.00 150.00 0.11220
-55.00 150.00 0.13566
-50.00 150.00 0.15059
-45.00 150.00 0.15207
-40.00 150.00 0.13032
-35.00 150.00 0.68079E-01
-30.00 150.00 -0.40390E-01
-25.00 150.00 -0.16882
-20.00 150.00 -0.26491
-15.00 150.00 -0.28643
-10.00 150.00 -0.23817
-5.00 150.00 -0.17374
0.00 150.00 -0.15526
5.00 150.00 -0.20306
10.00 150.00 -0.27864
15.00 150.00 -0.31533
20.00 150.00 -0.26949
25.00 150.00 -0.14842
30.00 150.00 0.44523E-02
35.00 150.00 0.14740
40.00 150.00 0.26379
45.00 150.00 0.35366
50.00 150.00 0.41084
55.00 150.00 0.41625
60.00 150.00 0.35790
65.00 150.00 0.25610
70.00 150.00 0.16290
80.00 150.00 0.16634
-45.00 155.00 0.57358E-01
-40.00 155.00 -0.33443E-01
-35.00 155.00 -0.16094
-30.00 155.00 -0.31563
-25.00 155.00 -0.46232
-20.00 155.00 -0.55308
-15.00 155.00 -0.56246
-10.00 155.00 -0.51323
-5.00 155.00 -0.46325
0.00 155.00 -0.45864
5.00 155.00 -0.49265
10.00 155.00 -0.50875
15.00 155.00 -0.44768
20.00 155.00 -0.29761
25.00 155.00 -0.10341
30.00 155.00 0.71573E-01
35.00 155.00 0.19412
40.00 155.00 0.27584
45.00 155.00 0.34441
-75.00 160.00 0.18009
-65.00 160.00 0.13962
-60.00 160.00 0.15442
-55.00 160.00 0.14038
-50.00 160.00 0.82379E-01
-45.00 160.00 -0.13781E-01
-40.00 160.00 -0.13976
-35.00 160.00 -0.29184
-30.00 160.00 -0.45960
-25.00 160.00 -0.61452
-20.00 160.00 -0.72007
-15.00 160.00 -0.75943
-10.00 160.00 -0.75295
-5.00 160.00 -0.74185
0.00 160.00 -0.74749
5.00 160.00 -0.74417
10.00 160.00 -0.67546
15.00 160.00 -0.50478
20.00 160.00 -0.25561
25.00 160.00 -0.26081E-02
30.00 160.00 0.18122
35.00 160.00 0.27571
40.00 160.00 0.31797
45.00 160.00 0.35820
50.00 160.00 0.40999
55.00 160.00 0.44139
60.00 160.00 0.41338
65.00 160.00 0.32640
75.00 160.00 0.17958
-85.00 165.00 0.36234
-70.00 165.00 0.14421
-45.00 165.00 -0.44898E-01
-40.00 165.00 -0.16276
-35.00 165.00 -0.28895
-30.00 165.00 -0.42661
-25.00 165.00 -0.56791
-20.00 165.00 -0.69180
-15.00 165.00 -0.78041
-10.00 165.00 -0.83419
-5.00 165.00 -0.86513
0.00 165.00 -0.87233
5.00 165.00 -0.82732
10.00 165.00 -0.69142
15.00 165.00 -0.45540
20.00 165.00 -0.16474
25.00 165.00 0.98567E-01
30.00 165.00 0.26837
35.00 165.00 0.33782
40.00 165.00 0.35572
45.00 165.00 0.37883
70.00 165.00 0.26103
85.00 165.00 0.26026
-65.00 170.00 0.16872
-60.00 170.00 0.17630
-55.00 170.00 0.13696
-50.00 170.00 0.54104E-01
-45.00 170.00 -0.39214E-01
-40.00 170.00 -0.11599
-35.00 170.00 -0.17943
-30.00 170.00 -0.25485
-25.00 170.00 -0.36133
-20.00 170.00 -0.49211
-15.00 170.00 -0.61986
-10.00 170.00 -0.71665
-5.00 170.00 -0.76629
0.00 170.00 -0.75991
5.00 170.00 -0.68666
10.00 170.00 -0.53743
15.00 170.00 -0.32204
20.00 170.00 -0.80886E-01
25.00 170.00 0.12812
30.00 170.00 0.26313
35.00 170.00 0.32525
40.00 170.00 0.35298
45.00 170.00 0.38658
50.00 170.00 0.43306
55.00 170.00 0.46332
60.00 170.00 0.44387
65.00 170.00 0.37330
-45.00 175.00 -0.16703E-01
-40.00 175.00 -0.45064E-01
-35.00 175.00 -0.41280E-01
-30.00 175.00 -0.52620E-01
-25.00 175.00 -0.12133
-20.00 175.00 -0.24833
-15.00 175.00 -0.39116
-10.00 175.00 -0.49453
-5.00 175.00 -0.52566
0.00 175.00 -0.48709
5.00 175.00 -0.40324
10.00 175.00 -0.29851
15.00 175.00 -0.18649
20.00 175.00 -0.73544E-01
25.00 175.00 0.34148E-01
30.00 175.00 0.13076
35.00 175.00 0.21604
40.00 175.00 0.29557
45.00 175.00 0.37185
-80.00 180.00 0.24190
-75.00 180.00 0.17437
-70.00 180.00 0.16578
-65.00 180.00 0.18903
-60.00 180.00 0.19051
-55.00 180.00 0.13964
-50.00 180.00 0.57665E-01
-45.00 180.00 -0.15320E-02
-40.00 180.00 -0.17521E-02
-35.00 180.00 0.39058E-01
-30.00 180.00 0.59643E-01
-25.00 180.00 0.58180E-02
-20.00 180.00 -0.12194
-15.00 180.00 -0.26410
-10.00 180.00 -0.34523
-5.00 180.00 -0.32949
0.00 180.00 -0.24479
5.00 180.00 -0.15809
10.00 180.00 -0.12411
15.00 180.00 -0.14745
20.00 180.00 -0.18464
25.00 180.00 -0.17909
30.00 180.00 -0.10006
35.00 180.00 0.41331E-01
40.00 180.00 0.20408
45.00 180.00 0.34271
50.00 180.00 0.42756
55.00 180.00 0.45151
60.00 180.00 0.42636
65.00 180.00 0.37531
70.00 180.00 0.32467
75.00 180.00 0.29328
80.00 180.00 0.28598
-45.00 -175 -0.77133E-02
-40.00 -175 -0.15044E-01
-35.00 -175 0.14665E-01
-30.00 -175 0.18071E-01
-25.00 -175 -0.57664E-01
-20.00 -175 -0.20378
-15.00 -175 -0.34687
-10.00 -175 -0.40100
-5.00 -175 -0.33564
0.00 -175 -0.20450
5.00 -175 -0.10982
10.00 -175 -0.12750
15.00 -175 -0.24990
20.00 -175 -0.38925
25.00 -175 -0.43797
30.00 -175 -0.34005
35.00 -175 -0.12315
40.00 -175 0.12641
45.00 -175 0.32102
-65.00 -170 0.20693
-60.00 -170 0.20566
-55.00 -170 0.14833
-50.00 -170 0.53390E-01
-45.00 -170 -0.32024E-01
-40.00 -170 -0.76895E-01
-35.00 -170 -0.98372E-01
-30.00 -170 -0.15028
-25.00 -170 -0.27376
-20.00 -170 -0.45057
-15.00 -170 -0.60225
-10.00 -170 -0.64322
-5.00 -170 -0.54974
0.00 -170 -0.38857
5.00 -170 -0.27692
10.00 -170 -0.29875
15.00 -170 -0.43975
20.00 -170 -0.59174
25.00 -170 -0.62536
30.00 -170 -0.47807
35.00 -170 -0.19367
40.00 -170 0.11193
45.00 -170 0.32846
50.00 -170 0.41403
55.00 -170 0.40217
60.00 -170 0.35934
65.00 -170 0.33351
-70.00 -165 0.18844
-45.00 -165 -0.58327E-01
-40.00 -165 -0.15111
-35.00 -165 -0.23672
-30.00 -165 -0.35125
-25.00 -165 -0.51872
-20.00 -165 -0.71541
-15.00 -165 -0.87048
-10.00 -165 -0.91037
-5.00 -165 -0.81687
0.00 -165 -0.65187
5.00 -165 -0.52240
10.00 -165 -0.50577
15.00 -165 -0.58934
20.00 -165 -0.67366
25.00 -165 -0.64097
30.00 -165 -0.44025
35.00 -165 -0.12550
40.00 -165 0.18093
45.00 -165 0.37066
70.00 -165 0.32930
-75.00 -160 0.18900
-65.00 -160 0.21929
-60.00 -160 0.21416
-55.00 -160 0.15717
-50.00 -160 0.54646E-01
-45.00 -160 -0.69739E-01
-40.00 -160 -0.19814
-35.00 -160 -0.33254
-30.00 -160 -0.48798
-25.00 -160 -0.66982
-20.00 -160 -0.85359
-15.00 -160 -0.98725
-10.00 -160 -1.0201
-5.00 -160 -0.94084
0.00 -160 -0.79422
5.00 -160 -0.65808
10.00 -160 -0.59047
15.00 -160 -0.58488
20.00 -160 -0.57065
25.00 -160 -0.46443
30.00 -160 -0.23695
35.00 -160 0.56306E-01
40.00 -160 0.30749
45.00 -160 0.42933
50.00 -160 0.41326
55.00 -160 0.32852
60.00 -160 0.26555
65.00 -160 0.27084
75.00 -160 0.36981
-45.00 -155 -0.60001E-01
-40.00 -155 -0.19831
-35.00 -155 -0.35263
-30.00 -155 -0.51900
-25.00 -155 -0.68387
-20.00 -155 -0.82216
-15.00 -155 -0.90390
-10.00 -155 -0.90761
-5.00 -155 -0.83430
0.00 -155 -0.71234
5.00 -155 -0.58546
10.00 -155 -0.48631
15.00 -155 -0.41224
20.00 -155 -0.32458
25.00 -155 -0.17868
30.00 -155 0.33515E-01
35.00 -155 0.26302
40.00 -155 0.42776
45.00 -155 0.46859
-80.00 -150 0.23294
-70.00 -150 0.21078
-65.00 -150 0.21553
-60.00 -150 0.19188
-55.00 -150 0.13695
-50.00 -150 0.59773E-01
-45.00 -150 -0.36681E-01
-40.00 -150 -0.15867
-35.00 -150 -0.30817
-30.00 -150 -0.46912
-25.00 -150 -0.60903
-20.00 -150 -0.69530
-15.00 -150 -0.71207
-10.00 -150 -0.66523
-5.00 -150 -0.57533
0.00 -150 -0.46672
5.00 -150 -0.35932
10.00 -150 -0.26259
15.00 -150 -0.17117
20.00 -150 -0.66476E-01
25.00 -150 0.69538E-01
30.00 -150 0.23293
35.00 -150 0.38581
40.00 -150 0.47141
45.00 -150 0.45307
50.00 -150 0.34907
55.00 -150 0.23065
60.00 -150 0.17694
65.00 -150 0.21866
70.00 -150 0.31628
80.00 -150 0.40223
-45.00 -145 -0.15063E-01
-40.00 -145 -0.10169
-35.00 -145 -0.23298
-30.00 -145 -0.39119
-25.00 -145 -0.52597
-20.00 -145 -0.58639
-15.00 -145 -0.55458
-10.00 -145 -0.45374
-5.00 -145 -0.32796
0.00 -145 -0.21414
5.00 -145 -0.12696
10.00 -145 -0.61438E-01
15.00 -145 -0.28204E-02
20.00 -145 0.65283E-01
25.00 -145 0.15384
30.00 -145 0.25878
35.00 -145 0.35400
40.00 -145 0.39939
45.00 -145 0.36777
-85.00 -140 0.30722
-75.00 -140 0.22383
-65.00 -140 0.19268
-60.00 -140 0.12327
-55.00 -140 0.50106E-01
-50.00 -140 0.84726E-02
-45.00 -140 -0.81659E-02
-40.00 -140 -0.47338E-01
-35.00 -140 -0.15245
-30.00 -140 -0.31557
-25.00 -140 -0.47271
-20.00 -140 -0.54687
-15.00 -140 -0.50218
-10.00 -140 -0.36540
-5.00 -140 -0.20223
0.00 -140 -0.73124E-01
5.00 -140 -0.36677E-02
10.00 -140 0.15852E-01
15.00 -140 0.12873E-01
20.00 -140 0.15672E-01
25.00 -140 0.43959E-01
30.00 -140 0.10225
35.00 -140 0.17420
40.00 -140 0.22624
45.00 -140 0.22813
50.00 -140 0.18079
55.00 -140 0.12637
60.00 -140 0.12305
65.00 -140 0.19827
75.00 -140 0.41391
85.00 -140 0.36134
-70.00 -135 0.23113
-45.00 -135 -0.20070E-01
-40.00 -135 -0.31639E-02
-35.00 -135 -0.69875E-01
-30.00 -135 -0.23156
-25.00 -135 -0.41887
-20.00 -135 -0.52995
-15.00 -135 -0.50390
-10.00 -135 -0.36028
-5.00 -135 -0.17876
0.00 -135 -0.42895E-01
5.00 -135 0.57958E-02
10.00 -135 -0.23455E-01
15.00 -135 -0.91389E-01
20.00 -135 -0.15406
25.00 -135 -0.17806
30.00 -135 -0.14823
35.00 -135 -0.73597E-01
40.00 -135 0.13359E-01
45.00 -135 0.73608E-01
70.00 -135 0.32411
-65.00 -130 0.16896
-60.00 -130 0.36357E-01
-55.00 -130 -0.82757E-01
-50.00 -130 -0.11149
-45.00 -130 -0.46013E-01
-40.00 -130 0.32089E-01
-35.00 -130 0.21082E-01
-30.00 -130 -0.11425
-25.00 -130 -0.30964
-20.00 -130 -0.44921
-15.00 -130 -0.45215
-10.00 -130 -0.32728
-5.00 -130 -0.15801
0.00 -130 -0.39347E-01
5.00 -130 -0.20935E-01
10.00 -130 -0.92708E-01
15.00 -130 -0.20804
20.00 -130 -0.31470
25.00 -130 -0.37264
30.00 -130 -0.36051
35.00 -130 -0.28094
40.00 -130 -0.16324
45.00 -130 -0.51783E-01
50.00 -130 0.22024E-01
55.00 -130 0.64555E-01
60.00 -130 0.11489
65.00 -130 0.20673
-45.00 -125 -0.76913E-01
-40.00 -125 0.58290E-01
-35.00 -125 0.11349
-30.00 -125 0.31447E-01
-25.00 -125 -0.13679
-20.00 -125 -0.27618
-15.00 -125 -0.29907
-10.00 -125 -0.20676
-5.00 -125 -0.77120E-01
0.00 -125 0.16810E-03
5.00 -125 -0.17724E-01
10.00 -125 -0.11481
15.00 -125 -0.24406
20.00 -125 -0.35969
25.00 -125 -0.42973
30.00 -125 -0.43460
35.00 -125 -0.36925
40.00 -125 -0.25155
45.00 -125 -0.12089
-80.00 -120 0.25559
-75.00 -120 0.26917
-70.00 -120 0.26844
-65.00 -120 0.17617
-60.00 -120 -0.14825E-02
-55.00 -120 -0.16709
-50.00 -120 -0.21004
-45.00 -120 -0.10316
-40.00 -120 0.69490E-01
-35.00 -120 0.17909
-30.00 -120 0.15431
-25.00 -120 0.31538E-01
-20.00 -120 -0.85478E-01
-15.00 -120 -0.11492
-10.00 -120 -0.56472E-01
-5.00 -120 0.22789E-01
0.00 -120 0.51905E-01
5.00 -120 0.76339E-02
10.00 -120 -0.84312E-01
15.00 -120 -0.18445
20.00 -120 -0.26882
25.00 -120 -0.32840
30.00 -120 -0.35274
35.00 -120 -0.32654
40.00 -120 -0.24631
45.00 -120 -0.13451
50.00 -120 -0.27793E-01
55.00 -120 0.54232E-01
60.00 -120 0.12629
65.00 -120 0.21734
70.00 -120 0.33006
75.00 -120 0.42157
80.00 -120 0.43922
-45.00 -115 -0.11479
-40.00 -115 0.61014E-01
-35.00 -115 0.18655
-30.00 -115 0.18829
-25.00 -115 0.94928E-01
-20.00 -115 -0.17671E-02
-15.00 -115 -0.31407E-01
-10.00 -115 0.28876E-02
-5.00 -115 0.44251E-01
0.00 -115 0.43773E-01
5.00 -115 0.10870E-02
10.00 -115 -0.49218E-01
15.00 -115 -0.81259E-01
20.00 -115 -0.10184
25.00 -115 -0.13257
30.00 -115 -0.17543
35.00 -115 -0.20284
40.00 -115 -0.18388
45.00 -115 -0.11647
-65.00 -110 0.23122
-60.00 -110 0.61025E-01
-55.00 -110 -0.11127
-50.00 -110 -0.17557
-45.00 -110 -0.99873E-01
-40.00 -110 0.41633E-01
-35.00 -110 0.13223
-30.00 -110 0.10875
-25.00 -110 0.47885E-02
-20.00 -110 -0.91599E-01
-15.00 -110 -0.11939
-10.00 -110 -0.88499E-01
-5.00 -110 -0.52443E-01
0.00 -110 -0.46303E-01
5.00 -110 -0.55005E-01
10.00 -110 -0.39741E-01
15.00 -110 0.10995E-01
20.00 -110 0.62152E-01
25.00 -110 0.64980E-01
30.00 -110 0.71404E-02
35.00 -110 -0.71910E-01
40.00 -110 -0.11526
45.00 -110 -0.96633E-01
50.00 -110 -0.34293E-01
55.00 -110 0.38969E-01
60.00 -110 0.11284
65.00 -110 0.20132
-70.00 -105 0.32599
-45.00 -105 -0.45776E-01
-40.00 -105 0.37697E-01
-35.00 -105 0.55740E-01
-30.00 -105 -0.34869E-01
-25.00 -105 -0.18334
-20.00 -105 -0.29462
-15.00 -105 -0.31185
-10.00 -105 -0.25468
-5.00 -105 -0.18421
0.00 -105 -0.13702
5.00 -105 -0.95762E-01
10.00 -105 -0.22066E-01
15.00 -105 0.87524E-01
20.00 -105 0.18350
25.00 -105 0.20349
30.00 -105 0.13081
35.00 -105 0.13271E-01
40.00 -105 -0.75406E-01
45.00 -105 -0.92915E-01
70.00 -105 0.28881
-75.00 -100 0.29870
-65.00 -100 0.31419
-60.00 -100 0.20508
-55.00 -100 0.84289E-01
-50.00 -100 0.30961E-01
-45.00 -100 0.54521E-01
-40.00 -100 0.81451E-01
-35.00 -100 0.22582E-01
-30.00 -100 -0.14170
-25.00 -100 -0.33772
-20.00 -100 -0.45758
-15.00 -100 -0.44547
-10.00 -100 -0.33361
-5.00 -100 -0.20071
0.00 -100 -0.98933E-01
5.00 -100 -0.20047E-01
10.00 -100 0.72448E-01
15.00 -100 0.18510
20.00 -100 0.27302
25.00 -100 0.27753
30.00 -100 0.18433
35.00 -100 0.43631E-01
40.00 -100 -0.67479E-01
45.00 -100 -0.10289
50.00 -100 -0.71173E-01
55.00 -100 -0.83931E-02
60.00 -100 0.64807E-01
65.00 -100 0.15449
75.00 -100 0.36630
-45.00 -95 0.19406
-40.00 -95 0.18917
-35.00 -95 0.82723E-01
-30.00 -95 -0.12477
-25.00 -95 -0.34074
-20.00 -95 -0.44695
-15.00 -95 -0.38930
-10.00 -95 -0.21311
-5.00 -95 -0.17461E-01
0.00 -95 0.12471
5.00 -95 0.20822
10.00 -95 0.26924
15.00 -95 0.32718
20.00 -95 0.35677
25.00 -95 0.31597
30.00 -95 0.19700
35.00 -95 0.45989E-01
40.00 -95 -0.69003E-01
45.00 -95 -0.10893
-80.00 -90 0.25847
-70.00 -90 0.35717
-65.00 -90 0.37922
-60.00 -90 0.34731
-55.00 -90 0.30843
-50.00 -90 0.31220
-45.00 -90 0.34828
-40.00 -90 0.34484
-35.00 -90 0.23483
-30.00 -90 0.29525E-01
-25.00 -90 -0.17158
-20.00 -90 -0.24885
-15.00 -90 -0.15180
-10.00 -90 0.66214E-01
-5.00 -90 0.29383
0.00 -90 0.44384
5.00 -90 0.50079
10.00 -90 0.50171
15.00 -90 0.48076
20.00 -90 0.43571
25.00 -90 0.34431
30.00 -90 0.20509
35.00 -90 0.55460E-01
40.00 -90 -0.52496E-01
45.00 -90 -0.92206E-01
50.00 -90 -0.76995E-01
55.00 -90 -0.36080E-01
60.00 -90 0.18968E-01
65.00 -90 0.99241E-01
70.00 -90 0.20941
80.00 -90 0.38091
-85.00 -85 0.30526
-45.00 -85 0.48119
-40.00 -85 0.50293
-35.00 -85 0.42325
-30.00 -85 0.25249
-25.00 -85 0.82491E-01
-20.00 -85 0.24161E-01
-15.00 -85 0.12470
-10.00 -85 0.33384
-5.00 -85 0.54474
0.00 -85 0.67058
5.00 -85 0.69225
10.00 -85 0.64526
15.00 -85 0.57044
20.00 -85 0.47974
25.00 -85 0.36416
30.00 -85 0.22509
35.00 -85 0.89915E-01
40.00 -85 -0.54227E-02
45.00 -85 -0.45979E-01
85.00 -85 0.35235
-75.00 -80 0.27732
-65.00 -80 0.39358
-60.00 -80 0.41039
-55.00 -80 0.42599
-50.00 -80 0.47850
-45.00 -80 0.55985
-40.00 -80 0.61062
-35.00 -80 0.57076
-30.00 -80 0.44029
-25.00 -80 0.29205
-20.00 -80 0.22163
-15.00 -80 0.27599
-10.00 -80 0.42105
-5.00 -80 0.57236
0.00 -80 0.65836
5.00 -80 0.66170
10.00 -80 0.61059
15.00 -80 0.53906
20.00 -80 0.45830
25.00 -80 0.36186
30.00 -80 0.25011
35.00 -80 0.14227
40.00 -80 0.62848E-01
45.00 -80 0.19808E-01
50.00 -80 0.10126E-02
55.00 -80 -0.59557E-02
60.00 -80 0.62465E-02
65.00 -80 0.59248E-01
75.00 -80 0.27498
-70.00 -75 0.32843
-45.00 -75 0.56953
-40.00 -75 0.63556
-35.00 -75 0.62380
-30.00 -75 0.52022
-25.00 -75 0.37425
-20.00 -75 0.26414
-15.00 -75 0.23962
-10.00 -75 0.29067
-5.00 -75 0.36539
0.00 -75 0.41542
5.00 -75 0.42717
10.00 -75 0.41624
15.00 -75 0.39919
20.00 -75 0.37475
25.00 -75 0.33090
30.00 -75 0.26494
35.00 -75 0.19143
40.00 -75 0.12938
45.00 -75 0.84612E-01
70.00 -75 0.13945
-65.00 -70 0.36778
-60.00 -70 0.39549
-55.00 -70 0.41190
-50.00 -70 0.45127
-45.00 -70 0.52040
-40.00 -70 0.58134
-35.00 -70 0.57899
-30.00 -70 0.48809
-25.00 -70 0.33681
-20.00 -70 0.18695
-15.00 -70 0.90091E-01
-10.00 -70 0.58160E-01
-5.00 -70 0.69485E-01
0.00 -70 0.97619E-01
5.00 -70 0.13250
10.00 -70 0.17688
15.00 -70 0.22844
20.00 -70 0.27089
25.00 -70 0.28449
30.00 -70 0.26350
35.00 -70 0.22066
40.00 -70 0.17366
45.00 -70 0.12927
50.00 -70 0.83570E-01
55.00 -70 0.38472E-01
60.00 -70 0.14237E-01
65.00 -70 0.39406E-01
-45.00 -65 0.44173
-40.00 -65 0.48173
-35.00 -65 0.47591
-30.00 -65 0.39477
-25.00 -65 0.25129
-20.00 -65 0.92160E-01
-15.00 -65 -0.34798E-01
-10.00 -65 -0.10711
-5.00 -65 -0.12847
0.00 -65 -0.11097
5.00 -65 -0.61001E-01
10.00 -65 0.17801E-01
15.00 -65 0.11251
20.00 -65 0.19769
25.00 -65 0.24796
30.00 -65 0.25470
35.00 -65 0.22938
40.00 -65 0.19010
45.00 -65 0.14603
-80.00 -60 0.24337
-75.00 -60 0.23448
-70.00 -60 0.28384
-65.00 -60 0.34410
-60.00 -60 0.37444
-55.00 -60 0.37154
-50.00 -60 0.36184
-45.00 -60 0.36730
-40.00 -60 0.37951
-35.00 -60 0.36598
-30.00 -60 0.30040
-25.00 -60 0.18722
-20.00 -60 0.59191E-01
-15.00 -60 -0.46882E-01
-10.00 -60 -0.11207
-5.00 -60 -0.13711
0.00 -60 -0.12831
5.00 -60 -0.86623E-01
10.00 -60 -0.11753E-01
15.00 -60 0.85398E-01
20.00 -60 0.17885
25.00 -60 0.23981
30.00 -60 0.25470
35.00 -60 0.23156
40.00 -60 0.18912
45.00 -60 0.14079
50.00 -60 0.90384E-01
55.00 -60 0.42828E-01
60.00 -60 0.15232E-01
65.00 -60 0.31545E-01
70.00 -60 0.10158
75.00 -60 0.20284
80.00 -60 0.28892
-45.00 -55 0.32054
-40.00 -55 0.30479
-35.00 -55 0.28257
-30.00 -55 0.23533
-25.00 -55 0.16415
-20.00 -55 0.89946E-01
-15.00 -55 0.34679E-01
-10.00 -55 0.43798E-02
-5.00 -55 -0.93390E-02
0.00 -55 -0.13178E-01
5.00 -55 -0.66765E-03
10.00 -55 0.41232E-01
15.00 -55 0.11395
20.00 -55 0.19699
25.00 -55 0.25765
30.00 -55 0.27276
35.00 -55 0.24291
40.00 -55 0.18727
45.00 -55 0.12662
-65.00 -50 0.35366
-60.00 -50 0.40423
-55.00 -50 0.40147
-50.00 -50 0.35871
-45.00 -50 0.30705
-40.00 -50 0.26556
-35.00 -50 0.23146
-30.00 -50 0.19445
-25.00 -50 0.15516
-20.00 -50 0.12669
-15.00 -50 0.11884
-10.00 -50 0.12409
-5.00 -50 0.12290
0.00 -50 0.10466
5.00 -50 0.82631E-01
10.00 -50 0.85681E-01
15.00 -50 0.13206
20.00 -50 0.20901
25.00 -50 0.27777
30.00 -50 0.30050
35.00 -50 0.26590
40.00 -50 0.19301
45.00 -50 0.11332
50.00 -50 0.50084E-01
55.00 -50 0.12401E-01
60.00 -50 0.36836E-02
65.00 -50 0.29527E-01
-70.00 -45 0.28025
-45.00 -45 0.31676
-40.00 -45 0.25246
-35.00 -45 0.20217
-30.00 -45 0.16047
-25.00 -45 0.12803
-20.00 -45 0.11545
-15.00 -45 0.12823
-10.00 -45 0.15200
-5.00 -45 0.15830
0.00 -45 0.13000
5.00 -45 0.82518E-01
10.00 -45 0.57266E-01
15.00 -45 0.88846E-01
20.00 -45 0.17321
25.00 -45 0.26550
30.00 -45 0.31081
35.00 -45 0.28261
40.00 -45 0.19786
45.00 -45 0.99744E-01
70.00 -45 0.91968E-01
-75.00 -40 0.23207
-65.00 -40 0.38785
-60.00 -40 0.46594
-55.00 -40 0.47560
-50.00 -40 0.41874
-45.00 -40 0.33184
-40.00 -40 0.25012
-35.00 -40 0.18454
-30.00 -40 0.12887
-25.00 -40 0.81541E-01
-20.00 -40 0.54241E-01
-15.00 -40 0.57120E-01
-10.00 -40 0.78571E-01
-5.00 -40 0.86229E-01
0.00 -40 0.54380E-01
5.00 -40 -0.65846E-02
10.00 -40 -0.49871E-01
15.00 -40 -0.27313E-01
20.00 -40 0.68069E-01
25.00 -40 0.18972
30.00 -40 0.26830
35.00 -40 0.26094
40.00 -40 0.17899
45.00 -40 0.73967E-01
50.00 -40 -0.21756E-02
55.00 -40 -0.27545E-01
60.00 -40 -0.10265E-01
65.00 -40 0.33066E-01
75.00 -40 0.16896
-45.00 -35 0.33484
-40.00 -35 0.24509
-35.00 -35 0.17512
-30.00 -35 0.11142
-25.00 -35 0.44759E-01
-20.00 -35 -0.12590E-01
-15.00 -35 -0.40451E-01
-10.00 -35 -0.39070E-01
-5.00 -35 -0.38228E-01
0.00 -35 -0.72062E-01
5.00 -35 -0.14133
10.00 -35 -0.20183
15.00 -35 -0.19583
20.00 -35 -0.10252
25.00 -35 0.37649E-01
30.00 -35 0.14833
35.00 -35 0.17273
40.00 -35 0.11281
45.00 -35 0.21411E-01
-85.00 -30 0.35508
-80.00 -30 0.27597
-70.00 -30 0.30438
-65.00 -30 0.41279
-60.00 -30 0.49665
-55.00 -30 0.49844
-50.00 -30 0.42038
-45.00 -30 0.31313
-40.00 -30 0.22648
-35.00 -30 0.16991
-30.00 -30 0.11714
-25.00 -30 0.44047E-01
-20.00 -30 -0.41701E-01
-15.00 -30 -0.10975
-10.00 -30 -0.14318
-5.00 -30 -0.16128
0.00 -30 -0.20205
5.00 -30 -0.27950
10.00 -30 -0.35918
15.00 -30 -0.38050
20.00 -30 -0.30915
25.00 -30 -0.17245
30.00 -30 -0.43383E-01
35.00 -30 0.14176E-01
40.00 -30 -0.81207E-02
45.00 -30 -0.63796E-01
50.00 -30 -0.94565E-01
55.00 -30 -0.74617E-01
60.00 -30 -0.18919E-01
65.00 -30 0.44150E-01
70.00 -30 0.10289
80.00 -30 0.22922
85.00 -30 0.28012
-45.00 -25 0.25998
-40.00 -25 0.18277
-35.00 -25 0.15359
-30.00 -25 0.13089
-25.00 -25 0.69791E-01
-20.00 -25 -0.33836E-01
-15.00 -25 -0.14344
-10.00 -25 -0.22224
-5.00 -25 -0.27062
0.00 -25 -0.32184
5.00 -25 -0.40098
10.00 -25 -0.48990
15.00 -25 -0.53583
20.00 -25 -0.49779
25.00 -25 -0.38715
30.00 -25 -0.26271
35.00 -25 -0.18400
40.00 -25 -0.16533
45.00 -25 -0.17135
-75.00 -20 0.26798
-65.00 -20 0.40619
-60.00 -20 0.46435
-55.00 -20 0.42766
-50.00 -20 0.30698
-45.00 -20 0.17468
-40.00 -20 0.10169
-35.00 -20 0.98385E-01
-30.00 -20 0.11085
-25.00 -20 0.72766E-01
-20.00 -20 -0.36730E-01
-15.00 -20 -0.18066
-10.00 -20 -0.30357
-5.00 -20 -0.38114
0.00 -20 -0.43309
5.00 -20 -0.49151
10.00 -20 -0.56045
15.00 -20 -0.60841
20.00 -20 -0.59982
25.00 -20 -0.53213
30.00 -20 -0.44047
35.00 -20 -0.36580
40.00 -20 -0.31901
45.00 -20 -0.27618
50.00 -20 -0.20783
55.00 -20 -0.11079
60.00 -20 -0.10582E-01
65.00 -20 0.65976E-01
75.00 -20 0.16393
-70.00 -15 0.31488
-45.00 -15 0.63418E-01
-40.00 -15 -0.24075E-01
-35.00 -15 -0.22872E-01
-30.00 -15 0.98490E-02
-25.00 -15 -0.65886E-02
-20.00 -15 -0.10958
-15.00 -15 -0.26763
-10.00 -15 -0.41282
-5.00 -15 -0.49716
0.00 -15 -0.52275
5.00 -15 -0.52537
10.00 -15 -0.53506
15.00 -15 -0.55291
20.00 -15 -0.56088
25.00 -15 -0.54684
30.00 -15 -0.51549
35.00 -15 -0.47619
40.00 -15 -0.42563
45.00 -15 -0.34851
70.00 -15 0.12637
-65.00 -10 0.37532
-60.00 -10 0.39739
-55.00 -10 0.31593
-50.00 -10 0.13781
-45.00 -10 -0.59714E-01
-40.00 -10 -0.18842
-35.00 -10 -0.21749
-30.00 -10 -0.19364
-25.00 -10 -0.19840
-20.00 -10 -0.28052
-15.00 -10 -0.41955
-10.00 -10 -0.54652
-5.00 -10 -0.59911
0.00 -10 -0.56448
5.00 -10 -0.48035
10.00 -10 -0.40198
15.00 -10 -0.36673
20.00 -10 -0.38023
25.00 -10 -0.42428
30.00 -10 -0.47068
35.00 -10 -0.49024
40.00 -10 -0.45885
45.00 -10 -0.36704
50.00 -10 -0.22951
55.00 -10 -0.83165E-01
60.00 -10 0.32382E-01
65.00 -10 0.10014
-45.00 -5 -0.17413
-40.00 -5 -0.36780
-35.00 -5 -0.46110
-30.00 -5 -0.47630
-25.00 -5 -0.48081
-20.00 -5 -0.52774
-15.00 -5 -0.61286
-10.00 -5 -0.68005
-5.00 -5 -0.66671
0.00 -5 -0.55217
5.00 -5 -0.37423
10.00 -5 -0.20657
15.00 -5 -0.11657
20.00 -5 -0.13125
25.00 -5 -0.22769
30.00 -5 -0.34785
35.00 -5 -0.42680
40.00 -5 -0.42137
45.00 -5 -0.32800
90.00 0.00 0.28552
-90.00 0.00 0.41040
