-85.00 0.00 0.44103
-80.00 0.00 0.38803
-75.00 0.00 0.32464
-70.00 0.00 0.29422
-65.00 0.00 0.30192
-60.00 0.00 0.29895
-55.00 0.00 0.21382
-50.00 0.00 0.73635E-02
-45.00 0.00 -0.29074
-40.00 0.00 -0.59468
-35.00 0.00 -0.81661
-30.00 0.00 -0.92099
-25.00 0.00 -0.93761
-20.00 0.00 -0.92551
-15.00 0.00 -0.91934
-10.00 0.00 -0.90262
-5.00 0.00 -0.82827
0.00 0.00 -0.66778
5.00 0.00 -0.44710
10.00 0.00 -0.23967
15.00 0.00 -0.12149
20.00 0.00 -0.12224
25.00 0.00 -0.20730
30.00 0.00 -0.30100
35.00 0.00 -0.33214
40.00 0.00 -0.27099
45.00 0.00 -0.13759
50.00 0.00 0.17643E-01
55.00 0.00 0.14476
60.00 0.00 0.21805
65.00 0.00 0.24295
70.00 0.00 0.24597
75.00 0.00 0.25660
80.00 0.00 0.28674
85.00 0.00 0.32524
-45.00 5.00 -0.36141
-40.00 5.00 -0.72375
-35.00 5.00 -1.0076
-30.00 5.00 -1.1512
-25.00 5.00 -1.1670
-20.00 5.00 -1.1167
-15.00 5.00 -1.0540
-10.00 5.00 -0.98329
-5.00 5.00 -0.86697
0.00 5.00 -0.67283
5.00 5.00 -0.41958
10.00 5.00 -0.18018
15.00 5.00 -0.37948E-01
20.00 5.00 -0.29369E-01
25.00 5.00 -0.11782
30.00 5.00 -0.21744
35.00 5.00 -0.24800
40.00 5.00 -0.18058
45.00 5.00 -0.45113E-01
-65.00 10.00 0.28913
-60.00 10.00 0.27950
-55.00 10.00 0.19410
-50.00 10.00 -0.29800E-01
-45.00 10.00 -0.38401
-40.00 10.00 -0.77974
-35.00 10.00 -1.0962
-30.00 10.00 -1.2539
-25.00 10.00 -1.2577
-20.00 10.00 -1.1783
-15.00 10.00 -1.0890
-10.00 10.00 -1.0105
-5.00 10.00 -0.90841
0.00 10.00 -0.74111
5.00 10.00 -0.51382
10.00 10.00 -0.29000
15.00 10.00 -0.14914
20.00 10.00 -0.12624
25.00 10.00 -0.18357
30.00 10.00 -0.23732
35.00 10.00 -0.21673
40.00 10.00 -0.10889
45.00 10.00 0.41958E-01
50.00 10.00 0.17352
55.00 10.00 0.24806
60.00 10.00 0.26800
65.00 10.00 0.26106
-70.00 15.00 0.30726
-45.00 15.00 -0.36453
-40.00 15.00 -0.76332
-35.00 15.00 -1.0765
-30.00 15.00 -1.2180
-25.00 15.00 -1.1973
-20.00 15.00 -1.0999
-15.00 15.00 -1.0153
-10.00 15.00 -0.97187
-5.00 15.00 -0.93058
0.00 15.00 -0.83659
5.00 15.00 -0.67982
10.00 15.00 -0.50981
15.00 15.00 -0.39385
20.00 15.00 -0.35757
25.00 15.00 -0.36161
30.00 15.00 -0.33397
35.00 15.00 -0.22875
40.00 15.00 -0.60795E-01
45.00 15.00 0.10986
70.00 15.00 0.25804
-75.00 20.00 0.38003
-65.00 20.00 0.29234
-60.00 20.00 0.28838
-55.00 20.00 0.22061
-50.00 20.00 0.15422E-01
-45.00 20.00 -0.32371
-40.00 20.00 -0.69946
-35.00 20.00 -0.97724
-30.00 20.00 -1.0751
-25.00 20.00 -1.0163
-20.00 20.00 -0.90386
-15.00 20.00 -0.83799
-10.00 20.00 -0.84664
-5.00 20.00 -0.88151
0.00 20.00 -0.87596
5.00 20.00 -0.80804
10.00 20.00 -0.71329
15.00 20.00 -0.64120
20.00 20.00 -0.60126
25.00 20.00 -0.55085
30.00 20.00 -0.43567
35.00 20.00 -0.24372
40.00 20.00 -0.22486E-01
45.00 20.00 0.15556
50.00 20.00 0.24680
55.00 20.00 0.26264
60.00 20.00 0.24947
65.00 20.00 0.24650
75.00 20.00 0.27963
-45.00 25.00 -0.28787
-40.00 25.00 -0.62444
-35.00 25.00 -0.84550
-30.00 25.00 -0.87982
-25.00 25.00 -0.76933
-20.00 25.00 -0.63316
-15.00 25.00 -0.57738
-10.00 25.00 -0.62520
-5.00 25.00 -0.72033
0.00 25.00 -0.79032
5.00 25.00 -0.80732
10.00 25.00 -0.79388
15.00 25.00 -0.77771
20.00 25.00 -0.74748
25.00 25.00 -0.65674
30.00 25.00 -0.47250
35.00 25.00 -0.21977
40.00 25.00 0.23908E-01
45.00 25.00 0.18205
-80.00 30.00 0.48436
-70.00 30.00 0.32115
-65.00 30.00 0.28375
-60.00 30.00 0.27161
-55.00 30.00 0.20561
-50.00 30.00 0.17173E-01
-45.00 30.00 -0.27772
-40.00 30.00 -0.56901
-35.00 30.00 -0.72413
-30.00 30.00 -0.68544
-25.00 30.00 -0.51336
-20.00 30.00 -0.33994
-15.00 30.00 -0.27345
-10.00 30.00 -0.33277
-5.00 30.00 -0.45891
0.00 30.00 -0.58076
5.00 30.00 -0.66878
10.00 30.00 -0.73184
15.00 30.00 -0.77275
20.00 30.00 -0.75848
25.00 30.00 -0.64177
30.00 30.00 -0.41483
35.00 30.00 -0.13891
40.00 30.00 0.86399E-01
45.00 30.00 0.19264
50.00 30.00 0.19040
55.00 30.00 0.15322
60.00 30.00 0.15320
65.00 30.00 0.20615
70.00 30.00 0.27313
80.00 30.00 0.30784
-45.00 35.00 -0.30044
-40.00 35.00 -0.54631
-35.00 35.00 -0.63560
-30.00 35.00 -0.52503
-25.00 35.00 -0.29079
-20.00 35.00 -0.73421E-01
-15.00 35.00 0.19054E-01
-10.00 35.00 -0.30116E-01
-5.00 35.00 -0.16477
0.00 35.00 -0.31969
5.00 35.00 -0.46420
10.00 35.00 -0.59095
15.00 35.00 -0.67674
20.00 35.00 -0.67043
25.00 35.00 -0.53102
30.00 35.00 -0.28065
35.00 35.00 -0.13842E-01
40.00 35.00 0.15854
45.00 35.00 0.18857
-75.00 40.00 0.41779
-65.00 40.00 0.23898
-60.00 40.00 0.19078
-55.00 40.00 0.97249E-01
-50.00 40.00 -0.93803E-01
-45.00 40.00 -0.34845
-40.00 40.00 -0.54958
-35.00 40.00 -0.57807
-30.00 40.00 -0.40567
-25.00 40.00 -0.12096
-20.00 40.00 0.13224
-15.00 40.00 0.24923
-10.00 40.00 0.21480
-5.00 40.00 0.79805E-01
0.00 40.00 -0.97607E-01
5.00 40.00 -0.28423
10.00 40.00 -0.45514
15.00 40.00 -0.56343
20.00 40.00 -0.54696
25.00 40.00 -0.37898
30.00 40.00 -0.11452
35.00 40.00 0.12392
40.00 40.00 0.22496
45.00 40.00 0.17054
50.00 40.00 0.49494E-01
55.00 40.00 -0.13508E-01
60.00 40.00 0.44844E-01
65.00 40.00 0.18475
75.00 40.00 0.35119
-70.00 45.00 0.29721
-45.00 45.00 -0.40456
-40.00 45.00 -0.55950
-35.00 45.00 -0.53370
-30.00 45.00 -0.31530
-25.00 45.00 -0.18489E-02
-20.00 45.00 0.26544
-15.00 45.00 0.39048
-10.00 45.00 0.36239
-5.00 45.00 0.22764
0.00 45.00 0.37521E-01
5.00 45.00 -0.17284
10.00 45.00 -0.36398
15.00 45.00 -0.47167
20.00 45.00 -0.43014
25.00 45.00 -0.23100
30.00 45.00 0.40488E-01
35.00 45.00 0.24222
40.00 45.00 0.27105
45.00 45.00 0.14191
70.00 45.00 0.34212
-65.00 50.00 0.15862
-60.00 50.00 0.58655E-01
-55.00 50.00 -0.68377E-01
-50.00 50.00 -0.25275
-45.00 50.00 -0.45025
-40.00 50.00 -0.55596
-35.00 50.00 -0.48285
-30.00 50.00 -0.23660
-25.00 50.00 0.79857E-01
-20.00 50.00 0.33459
-15.00 50.00 0.44700
-10.00 50.00 0.41567
-5.00 50.00 0.28499
0.00 50.00 0.98432E-01
5.00 50.00 -0.11189
10.00 50.00 -0.30024
15.00 50.00 -0.39373
20.00 50.00 -0.32761
25.00 50.00 -0.10875
30.00 50.00 0.15732
35.00 50.00 0.32009
40.00 50.00 0.28990
45.00 50.00 0.11039
50.00 50.00 -0.69295E-01
55.00 50.00 -0.10665
60.00 50.00 0.27903E-01
65.00 50.00 0.23757
-85.00 55.00 0.53654
-45.00 55.00 -0.47246
-40.00 55.00 -0.52764
-35.00 55.00 -0.41583
-30.00 55.00 -0.15972
-25.00 55.00 0.13672
-20.00 55.00 0.35712
-15.00 55.00 0.44248
-10.00 55.00 0.40522
-5.00 55.00 0.28908
0.00 55.00 0.12682
5.00 55.00 -0.60116E-01
10.00 55.00 -0.23006
15.00 55.00 -0.30970
20.00 55.00 -0.23571
25.00 55.00 -0.21029E-01
30.00 55.00 0.22327
35.00 55.00 0.34994
40.00 55.00 0.28389
45.00 55.00 0.87086E-01
85.00 55.00 0.30288
-80.00 60.00 0.53440
-75.00 60.00 0.41511
-70.00 60.00 0.23821
-65.00 60.00 0.69170E-01
-60.00 60.00 -0.72410E-01
-55.00 60.00 -0.20906
-50.00 60.00 -0.35333
-45.00 60.00 -0.46622
-40.00 60.00 -0.47477
-35.00 60.00 -0.33617
-30.00 60.00 -0.86632E-01
-25.00 60.00 0.17387
-20.00 60.00 0.34877
-15.00 60.00 0.40296
-10.00 60.00 0.36338
-5.00 60.00 0.27244
0.00 60.00 0.14930
5.00 60.00 -0.10390E-02
10.00 60.00 -0.14855
15.00 60.00 -0.22444
20.00 60.00 -0.16461
25.00 60.00 0.22532E-01
30.00 60.00 0.23427
35.00 60.00 0.33536
40.00 60.00 0.26270
45.00 60.00 0.83489E-01
50.00 60.00 -0.50442E-01
55.00 60.00 -0.20592E-01
60.00 60.00 0.16526
65.00 60.00 0.38336
70.00 60.00 0.49676
75.00 60.00 0.46432
80.00 60.00 0.35972
-45.00 65.00 -0.43267
-40.00 65.00 -0.40501
-35.00 65.00 -0.25499
-30.00 65.00 -0.25965E-01
-25.00 65.00 0.19138
-20.00 65.00 0.32113
-15.00 65.00 0.34881
-10.00 65.00 0.31157
-5.00 65.00 0.24808
0.00 65.00 0.16378
5.00 65.00 0.47268E-01
10.00 65.00 -0.84157E-01
15.00 65.00 -0.16726
20.00 65.00 -0.13506
25.00 65.00 0.15041E-01
30.00 65.00 0.19672
35.00 65.00 0.29054
40.00 65.00 0.24077
45.00 65.00 0.10826
-65.00 70.00 0.65654E-02
-60.00 70.00 -0.14586
-55.00 70.00 -0.25800
-50.00 70.00 -0.34031
-45.00 70.00 -0.37526
-40.00 70.00 -0.32640
-35.00 70.00 -0.18171
-30.00 70.00 0.16658E-01
-25.00 70.00 0.19194
-20.00 70.00 0.28641
-15.00 70.00 0.29808
-10.00 70.00 0.26610
-5.00 70.00 0.22247
0.00 70.00 0.16236
5.00 70.00 0.64534E-01
10.00 70.00 -0.61339E-01
15.00 70.00 -0.15599
20.00 70.00 -0.15006
25.00 70.00 -0.30063E-01
30.00 70.00 0.13482
35.00 70.00 0.24045
40.00 70.00 0.23452
45.00 70.00 0.16463
50.00 70.00 0.13958
55.00 70.00 0.23347
60.00 70.00 0.41647
65.00 70.00 0.57531
-70.00 75.00 0.19314
-45.00 75.00 -0.29709
-40.00 75.00 -0.24260
-35.00 75.00 -0.11781
-30.00 75.00 0.44713E-01
-25.00 75.00 0.18558
-20.00 75.00 0.26072
-15.00 75.00 0.27056
-10.00 75.00 0.24691
-5.00 75.00 0.21263
0.00 75.00 0.15835
5.00 75.00 0.62771E-01
10.00 75.00 -0.64402E-01
15.00 75.00 -0.16620
20.00 75.00 -0.17453
25.00 75.00 -0.70448E-01
30.00 75.00 0.90001E-01
35.00 75.00 0.21606
40.00 75.00 0.25779
45.00 75.00 0.24859
70.00 75.00 0.64566
-75.00 80.00 0.39756
-65.00 80.00 -0.56386E-02
-60.00 80.00 -0.13275
-55.00 80.00 -0.19257
-50.00 80.00 -0.21101
-45.00 80.00 -0.20118
-40.00 80.00 -0.15329
-35.00 80.00 -0.57827E-01
-30.00 80.00 0.68624E-01
-25.00 80.00 0.18587
-20.00 80.00 0.25889
-15.00 80.00 0.28185
-10.00 80.00 0.27200
-5.00 80.00 0.24187
0.00 80.00 0.18304
5.00 80.00 0.82587E-01
10.00 80.00 -0.43978E-01
15.00 80.00 -0.14225
20.00 80.00 -0.15104
25.00 80.00 -0.53140E-01
30.00 80.00 0.10375
35.00 80.00 0.24156
40.00 80.00 0.31533
45.00 80.00 0.34821
50.00 80.00 0.40340
55.00 80.00 0.51639
60.00 80.00 0.65057
65.00 80.00 0.72038
75.00 80.00 0.50842
-45.00 85.00 -0.93035E-01
-40.00 85.00 -0.58680E-01
-35.00 85.00 0.40408E-02
-30.00 85.00 0.97509E-01
-25.00 85.00 0.20053
-20.00 85.00 0.28372
-15.00 85.00 0.33032
-10.00 85.00 0.34000
-5.00 85.00 0.31552
0.00 85.00 0.25313
5.00 85.00 0.15253
10.00 85.00 0.36657E-01
15.00 85.00 -0.45160E-01
20.00 85.00 -0.44306E-01
25.00 85.00 0.48746E-01
30.00 85.00 0.19144
35.00 85.00 0.31944
40.00 85.00 0.39755
45.00 85.00 0.44510
-80.00 90.00 0.52961
-70.00 90.00 0.19659
-65.00 90.00 0.29511E-01
-60.00 90.00 -0.49999E-01
-55.00 90.00 -0.48133E-01
-50.00 90.00 -0.12119E-01
-45.00 90.00 0.17415E-01
-40.00 90.00 0.36154E-01
-35.00 90.00 0.67580E-01
-30.00 90.00 0.13204
-25.00 90.00 0.22499
-20.00 90.00 0.32066
-15.00 90.00 0.39117
-10.00 90.00 0.42026
-5.00 90.00 0.40345
0.00 90.00 0.34350
5.00 90.00 0.25291
10.00 90.00 0.16030
15.00 90.00 0.10665
20.00 90.00 0.12403
25.00 90.00 0.21076
30.00 90.00 0.32763
35.00 90.00 0.42511
40.00 90.00 0.48176
45.00 90.00 0.51910
50.00 90.00 0.57583
55.00 90.00 0.66235
60.00 90.00 0.73849
65.00 90.00 0.74003
70.00 90.00 0.63591
80.00 90.00 0.31895
-45.00 95.00 0.11672
-40.00 95.00 0.12107
-35.00 95.00 0.12579
-30.00 95.00 0.16472
-25.00 95.00 0.24557
-20.00 95.00 0.34522
-15.00 95.00 0.42778
-10.00 95.00 0.46629
-5.00 95.00 0.45291
0.00 95.00 0.39763
5.00 95.00 0.32359
10.00 95.00 0.26229
15.00 95.00 0.24439
20.00 95.00 0.28434
25.00 95.00 0.36809
30.00 95.00 0.45807
35.00 95.00 0.51823
40.00 95.00 0.54168
45.00 95.00 0.55547
-75.00 100.00 0.39273
-65.00 100.00 0.86110E-01
-60.00 100.00 0.48697E-01
-55.00 100.00 0.92347E-01
-50.00 100.00 0.15800
-45.00 100.00 0.19234
-40.00 100.00 0.18581
-35.00 100.00 0.17076
-30.00 100.00 0.18773
-25.00 100.00 0.25104
-20.00 100.00 0.33967
-15.00 100.00 0.41475
-10.00 100.00 0.44556
-5.00 100.00 0.42525
0.00 100.00 0.37068
5.00 100.00 0.31247
10.00 100.00 0.28251
15.00 100.00 0.30151
20.00 100.00 0.36849
25.00 100.00 0.45813
30.00 100.00 0.53264
35.00 100.00 0.56545
40.00 100.00 0.56085
45.00 100.00 0.55134
50.00 100.00 0.56976
55.00 100.00 0.61665
60.00 100.00 0.65250
65.00 100.00 0.62648
75.00 100.00 0.37960
-70.00 105.00 0.23075
-45.00 105.00 0.23843
-40.00 105.00 0.22707
-35.00 105.00 0.20196
-30.00 105.00 0.20252
-25.00 105.00 0.24365
-20.00 105.00 0.30640
-15.00 105.00 0.35478
-10.00 105.00 0.36172
-5.00 105.00 0.32517
0.00 105.00 0.26718
5.00 105.00 0.22132
10.00 105.00 0.21714
15.00 105.00 0.26712
20.00 105.00 0.35968
25.00 105.00 0.46206
30.00 105.00 0.53572
35.00 105.00 0.55883
40.00 105.00 0.54117
45.00 105.00 0.51743
70.00 105.00 0.44506
-85.00 110.00 0.52319
-65.00 110.00 0.13647
-60.00 110.00 0.11523
-55.00 110.00 0.16272
-50.00 110.00 0.22621
-45.00 110.00 0.25935
-40.00 110.00 0.25258
-35.00 110.00 0.23032
-30.00 110.00 0.22316
-25.00 110.00 0.24106
-20.00 110.00 0.26771
-15.00 110.00 0.27629
-10.00 110.00 0.25072
-5.00 110.00 0.19684
0.00 110.00 0.13879
5.00 110.00 0.10665
10.00 110.00 0.12310
15.00 110.00 0.19341
20.00 110.00 0.30114
25.00 110.00 0.41245
30.00 110.00 0.49080
35.00 110.00 0.51673
40.00 110.00 0.50008
45.00 110.00 0.47280
50.00 110.00 0.46421
55.00 110.00 0.47643
60.00 110.00 0.48158
65.00 110.00 0.44628
85.00 110.00 0.25951
-45.00 115.00 0.26816
-40.00 115.00 0.27835
-35.00 115.00 0.27385
-30.00 115.00 0.26979
-25.00 115.00 0.26678
-20.00 115.00 0.25230
-15.00 115.00 0.21466
-10.00 115.00 0.15555
-5.00 115.00 0.91310E-01
0.00 115.00 0.44681E-01
5.00 115.00 0.34873E-01
10.00 115.00 0.71337E-01
15.00 115.00 0.15092
20.00 115.00 0.25689
25.00 115.00 0.36175
30.00 115.00 0.43681
35.00 115.00 0.46649
40.00 115.00 0.45783
45.00 115.00 0.43516
-80.00 120.00 0.48665
-75.00 120.00 0.38607
-70.00 120.00 0.26115
-65.00 120.00 0.17133
-60.00 120.00 0.14594
-55.00 120.00 0.17529
-50.00 120.00 0.22870
-45.00 120.00 0.28007
-40.00 120.00 0.31942
-35.00 120.00 0.34575
-30.00 120.00 0.35440
-25.00 120.00 0.33423
-20.00 120.00 0.27757
-15.00 120.00 0.19200
-10.00 120.00 0.10140
-5.00 120.00 0.34501E-01
0.00 120.00 0.10363E-01
5.00 120.00 0.31986E-01
10.00 120.00 0.90140E-01
15.00 120.00 0.17076
20.00 120.00 0.25886
25.00 120.00 0.33879
30.00 120.00 0.39604
35.00 120.00 0.42303
40.00 120.00 0.42403
45.00 120.00 0.41224
50.00 120.00 0.39841
55.00 120.00 0.38064
60.00 120.00 0.34653
65.00 120.00 0.28868
70.00 120.00 0.22029
75.00 120.00 0.17507
80.00 120.00 0.18490
-45.00 125.00 0.30396
-40.00 125.00 0.37871
-35.00 125.00 0.44115
-30.00 125.00 0.46662
-25.00 125.00 0.43279
-20.00 125.00 0.33745
-15.00 125.00 0.20737
-10.00 125.00 0.88021E-01
-5.00 125.00 0.19844E-01
0.00 125.00 0.18054E-01
5.00 125.00 0.69527E-01
10.00 125.00 0.14613
15.00 125.00 0.22224
20.00 125.00 0.28422
25.00 125.00 0.32936
30.00 125.00 0.36017
35.00 125.00 0.38037
40.00 125.00 0.39330
45.00 125.00 0.39973
-65.00 130.00 0.19970
-60.00 130.00 0.17165
-55.00 130.00 0.19027
-50.00 130.00 0.24811
-45.00 130.00 0.33677
-40.00 130.00 0.44104
-35.00 130.00 0.53132
-30.00 130.00 0.56836
-25.00 130.00 0.52339
-20.00 130.00 0.39980
-15.00 130.00 0.23798
-10.00 130.00 0.96795E-01
-5.00 130.00 0.23024E-01
0.00 130.00 0.29108E-01
5.00 130.00 0.92582E-01
10.00 130.00 0.17430
15.00 130.00 0.24114
20.00 130.00 0.27946
25.00 130.00 0.29515
30.00 130.00 0.30441
35.00 130.00 0.32226
40.00 130.00 0.35319
45.00 130.00 0.38684
50.00 130.00 0.40130
55.00 130.00 0.37496
60.00 130.00 0.30265
65.00 130.00 0.20576
-70.00 135.00 0.28027
-45.00 135.00 0.36443
-40.00 135.00 0.47729
-35.00 135.00 0.57127
-30.00 135.00 0.60359
-25.00 135.00 0.54811
-20.00 135.00 0.41406
-15.00 135.00 0.24529
-10.00 135.00 0.98922E-01
-5.00 135.00 0.17329E-01
0.00 135.00 0.10805E-01
5.00 135.00 0.58956E-01
10.00 135.00 0.12624
15.00 135.00 0.18077
20.00 135.00 0.20758
25.00 135.00 0.21251
30.00 135.00 0.21659
35.00 135.00 0.24246
40.00 135.00 0.29785
45.00 135.00 0.36544
70.00 135.00 0.10244
-75.00 140.00 0.36356
-65.00 140.00 0.23205
-60.00 140.00 0.21411
-55.00 140.00 0.23301
-50.00 140.00 0.28736
-45.00 140.00 0.36960
-40.00 140.00 0.45856
-35.00 140.00 0.52041
-30.00 140.00 0.52288
-25.00 140.00 0.45375
-20.00 140.00 0.32912
-15.00 140.00 0.18492
-10.00 140.00 0.58959E-01
-5.00 140.00 -0.23828E-01
0.00 140.00 -0.55855E-01
5.00 140.00 -0.43761E-01
10.00 140.00 -0.37658E-02
15.00 140.00 0.43040E-01
20.00 140.00 0.78414E-01
25.00 140.00 0.97636E-01
30.00 140.00 0.11533
35.00 140.00 0.15690
40.00 140.00 0.23635
45.00 140.00 0.33624
50.00 140.00 0.40958
55.00 140.00 0.40879
60.00 140.00 0.32287
65.00 140.00 0.19323
75.00 140.00 0.74179E-01
-45.00 145.00 0.34219
-40.00 145.00 0.37363
-35.00 145.00 0.36722
-30.00 145.00 0.31322
-25.00 145.00 0.22286
-20.00 145.00 0.12017
-15.00 145.00 0.24916E-01
-10.00 145.00 -0.57147E-01
-5.00 145.00 -0.12789
0.00 145.00 -0.18289
5.00 145.00 -0.20719
10.00 145.00 -0.18776
15.00 145.00 -0.13025
20.00 145.00 -0.60125E-01
25.00 145.00 -0.25875E-02
30.00 145.00 0.41293E-01
35.00 145.00 0.96708E-01
40.00 145.00 0.18849
45.00 145.00 0.30773
-80.00 150.00 0.41186
-70.00 150.00 0.29493
-65.00 150.00 0.26814
-60.00 150.00 0.26608
-55.00 150.00 0.27905
-50.00 150.00 0.29262
-45.00 150.00 0.28657
-40.00 150.00 0.23964
-35.00 150.00 0.14389
-30.00 150.00 0.17104E-01
-25.00 150.00 -0.10325
-20.00 150.00 -0.18553
-15.00 150.00 -0.22851
-10.00 150.00 -0.26051
-5.00 150.00 -0.31017
0.00 150.00 -0.37429
5.00 150.00 -0.41434
10.00 150.00 -0.38827
15.00 150.00 -0.28987
20.00 150.00 -0.15811
25.00 150.00 -0.45302E-01
30.00 150.00 0.27601E-01
35.00 150.00 0.85946E-01
40.00 150.00 0.17053
45.00 150.00 0.28887
50.00 150.00 0.39593
55.00 150.00 0.42628
60.00 150.00 0.35209
65.00 150.00 0.21510
70.00 150.00 0.10187
80.00 150.00 0.15650
-45.00 155.00 0.22064
-40.00 155.00 0.97883E-01
-35.00 155.00 -0.80901E-01
-30.00 155.00 -0.27513
-25.00 155.00 -0.42768
-20.00 155.00 -0.50284
-15.00 155.00 -0.51435
-10.00 155.00 -0.51467
-5.00 155.00 -0.54838
0.00 155.00 -0.60841
5.00 155.00 -0.63638
10.00 155.00 -0.57114
15.00 155.00 -0.40490
20.00 155.00 -0.19592
25.00 155.00 -0.24118E-01
30.00 155.00 0.72044E-01
35.00 155.00 0.12077
40.00 155.00 0.18137
45.00 155.00 0.28126
-75.00 160.00 0.33112
-65.00 160.00 0.30038
-60.00 160.00 0.30953
-55.00 160.00 0.30641
-50.00 160.00 0.26651
-45.00 160.00 0.16656
-40.00 160.00 -0.51092E-02
-35.00 160.00 -0.23173
-30.00 160.00 -0.46279
-25.00 160.00 -0.63618
-20.00 160.00 -0.71882
-15.00 160.00 -0.73237
-10.00 160.00 -0.73572
-5.00 160.00 -0.77204
0.00 160.00 -0.82448
5.00 160.00 -0.82308
10.00 160.00 -0.70307
15.00 160.00 -0.46628
20.00 160.00 -0.19060
25.00 160.00 0.24738E-01
30.00 160.00 0.13245
35.00 160.00 0.16610
40.00 160.00 0.19992
45.00 160.00 0.27685
50.00 160.00 0.36993
55.00 160.00 0.41076
60.00 160.00 0.35749
65.00 160.00 0.23922
75.00 160.00 0.11858
-85.00 165.00 0.42442
-70.00 165.00 0.30444
-45.00 165.00 0.13834
-40.00 165.00 -0.41849E-01
-35.00 165.00 -0.26497
-30.00 165.00 -0.48651
-25.00 165.00 -0.65665
-20.00 165.00 -0.75266
-15.00 165.00 -0.79633
-10.00 165.00 -0.83455
-5.00 165.00 -0.89292
0.00 165.00 -0.94218
5.00 165.00 -0.91274
10.00 165.00 -0.75196
15.00 165.00 -0.47759
20.00 165.00 -0.17822
25.00 165.00 0.45045E-01
30.00 165.00 0.14937
35.00 165.00 0.17390
40.00 165.00 0.19670
45.00 165.00 0.26347
70.00 165.00 0.15875
85.00 165.00 0.29706
-65.00 170.00 0.32276
-60.00 170.00 0.33490
-55.00 170.00 0.31454
-50.00 170.00 0.24783
-45.00 170.00 0.13384
-40.00 170.00 -0.19188E-01
-35.00 170.00 -0.19376
-30.00 170.00 -0.36402
-25.00 170.00 -0.50560
-20.00 170.00 -0.61109
-15.00 170.00 -0.69572
-10.00 170.00 -0.78122
-5.00 170.00 -0.86696
0.00 170.00 -0.91504
5.00 170.00 -0.87012
10.00 170.00 -0.70422
15.00 170.00 -0.45014
20.00 170.00 -0.19051
25.00 170.00 -0.53428E-02
30.00 170.00 0.81531E-01
35.00 170.00 0.11240
40.00 170.00 0.15316
45.00 170.00 0.23453
50.00 170.00 0.32761
55.00 170.00 0.37372
60.00 170.00 0.34072
65.00 170.00 0.25525
-45.00 175.00 0.13651
-40.00 175.00 0.25535E-01
-35.00 175.00 -0.82303E-01
-30.00 175.00 -0.18479
-25.00 175.00 -0.28698
-20.00 175.00 -0.39653
-15.00 175.00 -0.51718
-10.00 175.00 -0.64031
-5.00 175.00 -0.73956
0.00 175.00 -0.77726
5.00 175.00 -0.72512
10.00 175.00 -0.58728
15.00 175.00 -0.40624
20.00 175.00 -0.24116
25.00 175.00 -0.13061
30.00 175.00 -0.68147E-01
35.00 175.00 -0.12122E-01
40.00 175.00 0.76117E-01
45.00 175.00 0.19639
-80.00 180.00 0.33243
-75.00 180.00 0.29716
-70.00 180.00 0.30529
-65.00 180.00 0.33352
-60.00 180.00 0.34161
-55.00 180.00 0.30271
-50.00 180.00 0.22133
-45.00 180.00 0.12618
-40.00 180.00 0.46315E-01
-35.00 180.00 -0.10414E-01
-30.00 180.00 -0.61701E-01
-25.00 180.00 -0.13633
-20.00 180.00 -0.25164
-15.00 180.00 -0.39758
-10.00 180.00 -0.53760
-5.00 180.00 -0.62651
0.00 180.00 -0.63567
5.00 180.00 -0.57068
10.00 180.00 -0.46918
15.00 180.00 -0.37815
20.00 180.00 -0.32387
25.00 180.00 -0.29477
30.00 180.00 -0.25079
35.00 180.00 -0.15448
40.00 180.00 -0.22776E-02
45.00 180.00 0.16755
50.00 180.00 0.29750
55.00 180.00 0.34848
60.00 180.00 0.32513
65.00 180.00 0.27068
70.00 180.00 0.23632
75.00 180.00 0.24728
80.00 180.00 0.29185
-45.00 -175 0.92127E-01
-40.00 -175 0.15397E-01
-35.00 -175 -0.28682E-01
-30.00 -175 -0.67686E-01
-25.00 -175 -0.14195
-20.00 -175 -0.27117
-15.00 -175 -0.43318
-10.00 -175 -0.57210
-5.00 -175 -0.63289
0.00 -175 -0.59926
5.00 -175 -0.50721
10.00 -175 -0.42192
15.00 -175 -0.39245
20.00 -175 -0.41601
25.00 -175 -0.43889
30.00 -175 -0.39451
35.00 -175 -0.25205
40.00 -175 -0.40422E-01
45.00 -175 0.16906
-65.00 -170 0.33101
-60.00 -170 0.33149
-55.00 -170 0.27286
-50.00 -170 0.16363
-45.00 -170 0.40184E-01
-40.00 -170 -0.61259E-01
-35.00 -170 -0.13201
-30.00 -170 -0.19734
-25.00 -170 -0.29544
-20.00 -170 -0.44265
-15.00 -170 -0.61113
-10.00 -170 -0.73894
-5.00 -170 -0.76999
0.00 -170 -0.69645
5.00 -170 -0.57026
10.00 -170 -0.47062
15.00 -170 -0.44776
20.00 -170 -0.48474
25.00 -170 -0.50770
30.00 -170 -0.43949
35.00 -170 -0.25719
40.00 -170 -0.10630E-01
45.00 -170 0.21115
50.00 -170 0.33881
55.00 -170 0.36282
60.00 -170 0.32828
65.00 -170 0.29469
-70.00 -165 0.29295
-45.00 -165 -0.10753E-01
-40.00 -165 -0.14923
-35.00 -165 -0.26745
-30.00 -165 -0.37814
-25.00 -165 -0.50593
-20.00 -165 -0.66093
-15.00 -165 -0.81926
-10.00 -165 -0.92867
-5.00 -165 -0.94081
0.00 -165 -0.84896
5.00 -165 -0.70080
10.00 -165 -0.57071
15.00 -165 -0.50769
20.00 -165 -0.49801
25.00 -165 -0.47429
30.00 -165 -0.36762
35.00 -165 -0.16343
40.00 -165 0.82918E-01
45.00 -165 0.28374
70.00 -165 0.32630
-75.00 -160 0.26640
-65.00 -160 0.30961
-60.00 -160 0.30063
-55.00 -160 0.23497
-50.00 -160 0.11490
-45.00 -160 -0.40240E-01
-40.00 -160 -0.20713
-35.00 -160 -0.36912
-30.00 -160 -0.52103
-25.00 -160 -0.66626
-20.00 -160 -0.80657
-15.00 -160 -0.93013
-10.00 -160 -1.0087
-5.00 -160 -1.0113
0.00 -160 -0.92831
5.00 -160 -0.78631
10.00 -160 -0.63685
15.00 -160 -0.52169
20.00 -160 -0.44101
25.00 -160 -0.35349
30.00 -160 -0.21258
35.00 -160 -0.11515E-01
40.00 -160 0.20211
45.00 -160 0.35722
50.00 -160 0.41202
55.00 -160 0.38482
60.00 -160 0.33712
65.00 -160 0.32435
75.00 -160 0.40019
-45.00 -155 -0.38336E-01
-40.00 -155 -0.20980
-35.00 -155 -0.39549
-30.00 -155 -0.57322
-25.00 -155 -0.72087
-20.00 -155 -0.82721
-15.00 -155 -0.89333
-10.00 -155 -0.92269
-5.00 -155 -0.91131
0.00 -155 -0.85076
5.00 -155 -0.74185
10.00 -155 -0.60308
15.00 -155 -0.46100
20.00 -155 -0.32914
25.00 -155 -0.19715
30.00 -155 -0.44948E-01
35.00 -155 0.12858
40.00 -155 0.29089
45.00 -155 0.39402
-80.00 -150 0.27522
-70.00 -150 0.26103
-65.00 -150 0.26290
-60.00 -150 0.23457
-55.00 -150 0.17679
-50.00 -150 0.96752E-01
-45.00 -150 -0.10757E-01
-40.00 -150 -0.15882
-35.00 -150 -0.34508
-30.00 -150 -0.53707
-25.00 -150 -0.68600
-20.00 -150 -0.75924
-15.00 -150 -0.76163
-10.00 -150 -0.72577
-5.00 -150 -0.68139
0.00 -150 -0.63317
5.00 -150 -0.56568
10.00 -150 -0.46627
15.00 -150 -0.34031
20.00 -150 -0.20476
25.00 -150 -0.70937E-01
30.00 -150 0.61318E-01
35.00 -150 0.19108
40.00 -150 0.30174
45.00 -150 0.36601
50.00 -150 0.37115
55.00 -150 0.33954
60.00 -150 0.31903
65.00 -150 0.34563
70.00 -150 0.41065
80.00 -150 0.47036
-45.00 -145 0.25182E-01
-40.00 -145 -0.76370E-01
-35.00 -145 -0.24479
-30.00 -145 -0.44821
-25.00 -145 -0.61357
-20.00 -145 -0.67756
-15.00 -145 -0.63279
-10.00 -145 -0.52893
-5.00 -145 -0.43001
0.00 -145 -0.36744
5.00 -145 -0.32798
10.00 -145 -0.27979
15.00 -145 -0.20600
20.00 -145 -0.11443
25.00 -145 -0.21617E-01
30.00 -145 0.65052E-01
35.00 -145 0.14678
40.00 -145 0.21946
45.00 -145 0.26878
-85.00 -140 0.33703
-75.00 -140 0.24170
-65.00 -140 0.19650
-60.00 -140 0.12696
-55.00 -140 0.65793E-01
-50.00 -140 0.46755E-01
-45.00 -140 0.50134E-01
-40.00 -140 0.99609E-02
-35.00 -140 -0.12600
-30.00 -140 -0.33834
-25.00 -140 -0.53670
-20.00 -140 -0.62260
-15.00 -140 -0.56169
-10.00 -140 -0.40470
-5.00 -140 -0.24339
0.00 -140 -0.14350
5.00 -140 -0.11058
10.00 -140 -0.10838
15.00 -140 -0.10155
20.00 -140 -0.80385E-01
25.00 -140 -0.52572E-01
30.00 -140 -0.22002E-01
35.00 -140 0.17476E-01
40.00 -140 0.69634E-01
45.00 -140 0.12534
50.00 -140 0.17136
55.00 -140 0.20973
60.00 -140 0.26190
65.00 -140 0.34586
75.00 -140 0.51773
85.00 -140 0.43808
-70.00 -135 0.22311
-45.00 -135 0.51465E-01
-40.00 -135 0.79381E-01
-35.00 -135 -0.93373E-02
-30.00 -135 -0.21715
-25.00 -135 -0.44742
-20.00 -135 -0.57143
-15.00 -135 -0.52245
-10.00 -135 -0.33965
-5.00 -135 -0.13086
0.00 -135 0.73156E-02
5.00 -135 0.44808E-01
10.00 -135 0.12898E-01
15.00 -135 -0.40621E-01
20.00 -135 -0.88003E-01
25.00 -135 -0.12322
30.00 -135 -0.14266
35.00 -135 -0.13524
40.00 -135 -0.92811E-01
45.00 -135 -0.23069E-01
70.00 -135 0.45517
-65.00 -130 0.13860
-60.00 -130 0.13058E-01
-55.00 -130 -0.82436E-01
-50.00 -130 -0.74492E-01
-45.00 -130 0.26963E-01
-40.00 -130 0.12072
-35.00 -130 0.92498E-01
-30.00 -130 -0.85970E-01
-25.00 -130 -0.32426
-20.00 -130 -0.47727
-15.00 -130 -0.45259
-10.00 -130 -0.27311
-5.00 -130 -0.49896E-01
0.00 -130 0.10317
5.00 -130 0.13898
10.00 -130 0.83352E-01
15.00 -130 -0.91878E-02
20.00 -130 -0.99724E-01
25.00 -130 -0.17420
30.00 -130 -0.22565
35.00 -130 -0.24104
40.00 -130 -0.20908
45.00 -130 -0.13467
50.00 -130 -0.37056E-01
55.00 -130 0.69116E-01
60.00 -130 0.18634
65.00 -130 0.32086
-45.00 -125 -0.16231E-01
-40.00 -125 0.12907
-35.00 -125 0.16349
-30.00 -125 0.35711E-01
-25.00 -125 -0.17939
-20.00 -125 -0.33726
-15.00 -125 -0.33408
-10.00 -125 -0.17935
-5.00 -125 0.23117E-01
0.00 -125 0.15954
5.00 -125 0.18065
10.00 -125 0.11235
15.00 -125 0.11137E-01
20.00 -125 -0.83852E-01
25.00 -125 -0.16238
30.00 -125 -0.22299
35.00 -125 -0.25489
40.00 -125 -0.24296
45.00 -125 -0.18448
-80.00 -120 0.25089
-75.00 -120 0.23922
-70.00 -120 0.22181
-65.00 -120 0.12891
-60.00 -120 -0.33101E-01
-55.00 -120 -0.17269
-50.00 -120 -0.18849
-45.00 -120 -0.64440E-01
-40.00 -120 0.10416
-35.00 -120 0.18205
-30.00 -120 0.10357
-25.00 -120 -0.74185E-01
-20.00 -120 -0.21917
-15.00 -120 -0.22983
-10.00 -120 -0.10824
-5.00 -120 0.54565E-01
0.00 -120 0.15812
5.00 -120 0.16351
10.00 -120 0.10147
15.00 -120 0.26022E-01
20.00 -120 -0.33807E-01
25.00 -120 -0.82478E-01
30.00 -120 -0.13169
35.00 -120 -0.17587
40.00 -120 -0.19467
45.00 -120 -0.17293
50.00 -120 -0.11101
55.00 -120 -0.15336E-01
60.00 -120 0.11316
65.00 -120 0.27149
70.00 -120 0.43355
75.00 -120 0.54389
80.00 -120 0.55304
-45.00 -115 -0.99753E-01
-40.00 -115 0.54457E-01
-35.00 -115 0.13556
-30.00 -115 0.75628E-01
-25.00 -115 -0.80094E-01
-20.00 -115 -0.21428
-15.00 -115 -0.23418
-10.00 -115 -0.13943
-5.00 -115 -0.84325E-02
0.00 -115 0.75023E-01
5.00 -115 0.85046E-01
10.00 -115 0.56222E-01
15.00 -115 0.35643E-01
20.00 -115 0.37053E-01
25.00 -115 0.37708E-01
30.00 -115 0.11304E-01
35.00 -115 -0.41974E-01
40.00 -115 -0.96080E-01
45.00 -115 -0.12198
-65.00 -110 0.18634
-60.00 -110 0.42417E-01
-55.00 -110 -0.10513
-50.00 -110 -0.16219
-45.00 -110 -0.10253
-40.00 -110 0.24031E-02
-35.00 -110 0.40596E-01
-30.00 -110 -0.46118E-01
-25.00 -110 -0.21337
-20.00 -110 -0.35229
-15.00 -110 -0.37787
-10.00 -110 -0.29011
-5.00 -110 -0.15989
0.00 -110 -0.61170E-01
5.00 -110 -0.14570E-01
10.00 -110 0.11736E-01
15.00 -110 0.55166E-01
20.00 -110 0.11668
25.00 -110 0.16148
30.00 -110 0.15476
35.00 -110 0.93798E-01
40.00 -110 0.85004E-02
45.00 -110 -0.61980E-01
50.00 -110 -0.89117E-01
55.00 -110 -0.56815E-01
60.00 -110 0.42994E-01
65.00 -110 0.20297
-70.00 -105 0.27171
-45.00 -105 -0.56248E-01
-40.00 -105 -0.18045E-01
-35.00 -105 -0.51896E-01
-30.00 -105 -0.19766
-25.00 -105 -0.40156
-20.00 -105 -0.55468
-15.00 -105 -0.57585
-10.00 -105 -0.46733
-5.00 -105 -0.30030
0.00 -105 -0.15085
5.00 -105 -0.46568E-01
10.00 -105 0.34090E-01
15.00 -105 0.11985
20.00 -105 0.20833
25.00 -105 0.26620
30.00 -105 0.26103
35.00 -105 0.19058
40.00 -105 0.84329E-01
45.00 -105 -0.16657E-01
70.00 -105 0.35462
-75.00 -100 0.25432
-65.00 -100 0.28461
-60.00 -100 0.21250
-55.00 -100 0.11690
-50.00 -100 0.57235E-01
-45.00 -100 0.44891E-01
-40.00 -100 0.24390E-01
-35.00 -100 -0.78084E-01
-30.00 -100 -0.28135
-25.00 -100 -0.51803
-20.00 -100 -0.67529
-15.00 -100 -0.67414
-10.00 -100 -0.52127
-5.00 -100 -0.29476
0.00 -100 -0.82258E-01
5.00 -100 0.72984E-01
10.00 -100 0.17876
15.00 -100 0.25975
20.00 -100 0.32217
25.00 -100 0.34845
30.00 -100 0.31909
35.00 -100 0.23488
40.00 -100 0.11930
45.00 -100 0.58010E-02
50.00 -100 -0.73236E-01
55.00 -100 -0.88939E-01
60.00 -100 -0.19998E-01
65.00 -100 0.13177
75.00 -100 0.48086
-45.00 -95 0.18922
-40.00 -95 0.13891
-35.00 -95 0.10364E-02
-30.00 -95 -0.22590
-25.00 -95 -0.46501
-20.00 -95 -0.60299
-15.00 -95 -0.56517
-10.00 -95 -0.36392
-5.00 -95 -0.85067E-01
0.00 -95 0.17117
5.00 -95 0.34560
10.00 -95 0.43406
15.00 -95 0.46221
20.00 -95 0.45261
25.00 -95 0.41174
30.00 -95 0.33869
35.00 -95 0.23794
40.00 -95 0.12284
45.00 -95 0.12144E-01
-80.00 -90 0.24213
-70.00 -90 0.31555
-65.00 -90 0.36628
-60.00 -90 0.37648
-55.00 -90 0.36219
-50.00 -90 0.35300
-45.00 -90 0.34706
-40.00 -90 0.30155
-35.00 -90 0.17187
-30.00 -90 -0.34876E-01
-25.00 -90 -0.24262
-20.00 -90 -0.34581
-15.00 -90 -0.27735
-10.00 -90 -0.52596E-01
-5.00 -90 0.24191
0.00 -90 0.50201
5.00 -90 0.65973
10.00 -90 0.70295
15.00 -90 0.65908
20.00 -90 0.56577
25.00 -90 0.45200
30.00 -90 0.33448
35.00 -90 0.22105
40.00 -90 0.11411
45.00 -90 0.15894E-01
50.00 -90 -0.62468E-01
55.00 -90 -0.94861E-01
60.00 -90 -0.49617E-01
65.00 -90 0.84022E-01
70.00 -90 0.27106
80.00 -90 0.50528
-85.00 -85 0.31677
-45.00 -85 0.47951
-40.00 -85 0.46247
-35.00 -85 0.37206
-30.00 -85 0.21344
-25.00 -85 0.50169E-01
-20.00 -85 -0.27815E-01
-15.00 -85 0.38659E-01
-10.00 -85 0.23892
-5.00 -85 0.49888
0.00 -85 0.72431
5.00 -85 0.84800
10.00 -85 0.85190
15.00 -85 0.75953
20.00 -85 0.61357
25.00 -85 0.45560
30.00 -85 0.31424
35.00 -85 0.20029
40.00 -85 0.10836
45.00 -85 0.27538E-01
85.00 -85 0.45117
-75.00 -80 0.24521
-65.00 -80 0.38882
-60.00 -80 0.44297
-55.00 -80 0.47781
-50.00 -80 0.51380
-45.00 -80 0.55363
-40.00 -80 0.56933
-35.00 -80 0.52513
-30.00 -80 0.41561
-25.00 -80 0.28359
-20.00 -80 0.19983
-15.00 -80 0.21899
-10.00 -80 0.34506
-5.00 -80 0.52970
0.00 -80 0.70083
5.00 -80 0.79872
10.00 -80 0.79804
15.00 -80 0.70926
20.00 -80 0.56659
25.00 -80 0.41172
30.00 -80 0.27825
35.00 -80 0.18021
40.00 -80 0.10976
45.00 -80 0.48951E-01
50.00 -80 -0.90530E-02
55.00 -80 -0.45447E-01
60.00 -80 -0.24078E-01
65.00 -80 0.77933E-01
75.00 -80 0.39625
-70.00 -75 0.30099
-45.00 -75 0.55626
-40.00 -75 0.59291
-35.00 -75 0.58263
-30.00 -75 0.50557
-25.00 -75 0.38138
-20.00 -75 0.26253
-15.00 -75 0.20352
-10.00 -75 0.22939
-5.00 -75 0.32429
0.00 -75 0.44337
5.00 -75 0.53642
10.00 -75 0.56860
15.00 -75 0.53078
20.00 -75 0.43934
25.00 -75 0.32705
30.00 -75 0.22744
35.00 -75 0.15816
40.00 -75 0.11364
45.00 -75 0.74579E-01
70.00 -75 0.23333
-65.00 -70 0.35993
-60.00 -70 0.41121
-55.00 -70 0.43744
-50.00 -70 0.46087
-45.00 -70 0.49863
-40.00 -70 0.53889
-35.00 -70 0.54538
-30.00 -70 0.48552
-25.00 -70 0.35845
-20.00 -70 0.20092
-15.00 -70 0.68190E-01
-10.00 -70 0.47682E-02
-5.00 -70 0.23856E-01
0.00 -70 0.10487
5.00 -70 0.20620
10.00 -70 0.28445
15.00 -70 0.31193
20.00 -70 0.28642
25.00 -70 0.22931
30.00 -70 0.17144
35.00 -70 0.13367
40.00 -70 0.11481
45.00 -70 0.97407E-01
50.00 -70 0.68699E-01
55.00 -70 0.39660E-01
60.00 -70 0.43243E-01
65.00 -70 0.10876
-45.00 -65 0.40931
-40.00 -65 0.43967
-35.00 -65 0.45235
-30.00 -65 0.40773
-25.00 -65 0.28959
-20.00 -65 0.12059
-15.00 -65 -0.47435E-01
-10.00 -65 -0.16012
-5.00 -65 -0.18645
0.00 -65 -0.13062
5.00 -65 -0.26495E-01
10.00 -65 0.79782E-01
15.00 -65 0.15056
20.00 -65 0.17182
25.00 -65 0.15583
30.00 -65 0.12954
35.00 -65 0.11499
40.00 -65 0.11493
45.00 -65 0.11496
-80.00 -60 0.24386
-75.00 -60 0.22186
-70.00 -60 0.26377
-65.00 -60 0.32582
-60.00 -60 0.36149
-55.00 -60 0.35610
-50.00 -60 0.33137
-45.00 -60 0.32008
-40.00 -60 0.33358
-35.00 -60 0.34939
-30.00 -60 0.32771
-25.00 -60 0.24222
-20.00 -60 0.10171
-15.00 -60 -0.52265E-01
-10.00 -60 -0.16777
-5.00 -60 -0.20907
0.00 -60 -0.17198
5.00 -60 -0.82186E-01
10.00 -60 0.19672E-01
15.00 -60 0.97278E-01
20.00 -60 0.13358
25.00 -60 0.13496
30.00 -60 0.12276
35.00 -60 0.11708
40.00 -60 0.12322
45.00 -60 0.13089
50.00 -60 0.12757
55.00 -60 0.11530
60.00 -60 0.11538
65.00 -60 0.15372
70.00 -60 0.23705
75.00 -60 0.33825
80.00 -60 0.40982
-45.00 -55 0.25308
-40.00 -55 0.24614
-35.00 -55 0.26268
-30.00 -55 0.26799
-25.00 -55 0.22994
-20.00 -55 0.14386
-15.00 -55 0.36487E-01
-10.00 -55 -0.51152E-01
-5.00 -55 -0.87530E-01
0.00 -55 -0.65520E-01
5.00 -55 -0.19918E-02
10.00 -55 0.73846E-01
15.00 -55 0.13493
20.00 -55 0.16687
25.00 -55 0.17121
30.00 -55 0.16108
35.00 -55 0.15144
40.00 -55 0.14934
45.00 -55 0.15097
-65.00 -50 0.32460
-60.00 -50 0.36455
-55.00 -50 0.34617
-50.00 -50 0.28209
-45.00 -50 0.21543
-40.00 -50 0.18430
-35.00 -50 0.19401
-30.00 -50 0.21744
-25.00 -50 0.21962
-20.00 -50 0.18491
-15.00 -50 0.12619
-10.00 -50 0.72629E-01
-5.00 -50 0.49000E-01
0.00 -50 0.62564E-01
5.00 -50 0.10372
10.00 -50 0.15522
15.00 -50 0.20109
20.00 -50 0.23086
25.00 -50 0.24050
30.00 -50 0.23228
35.00 -50 0.21351
40.00 -50 0.19292
45.00 -50 0.17613
50.00 -50 0.16426
55.00 -50 0.15788
60.00 -50 0.16264
65.00 -50 0.18920
-70.00 -45 0.26334
-45.00 -45 0.20222
-40.00 -45 0.14322
-35.00 -45 0.13537
-30.00 -45 0.15857
-25.00 -45 0.17669
-20.00 -45 0.16734
-15.00 -45 0.13543
-10.00 -45 0.10350
-5.00 -45 0.91776E-01
0.00 -45 0.10590
5.00 -45 0.13923
10.00 -45 0.18228
15.00 -45 0.22785
20.00 -45 0.26903
25.00 -45 0.29606
30.00 -45 0.29924
35.00 -45 0.27639
40.00 -45 0.23705
45.00 -45 0.19768
70.00 -45 0.24498
-75.00 -40 0.23369
-65.00 -40 0.35314
-60.00 -40 0.41452
-55.00 -40 0.40350
-50.00 -40 0.31773
-45.00 -40 0.20301
-40.00 -40 0.11646
-35.00 -40 0.85239E-01
-30.00 -40 0.93437E-01
-25.00 -40 0.10347
-20.00 -40 0.89907E-01
-15.00 -40 0.56613E-01
-10.00 -40 0.26655E-01
-5.00 -40 0.19486E-01
0.00 -40 0.37761E-01
5.00 -40 0.72652E-01
10.00 -40 0.11702
15.00 -40 0.17017
20.00 -40 0.22994
25.00 -40 0.28356
30.00 -40 0.31050
35.00 -40 0.29756
40.00 -40 0.25200
45.00 -40 0.19885
50.00 -40 0.16386
55.00 -40 0.15742
60.00 -40 0.17378
65.00 -40 0.20372
75.00 -40 0.29780
-45.00 -35 0.20682
-40.00 -35 0.99980E-01
-35.00 -35 0.50878E-01
-30.00 -35 0.43664E-01
-25.00 -35 0.36743E-01
-20.00 -35 0.23433E-02
-15.00 -35 -0.52744E-01
-10.00 -35 -0.99657E-01
-5.00 -35 -0.11616
0.00 -35 -0.10266
5.00 -35 -0.73220E-01
10.00 -35 -0.35803E-01
15.00 -35 0.15017E-01
20.00 -35 0.85244E-01
25.00 -35 0.16412
30.00 -35 0.22360
35.00 -35 0.23857
40.00 -35 0.20916
45.00 -35 0.16305
-85.00 -30 0.37732
-80.00 -30 0.29386
-70.00 -30 0.28844
-65.00 -30 0.37765
-60.00 -30 0.45133
-55.00 -30 0.44439
-50.00 -30 0.34520
-45.00 -30 0.20318
-40.00 -30 0.87994E-01
-35.00 -30 0.35504E-01
-30.00 -30 0.25948E-01
-25.00 -30 0.96958E-02
-20.00 -30 -0.46015E-01
-15.00 -30 -0.13170
-10.00 -30 -0.21054
-5.00 -30 -0.25427
0.00 -30 -0.26383
5.00 -30 -0.25799
10.00 -30 -0.24631
15.00 -30 -0.21729
20.00 -30 -0.15425
25.00 -30 -0.60929E-01
30.00 -30 0.31961E-01
35.00 -30 0.88701E-01
40.00 -30 0.98605E-01
45.00 -30 0.84696E-01
50.00 -30 0.82440E-01
55.00 -30 0.10959
60.00 -30 0.15615
65.00 -30 0.20187
70.00 -30 0.24010
80.00 -30 0.32735
85.00 -30 0.36219
-45.00 -25 0.18143
-40.00 -25 0.66945E-01
-35.00 -25 0.23833E-01
-30.00 -25 0.26419E-01
-25.00 -25 0.14051E-01
-20.00 -25 -0.54709E-01
-15.00 -25 -0.17057
-10.00 -25 -0.28895
-5.00 -25 -0.37238
0.00 -25 -0.41774
5.00 -25 -0.44567
10.00 -25 -0.46828
15.00 -25 -0.47134
20.00 -25 -0.42945
25.00 -25 -0.33686
30.00 -25 -0.22074
35.00 -25 -0.12168
40.00 -25 -0.60502E-01
45.00 -25 -0.23993E-01
-75.00 -20 0.27525
-65.00 -20 0.37076
-60.00 -20 0.42997
-55.00 -20 0.40668
-50.00 -20 0.28860
-45.00 -20 0.13167
-40.00 -20 0.15940E-01
-35.00 -20 -0.18557E-01
-30.00 -20 -0.15202E-02
-25.00 -20 -0.35706E-02
-20.00 -20 -0.76287E-01
-15.00 -20 -0.21371
-10.00 -20 -0.36528
-5.00 -20 -0.48248
0.00 -20 -0.55403
5.00 -20 -0.60038
10.00 -20 -0.63975
15.00 -20 -0.66354
20.00 -20 -0.64493
25.00 -20 -0.56921
30.00 -20 -0.45243
35.00 -20 -0.32940
40.00 -20 -0.22439
45.00 -20 -0.13510
50.00 -20 -0.45059E-01
55.00 -20 0.51279E-01
60.00 -20 0.13924
65.00 -20 0.20045
75.00 -20 0.26614
-70.00 -15 0.29700
-45.00 -15 0.48937E-01
-40.00 -15 -0.83674E-01
-35.00 -15 -0.12799
-30.00 -15 -0.11115
-25.00 -15 -0.10720
-20.00 -15 -0.17547
-15.00 -15 -0.31565
-10.00 -15 -0.47504
-5.00 -15 -0.59573
0.00 -15 -0.65747
5.00 -15 -0.68106
10.00 -15 -0.69683
15.00 -15 -0.71253
20.00 -15 -0.70982
25.00 -15 -0.66695
30.00 -15 -0.58084
35.00 -15 -0.46727
40.00 -15 -0.34358
45.00 -15 -0.21588
70.00 -15 0.23617
-65.00 -10 0.33638
-60.00 -10 0.36192
-55.00 -10 0.30483
-50.00 -10 0.14661
-45.00 -10 -0.61687E-01
-40.00 -10 -0.23500
-35.00 -10 -0.31827
-30.00 -10 -0.32607
-25.00 -10 -0.32560
-20.00 -10 -0.37892
-15.00 -10 -0.49370
-10.00 -10 -0.62160
-5.00 -10 -0.70122
0.00 -10 -0.70635
5.00 -10 -0.66032
10.00 -10 -0.61031
15.00 -10 -0.58850
20.00 -10 -0.59254
25.00 -10 -0.59535
30.00 -10 -0.56865
35.00 -10 -0.49853
40.00 -10 -0.38627
45.00 -10 -0.24295
50.00 -10 -0.87292E-01
55.00 -10 0.55066E-01
60.00 -10 0.15906
65.00 -10 0.21500
-45.00 -5 -0.18316
-40.00 -5 -0.41809
-35.00 -5 -0.56603
-30.00 -5 -0.61919
-25.00 -5 -0.62820
-20.00 -5 -0.65374
-15.00 -5 -0.71484
-10.00 -5 -0.77571
-5.00 -5 -0.77939
0.00 -5 -0.69782
5.00 -5 -0.55741
10.00 -5 -0.42183
15.00 -5 -0.34857
20.00 -5 -0.35318
25.00 -5 -0.40434
30.00 -5 -0.44735
35.00 -5 -0.43586
40.00 -5 -0.35251
45.00 -5 -0.21192
90.00 0.00 0.34804
-90.00 0.00 0.44396
