-85.00 0.00 0.38140
-80.00 0.00 0.41339
-75.00 0.00 0.24057
-70.00 0.00 -0.25290E-01
-65.00 0.00 -0.22054
-60.00 0.00 -0.25541
-55.00 0.00 -0.16952
-50.00 0.00 -0.79869E-01
-45.00 0.00 -0.73178E-01
-40.00 0.00 -0.13999
-35.00 0.00 -0.20278
-30.00 0.00 -0.20073
-25.00 0.00 -0.14600
-20.00 0.00 -0.10097
-15.00 0.00 -0.10627
-10.00 0.00 -0.13535
-5.00 0.00 -0.12106
0.00 0.00 -0.26192E-01
5.00 0.00 0.11314
10.00 0.00 0.21453
15.00 0.00 0.22083
20.00 0.00 0.14814
25.00 0.00 0.67304E-01
30.00 0.00 0.40074E-01
35.00 0.00 0.71036E-01
40.00 0.00 0.11562
45.00 0.00 0.12780
50.00 0.00 0.96845E-01
55.00 0.00 0.41821E-01
60.00 0.00 -0.19280E-01
65.00 0.00 -0.85113E-01
70.00 0.00 -0.15457
75.00 0.00 -0.20348
80.00 0.00 -0.19520
85.00 0.00 -0.11952
-45.00 5.00 -0.45853E-01
-40.00 5.00 -0.11015
-35.00 5.00 -0.16587
-30.00 5.00 -0.15925
-25.00 5.00 -0.10730
-20.00 5.00 -0.69158E-01
-15.00 5.00 -0.75781E-01
-10.00 5.00 -0.93695E-01
-5.00 5.00 -0.60370E-01
0.00 5.00 0.45842E-01
5.00 5.00 0.17366
10.00 5.00 0.23936
15.00 5.00 0.20213
20.00 5.00 0.10241
25.00 5.00 0.27195E-01
30.00 5.00 0.36098E-01
35.00 5.00 0.11650
40.00 5.00 0.20403
45.00 5.00 0.24144
-65.00 10.00 -0.10916
-60.00 10.00 -0.14380
-55.00 10.00 -0.77286E-01
-50.00 10.00 -0.15332E-01
-45.00 10.00 -0.24417E-01
-40.00 10.00 -0.82740E-01
-35.00 10.00 -0.12060
-30.00 10.00 -0.99315E-01
-25.00 10.00 -0.46647E-01
-20.00 10.00 -0.17430E-01
-15.00 10.00 -0.26728E-01
-10.00 10.00 -0.29031E-01
-5.00 10.00 0.32938E-01
0.00 10.00 0.16002
5.00 10.00 0.28132
10.00 10.00 0.31212
15.00 10.00 0.23199
20.00 10.00 0.10814
25.00 10.00 0.40987E-01
30.00 10.00 0.81988E-01
35.00 10.00 0.19776
40.00 10.00 0.30730
45.00 10.00 0.35054
50.00 10.00 0.32322
55.00 10.00 0.25497
60.00 10.00 0.16661
65.00 10.00 0.57825E-01
-70.00 15.00 0.13483
-45.00 15.00 -0.32806E-01
-40.00 15.00 -0.78616E-01
-35.00 15.00 -0.82295E-01
-30.00 15.00 -0.29253E-01
-25.00 15.00 0.33754E-01
-20.00 15.00 0.53097E-01
-15.00 15.00 0.31654E-01
-10.00 15.00 0.31208E-01
-5.00 15.00 0.10797
0.00 15.00 0.24632
5.00 15.00 0.36088
10.00 15.00 0.37007
15.00 15.00 0.27267
20.00 15.00 0.15368
25.00 15.00 0.11291
30.00 15.00 0.18274
35.00 15.00 0.30882
40.00 15.00 0.40511
45.00 15.00 0.42497
70.00 15.00 -0.24334E-01
-75.00 20.00 0.39673
-65.00 20.00 0.52986E-01
-60.00 20.00 -0.34326E-02
-55.00 20.00 -0.10273E-01
-50.00 20.00 -0.33339E-01
-45.00 20.00 -0.82684E-01
-40.00 20.00 -0.10693
-35.00 20.00 -0.58473E-01
-30.00 20.00 0.44393E-01
-25.00 20.00 0.12690
-20.00 20.00 0.13068
-15.00 20.00 0.74798E-01
-10.00 20.00 0.39876E-01
-5.00 20.00 0.88694E-01
0.00 20.00 0.20182
5.00 20.00 0.29372
10.00 20.00 0.29498
15.00 20.00 0.22037
20.00 20.00 0.15623
25.00 20.00 0.17980
30.00 20.00 0.28908
35.00 20.00 0.40896
40.00 20.00 0.46277
45.00 20.00 0.43602
50.00 20.00 0.37210
55.00 20.00 0.31271
60.00 20.00 0.25166
65.00 20.00 0.15249
75.00 20.00 -0.12702
-45.00 25.00 -0.17083
-40.00 25.00 -0.16628
-35.00 25.00 -0.55304E-01
-30.00 25.00 0.10539
-25.00 25.00 0.20841
-20.00 25.00 0.18727
-15.00 25.00 0.74533E-01
-10.00 25.00 -0.30871E-01
-5.00 25.00 -0.54930E-01
0.00 25.00 -0.92905E-02
5.00 25.00 0.35601E-01
10.00 25.00 0.33296E-01
15.00 25.00 0.13294E-01
20.00 25.00 0.48888E-01
25.00 25.00 0.17496
30.00 25.00 0.34153
35.00 25.00 0.45243
40.00 25.00 0.45162
45.00 25.00 0.37051
-80.00 30.00 0.53735
-70.00 30.00 0.32383
-65.00 30.00 0.18606
-60.00 30.00 0.71635E-01
-55.00 30.00 -0.52005E-01
-50.00 30.00 -0.18986
-45.00 30.00 -0.28134
-40.00 30.00 -0.24792
-35.00 30.00 -0.80310E-01
-30.00 30.00 0.12767
-25.00 30.00 0.24138
-20.00 30.00 0.19090
-15.00 30.00 0.21785E-01
-10.00 30.00 -0.15423
-5.00 30.00 -0.25762
0.00 30.00 -0.29277
5.00 30.00 -0.30940
10.00 30.00 -0.32356
15.00 30.00 -0.28773
20.00 30.00 -0.14469
25.00 30.00 0.91837E-01
30.00 30.00 0.31978
35.00 30.00 0.42294
40.00 30.00 0.37011
45.00 30.00 0.24178
50.00 30.00 0.15508
55.00 30.00 0.15742
60.00 30.00 0.19116
65.00 30.00 0.16207
70.00 30.00 0.41527E-01
80.00 30.00 -0.16500
-45.00 35.00 -0.39062
-40.00 35.00 -0.33754
-35.00 35.00 -0.13715
-30.00 35.00 0.89559E-01
-25.00 35.00 0.19747
-20.00 35.00 0.12685
-15.00 35.00 -0.61708E-01
-10.00 35.00 -0.25486
-5.00 35.00 -0.38574
0.00 35.00 -0.46774
5.00 35.00 -0.53805
10.00 35.00 -0.58150
15.00 35.00 -0.52521
20.00 35.00 -0.31728
25.00 35.00 -0.85588E-02
30.00 35.00 0.25634
35.00 35.00 0.34542
40.00 35.00 0.24926
45.00 35.00 0.88685E-01
-75.00 40.00 0.51214
-65.00 40.00 0.25456
-60.00 40.00 0.79505E-01
-55.00 40.00 -0.13941
-50.00 40.00 -0.35700
-45.00 40.00 -0.47384
-40.00 40.00 -0.41640
-35.00 40.00 -0.21717
-30.00 40.00 -0.76751E-02
-25.00 40.00 0.79555E-01
-20.00 40.00 0.11876E-01
-15.00 40.00 -0.13380
-10.00 40.00 -0.25741
-5.00 40.00 -0.32863
0.00 40.00 -0.39325
5.00 40.00 -0.49174
10.00 40.00 -0.58247
15.00 40.00 -0.56008
20.00 40.00 -0.36058
25.00 40.00 -0.49086E-01
30.00 40.00 0.20688
35.00 40.00 0.26738
40.00 40.00 0.13745
45.00 40.00 -0.38916E-01
50.00 40.00 -0.10590
55.00 40.00 -0.27634E-01
60.00 40.00 0.94731E-01
65.00 40.00 0.13009
75.00 40.00 -0.90268E-01
-70.00 45.00 0.41258
-45.00 45.00 -0.51181
-40.00 45.00 -0.46455
-35.00 45.00 -0.29675
-30.00 45.00 -0.13239
-25.00 45.00 -0.71371E-01
-20.00 45.00 -0.10891
-15.00 45.00 -0.15574
-10.00 45.00 -0.13922
-5.00 45.00 -0.82354E-01
0.00 45.00 -0.77507E-01
5.00 45.00 -0.17896
10.00 45.00 -0.32509
15.00 45.00 -0.37750
20.00 45.00 -0.24887
25.00 45.00 0.20967E-02
30.00 45.00 0.20645
35.00 45.00 0.22648
40.00 45.00 0.74482E-01
45.00 45.00 -0.10170
70.00 45.00 0.36156E-01
-65.00 50.00 0.26754
-60.00 50.00 0.72265E-01
-55.00 50.00 -0.16424
-50.00 50.00 -0.38285
-45.00 50.00 -0.49727
-40.00 50.00 -0.46786
-35.00 50.00 -0.34630
-30.00 50.00 -0.23499
-25.00 50.00 -0.19298
-20.00 50.00 -0.18191
-15.00 50.00 -0.11166
-10.00 50.00 0.54575E-01
-5.00 50.00 0.24220
0.00 50.00 0.32052
5.00 50.00 0.22604
10.00 50.00 0.34904E-01
15.00 50.00 -0.92596E-01
20.00 50.00 -0.51345E-01
25.00 50.00 0.11386
30.00 50.00 0.24864
35.00 50.00 0.22900
40.00 50.00 0.71337E-01
45.00 50.00 -0.88175E-01
50.00 50.00 -0.12175
55.00 50.00 -0.23204E-01
60.00 50.00 0.96855E-01
65.00 50.00 0.12123
-85.00 55.00 0.41321
-45.00 55.00 -0.43826
-40.00 55.00 -0.42623
-35.00 55.00 -0.34703
-30.00 55.00 -0.27492
-25.00 55.00 -0.23451
-20.00 55.00 -0.17221
-15.00 55.00 -0.13875E-01
-10.00 55.00 0.24221
-5.00 55.00 0.49235
0.00 55.00 0.59870
5.00 55.00 0.50747
10.00 55.00 0.30381
15.00 55.00 0.14596
20.00 55.00 0.13351
25.00 55.00 0.22844
30.00 55.00 0.30041
35.00 55.00 0.25212
40.00 55.00 0.10715
45.00 55.00 -0.18923E-01
85.00 55.00 -0.10025
-80.00 60.00 0.50364
-75.00 60.00 0.48169
-70.00 60.00 0.38494
-65.00 60.00 0.24810
-60.00 60.00 0.79733E-01
-55.00 60.00 -0.10603
-50.00 60.00 -0.26773
-45.00 60.00 -0.35621
-40.00 60.00 -0.35694
-35.00 60.00 -0.30436
-30.00 60.00 -0.24530
-25.00 60.00 -0.18638
-20.00 60.00 -0.84057E-01
-15.00 60.00 0.10401
-10.00 60.00 0.35415
-5.00 60.00 0.56832
0.00 60.00 0.64232
5.00 60.00 0.55398
10.00 60.00 0.38800
15.00 60.00 0.26883
20.00 60.00 0.25874
25.00 60.00 0.31325
30.00 60.00 0.33330
35.00 60.00 0.26340
40.00 60.00 0.14278
45.00 60.00 0.63637E-01
50.00 60.00 0.79879E-01
55.00 60.00 0.15523
60.00 60.00 0.19850
65.00 60.00 0.14866
70.00 60.00 0.27716E-01
75.00 60.00 -0.85238E-01
80.00 60.00 -0.12762
-45.00 65.00 -0.27789
-40.00 65.00 -0.28858
-35.00 65.00 -0.24697
-30.00 65.00 -0.17752
-25.00 65.00 -0.86697E-01
-20.00 65.00 0.38166E-01
-15.00 65.00 0.19976
-10.00 65.00 0.36395
-5.00 65.00 0.47068
0.00 65.00 0.48054
5.00 65.00 0.41393
10.00 65.00 0.34012
15.00 65.00 0.31989
20.00 65.00 0.35263
25.00 65.00 0.37937
30.00 65.00 0.34145
35.00 65.00 0.24048
40.00 65.00 0.14150
45.00 65.00 0.11451
-65.00 70.00 0.21503
-60.00 70.00 0.91667E-01
-55.00 70.00 -0.33533E-01
-50.00 70.00 -0.14640
-45.00 70.00 -0.22392
-40.00 70.00 -0.24680
-35.00 70.00 -0.20973
-30.00 70.00 -0.12111
-25.00 70.00 0.15800E-02
-20.00 70.00 0.13257
-15.00 70.00 0.23842
-10.00 70.00 0.28894
-5.00 70.00 0.27858
0.00 70.00 0.24036
5.00 70.00 0.23067
10.00 70.00 0.28692
15.00 70.00 0.38994
20.00 70.00 0.46883
25.00 70.00 0.45319
30.00 70.00 0.33391
35.00 70.00 0.17902
40.00 70.00 0.85772E-01
45.00 70.00 0.10529
50.00 70.00 0.20247
55.00 70.00 0.28512
60.00 70.00 0.27686
65.00 70.00 0.17228
-70.00 75.00 0.30098
-45.00 75.00 -0.19931
-40.00 75.00 -0.23947
-35.00 75.00 -0.21087
-30.00 75.00 -0.11131
-25.00 75.00 0.29524E-01
-20.00 75.00 0.15523
-15.00 75.00 0.20931
-10.00 75.00 0.17365
-5.00 75.00 0.91946E-01
0.00 75.00 0.51742E-01
5.00 75.00 0.12601
10.00 75.00 0.31174
15.00 75.00 0.51656
20.00 75.00 0.61387
25.00 75.00 0.53287
30.00 75.00 0.31503
35.00 75.00 0.89767E-01
40.00 75.00 -0.15894E-01
45.00 75.00 0.35229E-01
70.00 75.00 0.36895E-01
-75.00 80.00 0.35255
-65.00 80.00 0.18739
-60.00 80.00 0.10196
-55.00 80.00 0.94645E-02
-50.00 80.00 -0.93490E-01
-45.00 80.00 -0.19145
-40.00 80.00 -0.25122
-35.00 80.00 -0.23919
-30.00 80.00 -0.14703
-25.00 80.00 -0.91482E-02
-20.00 80.00 0.10607
-15.00 80.00 0.13602
-10.00 80.00 0.73352E-01
-5.00 80.00 -0.13806E-01
0.00 80.00 -0.18029E-01
5.00 80.00 0.12938
10.00 80.00 0.39357
15.00 80.00 0.64089
20.00 80.00 0.72139
25.00 80.00 0.57417
30.00 80.00 0.27595
35.00 80.00 -0.74906E-02
40.00 80.00 -0.13271
45.00 80.00 -0.69489E-01
50.00 80.00 0.93827E-01
55.00 80.00 0.22649
60.00 80.00 0.24755
65.00 80.00 0.16533
75.00 80.00 -0.44223E-01
-45.00 85.00 -0.17734
-40.00 85.00 -0.25176
-35.00 85.00 -0.26117
-30.00 85.00 -0.19473
-25.00 85.00 -0.79994E-01
-20.00 85.00 0.25227E-01
-15.00 85.00 0.67381E-01
-10.00 85.00 0.39715E-01
-5.00 85.00 -0.95358E-03
0.00 85.00 0.33615E-01
5.00 85.00 0.19518
10.00 85.00 0.44400
15.00 85.00 0.65588
20.00 85.00 0.69766
25.00 85.00 0.52140
30.00 85.00 0.20617
35.00 85.00 -0.88123E-01
40.00 85.00 -0.22343
45.00 85.00 -0.16759
-80.00 90.00 0.31836
-70.00 90.00 0.23400
-65.00 90.00 0.18755
-60.00 90.00 0.13553
-55.00 90.00 0.61774E-01
-50.00 90.00 -0.35015E-01
-45.00 90.00 -0.13633
-40.00 90.00 -0.21390
-35.00 90.00 -0.24352
-30.00 90.00 -0.21520
-25.00 90.00 -0.13814
-20.00 90.00 -0.39333E-01
-15.00 90.00 0.47620E-01
-10.00 90.00 0.10242
-5.00 90.00 0.13470
0.00 90.00 0.18003
5.00 90.00 0.27020
10.00 90.00 0.39665
15.00 90.00 0.49928
20.00 90.00 0.49900
25.00 90.00 0.35640
30.00 90.00 0.11206
35.00 90.00 -0.12737
40.00 90.00 -0.25274
45.00 90.00 -0.22060
50.00 90.00 -0.76371E-01
55.00 90.00 0.82234E-01
60.00 90.00 0.17053
65.00 90.00 0.16242
70.00 90.00 0.89628E-01
80.00 90.00 -0.46428E-01
-45.00 95.00 -0.61570E-01
-40.00 95.00 -0.12985
-35.00 95.00 -0.17528
-30.00 95.00 -0.19174
-25.00 95.00 -0.16205
-20.00 95.00 -0.67935E-01
-15.00 95.00 0.84259E-01
-10.00 95.00 0.24983
-5.00 95.00 0.36544
0.00 95.00 0.39163
5.00 95.00 0.34131
10.00 95.00 0.26616
15.00 95.00 0.21073
20.00 95.00 0.17528
25.00 95.00 0.12231
30.00 95.00 0.21437E-01
35.00 95.00 -0.10953
40.00 95.00 -0.20713
45.00 95.00 -0.20942
-75.00 100.00 0.22191
-65.00 100.00 0.22697
-60.00 100.00 0.21628
-55.00 100.00 0.16828
-50.00 100.00 0.99360E-01
-45.00 100.00 0.36450E-01
-40.00 100.00 -0.15707E-01
-35.00 100.00 -0.73688E-01
-30.00 100.00 -0.13794
-25.00 100.00 -0.16264
-20.00 100.00 -0.77912E-01
-15.00 100.00 0.14212
-10.00 100.00 0.42679
-5.00 100.00 0.63185
0.00 100.00 0.63460
5.00 100.00 0.42806
10.00 100.00 0.13255
15.00 100.00 -0.90619E-01
20.00 100.00 -0.15472
25.00 100.00 -0.98199E-01
30.00 100.00 -0.32692E-01
35.00 100.00 -0.39129E-01
40.00 100.00 -0.10337
45.00 100.00 -0.14216
50.00 100.00 -0.88122E-01
55.00 100.00 0.46130E-01
60.00 100.00 0.17884
65.00 100.00 0.22858
75.00 100.00 0.74070E-01
-70.00 105.00 0.21587
-45.00 105.00 0.13547
-40.00 105.00 0.98193E-01
-35.00 105.00 0.29552E-01
-30.00 105.00 -0.79862E-01
-25.00 105.00 -0.16074
-20.00 105.00 -0.95825E-01
-15.00 105.00 0.17461
-10.00 105.00 0.56320
-5.00 105.00 0.85779
0.00 105.00 0.86100
5.00 105.00 0.54255
10.00 105.00 0.75392E-01
15.00 105.00 -0.28303
20.00 105.00 -0.37288
25.00 105.00 -0.23140
30.00 105.00 -0.35416E-01
35.00 105.00 0.55153E-01
40.00 105.00 0.16559E-01
45.00 105.00 -0.49216E-01
70.00 105.00 0.23568
-85.00 110.00 0.19282
-65.00 110.00 0.28951
-60.00 110.00 0.32601
-55.00 110.00 0.30077
-50.00 110.00 0.24858
-45.00 110.00 0.21228
-40.00 110.00 0.18359
-35.00 110.00 0.10960
-30.00 110.00 -0.29901E-01
-25.00 110.00 -0.15520
-20.00 110.00 -0.11822
-15.00 110.00 0.16932
-10.00 110.00 0.61927
-5.00 110.00 0.98315
0.00 110.00 1.0154
5.00 110.00 0.66259
10.00 110.00 0.11828
15.00 110.00 -0.31030
20.00 110.00 -0.42177
25.00 110.00 -0.24887
30.00 110.00 0.12438E-02
35.00 110.00 0.13179
40.00 110.00 0.10415
45.00 110.00 0.32431E-01
50.00 110.00 0.50533E-01
55.00 110.00 0.18345
60.00 110.00 0.33460
65.00 110.00 0.38456
85.00 110.00 -0.32125E-01
-45.00 115.00 0.25235
-40.00 115.00 0.22641
-35.00 115.00 0.16057
-30.00 115.00 0.23262E-01
-25.00 115.00 -0.11425
-20.00 115.00 -0.10083
-15.00 115.00 0.16534
-10.00 115.00 0.61058
-5.00 115.00 0.99191
0.00 115.00 1.0575
5.00 115.00 0.74067
10.00 115.00 0.22271
15.00 115.00 -0.19642
20.00 115.00 -0.31692
25.00 115.00 -0.16806
30.00 115.00 0.51797E-01
35.00 115.00 0.15917
40.00 115.00 0.12830
45.00 115.00 0.77564E-01
-80.00 120.00 0.91425E-01
-75.00 120.00 0.99637E-01
-70.00 120.00 0.19893
-65.00 120.00 0.33291
-60.00 120.00 0.40926
-55.00 120.00 0.38840
-50.00 120.00 0.31319
-45.00 120.00 0.25364
-40.00 120.00 0.22828
-35.00 120.00 0.19044
-30.00 120.00 0.98735E-01
-25.00 120.00 -0.32072E-02
-20.00 120.00 0.63242E-02
-15.00 120.00 0.21974
-10.00 120.00 0.58618
-5.00 120.00 0.90867
0.00 120.00 0.97698
5.00 120.00 0.73272
10.00 120.00 0.32266
15.00 120.00 -0.11684E-01
20.00 120.00 -0.11671
25.00 120.00 -0.26421E-01
30.00 120.00 0.99720E-01
35.00 120.00 0.13463
40.00 120.00 0.90436E-01
45.00 120.00 0.83538E-01
50.00 120.00 0.20259
55.00 120.00 0.41029
60.00 120.00 0.57002
65.00 120.00 0.56605
70.00 120.00 0.40120
75.00 120.00 0.18483
80.00 120.00 0.31358E-01
-45.00 125.00 0.22452
-40.00 125.00 0.20007
-35.00 125.00 0.20630
-30.00 125.00 0.19625
-25.00 125.00 0.17349
-20.00 125.00 0.20390
-15.00 125.00 0.34724
-10.00 125.00 0.57518
-5.00 125.00 0.76479
0.00 125.00 0.78775
5.00 125.00 0.61923
10.00 125.00 0.36425
15.00 125.00 0.17227
20.00 125.00 0.11553
25.00 125.00 0.14243
30.00 125.00 0.14686
35.00 125.00 0.84158E-01
40.00 125.00 0.20518E-01
45.00 125.00 0.67242E-01
-65.00 130.00 0.30887
-60.00 130.00 0.40838
-55.00 130.00 0.38562
-50.00 130.00 0.27839
-45.00 130.00 0.17890
-40.00 130.00 0.15493
-35.00 130.00 0.20570
-30.00 130.00 0.28488
-25.00 130.00 0.35593
-20.00 130.00 0.41920
-15.00 130.00 0.48841
-10.00 130.00 0.55173
-5.00 130.00 0.56898
0.00 130.00 0.51292
5.00 130.00 0.40945
10.00 130.00 0.32546
15.00 130.00 0.30721
20.00 130.00 0.32894
25.00 130.00 0.31092
30.00 130.00 0.20027
35.00 130.00 0.40424E-01
40.00 130.00 -0.44569E-01
45.00 130.00 0.50368E-01
50.00 130.00 0.31118
55.00 130.00 0.59625
60.00 130.00 0.73473
65.00 130.00 0.65162
-70.00 135.00 0.95452E-01
-45.00 135.00 0.13159
-40.00 135.00 0.10639
-35.00 135.00 0.18310
-30.00 135.00 0.32216
-25.00 135.00 0.46006
-20.00 135.00 0.54345
-15.00 135.00 0.54308
-10.00 135.00 0.45681
-5.00 135.00 0.31550
0.00 135.00 0.18440
5.00 135.00 0.13958
10.00 135.00 0.21713
15.00 135.00 0.37034
20.00 135.00 0.48236
25.00 135.00 0.44459
30.00 135.00 0.24894
35.00 135.00 0.14651E-01
40.00 135.00 -0.86301E-01
45.00 135.00 0.42808E-01
70.00 135.00 0.37154
-75.00 140.00 -0.74668E-01
-65.00 140.00 0.18784
-60.00 140.00 0.28877
-55.00 140.00 0.28168
-50.00 140.00 0.19083
-45.00 140.00 0.94820E-01
-40.00 140.00 0.69889E-01
-35.00 140.00 0.14480
-30.00 140.00 0.29027
-25.00 140.00 0.43722
-20.00 140.00 0.50755
-15.00 140.00 0.44792
-10.00 140.00 0.26151
-5.00 140.00 0.23477E-01
0.00 140.00 -0.14189
5.00 140.00 -0.12789
10.00 140.00 0.76800E-01
15.00 140.00 0.35921
20.00 140.00 0.54066
25.00 140.00 0.49687
30.00 140.00 0.25459
35.00 140.00 -0.15600E-01
40.00 140.00 -0.11595
45.00 140.00 0.35590E-01
50.00 140.00 0.34575
55.00 140.00 0.61602
60.00 140.00 0.68630
65.00 140.00 0.53968
75.00 140.00 0.88586E-01
-45.00 145.00 0.74756E-01
-40.00 145.00 0.61259E-01
-35.00 145.00 0.11569
-30.00 145.00 0.21774
-25.00 145.00 0.31380
-20.00 145.00 0.33547
-15.00 145.00 0.23216
-10.00 145.00 0.11377E-01
-5.00 145.00 -0.23977
0.00 145.00 -0.38392
5.00 145.00 -0.31488
10.00 145.00 -0.42487E-01
15.00 145.00 0.28936
20.00 145.00 0.48391
25.00 145.00 0.42595
30.00 145.00 0.17016
35.00 145.00 -0.90951E-01
40.00 145.00 -0.16349
45.00 145.00 0.86422E-02
-80.00 150.00 -0.14337
-70.00 150.00 -0.12049
-65.00 150.00 -0.22051E-01
-60.00 150.00 0.50278E-01
-55.00 150.00 0.73764E-01
-50.00 150.00 0.68679E-01
-45.00 150.00 0.67851E-01
-40.00 150.00 0.88612E-01
-35.00 150.00 0.12669
-30.00 150.00 0.16420
-25.00 150.00 0.17516
-20.00 150.00 0.12793
-15.00 150.00 -0.10348E-02
-10.00 150.00 -0.19788
-5.00 150.00 -0.39041
0.00 150.00 -0.47017
5.00 150.00 -0.36187
10.00 150.00 -0.94738E-01
15.00 150.00 0.19033
20.00 150.00 0.32307
25.00 150.00 0.22515
30.00 150.00 -0.23797E-01
35.00 150.00 -0.23609
40.00 150.00 -0.25092
45.00 150.00 -0.51398E-01
50.00 150.00 0.22804
55.00 150.00 0.40735
60.00 150.00 0.39258
65.00 150.00 0.23010
70.00 150.00 0.49814E-01
80.00 150.00 -0.43714E-01
-45.00 155.00 0.59097E-01
-40.00 155.00 0.14181
-35.00 155.00 0.18945
-30.00 155.00 0.17633
-25.00 155.00 0.10349
-20.00 155.00 -0.13089E-01
-15.00 155.00 -0.15559
-10.00 155.00 -0.29918
-5.00 155.00 -0.39897
0.00 155.00 -0.39900
5.00 155.00 -0.27372
10.00 155.00 -0.71077E-01
15.00 155.00 0.92917E-01
20.00 155.00 0.10443
25.00 155.00 -0.58333E-01
30.00 155.00 -0.29202
35.00 155.00 -0.43143
40.00 155.00 -0.36872
45.00 155.00 -0.13551
-75.00 160.00 -0.28428
-65.00 160.00 -0.26898
-60.00 160.00 -0.26042
-55.00 160.00 -0.22923
-50.00 160.00 -0.13358
-45.00 160.00 0.25638E-01
-40.00 160.00 0.18939
-35.00 160.00 0.27862
-30.00 160.00 0.24949
-25.00 160.00 0.11850
-20.00 160.00 -0.56861E-01
-15.00 160.00 -0.21561
-10.00 160.00 -0.31546
-5.00 160.00 -0.33353
0.00 160.00 -0.26530
5.00 160.00 -0.13667
10.00 160.00 -0.14600E-01
15.00 160.00 0.13039E-01
20.00 160.00 -0.10628
25.00 160.00 -0.33552
30.00 160.00 -0.55017
35.00 160.00 -0.61298
40.00 160.00 -0.47311
45.00 160.00 -0.21040
50.00 160.00 0.17484E-01
55.00 160.00 0.87992E-01
60.00 160.00 -0.20669E-02
65.00 160.00 -0.14688
75.00 160.00 -0.18530
-85.00 165.00 -0.65198E-01
-70.00 165.00 -0.35580
-45.00 165.00 -0.53132E-01
-40.00 165.00 0.18987
-35.00 165.00 0.33913
-30.00 165.00 0.32666
-25.00 165.00 0.16856
-20.00 165.00 -0.53670E-01
-15.00 165.00 -0.24490
-10.00 165.00 -0.34001
-5.00 165.00 -0.32013
0.00 165.00 -0.21063
5.00 165.00 -0.74509E-01
10.00 165.00 0.24780E-02
15.00 165.00 -0.52944E-01
20.00 165.00 -0.25204
25.00 165.00 -0.51574
30.00 165.00 -0.70469
35.00 165.00 -0.70422
40.00 165.00 -0.50832
45.00 165.00 -0.23353
70.00 165.00 -0.33359
85.00 165.00 -0.13956E-01
-65.00 170.00 -0.47253
-60.00 170.00 -0.54463
-55.00 170.00 -0.55830
-50.00 170.00 -0.43805
-45.00 170.00 -0.18268
-40.00 170.00 0.11386
-35.00 170.00 0.31718
-30.00 170.00 0.33693
-25.00 170.00 0.17687
-20.00 170.00 -0.77855E-01
-15.00 170.00 -0.31450
-10.00 170.00 -0.44590
-5.00 170.00 -0.43865
0.00 170.00 -0.31846
5.00 170.00 -0.16122
10.00 170.00 -0.67371E-01
15.00 170.00 -0.11506
20.00 170.00 -0.30726
25.00 170.00 -0.55162
30.00 170.00 -0.70410
35.00 170.00 -0.66179
40.00 170.00 -0.44142
45.00 170.00 -0.17752
50.00 170.00 -0.31514E-01
55.00 170.00 -0.76492E-01
60.00 170.00 -0.24748
65.00 170.00 -0.39676
-45.00 175.00 -0.34497
-40.00 175.00 -0.35780E-01
-35.00 175.00 0.19455
-30.00 175.00 0.24385
-25.00 175.00 0.10140
-20.00 175.00 -0.15926
-15.00 175.00 -0.42784
-10.00 175.00 -0.60676
-5.00 175.00 -0.64199
0.00 175.00 -0.53737
5.00 175.00 -0.35651
10.00 175.00 -0.20311
15.00 175.00 -0.17127
20.00 175.00 -0.28358
25.00 175.00 -0.46233
30.00 175.00 -0.57026
35.00 175.00 -0.50636
40.00 175.00 -0.28805
45.00 175.00 -0.49566E-01
-80.00 180.00 -0.31888
-75.00 180.00 -0.41833
-70.00 180.00 -0.47477
-65.00 180.00 -0.56335
-60.00 180.00 -0.68741
-55.00 180.00 -0.76712
-50.00 180.00 -0.71079
-45.00 180.00 -0.50089
-40.00 180.00 -0.21973
-35.00 180.00 0.21104E-02
-30.00 180.00 0.67041E-01
-25.00 180.00 -0.41228E-01
-20.00 180.00 -0.26583
-15.00 180.00 -0.51711
-10.00 180.00 -0.70909
-5.00 180.00 -0.77991
0.00 180.00 -0.70753
5.00 180.00 -0.52583
10.00 180.00 -0.32357
15.00 180.00 -0.20456
20.00 180.00 -0.21996
25.00 180.00 -0.32215
30.00 180.00 -0.38955
35.00 180.00 -0.31814
40.00 180.00 -0.11202
45.00 180.00 0.10615
50.00 180.00 0.18355
55.00 180.00 0.57820E-01
60.00 180.00 -0.18926
65.00 180.00 -0.39179
70.00 180.00 -0.42493
75.00 180.00 -0.29224
80.00 180.00 -0.11077
-45.00 -175 -0.60420
-40.00 -175 -0.37772
-35.00 -175 -0.19586
-30.00 -175 -0.13558
-25.00 -175 -0.20231
-20.00 -175 -0.34901
-15.00 -175 -0.51645
-10.00 -175 -0.65460
-5.00 -175 -0.72100
0.00 -175 -0.68304
5.00 -175 -0.54089
10.00 -175 -0.34949
15.00 -175 -0.20154
20.00 -175 -0.16491
25.00 -175 -0.22122
30.00 -175 -0.26784
35.00 -175 -0.19767
40.00 -175 0.29244E-02
45.00 -175 0.22559
-65.00 -170 -0.52928
-60.00 -170 -0.63991
-55.00 -170 -0.73690
-50.00 -170 -0.73665
-45.00 -170 -0.62073
-40.00 -170 -0.45539
-35.00 -170 -0.33455
-30.00 -170 -0.30565
-25.00 -170 -0.34611
-20.00 -170 -0.40210
-15.00 -170 -0.44072
-10.00 -170 -0.46264
-5.00 -170 -0.47276
0.00 -170 -0.45422
5.00 -170 -0.38334
10.00 -170 -0.27056
15.00 -170 -0.17435
20.00 -170 -0.15754
25.00 -170 -0.21933
30.00 -170 -0.27411
35.00 -170 -0.21318
40.00 -170 -0.57111E-02
45.00 -170 0.25308
50.00 -170 0.40080
55.00 -170 0.33355
60.00 -170 0.93136E-01
65.00 -170 -0.16162
-70.00 -165 -0.45261
-45.00 -165 -0.54335
-40.00 -165 -0.42731
-35.00 -165 -0.37635
-30.00 -165 -0.41070
-25.00 -165 -0.46885
-20.00 -165 -0.46964
-15.00 -165 -0.38834
-10.00 -165 -0.27294
-5.00 -165 -0.19054
0.00 -165 -0.16394
5.00 -165 -0.16378
10.00 -165 -0.15845
15.00 -165 -0.16032
20.00 -165 -0.21086
25.00 -165 -0.31595
30.00 -165 -0.40371
35.00 -165 -0.36399
40.00 -165 -0.14748
45.00 -165 0.16610
70.00 -165 -0.16648
-75.00 -160 -0.44905
-65.00 -160 -0.42849
-60.00 -160 -0.47610
-55.00 -160 -0.52290
-50.00 -160 -0.49665
-45.00 -160 -0.39576
-40.00 -160 -0.30552
-35.00 -160 -0.31974
-30.00 -160 -0.44398
-25.00 -160 -0.57745
-20.00 -160 -0.59527
-15.00 -160 -0.45600
-10.00 -160 -0.23525
-5.00 -160 -0.57928E-01
0.00 -160 0.25960E-02
5.00 -160 -0.35542E-01
10.00 -160 -0.11103
15.00 -160 -0.19399
20.00 -160 -0.30352
25.00 -160 -0.45158
30.00 -160 -0.58124
35.00 -160 -0.58011
40.00 -160 -0.37387
45.00 -160 -0.15842E-01
50.00 -160 0.32191
55.00 -160 0.46482
60.00 -160 0.36591
65.00 -160 0.13668
75.00 -160 -0.93038E-01
-45.00 -155 -0.22411
-40.00 -155 -0.13238
-35.00 -155 -0.19169
-30.00 -155 -0.41000
-25.00 -155 -0.65728
-20.00 -155 -0.76004
-15.00 -155 -0.64072
-10.00 -155 -0.37793
-5.00 -155 -0.13636
0.00 -155 -0.35034E-01
5.00 -155 -0.73737E-01
10.00 -155 -0.17363
15.00 -155 -0.27530
20.00 -155 -0.38757
25.00 -155 -0.54040
30.00 -155 -0.70143
35.00 -155 -0.75816
40.00 -155 -0.60205
45.00 -155 -0.24174
-80.00 -150 -0.39356
-70.00 -150 -0.40218
-65.00 -150 -0.34605
-60.00 -150 -0.33852
-55.00 -150 -0.33025
-50.00 -150 -0.24280
-45.00 -150 -0.80878E-01
-40.00 -150 0.35436E-01
-35.00 -150 -0.35592E-01
-30.00 -150 -0.31837
-25.00 -150 -0.67011
-20.00 -150 -0.87792
-15.00 -150 -0.82412
-10.00 -150 -0.57459
-5.00 -150 -0.31414
0.00 -150 -0.19230
5.00 -150 -0.22050
10.00 -150 -0.30476
15.00 -150 -0.36515
20.00 -150 -0.41443
25.00 -150 -0.51827
30.00 -150 -0.68581
35.00 -150 -0.81356
40.00 -150 -0.75393
45.00 -150 -0.45233
50.00 -150 -0.21072E-01
55.00 -150 0.32869
60.00 -150 0.44380
65.00 -150 0.33720
70.00 -150 0.15519
80.00 -150 0.22026E-01
-45.00 -145 -0.78506E-02
-40.00 -145 0.14436
-35.00 -145 0.98048E-01
-30.00 -145 -0.19353
-25.00 -145 -0.59151
-20.00 -145 -0.86325
-15.00 -145 -0.86336
-10.00 -145 -0.64471
-5.00 -145 -0.40088
0.00 -145 -0.29614
5.00 -145 -0.33974
10.00 -145 -0.41393
15.00 -145 -0.41584
20.00 -145 -0.36670
25.00 -145 -0.38007
30.00 -145 -0.52426
35.00 -145 -0.72110
40.00 -145 -0.78997
45.00 -145 -0.60360
-85.00 -140 -0.16649
-75.00 -140 -0.46800
-65.00 -140 -0.32700
-60.00 -140 -0.30855
-55.00 -140 -0.30381
-50.00 -140 -0.21603
-45.00 -140 -0.23550E-01
-40.00 -140 0.15880
-35.00 -140 0.16094
-30.00 -140 -0.83399E-01
-25.00 -140 -0.45136
-20.00 -140 -0.71222
-15.00 -140 -0.71327
-10.00 -140 -0.50438
-5.00 -140 -0.28625
0.00 -140 -0.22916
5.00 -140 -0.32960
10.00 -140 -0.43550
15.00 -140 -0.41010
20.00 -140 -0.27360
25.00 -140 -0.18460
30.00 -140 -0.27919
35.00 -140 -0.52304
40.00 -140 -0.72091
45.00 -140 -0.67919
50.00 -140 -0.37351
55.00 -140 0.29671E-01
60.00 -140 0.31140
65.00 -140 0.36862
75.00 -140 0.14018
85.00 -140 0.34826E-01
-70.00 -135 -0.41408
-45.00 -135 -0.11836
-40.00 -135 0.72213E-01
-35.00 -135 0.12272
-30.00 -135 -0.44942E-01
-25.00 -135 -0.32992
-20.00 -135 -0.51947
-15.00 -135 -0.46960
-10.00 -135 -0.23556
-5.00 -135 -0.26169E-01
0.00 -135 -0.17369E-01
5.00 -135 -0.19492
10.00 -135 -0.37303
15.00 -135 -0.37300
20.00 -135 -0.19521
25.00 -135 -0.22717E-01
30.00 -135 -0.51303E-01
35.00 -135 -0.30286
40.00 -135 -0.59394
45.00 -135 -0.68755
70.00 -135 0.28146
-65.00 -130 -0.35091
-60.00 -130 -0.34355
-55.00 -130 -0.38610
-50.00 -130 -0.37829
-45.00 -130 -0.25847
-40.00 -130 -0.88441E-01
-35.00 -130 -0.10075E-01
-30.00 -130 -0.10598
-25.00 -130 -0.29973
-20.00 -130 -0.40463
-15.00 -130 -0.29010
-10.00 -130 -0.13539E-01
-5.00 -130 0.21360
0.00 -130 0.20667
5.00 -130 -0.25055E-01
10.00 -130 -0.28117
15.00 -130 -0.34650
20.00 -130 -0.18378
25.00 -130 0.32466E-01
30.00 -130 0.72816E-01
35.00 -130 -0.14076
40.00 -130 -0.46307
45.00 -130 -0.64810
50.00 -130 -0.55188
55.00 -130 -0.23809
60.00 -130 0.93248E-01
65.00 -130 0.27356
-45.00 -125 -0.39803
-40.00 -125 -0.26969
-35.00 -125 -0.18651
-30.00 -125 -0.23234
-25.00 -125 -0.35836
-20.00 -125 -0.40809
-15.00 -125 -0.26008
-10.00 -125 0.41416E-01
-5.00 -125 0.29882
0.00 -125 0.32045
5.00 -125 0.89755E-01
10.00 -125 -0.21108
15.00 -125 -0.35185
20.00 -125 -0.24974
25.00 -125 -0.36464E-01
30.00 -125 0.61933E-01
35.00 -125 -0.75394E-01
40.00 -125 -0.36070
45.00 -125 -0.57566
-80.00 -120 -0.39884
-75.00 -120 -0.49917
-70.00 -120 -0.45547
-65.00 -120 -0.36969
-60.00 -120 -0.35080
-55.00 -120 -0.41874
-50.00 -120 -0.49674
-45.00 -120 -0.49624
-40.00 -120 -0.41184
-35.00 -120 -0.32945
-30.00 -120 -0.33544
-25.00 -120 -0.41552
-20.00 -120 -0.44993
-15.00 -120 -0.32215
-10.00 -120 -0.44199E-01
-5.00 -120 0.22486
0.00 -120 0.29847
5.00 -120 0.12137
10.00 -120 -0.17491
15.00 -120 -0.37539
20.00 -120 -0.35744
25.00 -120 -0.18652
30.00 -120 -0.49910E-01
35.00 -120 -0.90075E-01
40.00 -120 -0.28452
45.00 -120 -0.47212
50.00 -120 -0.49352
55.00 -120 -0.31806
60.00 -120 -0.53436E-01
65.00 -120 0.15395
70.00 -120 0.22874
75.00 -120 0.19539
80.00 -120 0.11997
-45.00 -115 -0.53311
-40.00 -115 -0.47585
-35.00 -115 -0.37640
-30.00 -115 -0.32691
-25.00 -115 -0.35727
-20.00 -115 -0.39585
-15.00 -115 -0.33422
-10.00 -115 -0.13978
-5.00 -115 0.91450E-01
0.00 -115 0.20008
5.00 -115 0.96221E-01
10.00 -115 -0.15712
15.00 -115 -0.38777
20.00 -115 -0.45092
25.00 -115 -0.34122
30.00 -115 -0.18557
35.00 -115 -0.12711
40.00 -115 -0.20458
45.00 -115 -0.32913
-65.00 -110 -0.35875
-60.00 -110 -0.29924
-55.00 -110 -0.34520
-50.00 -110 -0.45283
-45.00 -110 -0.51597
-40.00 -110 -0.46233
-35.00 -110 -0.31853
-30.00 -110 -0.18475
-25.00 -110 -0.14212
-20.00 -110 -0.17876
-15.00 -110 -0.20434
-10.00 -110 -0.14122
-5.00 -110 -0.72680E-02
0.00 -110 0.89362E-01
5.00 -110 0.43485E-01
10.00 -110 -0.14820
15.00 -110 -0.37269
20.00 -110 -0.48649
25.00 -110 -0.42852
30.00 -110 -0.26316
35.00 -110 -0.11979
40.00 -110 -0.84812E-01
45.00 -110 -0.13952
50.00 -110 -0.19084
55.00 -110 -0.15892
60.00 -110 -0.41603E-01
65.00 -110 0.94201E-01
-70.00 -105 -0.45619
-45.00 -105 -0.47249
-40.00 -105 -0.40871
-35.00 -105 -0.20826
-30.00 -105 0.21753E-01
-25.00 -105 0.15100
-20.00 -105 0.12925
-15.00 -105 0.19906E-01
-10.00 -105 -0.64186E-01
-5.00 -105 -0.63527E-01
0.00 -105 -0.21018E-01
5.00 -105 -0.34156E-01
10.00 -105 -0.15557
15.00 -105 -0.33357
20.00 -105 -0.44765
25.00 -105 -0.40794
30.00 -105 -0.23083
35.00 -105 -0.25793E-01
40.00 -105 0.92554E-01
45.00 -105 0.89643E-01
70.00 -105 0.15696
-75.00 -100 -0.46358
-65.00 -100 -0.32402
-60.00 -100 -0.23061
-55.00 -100 -0.24692
-50.00 -100 -0.35337
-45.00 -100 -0.43294
-40.00 -100 -0.36383
-35.00 -100 -0.12493
-30.00 -100 0.17433
-25.00 -100 0.36931
-20.00 -100 0.36195
-15.00 -100 0.18970
-10.00 -100 -0.14060E-01
-5.00 -100 -0.13119
0.00 -100 -0.14559
5.00 -100 -0.13425
10.00 -100 -0.17762
15.00 -100 -0.27461
20.00 -100 -0.33920
25.00 -100 -0.27955
30.00 -100 -0.85904E-01
35.00 -100 0.15187
40.00 -100 0.31144
45.00 -100 0.32980
50.00 -100 0.24192
55.00 -100 0.14000
60.00 -100 0.95778E-01
65.00 -100 0.11376
75.00 -100 0.14605
-45.00 -95 -0.41146
-40.00 -95 -0.35478
-35.00 -95 -0.11958
-30.00 -95 0.18885
-25.00 -95 0.39690
-20.00 -95 0.38866
-15.00 -95 0.18849
-10.00 -95 -0.65106E-01
-5.00 -95 -0.22930
0.00 -95 -0.25738
5.00 -95 -0.20973
10.00 -95 -0.17596
15.00 -95 -0.18410
20.00 -95 -0.17848
25.00 -95 -0.81112E-01
30.00 -95 0.12424
35.00 -95 0.36321
40.00 -95 0.52240
45.00 -95 0.53445
-80.00 -90 -0.27148
-70.00 -90 -0.38211
-65.00 -90 -0.26981
-60.00 -90 -0.17427
-55.00 -90 -0.18633
-50.00 -90 -0.29690
-45.00 -90 -0.39796
-40.00 -90 -0.36847
-35.00 -90 -0.17818
-30.00 -90 0.77431E-01
-25.00 -90 0.24357
-20.00 -90 0.22183
-15.00 -90 0.41728E-01
-10.00 -90 -0.16819
-5.00 -90 -0.28175
0.00 -90 -0.26300
5.00 -90 -0.17153
10.00 -90 -0.90610E-01
15.00 -90 -0.47967E-01
20.00 -90 0.11923E-02
25.00 -90 0.11976
30.00 -90 0.31764
35.00 -90 0.52955
40.00 -90 0.65991
45.00 -90 0.65356
50.00 -90 0.53235
55.00 -90 0.37189
60.00 -90 0.24424
65.00 -90 0.17544
70.00 -90 0.14549
80.00 -90 0.77813E-01
-85.00 -85 -0.28636E-01
-45.00 -85 -0.36597
-40.00 -85 -0.36136
-35.00 -85 -0.23126
-30.00 -85 -0.58664E-01
-25.00 -85 0.40456E-01
-20.00 -85 0.11973E-01
-15.00 -85 -0.96159E-01
-10.00 -85 -0.17966
-5.00 -85 -0.16603
0.00 -85 -0.67668E-01
5.00 -85 0.41884E-01
10.00 -85 0.10100
15.00 -85 0.11439
20.00 -85 0.14269
25.00 -85 0.24164
30.00 -85 0.40772
35.00 -85 0.57643
40.00 -85 0.67045
45.00 -85 0.65367
85.00 -85 0.16168E-01
-75.00 -80 -0.30234
-65.00 -80 -0.18074
-60.00 -80 -0.97783E-01
-55.00 -80 -0.11078
-50.00 -80 -0.20467
-45.00 -80 -0.29126
-40.00 -80 -0.29122
-35.00 -80 -0.20385
-30.00 -80 -0.10121
-25.00 -80 -0.54892E-01
-20.00 -80 -0.66494E-01
-15.00 -80 -0.67887E-01
-10.00 -80 0.99818E-02
-5.00 -80 0.16564
0.00 -80 0.32078
5.00 -80 0.38550
10.00 -80 0.33569
15.00 -80 0.23371
20.00 -80 0.17670
25.00 -80 0.22020
30.00 -80 0.34204
35.00 -80 0.46987
40.00 -80 0.53994
45.00 -80 0.53500
50.00 -80 0.47764
55.00 -80 0.39866
60.00 -80 0.31513
65.00 -80 0.23245
75.00 -80 0.94367E-01
-70.00 -75 -0.22081
-45.00 -75 -0.16900
-40.00 -75 -0.14838
-35.00 -75 -0.69331E-01
-30.00 -75 0.23619E-02
-25.00 -75 0.30462E-01
-20.00 -75 0.55068E-01
-15.00 -75 0.15592
-10.00 -75 0.36394
-5.00 -75 0.60758
0.00 -75 0.75214
5.00 -75 0.70334
10.00 -75 0.48568
15.00 -75 0.22679
20.00 -75 0.62966E-01
25.00 -75 0.47628E-01
30.00 -75 0.13507
35.00 -75 0.23960
40.00 -75 0.30697
45.00 -75 0.33658
70.00 -75 0.15997
-65.00 -70 -0.44939E-01
-60.00 -70 0.41284E-01
-55.00 -70 0.47439E-01
-50.00 -70 0.14380E-02
-45.00 -70 -0.18005E-01
-40.00 -70 0.35406E-01
-35.00 -70 0.13203
-30.00 -70 0.20722
-25.00 -70 0.24250
-20.00 -70 0.29776
-15.00 -70 0.45241
-10.00 -70 0.70757
-5.00 -70 0.94813
0.00 -70 1.0134
5.00 -70 0.82308
10.00 -70 0.44868
15.00 -70 0.67127E-01
20.00 -70 -0.16435
25.00 -70 -0.20526
30.00 -70 -0.12689
35.00 -70 -0.26431E-01
40.00 -70 0.52337E-01
45.00 -70 0.12492
50.00 -70 0.21160
55.00 -70 0.29190
60.00 -70 0.31726
65.00 -70 0.26318
-45.00 -65 0.13004
-40.00 -65 0.20639
-35.00 -65 0.32189
-30.00 -65 0.41042
-25.00 -65 0.45354
-20.00 -65 0.50850
-15.00 -65 0.64592
-10.00 -65 0.85478
-5.00 -65 1.0143
0.00 -65 0.97440
5.00 -65 0.68110
10.00 -65 0.23530
15.00 -65 -0.17194
20.00 -65 -0.39300
25.00 -65 -0.41234
30.00 -65 -0.32188
35.00 -65 -0.21992
40.00 -65 -0.13383
45.00 -65 -0.31066E-01
-80.00 -60 -0.65472E-02
-75.00 -60 -0.63873E-01
-70.00 -60 -0.14226E-01
-65.00 -60 0.11207
-60.00 -60 0.22407
-55.00 -60 0.26051
-50.00 -60 0.24365
-45.00 -60 0.24840
-40.00 -60 0.32170
-35.00 -60 0.43655
-30.00 -60 0.52669
-25.00 -60 0.56204
-20.00 -60 0.58149
-15.00 -60 0.64392
-10.00 -60 0.74585
-5.00 -60 0.79525
0.00 -60 0.67957
5.00 -60 0.37137
10.00 -60 -0.27908E-01
15.00 -60 -0.35283
20.00 -60 -0.49300
25.00 -60 -0.46172
30.00 -60 -0.35818
35.00 -60 -0.26699
40.00 -60 -0.19311
45.00 -60 -0.88042E-01
50.00 -60 0.70032E-01
55.00 -60 0.23069
60.00 -60 0.30828
65.00 -60 0.26233
70.00 -60 0.13743
75.00 -60 0.22741E-01
80.00 -60 -0.28078E-01
-45.00 -55 0.32762
-40.00 -55 0.37212
-35.00 -55 0.46405
-30.00 -55 0.54154
-25.00 -55 0.55858
-20.00 -55 0.52812
-15.00 -55 0.49717
-10.00 -55 0.48298
-5.00 -55 0.44171
0.00 -55 0.30856
5.00 -55 0.72313E-01
10.00 -55 -0.19229
15.00 -55 -0.37305
20.00 -55 -0.40819
25.00 -55 -0.33145
30.00 -55 -0.23191
35.00 -55 -0.16910
40.00 -55 -0.12632
45.00 -55 -0.45633E-01
-65.00 -50 0.22557
-60.00 -50 0.36748
-55.00 -50 0.43380
-50.00 -50 0.41550
-45.00 -50 0.37476
-40.00 -50 0.37986
-35.00 -50 0.44084
-30.00 -50 0.50529
-25.00 -50 0.51220
-20.00 -50 0.44653
-15.00 -50 0.34267
-10.00 -50 0.24075
-5.00 -50 0.14690
0.00 -50 0.39641E-01
5.00 -50 -0.88187E-01
10.00 -50 -0.20232
15.00 -50 -0.24919
20.00 -50 -0.20738
25.00 -50 -0.11409
30.00 -50 -0.34719E-01
35.00 -50 -0.28282E-02
40.00 -50 0.90882E-02
45.00 -50 0.56106E-01
50.00 -50 0.15625
55.00 -50 0.26058
60.00 -50 0.29170
65.00 -50 0.21587
-70.00 -45 0.11470
-45.00 -45 0.40173
-40.00 -45 0.37566
-35.00 -45 0.41519
-30.00 -45 0.48049
-25.00 -45 0.49874
-20.00 -45 0.42808
-15.00 -45 0.28773
-10.00 -45 0.13379
-5.00 -45 0.11680E-01
0.00 -45 -0.67984E-01
5.00 -45 -0.11487
10.00 -45 -0.13169
15.00 -45 -0.10870
20.00 -45 -0.44041E-01
25.00 -45 0.38467E-01
30.00 -45 0.10101
35.00 -45 0.12531
40.00 -45 0.13163
45.00 -45 0.15808
70.00 -45 0.34693E-01
-75.00 -40 0.10920
-65.00 -40 0.23001
-60.00 -40 0.37882
-55.00 -40 0.47538
-50.00 -40 0.47409
-45.00 -40 0.41271
-40.00 -40 0.37388
-35.00 -40 0.40829
-30.00 -40 0.48900
-25.00 -40 0.53567
-20.00 -40 0.48343
-15.00 -40 0.33435
-10.00 -40 0.15033
-5.00 -40 0.12975E-02
0.00 -40 -0.81294E-01
5.00 -40 -0.10920
10.00 -40 -0.10759
15.00 -40 -0.87313E-01
20.00 -40 -0.44886E-01
25.00 -40 0.18612E-01
30.00 -40 0.87339E-01
35.00 -40 0.14240
40.00 -40 0.17992
45.00 -40 0.21094
50.00 -40 0.24043
55.00 -40 0.24987
60.00 -40 0.20851
65.00 -40 0.10783
75.00 -40 -0.10264
-45.00 -35 0.40022
-40.00 -35 0.36400
-35.00 -35 0.40205
-30.00 -35 0.49943
-25.00 -35 0.57384
-20.00 -35 0.54452
-15.00 -35 0.39765
-10.00 -35 0.19309
-5.00 -35 0.12390E-01
0.00 -35 -0.10089
5.00 -35 -0.15767
10.00 -35 -0.19109
15.00 -35 -0.21458
20.00 -35 -0.21130
25.00 -35 -0.15947
30.00 -35 -0.62063E-01
35.00 -35 0.50166E-01
40.00 -35 0.14199
45.00 -35 0.19603
-85.00 -30 0.25997
-80.00 -30 0.24058
-70.00 -30 0.80347E-01
-65.00 -30 0.11063
-60.00 -30 0.22409
-55.00 -30 0.33846
-50.00 -30 0.38082
-45.00 -30 0.35247
-40.00 -30 0.32289
-35.00 -30 0.35949
-30.00 -30 0.45915
-25.00 -30 0.54486
-20.00 -30 0.52957
-15.00 -30 0.38838
-10.00 -30 0.17543
-5.00 -30 -0.25002E-01
0.00 -30 -0.16400
5.00 -30 -0.25123
10.00 -30 -0.32178
15.00 -30 -0.38622
20.00 -30 -0.41493
25.00 -30 -0.36914
30.00 -30 -0.24453
35.00 -30 -0.83550E-01
40.00 -30 0.53527E-01
45.00 -30 0.12844
50.00 -30 0.13953
55.00 -30 0.10501
60.00 -30 0.40714E-01
65.00 -30 -0.41977E-01
70.00 -30 -0.12259
80.00 -30 -0.15094
85.00 -30 -0.87033E-01
-45.00 -25 0.26596
-40.00 -25 0.23679
-35.00 -25 0.25828
-30.00 -25 0.34054
-25.00 -25 0.41915
-20.00 -25 0.41004
-15.00 -25 0.28277
-10.00 -25 0.84859E-01
-5.00 -25 -0.10189
0.00 -25 -0.22847
5.00 -25 -0.30644
10.00 -25 -0.37568
15.00 -25 -0.44977
20.00 -25 -0.49521
25.00 -25 -0.46352
30.00 -25 -0.34236
35.00 -25 -0.17504
40.00 -25 -0.30869E-01
45.00 -25 0.43372E-01
-75.00 -20 0.16738
-65.00 -20 -0.71279E-01
-60.00 -20 -0.25475E-01
-55.00 -20 0.81044E-01
-50.00 -20 0.15465
-45.00 -20 0.15350
-40.00 -20 0.11584
-35.00 -20 0.11099
-30.00 -20 0.16413
-25.00 -20 0.22802
-20.00 -20 0.22675
-15.00 -20 0.12743
-10.00 -20 -0.29178E-01
-5.00 -20 -0.16598
0.00 -20 -0.23662
5.00 -20 -0.25797
10.00 -20 -0.28070
15.00 -20 -0.33096
20.00 -20 -0.38188
25.00 -20 -0.38087
30.00 -20 -0.30338
35.00 -20 -0.17983
40.00 -20 -0.71816E-01
45.00 -20 -0.23557E-01
50.00 -20 -0.34945E-01
55.00 -20 -0.76288E-01
60.00 -20 -0.12166
65.00 -20 -0.16369
75.00 -20 -0.21150
-70.00 -15 -0.27383E-01
-45.00 -15 0.41649E-01
-40.00 -15 -0.88245E-02
-35.00 -15 -0.41437E-01
-30.00 -15 -0.15654E-01
-25.00 -15 0.38215E-01
-20.00 -15 0.52115E-01
-15.00 -15 -0.96183E-02
-10.00 -15 -0.11301
-5.00 -15 -0.18531
0.00 -15 -0.18219
5.00 -15 -0.12620
10.00 -15 -0.81494E-01
15.00 -15 -0.92057E-01
20.00 -15 -0.14354
25.00 -15 -0.18230
30.00 -15 -0.16905
35.00 -15 -0.11381
40.00 -15 -0.61898E-01
45.00 -15 -0.50153E-01
70.00 -15 -0.21428
-65.00 -10 -0.20853
-60.00 -10 -0.22228
-55.00 -10 -0.13146
-50.00 -10 -0.45896E-01
-45.00 -10 -0.41154E-01
-40.00 -10 -0.10230
-35.00 -10 -0.15502
-30.00 -10 -0.14613
-25.00 -10 -0.93619E-01
-20.00 -10 -0.61532E-01
-15.00 -10 -0.89635E-01
-10.00 -10 -0.14985
-5.00 -10 -0.17181
0.00 -10 -0.11119
5.00 -10 0.60298E-02
10.00 -10 0.10494
15.00 -10 0.12661
20.00 -10 0.74874E-01
25.00 -10 0.45143E-02
30.00 -10 -0.32464E-01
35.00 -10 -0.28969E-01
40.00 -10 -0.17392E-01
45.00 -10 -0.30103E-01
50.00 -10 -0.69640E-01
55.00 -10 -0.11547
60.00 -10 -0.15204
65.00 -10 -0.18218
-45.00 -5 -0.78413E-01
-40.00 -5 -0.14477
-35.00 -5 -0.20695
-30.00 -5 -0.20452
-25.00 -5 -0.14965
-20.00 -5 -0.10559
-15.00 -5 -0.11511
-10.00 -5 -0.15320
-5.00 -5 -0.15060
0.00 -5 -0.63546E-01
5.00 -5 0.79142E-01
10.00 -5 0.19703
15.00 -5 0.22604
20.00 -5 0.16927
25.00 -5 0.86331E-01
30.00 -5 0.36738E-01
35.00 -5 0.33030E-01
40.00 -5 0.43459E-01
45.00 -5 0.32388E-01
90.00 0.00 -0.27236E-01
-90.00 0.00 0.16268
