-85.00 0.00 0.16049
-80.00 0.00 0.96775E-01
-75.00 0.00 -0.51146E-01
-70.00 0.00 -0.21501
-65.00 0.00 -0.30925
-60.00 0.00 -0.29182
-55.00 0.00 -0.18913
-50.00 0.00 -0.64878E-01
-45.00 0.00 0.31800E-01
-40.00 0.00 0.91607E-01
-35.00 0.00 0.12716
-30.00 0.00 0.13950
-25.00 0.00 0.10916
-20.00 0.00 0.22236E-01
-15.00 0.00 -0.98534E-01
-10.00 0.00 -0.19593
-5.00 0.00 -0.21896
0.00 0.00 -0.16633
5.00 0.00 -0.89659E-01
10.00 0.00 -0.49538E-01
15.00 0.00 -0.62907E-01
20.00 0.00 -0.90415E-01
25.00 0.00 -0.76134E-01
30.00 0.00 -0.31271E-02
35.00 0.00 0.86859E-01
40.00 0.00 0.12811
45.00 0.00 0.88293E-01
50.00 0.00 -0.36990E-02
55.00 0.00 -0.83445E-01
60.00 0.00 -0.10513
65.00 0.00 -0.74613E-01
70.00 0.00 -0.33995E-01
75.00 0.00 -0.16302E-01
80.00 0.00 -0.13459E-01
85.00 0.00 0.11283E-01
-45.00 5.00 0.57758E-01
-40.00 5.00 0.10599
-35.00 5.00 0.12756
-30.00 5.00 0.13296
-25.00 5.00 0.10703
-20.00 5.00 0.31681E-01
-15.00 5.00 -0.79054E-01
-10.00 5.00 -0.17380
-5.00 5.00 -0.20060
0.00 5.00 -0.15292
5.00 5.00 -0.78663E-01
10.00 5.00 -0.38986E-01
15.00 5.00 -0.52870E-01
20.00 5.00 -0.79632E-01
25.00 5.00 -0.58045E-01
30.00 5.00 0.32497E-01
35.00 5.00 0.14557
40.00 5.00 0.20217
45.00 5.00 0.15655
-65.00 10.00 -0.27813
-60.00 10.00 -0.25543
-55.00 10.00 -0.14231
-50.00 10.00 -0.12727E-01
-45.00 10.00 0.73170E-01
-40.00 10.00 0.10523
-35.00 10.00 0.10878
-30.00 10.00 0.10260
-25.00 10.00 0.76357E-01
-20.00 10.00 0.95959E-02
-15.00 10.00 -0.91391E-01
-10.00 10.00 -0.18254
-5.00 10.00 -0.21397
0.00 10.00 -0.17588
5.00 10.00 -0.11121
10.00 10.00 -0.77730E-01
15.00 10.00 -0.92487E-01
20.00 10.00 -0.11248
25.00 10.00 -0.73817E-01
30.00 10.00 0.43682E-01
35.00 10.00 0.18628
40.00 10.00 0.26195
45.00 10.00 0.21367
50.00 10.00 0.67392E-01
55.00 10.00 -0.87175E-01
60.00 10.00 -0.16570
65.00 10.00 -0.14866
-70.00 15.00 -0.15059
-45.00 15.00 0.56574E-01
-40.00 15.00 0.61972E-01
-35.00 15.00 0.38350E-01
-30.00 15.00 0.13107E-01
-25.00 15.00 -0.17331E-01
-20.00 15.00 -0.73892E-01
-15.00 15.00 -0.15870
-10.00 15.00 -0.23877
-5.00 15.00 -0.27057
0.00 15.00 -0.24199
5.00 15.00 -0.18728
10.00 15.00 -0.15521
15.00 15.00 -0.15861
20.00 15.00 -0.15595
25.00 15.00 -0.88423E-01
30.00 15.00 0.57655E-01
35.00 15.00 0.22170
40.00 15.00 0.30535
45.00 15.00 0.24840
70.00 15.00 -0.10073
-75.00 20.00 0.39997E-01
-65.00 20.00 -0.20541
-60.00 20.00 -0.19920
-55.00 20.00 -0.11698
-50.00 20.00 -0.30324E-01
-45.00 20.00 0.97436E-03
-40.00 20.00 -0.30666E-01
-35.00 20.00 -0.89038E-01
-30.00 20.00 -0.13660
-25.00 20.00 -0.16747
-20.00 20.00 -0.20177
-15.00 20.00 -0.25306
-10.00 20.00 -0.30646
-5.00 20.00 -0.33125
0.00 20.00 -0.31370
5.00 20.00 -0.27296
10.00 20.00 -0.24015
15.00 20.00 -0.22031
20.00 20.00 -0.17878
25.00 20.00 -0.72758E-01
30.00 20.00 0.96915E-01
35.00 20.00 0.26410
40.00 20.00 0.33428
45.00 20.00 0.25586
50.00 20.00 0.66404E-01
55.00 20.00 -0.12810
60.00 20.00 -0.22738
65.00 20.00 -0.20445
75.00 20.00 -0.30046E-01
-45.00 25.00 -0.81624E-01
-40.00 25.00 -0.15277
-35.00 25.00 -0.24439
-30.00 25.00 -0.30793
-25.00 25.00 -0.32616
-20.00 25.00 -0.31812
-15.00 25.00 -0.31298
-10.00 25.00 -0.32210
-5.00 25.00 -0.33502
0.00 25.00 -0.33706
5.00 25.00 -0.32475
10.00 25.00 -0.30061
15.00 25.00 -0.25589
20.00 25.00 -0.16663
25.00 25.00 -0.16760E-01
30.00 25.00 0.16921
35.00 25.00 0.31968
40.00 25.00 0.35349
45.00 25.00 0.23951
-80.00 30.00 0.20026
-70.00 30.00 -0.15296E-01
-65.00 30.00 -0.11444
-60.00 30.00 -0.14737
-55.00 30.00 -0.13111
-50.00 30.00 -0.12141
-45.00 30.00 -0.16643
-40.00 30.00 -0.26791
-35.00 30.00 -0.38024
-30.00 30.00 -0.44568
-25.00 30.00 -0.43613
-20.00 30.00 -0.36961
-15.00 30.00 -0.29292
-10.00 30.00 -0.24851
-5.00 30.00 -0.25113
0.00 30.00 -0.28614
5.00 30.00 -0.32203
10.00 30.00 -0.32382
15.00 30.00 -0.26254
20.00 30.00 -0.12567
25.00 30.00 0.68994E-01
30.00 30.00 0.26589
35.00 30.00 0.38643
40.00 30.00 0.36856
45.00 30.00 0.20988
50.00 30.00 -0.19236E-01
55.00 30.00 -0.21057
60.00 30.00 -0.28239
65.00 30.00 -0.22819
70.00 30.00 -0.11272
80.00 30.00 0.23000E-01
-45.00 35.00 -0.22870
-40.00 35.00 -0.34258
-35.00 35.00 -0.45684
-30.00 35.00 -0.51011
-25.00 35.00 -0.46668
-20.00 35.00 -0.34287
-15.00 35.00 -0.19982
-10.00 35.00 -0.10806
-5.00 35.00 -0.10707
0.00 35.00 -0.18349
5.00 35.00 -0.27861
10.00 35.00 -0.31860
15.00 35.00 -0.25140
20.00 35.00 -0.73902E-01
25.00 35.00 0.16183
30.00 35.00 0.36710
35.00 35.00 0.45492
40.00 35.00 0.38310
45.00 35.00 0.18018
-75.00 40.00 0.18551
-65.00 40.00 -0.15601E-01
-60.00 40.00 -0.87610E-01
-55.00 40.00 -0.13232
-50.00 40.00 -0.17867
-45.00 40.00 -0.25537
-40.00 40.00 -0.36218
-35.00 40.00 -0.46083
-30.00 40.00 -0.49440
-25.00 40.00 -0.42517
-20.00 40.00 -0.26626
-15.00 40.00 -0.84070E-01
-10.00 40.00 0.34523E-01
-5.00 40.00 0.32602E-01
0.00 40.00 -0.79464E-01
5.00 40.00 -0.22459
10.00 40.00 -0.29952
15.00 40.00 -0.23286
20.00 40.00 -0.27184E-01
25.00 40.00 0.23889
30.00 40.00 0.44959
35.00 40.00 0.51055
40.00 40.00 0.39604
45.00 40.00 0.16055
50.00 40.00 -0.90364E-01
55.00 40.00 -0.25432
60.00 40.00 -0.28257
65.00 40.00 -0.19895
75.00 40.00 0.11440E-01
-70.00 45.00 0.13383
-45.00 45.00 -0.24921
-40.00 45.00 -0.33499
-35.00 45.00 -0.40633
-30.00 45.00 -0.41890
-25.00 45.00 -0.34000
-20.00 45.00 -0.17888
-15.00 45.00 0.41211E-02
-10.00 45.00 0.12293
-5.00 45.00 0.11558
0.00 45.00 -0.11627E-01
5.00 45.00 -0.17789
10.00 45.00 -0.26924
15.00 45.00 -0.20530
20.00 45.00 0.98593E-02
25.00 45.00 0.28566
30.00 45.00 0.49360
35.00 45.00 0.53696
40.00 45.00 0.40055
45.00 45.00 0.15377
70.00 45.00 -0.47039E-01
-65.00 50.00 0.83430E-01
-60.00 50.00 -0.93219E-02
-55.00 50.00 -0.89493E-01
-50.00 50.00 -0.15911
-45.00 50.00 -0.22430
-40.00 50.00 -0.28382
-35.00 50.00 -0.32198
-30.00 50.00 -0.31248
-25.00 50.00 -0.23531
-20.00 50.00 -0.98475E-01
-15.00 50.00 0.51884E-01
-10.00 50.00 0.14706
-5.00 50.00 0.13468
0.00 50.00 0.18191E-01
5.00 50.00 -0.13289
10.00 50.00 -0.21606
15.00 50.00 -0.15641
20.00 50.00 0.43543E-01
25.00 50.00 0.29893
30.00 50.00 0.48815
35.00 50.00 0.52083
40.00 50.00 0.38630
45.00 50.00 0.15456
50.00 50.00 -0.66885E-01
55.00 50.00 -0.19161
60.00 50.00 -0.19404
65.00 50.00 -0.11145
-85.00 55.00 0.23122
-45.00 55.00 -0.19641
-40.00 55.00 -0.23247
-35.00 55.00 -0.23541
-30.00 55.00 -0.19834
-25.00 55.00 -0.12116
-20.00 55.00 -0.17532E-01
-15.00 55.00 0.81776E-01
-10.00 55.00 0.13662
-5.00 55.00 0.11807
0.00 55.00 0.31764E-01
5.00 55.00 -0.73908E-01
10.00 55.00 -0.12719
15.00 55.00 -0.73806E-01
20.00 55.00 0.85373E-01
25.00 55.00 0.28672
30.00 55.00 0.43537
35.00 55.00 0.45816
40.00 55.00 0.34504
45.00 55.00 0.15300
85.00 55.00 0.61067E-01
-80.00 60.00 0.29184
-75.00 60.00 0.29409
-70.00 60.00 0.24749
-65.00 60.00 0.16957
-60.00 60.00 0.76446E-01
-55.00 60.00 -0.20816E-01
-50.00 60.00 -0.11016
-45.00 60.00 -0.17422
-40.00 60.00 -0.19492
-35.00 60.00 -0.16442
-30.00 60.00 -0.92608E-01
-25.00 60.00 -0.42495E-02
-20.00 60.00 0.72383E-01
-15.00 60.00 0.11691
-10.00 60.00 0.12200
-5.00 60.00 0.92885E-01
0.00 60.00 0.45374E-01
5.00 60.00 0.41779E-02
10.00 60.00 -0.22144E-02
15.00 60.00 0.46527E-01
20.00 60.00 0.14745
25.00 60.00 0.26717
30.00 60.00 0.35282
35.00 60.00 0.35920
40.00 60.00 0.27674
45.00 60.00 0.14041
50.00 60.00 0.11467E-01
55.00 60.00 -0.57472E-01
60.00 60.00 -0.51343E-01
65.00 60.00 0.32193E-02
70.00 60.00 0.60070E-01
75.00 60.00 0.85003E-01
80.00 60.00 0.77338E-01
-45.00 65.00 -0.15548
-40.00 65.00 -0.17150
-35.00 65.00 -0.11587
-30.00 65.00 -0.97897E-02
-25.00 65.00 0.96942E-01
-20.00 65.00 0.15561
-15.00 65.00 0.14976
-10.00 65.00 0.10352
-5.00 65.00 0.61299E-01
0.00 65.00 0.56104E-01
5.00 65.00 0.91319E-01
10.00 65.00 0.14704
15.00 65.00 0.20047
20.00 65.00 0.24028
25.00 65.00 0.26461
30.00 65.00 0.27018
35.00 65.00 0.24802
40.00 65.00 0.19251
45.00 65.00 0.11434
-65.00 70.00 0.22867
-60.00 70.00 0.15336
-55.00 70.00 0.59700E-01
-50.00 70.00 -0.44601E-01
-45.00 70.00 -0.12939
-40.00 70.00 -0.15156
-35.00 70.00 -0.87939E-01
-30.00 70.00 0.36006E-01
-25.00 70.00 0.15221
-20.00 70.00 0.19398
-15.00 70.00 0.14592
-10.00 70.00 0.58382E-01
-5.00 70.00 0.11543E-01
0.00 70.00 0.56049E-01
5.00 70.00 0.17678
10.00 70.00 0.30705
15.00 70.00 0.37891
20.00 70.00 0.36782
25.00 70.00 0.29901
30.00 70.00 0.21775
35.00 70.00 0.15417
40.00 70.00 0.11145
45.00 70.00 0.80072E-01
50.00 70.00 0.57265E-01
55.00 70.00 0.50584E-01
60.00 70.00 0.65168E-01
65.00 70.00 0.91757E-01
-70.00 75.00 0.29199
-45.00 75.00 -0.83332E-01
-40.00 75.00 -0.11993
-35.00 75.00 -0.71832E-01
-30.00 75.00 0.38523E-01
-25.00 75.00 0.13863
-20.00 75.00 0.15603
-15.00 75.00 0.79125E-01
-10.00 75.00 -0.24164E-01
-5.00 75.00 -0.51761E-01
0.00 75.00 0.55031E-01
5.00 75.00 0.26313
10.00 75.00 0.46765
15.00 75.00 0.56421
20.00 75.00 0.51660
25.00 75.00 0.37046
30.00 75.00 0.21007
35.00 75.00 0.99387E-01
40.00 75.00 0.52724E-01
45.00 75.00 0.48092E-01
70.00 75.00 0.12105
-75.00 80.00 0.31351
-65.00 80.00 0.25217
-60.00 80.00 0.20934
-55.00 80.00 0.15360
-50.00 80.00 0.75335E-01
-45.00 80.00 -0.10529E-01
-40.00 80.00 -0.64159E-01
-35.00 80.00 -0.53490E-01
-30.00 80.00 0.84908E-02
-25.00 80.00 0.62356E-01
-20.00 80.00 0.48163E-01
-15.00 80.00 -0.36068E-01
-10.00 80.00 -0.11708
-5.00 80.00 -0.93868E-01
0.00 80.00 0.82360E-01
5.00 80.00 0.36007
10.00 80.00 0.61279
15.00 80.00 0.72071
20.00 80.00 0.64628
25.00 80.00 0.44896
30.00 80.00 0.23494
35.00 80.00 0.87103E-01
40.00 80.00 0.27483E-01
45.00 80.00 0.29420E-01
50.00 80.00 0.55126E-01
55.00 80.00 0.82271E-01
60.00 80.00 0.10457
65.00 80.00 0.11926
75.00 80.00 0.11002
-45.00 85.00 0.84398E-01
-40.00 85.00 0.18981E-01
-35.00 85.00 -0.18072E-01
-30.00 85.00 -0.26456E-01
-25.00 85.00 -0.37223E-01
-20.00 85.00 -0.80945E-01
-15.00 85.00 -0.14557
-10.00 85.00 -0.16715
-5.00 85.00 -0.71640E-01
0.00 85.00 0.16070
5.00 85.00 0.46222
10.00 85.00 0.70860
15.00 85.00 0.79431
20.00 85.00 0.69676
25.00 85.00 0.48289
30.00 85.00 0.25834
35.00 85.00 0.10245
40.00 85.00 0.35452E-01
45.00 85.00 0.31483E-01
-80.00 90.00 0.28378
-70.00 90.00 0.27052
-65.00 90.00 0.24055
-60.00 90.00 0.22803
-55.00 90.00 0.22923
-50.00 90.00 0.22115
-45.00 90.00 0.18454
-40.00 90.00 0.11988
-35.00 90.00 0.42366E-01
-30.00 90.00 -0.34751E-01
-25.00 90.00 -0.10724
-20.00 90.00 -0.16811
-15.00 90.00 -0.19147
-10.00 90.00 -0.13562
-5.00 90.00 0.27283E-01
0.00 90.00 0.27664
5.00 90.00 0.53651
10.00 90.00 0.71020
15.00 90.00 0.73527
20.00 90.00 0.61891
25.00 90.00 0.42834
30.00 90.00 0.24582
35.00 90.00 0.12345
40.00 90.00 0.67770E-01
45.00 90.00 0.56180E-01
50.00 90.00 0.63377E-01
55.00 90.00 0.75420E-01
60.00 90.00 0.87275E-01
65.00 90.00 0.95565E-01
70.00 90.00 0.97507E-01
80.00 90.00 0.90740E-01
-45.00 95.00 0.26511
-40.00 95.00 0.21702
-35.00 95.00 0.12207
-30.00 95.00 0.10982E-02
-25.00 95.00 -0.11117
-20.00 95.00 -0.17404
-15.00 95.00 -0.15211
-10.00 95.00 -0.31554E-01
-5.00 95.00 0.16528
0.00 95.00 0.37985
5.00 95.00 0.53962
10.00 95.00 0.59337
15.00 95.00 0.53744
20.00 95.00 0.41407
25.00 95.00 0.28298
30.00 95.00 0.18695
35.00 95.00 0.13533
40.00 95.00 0.11265
45.00 95.00 0.99835E-01
-75.00 100.00 0.27032
-65.00 100.00 0.20774
-60.00 100.00 0.19859
-55.00 100.00 0.22495
-50.00 100.00 0.27097
-45.00 100.00 0.30206
-40.00 100.00 0.28360
-35.00 100.00 0.20137
-30.00 100.00 0.74429E-01
-25.00 100.00 -0.47231E-01
-20.00 100.00 -0.10309
-15.00 100.00 -0.53893E-01
-10.00 100.00 0.91964E-01
-5.00 100.00 0.27583
0.00 100.00 0.41670
5.00 100.00 0.45546
10.00 100.00 0.38783
15.00 100.00 0.26331
20.00 100.00 0.15111
25.00 100.00 0.97467E-01
30.00 100.00 0.10358
35.00 100.00 0.13637
40.00 100.00 0.15868
45.00 100.00 0.15374
50.00 100.00 0.12816
55.00 100.00 0.98035E-01
60.00 100.00 0.74768E-01
65.00 100.00 0.62046E-01
75.00 100.00 0.70236E-01
-70.00 105.00 0.23019
-45.00 105.00 0.28158
-40.00 105.00 0.29790
-35.00 105.00 0.25491
-30.00 105.00 0.15942
-25.00 105.00 0.56349E-01
-20.00 105.00 0.75275E-02
-15.00 105.00 0.52252E-01
-10.00 105.00 0.17534
-5.00 105.00 0.30864
0.00 105.00 0.37043
5.00 105.00 0.31820
10.00 105.00 0.17735
15.00 105.00 0.24546E-01
20.00 105.00 -0.62285E-01
25.00 105.00 -0.51037E-01
30.00 105.00 0.32410E-01
35.00 105.00 0.13041
40.00 105.00 0.19357
45.00 105.00 0.20481
70.00 105.00 0.44790E-01
-85.00 110.00 0.20027
-65.00 110.00 0.18228
-60.00 110.00 0.14594
-55.00 110.00 0.13436
-50.00 110.00 0.15758
-45.00 110.00 0.20658
-40.00 110.00 0.25308
-35.00 110.00 0.26428
-30.00 110.00 0.22688
-25.00 110.00 0.16230
-20.00 110.00 0.11665
-15.00 110.00 0.12766
-10.00 110.00 0.19211
-5.00 110.00 0.26128
0.00 110.00 0.27243
5.00 110.00 0.19463
10.00 110.00 0.54143E-01
15.00 110.00 -0.80683E-01
20.00 110.00 -0.14354
25.00 110.00 -0.11012
30.00 110.00 -0.67989E-02
35.00 110.00 0.11292
40.00 110.00 0.20168
45.00 110.00 0.23744
50.00 110.00 0.22234
55.00 110.00 0.17197
60.00 110.00 0.10793
65.00 110.00 0.54738E-01
85.00 110.00 0.10271
-45.00 115.00 0.96922E-01
-40.00 115.00 0.16117
-35.00 115.00 0.22718
-30.00 115.00 0.25926
-25.00 115.00 0.24443
-20.00 115.00 0.20173
-15.00 115.00 0.16624
-10.00 115.00 0.15994
-5.00 115.00 0.17362
0.00 115.00 0.17503
5.00 115.00 0.13610
10.00 115.00 0.56907E-01
15.00 115.00 -0.32363E-01
20.00 115.00 -0.90753E-01
25.00 115.00 -0.90900E-01
30.00 115.00 -0.31655E-01
35.00 115.00 0.65139E-01
40.00 115.00 0.16617
45.00 115.00 0.23807
-80.00 120.00 0.21680
-75.00 120.00 0.23121
-70.00 120.00 0.22512
-65.00 120.00 0.19128
-60.00 120.00 0.12669
-55.00 120.00 0.46644E-01
-50.00 120.00 -0.13782E-01
-45.00 120.00 -0.17192E-01
-40.00 120.00 0.48986E-01
-35.00 120.00 0.15786
-30.00 120.00 0.25546
-25.00 120.00 0.29372
-20.00 120.00 0.26065
-15.00 120.00 0.18595
-10.00 120.00 0.11864
-5.00 120.00 0.93791E-01
0.00 120.00 0.11156
5.00 120.00 0.14082
10.00 120.00 0.14250
15.00 120.00 0.96315E-01
20.00 120.00 0.14969E-01
25.00 120.00 -0.61184E-01
30.00 120.00 -0.85922E-01
35.00 120.00 -0.34410E-01
40.00 120.00 0.78613E-01
45.00 120.00 0.20192
50.00 120.00 0.27420
55.00 120.00 0.26077
60.00 120.00 0.17688
65.00 120.00 0.78931E-01
70.00 120.00 0.26301E-01
75.00 120.00 0.39062E-01
80.00 120.00 0.85893E-01
-45.00 125.00 -0.10589
-40.00 125.00 -0.52326E-01
-35.00 125.00 0.79138E-01
-30.00 125.00 0.22511
-25.00 125.00 0.31107
-20.00 125.00 0.29732
-15.00 125.00 0.20386
-10.00 125.00 0.97042E-01
-5.00 125.00 0.46211E-01
0.00 125.00 0.78310E-01
5.00 125.00 0.15987
10.00 125.00 0.21845
15.00 125.00 0.19085
20.00 125.00 0.67947E-01
25.00 125.00 -0.93321E-01
30.00 125.00 -0.20128
35.00 125.00 -0.18663
40.00 125.00 -0.49131E-01
45.00 125.00 0.13857
-65.00 130.00 0.23199
-60.00 130.00 0.16862
-55.00 130.00 0.51268E-01
-50.00 130.00 -0.76973E-01
-45.00 130.00 -0.14983
-40.00 130.00 -0.11855
-35.00 130.00 0.12059E-01
-30.00 130.00 0.17948
-25.00 130.00 0.29737
-20.00 130.00 0.30769
-15.00 130.00 0.21745
-10.00 130.00 0.94673E-01
-5.00 130.00 0.24056E-01
0.00 130.00 0.49452E-01
5.00 130.00 0.14116
10.00 130.00 0.21228
15.00 130.00 0.17718
20.00 130.00 0.15212E-01
25.00 130.00 -0.20493
30.00 130.00 -0.36131
35.00 130.00 -0.35583
40.00 130.00 -0.18098
45.00 130.00 0.71414E-01
50.00 130.00 0.26842
55.00 130.00 0.32175
60.00 130.00 0.24029
65.00 130.00 0.11269
-70.00 135.00 0.24413
-45.00 135.00 -0.14566
-40.00 135.00 -0.13939
-35.00 135.00 -0.30735E-01
-30.00 135.00 0.12676
-25.00 135.00 0.25091
-20.00 135.00 0.27896
-15.00 135.00 0.20580
-10.00 135.00 0.87288E-01
-5.00 135.00 0.37724E-02
0.00 135.00 0.46889E-02
5.00 135.00 0.70412E-01
10.00 135.00 0.12057
15.00 135.00 0.69141E-01
20.00 135.00 -0.10779
25.00 135.00 -0.34052
30.00 135.00 -0.49959
35.00 135.00 -0.47824
40.00 135.00 -0.26800
45.00 135.00 0.28929E-01
70.00 135.00 0.43381E-01
-75.00 140.00 0.19772
-65.00 140.00 0.26304
-60.00 140.00 0.22365
-55.00 140.00 0.12024
-50.00 140.00 -0.94633E-02
-45.00 140.00 -0.10493
-40.00 140.00 -0.11873
-35.00 140.00 -0.45567E-01
-30.00 140.00 0.73445E-01
-25.00 140.00 0.17330
-20.00 140.00 0.20124
-15.00 140.00 0.14655
-10.00 140.00 0.46610E-01
-5.00 140.00 -0.36609E-01
0.00 140.00 -0.58559E-01
5.00 140.00 -0.26899E-01
10.00 140.00 -0.20572E-02
15.00 140.00 -0.55900E-01
20.00 140.00 -0.21204
25.00 140.00 -0.41188
30.00 140.00 -0.53926
35.00 140.00 -0.49518
40.00 140.00 -0.27194
45.00 140.00 0.31026E-01
50.00 140.00 0.26753
55.00 140.00 0.34023
60.00 140.00 0.26076
65.00 140.00 0.12942
75.00 140.00 0.64810E-01
-45.00 145.00 -0.47735E-01
-40.00 145.00 -0.69936E-01
-35.00 145.00 -0.34659E-01
-30.00 145.00 0.27599E-01
-25.00 145.00 0.76106E-01
-20.00 145.00 0.80403E-01
-15.00 145.00 0.34242E-01
-10.00 145.00 -0.41299E-01
-5.00 145.00 -0.10825
0.00 145.00 -0.13468
5.00 145.00 -0.11954
10.00 145.00 -0.10025
15.00 145.00 -0.12967
20.00 145.00 -0.23149
25.00 145.00 -0.36715
30.00 145.00 -0.44735
35.00 145.00 -0.39029
40.00 145.00 -0.18720
45.00 145.00 0.78233E-01
-80.00 150.00 0.13333
-70.00 150.00 0.21321
-65.00 150.00 0.23688
-60.00 150.00 0.20938
-55.00 150.00 0.13789
-50.00 150.00 0.58105E-01
-45.00 150.00 0.54939E-02
-40.00 150.00 -0.96215E-02
-35.00 150.00 -0.36589E-02
-30.00 150.00 -0.18795E-02
-25.00 150.00 -0.20081E-01
-20.00 150.00 -0.59573E-01
-15.00 150.00 -0.11265
-10.00 150.00 -0.16755
-5.00 150.00 -0.20912
0.00 150.00 -0.22194
5.00 150.00 -0.20159
10.00 150.00 -0.16582
15.00 150.00 -0.14929
20.00 150.00 -0.17671
25.00 150.00 -0.23314
30.00 150.00 -0.26208
35.00 150.00 -0.20333
40.00 150.00 -0.45707E-01
45.00 150.00 0.15103
50.00 150.00 0.29072
55.00 150.00 0.30990
60.00 150.00 0.22557
65.00 150.00 0.11982
70.00 150.00 0.72725E-01
80.00 150.00 0.14662
-45.00 155.00 0.40620E-01
-40.00 155.00 0.46948E-01
-35.00 155.00 0.38209E-01
-30.00 155.00 -0.11329E-01
-25.00 155.00 -0.96135E-01
-20.00 155.00 -0.18763
-15.00 155.00 -0.25924
-10.00 155.00 -0.30238
-5.00 155.00 -0.32105
0.00 155.00 -0.31715
5.00 155.00 -0.28676
10.00 155.00 -0.23143
15.00 155.00 -0.16815
20.00 155.00 -0.12050
25.00 155.00 -0.95285E-01
30.00 155.00 -0.69656E-01
35.00 155.00 -0.81937E-02
40.00 155.00 0.10022
45.00 155.00 0.22063
-75.00 160.00 0.12266
-65.00 160.00 0.14731
-60.00 160.00 0.10279
-55.00 160.00 0.48301E-01
-50.00 160.00 0.27594E-01
-45.00 160.00 0.52884E-01
-40.00 160.00 0.88142E-01
-35.00 160.00 0.77104E-01
-30.00 160.00 -0.90800E-02
-25.00 160.00 -0.14756
-20.00 160.00 -0.28320
-15.00 160.00 -0.37158
-10.00 160.00 -0.40607
-5.00 160.00 -0.40841
0.00 160.00 -0.39805
5.00 160.00 -0.37306
10.00 160.00 -0.31917
15.00 160.00 -0.23249
20.00 160.00 -0.12899
25.00 160.00 -0.30828E-01
30.00 160.00 0.53485E-01
35.00 160.00 0.13124
40.00 160.00 0.20686
45.00 160.00 0.26466
50.00 160.00 0.27632
55.00 160.00 0.23033
60.00 160.00 0.15364
65.00 160.00 0.98527E-01
75.00 160.00 0.14706
-85.00 165.00 0.10352
-70.00 165.00 0.11327
-45.00 165.00 0.46270E-01
-40.00 165.00 0.10706
-35.00 165.00 0.96267E-01
-30.00 165.00 -0.15760E-01
-25.00 165.00 -0.18992
-20.00 165.00 -0.34859
-15.00 165.00 -0.43451
-10.00 165.00 -0.44727
-5.00 165.00 -0.42936
0.00 165.00 -0.41988
5.00 165.00 -0.42015
10.00 165.00 -0.39878
15.00 165.00 -0.32563
20.00 165.00 -0.20006
25.00 165.00 -0.50192E-01
30.00 165.00 0.89321E-01
35.00 165.00 0.19602
40.00 165.00 0.26043
45.00 165.00 0.27757
70.00 165.00 0.12067
85.00 165.00 0.16717
-65.00 170.00 0.40175E-01
-60.00 170.00 -0.27809E-01
-55.00 170.00 -0.74890E-01
-50.00 170.00 -0.52683E-01
-45.00 170.00 0.30286E-01
-40.00 170.00 0.10254
-35.00 170.00 0.82242E-01
-30.00 170.00 -0.54604E-01
-25.00 170.00 -0.25009
-20.00 170.00 -0.40660
-15.00 170.00 -0.45993
-10.00 170.00 -0.42242
-5.00 170.00 -0.36273
0.00 170.00 -0.34384
5.00 170.00 -0.37328
10.00 170.00 -0.40353
15.00 170.00 -0.37553
20.00 170.00 -0.26476
25.00 170.00 -0.95411E-01
30.00 170.00 0.80218E-01
35.00 170.00 0.21308
40.00 170.00 0.27652
45.00 170.00 0.26893
50.00 170.00 0.20972
55.00 170.00 0.13453
60.00 170.00 0.85270E-01
65.00 170.00 0.90403E-01
-45.00 175.00 0.15566E-01
-40.00 175.00 0.79868E-01
-35.00 175.00 0.33104E-01
-30.00 175.00 -0.13568
-25.00 175.00 -0.34641
-20.00 175.00 -0.48302
-15.00 175.00 -0.47878
-10.00 175.00 -0.36308
-5.00 175.00 -0.23363
0.00 175.00 -0.17998
5.00 175.00 -0.22001
10.00 175.00 -0.29560
15.00 175.00 -0.32269
20.00 175.00 -0.25195
25.00 175.00 -0.96509E-01
30.00 175.00 0.84150E-01
35.00 175.00 0.22315
40.00 175.00 0.27956
45.00 175.00 0.25173
-80.00 180.00 0.42732E-01
-75.00 180.00 0.35328E-01
-70.00 180.00 0.21842E-01
-65.00 180.00 -0.27549E-01
-60.00 180.00 -0.94732E-01
-55.00 180.00 -0.12397
-50.00 180.00 -0.78516E-01
-45.00 180.00 0.95064E-02
-40.00 180.00 0.49535E-01
-35.00 180.00 -0.37097E-01
-30.00 180.00 -0.24415
-25.00 180.00 -0.46986
-20.00 180.00 -0.58343
-15.00 180.00 -0.51848
-10.00 180.00 -0.32022
-5.00 180.00 -0.11090
0.00 180.00 -0.28554E-02
5.00 180.00 -0.26128E-01
10.00 180.00 -0.12024
15.00 180.00 -0.18703
20.00 180.00 -0.15922
25.00 180.00 -0.37426E-01
30.00 180.00 0.12086
35.00 180.00 0.24233
40.00 180.00 0.27916
45.00 180.00 0.23004
50.00 180.00 0.13643
55.00 180.00 0.59367E-01
60.00 180.00 0.47073E-01
65.00 180.00 0.10749
70.00 180.00 0.20173
75.00 180.00 0.26820
80.00 180.00 0.26133
-45.00 -175 0.13002E-01
-40.00 -175 0.23008E-01
-35.00 -175 -0.10262
-30.00 -175 -0.34242
-25.00 -175 -0.58078
-20.00 -175 -0.68083
-15.00 -175 -0.57925
-10.00 -175 -0.33040
-5.00 -175 -0.67641E-01
0.00 -175 0.86319E-01
5.00 -175 0.93137E-01
10.00 -175 0.85891E-02
15.00 -175 -0.68642E-01
20.00 -175 -0.65515E-01
25.00 -175 0.25653E-01
30.00 -175 0.15392
35.00 -175 0.24863
40.00 -175 0.26242
45.00 -175 0.19605
-65.00 -170 -0.36959E-01
-60.00 -170 -0.80529E-01
-55.00 -170 -0.88572E-01
-50.00 -170 -0.40985E-01
-45.00 -170 0.19422E-01
-40.00 -170 0.66952E-02
-35.00 -170 -0.13873
-30.00 -170 -0.38823
-25.00 -170 -0.62725
-20.00 -170 -0.72631
-15.00 -170 -0.62855
-10.00 -170 -0.38768
-5.00 -170 -0.12969
0.00 -170 0.30079E-01
5.00 -170 0.53719E-01
10.00 -170 -0.10609E-01
15.00 -170 -0.74417E-01
20.00 -170 -0.70387E-01
25.00 -170 0.10713E-01
30.00 -170 0.12398
35.00 -170 0.20458
40.00 -170 0.20865
45.00 -170 0.13939
50.00 -170 0.45983E-01
55.00 -170 -0.46437E-02
60.00 -170 0.30613E-01
65.00 -170 0.14064
-70.00 -165 -0.42522E-02
-45.00 -165 0.16769E-01
-40.00 -165 -0.24501E-02
-35.00 -165 -0.13603
-30.00 -165 -0.35963
-25.00 -165 -0.57722
-20.00 -165 -0.68082
-15.00 -165 -0.62291
-10.00 -165 -0.44686
-5.00 -165 -0.25462
0.00 -165 -0.13887
5.00 -165 -0.12887
10.00 -165 -0.18366
15.00 -165 -0.22918
20.00 -165 -0.20905
25.00 -165 -0.11665
30.00 -165 0.60873E-02
35.00 -165 0.97563E-01
40.00 -165 0.11498
45.00 -165 0.61826E-01
70.00 -165 0.29179
-75.00 -160 -0.71111E-02
-65.00 -160 -0.13483E-01
-60.00 -160 -0.40844E-01
-55.00 -160 -0.55624E-01
-50.00 -160 -0.37755E-01
-45.00 -160 -0.70281E-02
-40.00 -160 -0.15955E-01
-35.00 -160 -0.10697
-30.00 -160 -0.27083
-25.00 -160 -0.44370
-20.00 -160 -0.54790
-15.00 -160 -0.54488
-10.00 -160 -0.46014
-5.00 -160 -0.36284
0.00 -160 -0.31771
5.00 -160 -0.34406
10.00 -160 -0.40783
15.00 -160 -0.44760
20.00 -160 -0.41489
25.00 -160 -0.30416
30.00 -160 -0.15647
35.00 -160 -0.35401E-01
40.00 -160 0.11750E-01
45.00 -160 -0.14525E-01
50.00 -160 -0.62985E-01
55.00 -160 -0.63478E-01
60.00 -160 0.23764E-01
65.00 -160 0.17543
75.00 -160 0.37002
-45.00 -155 -0.57404E-01
-40.00 -155 -0.46700E-01
-35.00 -155 -0.78962E-01
-30.00 -155 -0.16684
-25.00 -155 -0.28377
-20.00 -155 -0.38167
-15.00 -155 -0.42557
-10.00 -155 -0.41844
-5.00 -155 -0.39779
0.00 -155 -0.40741
5.00 -155 -0.46446
10.00 -155 -0.54432
15.00 -155 -0.59340
20.00 -155 -0.56275
25.00 -155 -0.44201
30.00 -155 -0.27133
35.00 -155 -0.12075
40.00 -155 -0.46759E-01
45.00 -155 -0.53530E-01
-80.00 -150 -0.94295E-02
-70.00 -150 0.59962E-02
-65.00 -150 0.86189E-02
-60.00 -150 -0.27233E-01
-55.00 -150 -0.84877E-01
-50.00 -150 -0.12680
-45.00 -150 -0.12827
-40.00 -150 -0.99222E-01
-35.00 -150 -0.77200E-01
-30.00 -150 -0.98010E-01
-25.00 -150 -0.16776
-20.00 -150 -0.25830
-15.00 -150 -0.32929
-10.00 -150 -0.35971
-5.00 -150 -0.36412
0.00 -150 -0.38015
5.00 -150 -0.43537
10.00 -150 -0.51852
15.00 -150 -0.57906
20.00 -150 -0.55947
25.00 -150 -0.43922
30.00 -150 -0.25738
35.00 -150 -0.92968E-01
40.00 -150 -0.12924E-01
45.00 -150 -0.24089E-01
50.00 -150 -0.66703E-01
55.00 -150 -0.57833E-01
60.00 -150 0.45403E-01
65.00 -150 0.21077
70.00 -150 0.35224
80.00 -150 0.31918
-45.00 -145 -0.20214
-40.00 -145 -0.16381
-35.00 -145 -0.10817
-30.00 -145 -0.90079E-01
-25.00 -145 -0.13687
-20.00 -145 -0.22677
-15.00 -145 -0.30620
-10.00 -145 -0.33301
-5.00 -145 -0.31085
0.00 -145 -0.28532
5.00 -145 -0.30321
10.00 -145 -0.36742
15.00 -145 -0.42632
20.00 -145 -0.41023
25.00 -145 -0.28864
30.00 -145 -0.10222
35.00 -145 0.59581E-01
40.00 -145 0.12161
45.00 -145 0.79341E-01
-85.00 -140 0.41097E-01
-75.00 -140 -0.18923E-01
-65.00 -140 0.16987E-01
-60.00 -140 -0.33261E-01
-55.00 -140 -0.13056
-50.00 -140 -0.22286
-45.00 -140 -0.25621
-40.00 -140 -0.21921
-35.00 -140 -0.15521
-30.00 -140 -0.12994
-25.00 -140 -0.17830
-20.00 -140 -0.27406
-15.00 -140 -0.34909
-10.00 -140 -0.34855
-5.00 -140 -0.27677
0.00 -140 -0.19404
5.00 -140 -0.16481
10.00 -140 -0.19974
15.00 -140 -0.24169
20.00 -140 -0.21058
25.00 -140 -0.72435E-01
30.00 -140 0.12463
35.00 -140 0.27973
40.00 -140 0.31332
45.00 -140 0.22803
50.00 -140 0.10794
55.00 -140 0.56164E-01
60.00 -140 0.11922
65.00 -140 0.25586
75.00 -140 0.39134
85.00 -140 0.18105
-70.00 -135 0.84200E-02
-45.00 -135 -0.27222
-40.00 -135 -0.24340
-35.00 -135 -0.18966
-30.00 -135 -0.17708
-25.00 -135 -0.23652
-20.00 -135 -0.33353
-15.00 -135 -0.39307
-10.00 -135 -0.36114
-5.00 -135 -0.25167
0.00 -135 -0.13702
5.00 -135 -0.87135E-01
10.00 -135 -0.10786
15.00 -135 -0.13209
20.00 -135 -0.74499E-01
25.00 -135 0.93589E-01
30.00 -135 0.31154
35.00 -135 0.46828
40.00 -135 0.48373
45.00 -135 0.36879
70.00 -135 0.37730
-65.00 -130 0.16613E-01
-60.00 -130 -0.25957E-01
-55.00 -130 -0.11576
-50.00 -130 -0.20526
-45.00 -130 -0.24496
-40.00 -130 -0.22611
-35.00 -130 -0.18993
-30.00 -130 -0.19240
-25.00 -130 -0.25302
-20.00 -130 -0.33286
-15.00 -130 -0.36397
-10.00 -130 -0.30788
-5.00 -130 -0.19256
0.00 -130 -0.92970E-01
5.00 -130 -0.68100E-01
10.00 -130 -0.10690
15.00 -130 -0.13115
20.00 -130 -0.56906E-01
25.00 -130 0.13369
30.00 -130 0.36932
35.00 -130 0.53583
40.00 -130 0.55709
45.00 -130 0.44804
50.00 -130 0.30057
55.00 -130 0.21539
60.00 -130 0.23326
65.00 -130 0.31513
-45.00 -125 -0.18496
-40.00 -125 -0.17501
-35.00 -125 -0.15511
-30.00 -125 -0.16318
-25.00 -125 -0.20535
-20.00 -125 -0.24626
-15.00 -125 -0.23901
-10.00 -125 -0.17038
-5.00 -125 -0.80094E-01
0.00 -125 -0.33246E-01
5.00 -125 -0.65210E-01
10.00 -125 -0.14490
15.00 -125 -0.19010
20.00 -125 -0.12679
25.00 -125 0.52630E-01
30.00 -125 0.27824
35.00 -125 0.44836
40.00 -125 0.49773
45.00 -125 0.43757
-80.00 -120 -0.21362E-01
-75.00 -120 -0.30371E-01
-70.00 -120 -0.79911E-02
-65.00 -120 0.90157E-02
-60.00 -120 -0.53450E-02
-55.00 -120 -0.47686E-01
-50.00 -120 -0.91842E-01
-45.00 -120 -0.11372
-40.00 -120 -0.11157
-35.00 -120 -0.10371
-30.00 -120 -0.10693
-25.00 -120 -0.11677
-20.00 -120 -0.10997
-15.00 -120 -0.68588E-01
-10.00 -120 -0.41796E-02
-5.00 -120 0.42114E-01
0.00 -120 0.27938E-01
5.00 -120 -0.54216E-01
10.00 -120 -0.16293
15.00 -120 -0.22962
20.00 -120 -0.20211
25.00 -120 -0.78671E-01
30.00 -120 0.91666E-01
35.00 -120 0.24170
40.00 -120 0.32724
45.00 -120 0.34853
50.00 -120 0.33998
55.00 -120 0.33933
60.00 -120 0.35977
65.00 -120 0.38386
70.00 -120 0.38008
75.00 -120 0.32959
80.00 -120 0.24093
-45.00 -115 -0.54201E-01
-40.00 -115 -0.59459E-01
-35.00 -115 -0.59873E-01
-30.00 -115 -0.53527E-01
-25.00 -115 -0.31806E-01
-20.00 -115 0.10172E-01
-15.00 -115 0.61869E-01
-10.00 -115 0.97538E-01
-5.00 -115 0.91046E-01
0.00 -115 0.34373E-01
5.00 -115 -0.55087E-01
10.00 -115 -0.14396
15.00 -115 -0.20106
20.00 -115 -0.21060
25.00 -115 -0.17333
30.00 -115 -0.99003E-01
35.00 -115 0.69635E-03
40.00 -115 0.11382
45.00 -115 0.22667
-65.00 -110 -0.10658E-01
-60.00 -110 -0.44924E-02
-55.00 -110 -0.62894E-02
-50.00 -110 -0.12298E-01
-45.00 -110 -0.21761E-01
-40.00 -110 -0.33370E-01
-35.00 -110 -0.38288E-01
-30.00 -110 -0.22455E-01
-25.00 -110 0.19342E-01
-20.00 -110 0.70872E-01
-15.00 -110 0.99607E-01
-10.00 -110 0.80268E-01
-5.00 -110 0.17498E-01
0.00 -110 -0.54734E-01
5.00 -110 -0.99868E-01
10.00 -110 -0.10928
15.00 -110 -0.10817
20.00 -110 -0.12919
25.00 -110 -0.17627
30.00 -110 -0.21187
35.00 -110 -0.18185
40.00 -110 -0.58833E-01
45.00 -110 0.13175
50.00 -110 0.32436
55.00 -110 0.45386
60.00 -110 0.49146
65.00 -110 0.45120
-70.00 -105 -0.32330E-01
-45.00 -105 -0.20047E-01
-40.00 -105 -0.35041E-01
-35.00 -105 -0.39403E-01
-30.00 -105 -0.14225E-01
-25.00 -105 0.37138E-01
-20.00 -105 0.78815E-01
-15.00 -105 0.64411E-01
-10.00 -105 -0.20894E-01
-5.00 -105 -0.13578
0.00 -105 -0.20506
5.00 -105 -0.17815
10.00 -105 -0.76232E-01
15.00 -105 0.16651E-01
20.00 -105 0.18026E-01
25.00 -105 -0.82773E-01
30.00 -105 -0.20776
35.00 -105 -0.24404
40.00 -105 -0.12717
45.00 -105 0.11096
70.00 -105 0.35710
-75.00 -100 -0.32804E-01
-65.00 -100 -0.37292E-01
-60.00 -100 -0.36338E-01
-55.00 -100 -0.33360E-01
-50.00 -100 -0.33084E-01
-45.00 -100 -0.42590E-01
-40.00 -100 -0.57365E-01
-35.00 -100 -0.56444E-01
-30.00 -100 -0.20711E-01
-25.00 -100 0.38392E-01
-20.00 -100 0.71810E-01
-15.00 -100 0.26100E-01
-10.00 -100 -0.10364
-5.00 -100 -0.24963
0.00 -100 -0.30866
5.00 -100 -0.22095
10.00 -100 -0.27623E-01
15.00 -100 0.14770
20.00 -100 0.18752
25.00 -100 0.72573E-01
30.00 -100 -0.97605E-01
35.00 -100 -0.17521
40.00 -100 -0.72009E-01
45.00 -100 0.17866
50.00 -100 0.45010
55.00 -100 0.61267
60.00 -100 0.61421
65.00 -100 0.49484
75.00 -100 0.21378
-45.00 -95 -0.77675E-01
-40.00 -95 -0.91378E-01
-35.00 -95 -0.85543E-01
-30.00 -95 -0.41288E-01
-25.00 -95 0.28911E-01
-20.00 -95 0.74306E-01
-15.00 -95 0.39938E-01
-10.00 -95 -0.79278E-01
-5.00 -95 -0.21379
0.00 -95 -0.25737
5.00 -95 -0.14796
10.00 -95 0.72721E-01
15.00 -95 0.27679
20.00 -95 0.34043
25.00 -95 0.23921
30.00 -95 0.71256E-01
35.00 -95 -0.13302E-01
40.00 -95 0.77169E-01
45.00 -95 0.31060
-80.00 -90 0.23988E-02
-70.00 -90 -0.33399E-01
-65.00 -90 -0.48034E-01
-60.00 -90 -0.65909E-01
-55.00 -90 -0.81767E-01
-50.00 -90 -0.95772E-01
-45.00 -90 -0.11287
-40.00 -90 -0.12990
-35.00 -90 -0.12812
-30.00 -90 -0.86342E-01
-25.00 -90 -0.71754E-02
-20.00 -90 0.71208E-01
-15.00 -90 0.98090E-01
-10.00 -90 0.55509E-01
-5.00 -90 -0.14245E-01
0.00 -90 -0.31260E-01
5.00 -90 0.59073E-01
10.00 -90 0.23315
15.00 -90 0.39572
20.00 -90 0.44872
25.00 -90 0.37020
30.00 -90 0.23808
35.00 -90 0.17526
40.00 -90 0.25717
45.00 -90 0.45412
50.00 -90 0.65253
55.00 -90 0.73601
60.00 -90 0.66215
65.00 -90 0.47986
70.00 -90 0.28323
80.00 -90 0.85974E-01
-85.00 -85 0.59010E-01
-45.00 -85 -0.13737
-40.00 -85 -0.16599
-35.00 -85 -0.18311
-30.00 -85 -0.16267
-25.00 -85 -0.88339E-01
-20.00 -85 0.26289E-01
-15.00 -85 0.14088
-10.00 -85 0.21736
-5.00 -85 0.25096
0.00 -85 0.27373
5.00 -85 0.32352
10.00 -85 0.40471
15.00 -85 0.47783
20.00 -85 0.49184
25.00 -85 0.43382
30.00 -85 0.35133
35.00 -85 0.32303
40.00 -85 0.39750
45.00 -85 0.54945
85.00 -85 0.65258E-01
-75.00 -80 -0.26864E-03
-65.00 -80 -0.19136E-01
-60.00 -80 -0.43569E-01
-55.00 -80 -0.74156E-01
-50.00 -80 -0.10602
-45.00 -80 -0.14294
-40.00 -80 -0.18998
-35.00 -80 -0.23751
-30.00 -80 -0.25462
-25.00 -80 -0.20426
-20.00 -80 -0.71764E-01
-15.00 -80 0.11701
-10.00 -80 0.30593
-5.00 -80 0.44204
0.00 -80 0.50603
5.00 -80 0.51589
10.00 -80 0.50312
15.00 -80 0.48515
20.00 -80 0.45919
25.00 -80 0.42077
30.00 -80 0.38516
35.00 -80 0.38593
40.00 -80 0.44711
45.00 -80 0.55288
50.00 -80 0.64515
55.00 -80 0.65725
60.00 -80 0.56021
65.00 -80 0.38514
75.00 -80 0.80755E-01
-70.00 -75 0.14169E-01
-45.00 -75 -0.12511
-40.00 -75 -0.19068
-35.00 -75 -0.26720
-30.00 -75 -0.32209
-25.00 -75 -0.30523
-20.00 -75 -0.18146
-15.00 -75 0.36461E-01
-10.00 -75 0.28359
-5.00 -75 0.47604
0.00 -75 0.56005
5.00 -75 0.54043
10.00 -75 0.46807
15.00 -75 0.39922
20.00 -75 0.36086
25.00 -75 0.34768
30.00 -75 0.34597
35.00 -75 0.35629
40.00 -75 0.39135
45.00 -75 0.45268
70.00 -75 0.15997
-65.00 -70 0.48034E-01
-60.00 -70 0.42140E-01
-55.00 -70 0.15691E-01
-50.00 -70 -0.27061E-01
-45.00 -70 -0.85052E-01
-40.00 -70 -0.16159
-35.00 -70 -0.25088
-30.00 -70 -0.32322
-25.00 -70 -0.32943
-20.00 -70 -0.23068
-15.00 -70 -0.34153E-01
-10.00 -70 0.19696
-5.00 -70 0.37457
0.00 -70 0.43947
5.00 -70 0.39764
10.00 -70 0.31028
15.00 -70 0.24581
20.00 -70 0.23306
25.00 -70 0.25219
30.00 -70 0.26614
35.00 -70 0.26025
40.00 -70 0.25330
45.00 -70 0.27195
50.00 -70 0.31585
55.00 -70 0.34887
60.00 -70 0.32706
65.00 -70 0.23861
-45.00 -65 -0.30521E-01
-40.00 -65 -0.10757
-35.00 -65 -0.18740
-30.00 -65 -0.24657
-25.00 -65 -0.25057
-20.00 -65 -0.17487
-15.00 -65 -0.31280E-01
-10.00 -65 0.12605
-5.00 -65 0.22832
0.00 -65 0.23784
5.00 -65 0.17577
10.00 -65 0.10631
15.00 -65 0.86995E-01
20.00 -65 0.12497
25.00 -65 0.17584
30.00 -65 0.18600
35.00 -65 0.14146
40.00 -65 0.80335E-01
45.00 -65 0.58135E-01
-80.00 -60 0.47427E-01
-75.00 -60 0.44039E-01
-70.00 -60 0.74594E-01
-65.00 -60 0.11881
-60.00 -60 0.14706
-55.00 -60 0.13921
-50.00 -60 0.94154E-01
-45.00 -60 0.26297E-01
-40.00 -60 -0.44797E-01
-35.00 -60 -0.10085
-30.00 -60 -0.12536
-25.00 -60 -0.10549
-20.00 -60 -0.41139E-01
-15.00 -60 0.44965E-01
-10.00 -60 0.11059
-5.00 -60 0.11749
0.00 -60 0.61649E-01
5.00 -60 -0.15949E-01
10.00 -60 -0.54041E-01
15.00 -60 -0.17612E-01
20.00 -60 0.70212E-01
25.00 -60 0.14078
30.00 -60 0.13185
35.00 -60 0.38923E-01
40.00 -60 -0.77241E-01
45.00 -60 -0.13561
50.00 -60 -0.97468E-01
55.00 -60 0.43510E-02
60.00 -60 0.93302E-01
65.00 -60 0.11055
70.00 -60 0.59232E-01
75.00 -60 -0.44959E-02
80.00 -60 -0.21385E-01
-45.00 -55 0.73904E-01
-40.00 -55 0.79767E-02
-35.00 -55 -0.26502E-01
-30.00 -55 -0.18449E-01
-25.00 -55 0.25595E-01
-20.00 -55 0.84019E-01
-15.00 -55 0.12563
-10.00 -55 0.12083
-5.00 -55 0.59034E-01
0.00 -55 -0.37115E-01
5.00 -55 -0.11573
10.00 -55 -0.12453
15.00 -55 -0.49939E-01
20.00 -55 0.63468E-01
25.00 -55 0.13495
30.00 -55 0.10220
35.00 -55 -0.29779E-01
40.00 -55 -0.18558
45.00 -55 -0.26922
-65.00 -50 0.14453
-60.00 -50 0.20202
-55.00 -50 0.21693
-50.00 -50 0.17809
-45.00 -50 0.10672
-40.00 -50 0.41380E-01
-35.00 -50 0.13434E-01
-30.00 -50 0.30326E-01
-25.00 -50 0.75107E-01
-20.00 -50 0.11787
-15.00 -50 0.12990
-10.00 -50 0.95238E-01
-5.00 -50 0.18757E-01
0.00 -50 -0.70982E-01
5.00 -50 -0.12994
10.00 -50 -0.12101
15.00 -50 -0.41842E-01
20.00 -50 0.62362E-01
25.00 -50 0.11830
30.00 -50 0.71216E-01
35.00 -50 -0.71612E-01
40.00 -50 -0.23632
45.00 -50 -0.32711
50.00 -50 -0.29168
55.00 -50 -0.15845
60.00 -50 -0.15080E-01
65.00 -50 0.56776E-01
-70.00 -45 0.66775E-01
-45.00 -45 0.12652
-40.00 -45 0.61048E-01
-35.00 -45 0.25219E-01
-30.00 -45 0.22984E-01
-25.00 -45 0.36828E-01
-20.00 -45 0.44825E-01
-15.00 -45 0.34568E-01
-10.00 -45 0.54596E-02
-5.00 -45 -0.35821E-01
0.00 -45 -0.77729E-01
5.00 -45 -0.10334
10.00 -45 -0.94804E-01
15.00 -45 -0.47422E-01
20.00 -45 0.16062E-01
25.00 -45 0.48757E-01
30.00 -45 0.80933E-02
35.00 -45 -0.10712
40.00 -45 -0.24290
45.00 -45 -0.31874
70.00 -45 0.43051E-01
-75.00 -40 0.31026E-01
-65.00 -40 0.94250E-01
-60.00 -40 0.16083
-55.00 -40 0.19904
-50.00 -40 0.18774
-45.00 -40 0.13874
-40.00 -40 0.81638E-01
-35.00 -40 0.36969E-01
-30.00 -40 0.32283E-02
-25.00 -40 -0.32262E-01
-20.00 -40 -0.72866E-01
-15.00 -40 -0.10542
-10.00 -40 -0.11390
-5.00 -40 -0.98572E-01
0.00 -40 -0.78919E-01
5.00 -40 -0.75531E-01
10.00 -40 -0.89567E-01
15.00 -40 -0.10259
20.00 -40 -0.99006E-01
25.00 -40 -0.88083E-01
30.00 -40 -0.99692E-01
35.00 -40 -0.15311
40.00 -40 -0.22798
45.00 -40 -0.26977
50.00 -40 -0.23195
55.00 -40 -0.12006
60.00 -40 0.44399E-02
65.00 -40 0.69527E-01
75.00 -40 -0.83801E-02
-45.00 -35 0.14635
-40.00 -35 0.11329
-35.00 -35 0.74422E-01
-30.00 -35 0.19962E-01
-25.00 -35 -0.58735E-01
-20.00 -35 -0.14598
-15.00 -35 -0.20270
-10.00 -35 -0.19688
-5.00 -35 -0.13684
0.00 -35 -0.73010E-01
5.00 -35 -0.61021E-01
10.00 -35 -0.11646
15.00 -35 -0.20226
20.00 -35 -0.26138
25.00 -35 -0.26542
30.00 -35 -0.23435
35.00 -35 -0.20993
40.00 -35 -0.20990
45.00 -35 -0.20893
-85.00 -30 0.11927
-80.00 -30 0.65460E-01
-70.00 -30 -0.38249E-01
-65.00 -30 -0.24000E-01
-60.00 -30 0.29392E-01
-55.00 -30 0.88365E-01
-50.00 -30 0.12798
-45.00 -30 0.14639
-40.00 -30 0.15146
-35.00 -30 0.13846
-30.00 -30 0.87863E-01
-25.00 -30 -0.97505E-02
-20.00 -30 -0.12753
-15.00 -30 -0.20819
-10.00 -30 -0.20642
-5.00 -30 -0.13313
0.00 -30 -0.57702E-01
5.00 -30 -0.58398E-01
10.00 -30 -0.15925
15.00 -30 -0.30798
20.00 -30 -0.41600
25.00 -30 -0.42694
30.00 -30 -0.35472
35.00 -30 -0.26075
40.00 -30 -0.19494
45.00 -30 -0.15683
50.00 -30 -0.11044
55.00 -30 -0.33690E-01
60.00 -30 0.49999E-01
65.00 -30 0.90880E-01
70.00 -30 0.64120E-01
80.00 -30 -0.32900E-01
85.00 -30 0.18841E-02
-45.00 -25 0.13263
-40.00 -25 0.17898
-35.00 -25 0.20296
-30.00 -25 0.17681
-25.00 -25 0.85650E-01
-20.00 -25 -0.43122E-01
-15.00 -25 -0.14513
-10.00 -25 -0.16536
-5.00 -25 -0.10896
0.00 -25 -0.47459E-01
5.00 -25 -0.66447E-01
10.00 -25 -0.19462
15.00 -25 -0.37498
20.00 -25 -0.50553
25.00 -25 -0.51629
30.00 -25 -0.41777
35.00 -25 -0.28205
40.00 -25 -0.17798
45.00 -25 -0.12058
-75.00 -20 -0.34756E-01
-65.00 -20 -0.16526
-60.00 -20 -0.13575
-55.00 -20 -0.64129E-01
-50.00 -20 0.19920E-01
-45.00 -20 0.10263
-40.00 -20 0.17965
-35.00 -20 0.23518
-30.00 -20 0.23778
-25.00 -20 0.16581
-20.00 -20 0.39219E-01
-15.00 -20 -0.80089E-01
-10.00 -20 -0.13085
-5.00 -20 -0.10547
0.00 -20 -0.63473E-01
5.00 -20 -0.86221E-01
10.00 -20 -0.20705
15.00 -20 -0.37737
20.00 -20 -0.50050
25.00 -20 -0.50604
30.00 -20 -0.40134
35.00 -20 -0.25799
40.00 -20 -0.14904
45.00 -20 -0.95101E-01
50.00 -20 -0.64580E-01
55.00 -20 -0.20420E-01
60.00 -20 0.36719E-01
65.00 -20 0.71120E-01
75.00 -20 0.44059E-02
-70.00 -15 -0.16679
-45.00 -15 0.63439E-01
-40.00 -15 0.15255
-35.00 -15 0.22191
-30.00 -15 0.24258
-25.00 -15 0.18853
-20.00 -15 0.69195E-01
-15.00 -15 -0.61718E-01
-10.00 -15 -0.13978
-5.00 -15 -0.14178
0.00 -15 -0.10832
5.00 -15 -0.11140
10.00 -15 -0.19125
15.00 -15 -0.31769
20.00 -15 -0.41174
25.00 -15 -0.40995
30.00 -15 -0.31506
35.00 -15 -0.18959
40.00 -15 -0.10092
45.00 -15 -0.68949E-01
70.00 -15 0.39201E-01
-65.00 -10 -0.27236
-60.00 -10 -0.25790
-55.00 -10 -0.17512
-50.00 -10 -0.68855E-01
-45.00 -10 0.30428E-01
-40.00 -10 0.11504
-35.00 -10 0.17986
-30.00 -10 0.20398
-25.00 -10 0.16096
-20.00 -10 0.50433E-01
-15.00 -10 -0.84293E-01
-10.00 -10 -0.17864
-5.00 -10 -0.19552
0.00 -10 -0.15684
5.00 -10 -0.12543
10.00 -10 -0.15001
15.00 -10 -0.22162
20.00 -10 -0.28148
25.00 -10 -0.27349
30.00 -10 -0.19402
35.00 -10 -0.94024E-01
40.00 -10 -0.33532E-01
45.00 -10 -0.31401E-01
50.00 -10 -0.55822E-01
55.00 -10 -0.60847E-01
60.00 -10 -0.31341E-01
65.00 -10 0.66864E-02
-45.00 -5 0.18593E-01
-40.00 -5 0.90840E-01
-35.00 -5 0.14143
-30.00 -5 0.16036
-25.00 -5 0.12405
-20.00 -5 0.24412E-01
-15.00 -5 -0.10590
-10.00 -5 -0.20497
-5.00 -5 -0.22636
0.00 -5 -0.17778
5.00 -5 -0.11535
10.00 -5 -0.95270E-01
15.00 -5 -0.12550
20.00 -5 -0.16149
25.00 -5 -0.15002
30.00 -5 -0.80320E-01
35.00 -5 0.46056E-02
40.00 -5 0.46268E-01
45.00 -5 0.22189E-01
90.00 0.00 0.83410E-01
-90.00 0.00 0.13682
