-85.00 0.00 0.95633
-80.00 0.00 1.0875
-75.00 0.00 1.0420
-70.00 0.00 0.80707
-65.00 0.00 0.42175
-60.00 0.00 -0.81591E-02
-55.00 0.00 -0.34647
-50.00 0.00 -0.49942
-45.00 0.00 -0.46545
-40.00 0.00 -0.32369
-35.00 0.00 -0.17646
-30.00 0.00 -0.92592E-01
-25.00 0.00 -0.85178E-01
-20.00 0.00 -0.11962
-15.00 0.00 -0.12874
-10.00 0.00 -0.27223E-01
-5.00 0.00 0.25888
0.00 0.00 0.73826
5.00 0.00 1.3042
10.00 0.00 1.7437
15.00 0.00 1.8349
20.00 0.00 1.4898
25.00 0.00 0.84011
30.00 0.00 0.18559
35.00 0.00 -0.17957
40.00 0.00 -0.14776
45.00 0.00 0.14513
50.00 0.00 0.42901
55.00 0.00 0.49289
60.00 0.00 0.31963
65.00 0.00 0.71873E-01
70.00 0.00 -0.45040E-01
75.00 0.00 0.73763E-01
80.00 0.00 0.37106
85.00 0.00 0.69277
-45.00 5.00 -0.28296
-40.00 5.00 -0.16370
-35.00 5.00 -0.66672E-01
-30.00 5.00 -0.36533E-01
-25.00 5.00 -0.28086E-01
-20.00 5.00 0.42447E-01
-15.00 5.00 0.22681
-10.00 5.00 0.51479
-5.00 5.00 0.85565
0.00 5.00 1.1913
5.00 5.00 1.4619
10.00 5.00 1.5910
15.00 5.00 1.4950
20.00 5.00 1.1396
25.00 5.00 0.60879
30.00 5.00 0.10958
35.00 5.00 -0.12495
40.00 5.00 0.15428E-01
45.00 5.00 0.42848
-65.00 10.00 0.79833
-60.00 10.00 0.38110
-55.00 10.00 0.26209E-01
-50.00 10.00 -0.13941
-45.00 10.00 -0.10916
-40.00 10.00 0.47646E-02
-35.00 10.00 0.75113E-01
-30.00 10.00 0.76323E-01
-25.00 10.00 0.10688
-20.00 10.00 0.29393
-15.00 10.00 0.66631
-10.00 10.00 1.1122
-5.00 10.00 1.4585
0.00 10.00 1.5967
5.00 10.00 1.5397
10.00 10.00 1.3692
15.00 10.00 1.1397
20.00 10.00 0.84532
25.00 10.00 0.48344
30.00 10.00 0.13985
35.00 10.00 -0.13068E-01
40.00 10.00 0.16584
45.00 10.00 0.64544
50.00 10.00 1.1932
55.00 10.00 1.5074
60.00 10.00 1.4213
65.00 10.00 1.0179
-70.00 15.00 1.2777
-45.00 15.00 0.15158E-02
-40.00 15.00 0.15086
-35.00 15.00 0.25189
-30.00 15.00 0.27257
-25.00 15.00 0.33754
-20.00 15.00 0.60390
-15.00 15.00 1.0862
-10.00 15.00 1.5978
-5.00 15.00 1.8752
0.00 15.00 1.7821
5.00 15.00 1.4108
10.00 15.00 0.99191
15.00 15.00 0.69913
20.00 15.00 0.53266
25.00 15.00 0.38383
30.00 15.00 0.20626
35.00 15.00 0.11293
40.00 15.00 0.28972
45.00 15.00 0.79735
70.00 15.00 0.90131
-75.00 20.00 1.4864
-65.00 20.00 1.1041
-60.00 20.00 0.61943
-55.00 20.00 0.16220
-50.00 20.00 -0.61622E-01
-45.00 20.00 0.85223E-02
-40.00 20.00 0.24421
-35.00 20.00 0.45080
-30.00 20.00 0.55107
-25.00 20.00 0.65237
-20.00 20.00 0.92134
-15.00 20.00 1.3782
-10.00 20.00 1.8139
-5.00 20.00 1.9298
0.00 20.00 1.5890
5.00 20.00 0.95135
10.00 20.00 0.35980
15.00 20.00 0.73145E-01
20.00 20.00 0.83429E-01
25.00 20.00 0.18051
30.00 20.00 0.19452
35.00 20.00 0.18009
40.00 20.00 0.36206
45.00 20.00 0.89047
50.00 20.00 1.6376
55.00 20.00 2.2378
60.00 20.00 2.3504
65.00 20.00 1.9223
75.00 20.00 0.66574
-45.00 25.00 -0.11228
-40.00 25.00 0.24737
-35.00 25.00 0.62293
-30.00 25.00 0.85444
-25.00 25.00 0.98566
-20.00 25.00 1.1702
-15.00 25.00 1.4579
-10.00 25.00 1.6798
-5.00 25.00 1.5658
0.00 25.00 1.0028
5.00 25.00 0.18874
10.00 25.00 -0.47918
15.00 25.00 -0.70229
20.00 25.00 -0.50138
25.00 25.00 -0.15937
30.00 25.00 0.60979E-01
35.00 25.00 0.16142
40.00 25.00 0.38533
45.00 25.00 0.94818
-80.00 30.00 1.4698
-70.00 30.00 1.6305
-65.00 30.00 1.2474
-60.00 30.00 0.58856
-55.00 30.00 -0.92239E-01
-50.00 30.00 -0.46949
-45.00 30.00 -0.36499
-40.00 30.00 0.12024
-35.00 30.00 0.68794
-30.00 30.00 1.0746
-25.00 30.00 1.2274
-20.00 30.00 1.2679
-15.00 30.00 1.2947
-10.00 30.00 1.2322
-5.00 30.00 0.89245
0.00 30.00 0.19851
5.00 30.00 -0.65537
10.00 30.00 -1.2877
15.00 30.00 -1.4091
20.00 30.00 -1.0495
25.00 30.00 -0.51728
30.00 30.00 -0.11837
35.00 30.00 0.11067
40.00 30.00 0.40648
45.00 30.00 1.0134
50.00 30.00 1.8946
55.00 30.00 2.6912
60.00 30.00 2.9791
65.00 30.00 2.6014
70.00 30.00 1.7938
80.00 30.00 0.59355
-45.00 35.00 -0.72760
-40.00 35.00 -0.16036
-35.00 35.00 0.56866
-30.00 35.00 1.0988
-25.00 35.00 1.2713
-20.00 35.00 1.1645
-15.00 35.00 0.93022
-10.00 35.00 0.61305
-5.00 35.00 0.13503
0.00 35.00 -0.54567
5.00 35.00 -1.2817
10.00 35.00 -1.7715
15.00 35.00 -1.7774
20.00 35.00 -1.3293
25.00 35.00 -0.70759
30.00 35.00 -0.20409
35.00 35.00 0.12764
40.00 35.00 0.49522
45.00 35.00 1.1338
-75.00 40.00 1.8139
-65.00 40.00 1.2653
-60.00 40.00 0.41421
-55.00 40.00 -0.52221
-50.00 40.00 -1.1392
-45.00 40.00 -1.1481
-40.00 40.00 -0.57704
-35.00 40.00 0.23713
-30.00 40.00 0.87006
-25.00 40.00 1.0734
-20.00 40.00 0.87597
-15.00 40.00 0.46856
-10.00 40.00 0.62886E-02
-5.00 40.00 -0.48112
0.00 40.00 -1.0095
5.00 40.00 -1.5059
10.00 40.00 -1.7865
15.00 40.00 -1.6895
20.00 40.00 -1.2335
25.00 40.00 -0.62819
30.00 40.00 -0.10511
35.00 40.00 0.28342
40.00 40.00 0.69895
45.00 40.00 1.3365
50.00 40.00 2.1864
55.00 40.00 2.9638
60.00 40.00 3.2876
65.00 40.00 2.9688
75.00 40.00 1.2874
-70.00 45.00 1.7821
-45.00 45.00 -1.5502
-40.00 45.00 -1.0620
-35.00 45.00 -0.25822
-30.00 45.00 0.42356
-25.00 45.00 0.67873
-20.00 45.00 0.48393
-15.00 45.00 0.34915E-01
-10.00 45.00 -0.44292
-5.00 45.00 -0.83838
0.00 45.00 -1.1488
5.00 45.00 -1.3740
10.00 45.00 -1.4475
15.00 45.00 -1.2821
20.00 45.00 -0.87561
25.00 45.00 -0.34791
30.00 45.00 0.14856
35.00 45.00 0.56699
40.00 45.00 1.0090
45.00 45.00 1.6105
70.00 45.00 2.2724
-65.00 50.00 1.2528
-60.00 50.00 0.31469
-55.00 50.00 -0.75495
-50.00 50.00 -1.5799
-45.00 50.00 -1.8516
-40.00 50.00 -1.5130
-35.00 50.00 -0.80517
-30.00 50.00 -0.12774
-25.00 50.00 0.19696
-20.00 50.00 0.92307E-01
-15.00 50.00 -0.28193
-10.00 50.00 -0.68529
-5.00 50.00 -0.96115
0.00 50.00 -1.0881
5.00 50.00 -1.1105
10.00 50.00 -1.0438
15.00 50.00 -0.85339
20.00 50.00 -0.51134
25.00 50.00 -0.54598E-01
30.00 50.00 0.43203
35.00 50.00 0.89473
40.00 50.00 1.3636
45.00 50.00 1.9087
50.00 50.00 2.5265
55.00 50.00 3.0666
60.00 50.00 3.2884
65.00 50.00 3.0248
-85.00 55.00 1.1764
-45.00 55.00 -1.9910
-40.00 55.00 -1.8305
-35.00 55.00 -1.2750
-30.00 55.00 -0.64905
-25.00 55.00 -0.25923
-20.00 55.00 -0.23108
-15.00 55.00 -0.47202
-10.00 55.00 -0.77390
-5.00 55.00 -0.96665
0.00 55.00 -1.0054
5.00 55.00 -0.94079
10.00 55.00 -0.82365
15.00 55.00 -0.64224
20.00 55.00 -0.34388
25.00 55.00 0.94368E-01
30.00 55.00 0.62672
35.00 55.00 1.1725
40.00 55.00 1.6837
45.00 55.00 2.1685
85.00 55.00 0.64809
-80.00 60.00 1.6664
-75.00 60.00 1.9304
-70.00 60.00 1.8084
-65.00 60.00 1.2591
-60.00 60.00 0.37829
-55.00 60.00 -0.62100
-50.00 60.00 -1.4733
-45.00 60.00 -1.9510
-40.00 60.00 -1.9571
-35.00 60.00 -1.5768
-30.00 60.00 -1.0445
-25.00 60.00 -0.62767
-20.00 60.00 -0.48635
-15.00 60.00 -0.60138
-10.00 60.00 -0.81892
-5.00 60.00 -0.97508
0.00 60.00 -1.0011
5.00 60.00 -0.93040
10.00 60.00 -0.81762
15.00 60.00 -0.65509
20.00 60.00 -0.37042
25.00 60.00 0.95657E-01
30.00 60.00 0.71159
35.00 60.00 1.3585
40.00 60.00 1.9147
45.00 60.00 2.3384
50.00 60.00 2.6632
55.00 60.00 2.9110
60.00 60.00 3.0142
65.00 60.00 2.8421
70.00 60.00 2.3297
75.00 60.00 1.5977
80.00 60.00 0.93718
-45.00 65.00 -1.7644
-40.00 65.00 -1.8979
-35.00 65.00 -1.6877
-30.00 65.00 -1.2854
-25.00 65.00 -0.90636
-20.00 65.00 -0.72036
-15.00 65.00 -0.75923
-10.00 65.00 -0.91578
-5.00 65.00 -1.0389
0.00 65.00 -1.0469
5.00 65.00 -0.96144
10.00 65.00 -0.83989
15.00 65.00 -0.67921
20.00 65.00 -0.39517
25.00 65.00 0.95542E-01
30.00 65.00 0.76941
35.00 65.00 1.4774
40.00 65.00 2.0435
45.00 65.00 2.3935
-65.00 70.00 1.2602
-60.00 70.00 0.49990
-55.00 70.00 -0.31061
-50.00 70.00 -1.0135
-45.00 70.00 -1.5004
-40.00 70.00 -1.7101
-35.00 70.00 -1.6446
-30.00 70.00 -1.3938
-25.00 70.00 -1.1182
-20.00 70.00 -0.96767
-15.00 70.00 -0.98585
-10.00 70.00 -1.0857
-5.00 70.00 -1.1281
0.00 70.00 -1.0386
5.00 70.00 -0.85492
10.00 70.00 -0.66017
15.00 70.00 -0.47080
20.00 70.00 -0.19919
25.00 70.00 0.26096
30.00 70.00 0.90526
35.00 70.00 1.5795
40.00 70.00 2.0845
45.00 70.00 2.3342
50.00 70.00 2.4147
55.00 70.00 2.4769
60.00 70.00 2.5640
65.00 70.00 2.5470
-70.00 75.00 1.7570
-45.00 75.00 -1.2345
-40.00 75.00 -1.4708
-35.00 75.00 -1.5093
-30.00 75.00 -1.4042
-25.00 75.00 -1.2658
-20.00 75.00 -1.2017
-15.00 75.00 -1.2319
-10.00 75.00 -1.2636
-5.00 75.00 -1.1677
0.00 75.00 -0.89722
5.00 75.00 -0.53315
10.00 75.00 -0.20654
15.00 75.00 0.32860E-01
20.00 75.00 0.26885
25.00 75.00 0.63081
30.00 75.00 1.1460
35.00 75.00 1.6824
40.00 75.00 2.0505
45.00 75.00 2.1749
70.00 75.00 2.2041
-75.00 80.00 1.8687
-65.00 80.00 1.2215
-60.00 80.00 0.54167
-55.00 80.00 -0.11886
-50.00 80.00 -0.64766
-45.00 80.00 -1.0182
-40.00 80.00 -1.2400
-35.00 80.00 -1.3315
-30.00 80.00 -1.3333
-25.00 80.00 -1.3162
-20.00 80.00 -1.3389
-15.00 80.00 -1.3828
-10.00 80.00 -1.3406
-5.00 80.00 -1.0962
0.00 80.00 -0.63780
5.00 80.00 -0.93462E-01
10.00 80.00 0.36075
15.00 80.00 0.64445
20.00 80.00 0.83253
25.00 80.00 1.0672
30.00 80.00 1.4039
35.00 80.00 1.7454
40.00 80.00 1.9369
45.00 80.00 1.9323
50.00 80.00 1.8593
55.00 80.00 1.9018
60.00 80.00 2.1009
65.00 80.00 2.2754
75.00 80.00 1.6826
-45.00 85.00 -0.86233
-40.00 85.00 -1.0393
-35.00 85.00 -1.1314
-30.00 85.00 -1.1795
-25.00 85.00 -1.2276
-20.00 85.00 -1.2950
-15.00 85.00 -1.3347
-10.00 85.00 -1.2368
-5.00 85.00 -0.90569
0.00 85.00 -0.35752
5.00 85.00 0.25939
10.00 85.00 0.75884
15.00 85.00 1.0528
20.00 85.00 1.2045
25.00 85.00 1.3451
30.00 85.00 1.5331
35.00 85.00 1.6978
40.00 85.00 1.7291
45.00 85.00 1.6242
-80.00 90.00 1.5313
-70.00 90.00 1.6410
-65.00 90.00 1.1555
-60.00 90.00 0.50882
-55.00 90.00 -0.84718E-01
-50.00 90.00 -0.50311
-45.00 90.00 -0.73994
-40.00 90.00 -0.85256
-35.00 90.00 -0.90397
-30.00 90.00 -0.94043
-25.00 90.00 -0.98982
-20.00 90.00 -1.0493
-15.00 90.00 -1.0665
-10.00 90.00 -0.95200
-5.00 90.00 -0.64063
0.00 90.00 -0.15970
5.00 90.00 0.36476
10.00 90.00 0.78708
15.00 90.00 1.0446
20.00 90.00 1.1885
25.00 90.00 1.3098
30.00 90.00 1.4342
35.00 90.00 1.4958
40.00 90.00 1.4267
45.00 90.00 1.2738
50.00 90.00 1.2068
55.00 90.00 1.3808
60.00 90.00 1.7638
65.00 90.00 2.1042
70.00 90.00 2.1053
80.00 90.00 1.0725
-45.00 95.00 -0.60695
-40.00 95.00 -0.64537
-35.00 95.00 -0.63449
-30.00 95.00 -0.62665
-25.00 95.00 -0.63938
-20.00 95.00 -0.66007
-15.00 95.00 -0.64991
-10.00 95.00 -0.55871
-5.00 95.00 -0.35836
0.00 95.00 -0.73546E-01
5.00 95.00 0.22516
10.00 95.00 0.47150
15.00 95.00 0.65404
20.00 95.00 0.81334
25.00 95.00 0.98129
30.00 95.00 1.1244
35.00 95.00 1.1621
40.00 95.00 1.0607
45.00 95.00 0.91403
-75.00 100.00 1.6257
-65.00 100.00 1.0854
-60.00 100.00 0.49865
-55.00 100.00 -0.21709E-01
-50.00 100.00 -0.33461
-45.00 100.00 -0.42980
-40.00 100.00 -0.39001
-35.00 100.00 -0.31359
-30.00 100.00 -0.25871
-25.00 100.00 -0.23377
-20.00 100.00 -0.21881
-15.00 100.00 -0.19137
-10.00 100.00 -0.14263
-5.00 100.00 -0.81953E-01
0.00 100.00 -0.28885E-01
5.00 100.00 0.68289E-02
10.00 100.00 0.45114E-01
15.00 100.00 0.13222
20.00 100.00 0.30271
25.00 100.00 0.53098
30.00 100.00 0.72297
35.00 100.00 0.77836
40.00 100.00 0.68867
45.00 100.00 0.58402
50.00 100.00 0.66216
55.00 100.00 1.0290
60.00 100.00 1.5742
65.00 100.00 2.0038
75.00 100.00 1.6310
-70.00 105.00 1.4301
-45.00 105.00 -0.20762
-40.00 105.00 -0.86327E-01
-35.00 105.00 0.53270E-01
-30.00 105.00 0.14539
-25.00 105.00 0.18955
-20.00 105.00 0.21725
-15.00 105.00 0.24637
-10.00 105.00 0.25901
-5.00 105.00 0.21589
0.00 105.00 0.94748E-01
5.00 105.00 -0.75759E-01
10.00 105.00 -0.21464
15.00 105.00 -0.23052
20.00 105.00 -0.86759E-01
25.00 105.00 0.15673
30.00 105.00 0.36850
35.00 105.00 0.43734
40.00 105.00 0.37127
45.00 105.00 0.31904
70.00 105.00 1.9756
-85.00 110.00 0.90954
-65.00 110.00 0.96205
-60.00 110.00 0.49071
-55.00 110.00 0.10411
-50.00 110.00 -0.55536E-01
-45.00 110.00 0.20690E-01
-40.00 110.00 0.22938
-35.00 110.00 0.43905
-30.00 110.00 0.57152
-25.00 110.00 0.62762
-20.00 110.00 0.65140
-15.00 110.00 0.67090
-10.00 110.00 0.66440
-5.00 110.00 0.57725
0.00 110.00 0.37515
5.00 110.00 0.91857E-01
10.00 110.00 -0.16993
15.00 110.00 -0.29443
20.00 110.00 -0.23212
25.00 110.00 -0.43426E-01
30.00 110.00 0.13593
35.00 110.00 0.19589
40.00 110.00 0.14895
45.00 110.00 0.14090
50.00 110.00 0.34834
55.00 110.00 0.82638
60.00 110.00 1.4247
65.00 110.00 1.8552
85.00 110.00 0.70707
-45.00 115.00 0.18775
-40.00 115.00 0.49052
-35.00 115.00 0.79113
-30.00 115.00 0.99228
-25.00 115.00 1.0815
-20.00 115.00 1.1057
-15.00 115.00 1.1096
-10.00 115.00 1.0885
-5.00 115.00 0.99161
0.00 115.00 0.77201
5.00 115.00 0.44422
10.00 115.00 0.10012
15.00 115.00 -0.13741
20.00 115.00 -0.19560
25.00 115.00 -0.10652
30.00 115.00 0.14578E-01
35.00 115.00 0.61720E-01
40.00 115.00 0.34346E-01
45.00 115.00 0.54614E-01
-80.00 120.00 0.98270
-75.00 120.00 1.0696
-70.00 120.00 0.96098
-65.00 120.00 0.66097
-60.00 120.00 0.28939
-55.00 120.00 0.22129E-01
-50.00 120.00 -0.70464E-02
-45.00 120.00 0.22362
-40.00 120.00 0.62096
-35.00 120.00 1.0365
-30.00 120.00 1.3470
-25.00 120.00 1.5075
-20.00 120.00 1.5485
-15.00 120.00 1.5270
-10.00 120.00 1.4699
-5.00 120.00 1.3515
0.00 120.00 1.1239
5.00 120.00 0.77610
10.00 120.00 0.37324
15.00 120.00 0.35276E-01
20.00 120.00 -0.13713
25.00 120.00 -0.13464
30.00 120.00 -0.45805E-01
35.00 120.00 0.17617E-01
40.00 120.00 0.21905E-01
45.00 120.00 0.51601E-01
50.00 120.00 0.24201
55.00 120.00 0.64759
60.00 120.00 1.1552
65.00 120.00 1.5292
70.00 120.00 1.5726
75.00 120.00 1.2865
80.00 120.00 0.89357
-45.00 125.00 0.86439E-01
-40.00 125.00 0.56529
-35.00 125.00 1.1027
-30.00 125.00 1.5457
-25.00 125.00 1.8002
-20.00 125.00 1.8619
-15.00 125.00 1.7923
-10.00 125.00 1.6590
-5.00 125.00 1.4818
0.00 125.00 1.2300
5.00 125.00 0.87365
10.00 125.00 0.44642
15.00 125.00 0.57578E-01
20.00 125.00 -0.16945
25.00 125.00 -0.18809
30.00 125.00 -0.69185E-01
35.00 125.00 0.54308E-01
40.00 125.00 0.10084
45.00 125.00 0.11428
-65.00 130.00 0.98320E-01
-60.00 130.00 -0.26109
-55.00 130.00 -0.50273
-50.00 130.00 -0.50445
-45.00 130.00 -0.21522
-40.00 130.00 0.31668
-35.00 130.00 0.95149
-30.00 130.00 1.5071
-25.00 130.00 1.8364
-20.00 130.00 1.8931
-15.00 130.00 1.7417
-10.00 130.00 1.4978
-5.00 130.00 1.2415
0.00 130.00 0.97309
5.00 130.00 0.64972
10.00 130.00 0.26915
15.00 130.00 -0.82092E-01
20.00 130.00 -0.27253
25.00 130.00 -0.23261
30.00 130.00 -0.27908E-01
35.00 130.00 0.17877
40.00 130.00 0.25653
45.00 130.00 0.21698
50.00 130.00 0.20253
55.00 130.00 0.35313
60.00 130.00 0.66632
65.00 130.00 0.97988
-70.00 135.00 0.11771
-45.00 135.00 -0.61959
-40.00 135.00 -0.72135E-01
-35.00 135.00 0.60535
-30.00 135.00 1.2099
-25.00 135.00 1.5531
-20.00 135.00 1.5578
-15.00 135.00 1.2984
-10.00 135.00 0.94283
-5.00 135.00 0.63399
0.00 135.00 0.40457
5.00 135.00 0.19595
10.00 135.00 -0.39531E-01
15.00 135.00 -0.25420
20.00 135.00 -0.32713
25.00 135.00 -0.18026
30.00 135.00 0.12102
35.00 135.00 0.38973
40.00 135.00 0.45903
45.00 135.00 0.32398
70.00 135.00 0.83025
-75.00 140.00 0.15944
-65.00 140.00 -0.65377
-60.00 140.00 -1.0512
-55.00 140.00 -1.2980
-50.00 140.00 -1.3060
-45.00 140.00 -1.0315
-40.00 140.00 -0.50442
-35.00 140.00 0.14756
-30.00 140.00 0.71687
-25.00 140.00 1.0007
-20.00 140.00 0.91502
-15.00 140.00 0.55372
-10.00 140.00 0.13106
-5.00 140.00 -0.16089
0.00 140.00 -0.26990
5.00 140.00 -0.27918
10.00 140.00 -0.29015
15.00 140.00 -0.30588
20.00 140.00 -0.22980
25.00 140.00 0.16426E-01
30.00 140.00 0.37234
35.00 140.00 0.64459
40.00 140.00 0.65280
45.00 140.00 0.39109
50.00 140.00 0.53542E-01
55.00 140.00 -0.11125
60.00 140.00 0.50349E-02
65.00 140.00 0.29672
75.00 140.00 0.65237
-45.00 145.00 -1.3573
-40.00 145.00 -0.87708
-35.00 145.00 -0.31200
-30.00 145.00 0.14911
-25.00 145.00 0.32387
-20.00 145.00 0.14734
-15.00 145.00 -0.26547
-10.00 145.00 -0.67568
-5.00 145.00 -0.87203
0.00 145.00 -0.80320
5.00 145.00 -0.58162
10.00 145.00 -0.35815
15.00 145.00 -0.18421
20.00 145.00 0.95035E-02
25.00 145.00 0.30013
30.00 145.00 0.64128
35.00 145.00 0.85368
40.00 145.00 0.76485
45.00 145.00 0.37683
-80.00 150.00 0.13409
-70.00 150.00 -0.86119
-65.00 150.00 -1.3846
-60.00 150.00 -1.7619
-55.00 150.00 -1.9132
-50.00 150.00 -1.8261
-45.00 150.00 -1.5383
-40.00 150.00 -1.1218
-35.00 150.00 -0.68600
-30.00 150.00 -0.37490
-25.00 150.00 -0.31760
-20.00 150.00 -0.54254
-15.00 150.00 -0.92534
-10.00 150.00 -1.2384
-5.00 150.00 -1.2894
0.00 150.00 -1.0462
5.00 150.00 -0.64297
10.00 150.00 -0.25777
15.00 150.00 0.28600E-01
20.00 150.00 0.26568
25.00 150.00 0.53102
30.00 150.00 0.79861
35.00 150.00 0.91722
40.00 150.00 0.73506
45.00 150.00 0.26141
50.00 150.00 -0.29131
55.00 150.00 -0.63903
60.00 150.00 -0.62580
65.00 150.00 -0.32090
70.00 150.00 0.65582E-01
80.00 150.00 0.55296
-45.00 155.00 -1.5671
-40.00 155.00 -1.2264
-35.00 155.00 -0.94194
-30.00 155.00 -0.79098
-25.00 155.00 -0.82771
-20.00 155.00 -1.0397
-15.00 155.00 -1.3146
-10.00 155.00 -1.4738
-5.00 155.00 -1.3768
0.00 155.00 -1.0197
5.00 155.00 -0.53938
10.00 155.00 -0.10938
15.00 155.00 0.18678
20.00 155.00 0.39030
25.00 155.00 0.57996
30.00 155.00 0.75072
35.00 155.00 0.78416
40.00 155.00 0.55214
45.00 155.00 0.63014E-01
-75.00 160.00 -0.71258
-65.00 160.00 -1.8777
-60.00 160.00 -2.1282
-55.00 160.00 -2.0728
-50.00 160.00 -1.8050
-45.00 160.00 -1.4800
-40.00 160.00 -1.2252
-35.00 160.00 -1.0965
-30.00 160.00 -1.0942
-25.00 160.00 -1.1933
-20.00 160.00 -1.3478
-15.00 160.00 -1.4765
-10.00 160.00 -1.4733
-5.00 160.00 -1.2644
0.00 160.00 -0.87114
5.00 160.00 -0.41420
10.00 160.00 -0.36723E-01
15.00 160.00 0.19435
20.00 160.00 0.31958
25.00 160.00 0.41824
30.00 160.00 0.50395
35.00 160.00 0.49013
40.00 160.00 0.26922
45.00 160.00 -0.16184
50.00 160.00 -0.64993
55.00 160.00 -0.96743
60.00 160.00 -0.96505
65.00 160.00 -0.66653
75.00 160.00 0.18621
-85.00 165.00 0.30607
-70.00 165.00 -1.5156
-45.00 165.00 -1.3321
-40.00 165.00 -1.1671
-35.00 165.00 -1.1797
-30.00 165.00 -1.3001
-25.00 165.00 -1.4385
-20.00 165.00 -1.5295
-15.00 165.00 -1.5294
-10.00 165.00 -1.4022
-5.00 165.00 -1.1321
0.00 165.00 -0.75583
5.00 165.00 -0.36909
10.00 165.00 -0.79030E-01
15.00 165.00 0.67260E-01
20.00 165.00 0.11103
25.00 165.00 0.13207
30.00 165.00 0.16167
35.00 165.00 0.14270
40.00 165.00 -0.16795E-01
45.00 165.00 -0.33934
70.00 165.00 -0.28068
85.00 165.00 0.76512
-65.00 170.00 -2.0280
-60.00 170.00 -2.1013
-55.00 170.00 -1.8558
-50.00 170.00 -1.4715
-45.00 170.00 -1.1701
-40.00 170.00 -1.0844
-35.00 170.00 -1.2005
-30.00 170.00 -1.4028
-25.00 170.00 -1.5667
-20.00 170.00 -1.6221
-15.00 170.00 -1.5534
-10.00 170.00 -1.3674
-5.00 170.00 -1.0803
0.00 170.00 -0.73403
5.00 170.00 -0.40669
10.00 170.00 -0.18358
15.00 170.00 -0.10110
20.00 170.00 -0.11762
25.00 170.00 -0.14910
30.00 170.00 -0.14578
35.00 170.00 -0.13976
40.00 170.00 -0.21356
45.00 170.00 -0.41274
50.00 170.00 -0.68125
55.00 170.00 -0.88157
60.00 170.00 -0.88531
65.00 170.00 -0.65783
-45.00 175.00 -1.0191
-40.00 175.00 -0.98337
-35.00 175.00 -1.1435
-30.00 175.00 -1.3730
-25.00 175.00 -1.5492
-20.00 175.00 -1.6091
-15.00 175.00 -1.5432
-10.00 175.00 -1.3626
-5.00 175.00 -1.0864
0.00 175.00 -0.75903
5.00 175.00 -0.46016
10.00 175.00 -0.27434
15.00 175.00 -0.23462
20.00 175.00 -0.29232
25.00 175.00 -0.35132
30.00 175.00 -0.34576
35.00 175.00 -0.29445
40.00 175.00 -0.28063
45.00 175.00 -0.37180
-80.00 180.00 -0.40086
-75.00 180.00 -1.0551
-70.00 180.00 -1.5968
-65.00 180.00 -1.8625
-60.00 180.00 -1.7932
-55.00 180.00 -1.4807
-50.00 180.00 -1.1177
-45.00 180.00 -0.88510
-40.00 180.00 -0.85873
-35.00 180.00 -0.99679
-30.00 180.00 -1.1986
-25.00 180.00 -1.3739
-20.00 180.00 -1.4704
-15.00 180.00 -1.4597
-10.00 180.00 -1.3235
-5.00 180.00 -1.0680
0.00 180.00 -0.74980
5.00 180.00 -0.47177
10.00 180.00 -0.32939
15.00 180.00 -0.34347
20.00 180.00 -0.43957
25.00 180.00 -0.50097
30.00 180.00 -0.45795
35.00 180.00 -0.33987
40.00 180.00 -0.24609
45.00 180.00 -0.26024
50.00 180.00 -0.37909
55.00 180.00 -0.51118
60.00 180.00 -0.53987
65.00 180.00 -0.39687
70.00 180.00 -0.95216E-01
75.00 180.00 0.28680
80.00 180.00 0.63985
-45.00 -175 -0.76705
-40.00 -175 -0.71558
-35.00 -175 -0.78559
-30.00 -175 -0.92842
-25.00 -175 -1.1010
-20.00 -175 -1.2534
-15.00 -175 -1.3163
-10.00 -175 -1.2263
-5.00 -175 -0.98205
0.00 -175 -0.67442
5.00 -175 -0.44600
10.00 -175 -0.39621
15.00 -175 -0.50560
20.00 -175 -0.64677
25.00 -175 -0.67929
30.00 -175 -0.55429
35.00 -175 -0.34513
40.00 -175 -0.18346
45.00 -175 -0.15673
-65.00 -170 -1.4958
-60.00 -170 -1.3576
-55.00 -170 -1.0962
-50.00 -170 -0.84267
-45.00 -170 -0.66665
-40.00 -170 -0.57794
-35.00 -170 -0.57476
-30.00 -170 -0.67021
-25.00 -170 -0.86182
-20.00 -170 -1.0827
-15.00 -170 -1.2062
-10.00 -170 -1.1286
-5.00 -170 -0.86592
0.00 -170 -0.57068
5.00 -170 -0.43247
10.00 -170 -0.53292
15.00 -170 -0.77639
20.00 -170 -0.95955
25.00 -170 -0.92599
30.00 -170 -0.67986
35.00 -170 -0.36990
40.00 -170 -0.16687
45.00 -170 -0.14047
50.00 -170 -0.22876
55.00 -170 -0.30440
60.00 -170 -0.26635
65.00 -170 -0.85911E-01
-70.00 -165 -1.2385
-45.00 -165 -0.58899
-40.00 -165 -0.47598
-35.00 -165 -0.43435
-30.00 -165 -0.53225
-25.00 -165 -0.78451
-20.00 -165 -1.0825
-15.00 -165 -1.2356
-10.00 -165 -1.1172
-5.00 -165 -0.79231
0.00 -165 -0.49686
5.00 -165 -0.46395
10.00 -165 -0.73315
15.00 -165 -1.1083
20.00 -165 -1.3066
25.00 -165 -1.1761
30.00 -165 -0.80259
35.00 -165 -0.42357
40.00 -165 -0.23597
45.00 -165 -0.26071
70.00 -165 0.37516
-75.00 -160 -0.85020
-65.00 -160 -1.0769
-60.00 -160 -0.93892
-55.00 -160 -0.78263
-50.00 -160 -0.65566
-45.00 -160 -0.53738
-40.00 -160 -0.42450
-35.00 -160 -0.39369
-30.00 -160 -0.55089
-25.00 -160 -0.90086
-20.00 -160 -1.2751
-15.00 -160 -1.4233
-10.00 -160 -1.2182
-5.00 -160 -0.79399
0.00 -160 -0.47299
5.00 -160 -0.51750
10.00 -160 -0.91045
15.00 -160 -1.3588
20.00 -160 -1.5248
25.00 -160 -1.2912
30.00 -160 -0.83790
35.00 -160 -0.47584
40.00 -160 -0.39237
45.00 -160 -0.52460
50.00 -160 -0.64731
55.00 -160 -0.57061
60.00 -160 -0.26780
65.00 -160 0.15178
75.00 -160 0.86865
-45.00 -155 -0.51027
-40.00 -155 -0.41362
-35.00 -155 -0.42398
-30.00 -155 -0.66626
-25.00 -155 -1.1176
-20.00 -155 -1.5497
-15.00 -155 -1.6697
-10.00 -155 -1.3665
-5.00 -155 -0.84067
0.00 -155 -0.47695
5.00 -155 -0.54249
10.00 -155 -0.96521
15.00 -155 -1.3907
20.00 -155 -1.4762
25.00 -155 -1.1691
30.00 -155 -0.73324
35.00 -155 -0.50869
40.00 -155 -0.62362
45.00 -155 -0.90427
-80.00 -150 -0.32258
-70.00 -150 -0.77670
-65.00 -150 -0.73888
-60.00 -150 -0.65770
-55.00 -150 -0.61042
-50.00 -150 -0.57744
-45.00 -150 -0.50500
-40.00 -150 -0.42169
-35.00 -150 -0.46756
-30.00 -150 -0.77264
-25.00 -150 -1.2867
-20.00 -150 -1.7428
-15.00 -150 -1.8336
-10.00 -150 -1.4705
-5.00 -150 -0.89178
0.00 -150 -0.49703
5.00 -150 -0.52915
10.00 -150 -0.87881
15.00 -150 -1.1883
20.00 -150 -1.1685
25.00 -150 -0.85007
30.00 -150 -0.54591
35.00 -150 -0.56435
40.00 -150 -0.92943
45.00 -150 -1.3519
50.00 -150 -1.4629
55.00 -150 -1.0956
60.00 -150 -0.38194
65.00 -150 0.38460
70.00 -150 0.96239
80.00 -150 1.3190
-45.00 -145 -0.52439
-40.00 -145 -0.43995
-35.00 -145 -0.49159
-30.00 -145 -0.80718
-25.00 -145 -1.3238
-20.00 -145 -1.7713
-15.00 -145 -1.8573
-10.00 -145 -1.5113
-5.00 -145 -0.96520
0.00 -145 -0.57766
5.00 -145 -0.54404
10.00 -145 -0.74777
15.00 -145 -0.89011
20.00 -145 -0.78225
25.00 -145 -0.53130
30.00 -145 -0.44593
35.00 -145 -0.74358
40.00 -145 -1.3234
45.00 -145 -1.8092
-85.00 -140 0.17964
-75.00 -140 -0.45543
-65.00 -140 -0.54894
-60.00 -140 -0.56931
-55.00 -140 -0.62071
-50.00 -140 -0.64113
-45.00 -140 -0.57745
-40.00 -140 -0.48505
-35.00 -140 -0.51984
-30.00 -140 -0.80319
-25.00 -140 -1.2773
-20.00 -140 -1.7017
-15.00 -140 -1.8215
-10.00 -140 -1.5730
-5.00 -140 -1.1390
0.00 -140 -0.79565
5.00 -140 -0.68478
10.00 -140 -0.71888
15.00 -140 -0.70594
20.00 -140 -0.57255
25.00 -140 -0.46624
30.00 -140 -0.62821
35.00 -140 -1.1444
40.00 -140 -1.8042
45.00 -140 -2.2064
50.00 -140 -2.0334
55.00 -140 -1.2697
60.00 -140 -0.19812
65.00 -140 0.79912
75.00 -140 1.7035
85.00 -140 1.2825
-70.00 -135 -0.45173
-45.00 -135 -0.66896
-40.00 -135 -0.58399
-35.00 -135 -0.61139
-30.00 -135 -0.85902
-25.00 -135 -1.2825
-20.00 -135 -1.6888
-15.00 -135 -1.8708
-10.00 -135 -1.7605
-5.00 -135 -1.4683
0.00 -135 -1.1755
5.00 -135 -0.98588
10.00 -135 -0.87497
15.00 -135 -0.77751
20.00 -135 -0.71348
25.00 -135 -0.81106
30.00 -135 -1.1852
35.00 -135 -1.7776
40.00 -135 -2.3169
45.00 -135 -2.4589
70.00 -135 1.7397
-65.00 -130 -0.47965
-60.00 -130 -0.61282
-55.00 -130 -0.74362
-50.00 -130 -0.80762
-45.00 -130 -0.78368
-40.00 -130 -0.73991
-35.00 -130 -0.79908
-30.00 -130 -1.0428
-25.00 -130 -1.4339
-20.00 -130 -1.8277
-15.00 -130 -2.0650
-10.00 -130 -2.0727
-5.00 -130 -1.8917
0.00 -130 -1.6247
5.00 -130 -1.3648
10.00 -130 -1.1702
15.00 -130 -1.0911
20.00 -130 -1.1924
25.00 -130 -1.5195
30.00 -130 -2.0231
35.00 -130 -2.5175
40.00 -130 -2.7374
45.00 -130 -2.4741
50.00 -130 -1.7001
55.00 -130 -0.59132
60.00 -130 0.56346
65.00 -130 1.4946
-45.00 -125 -0.87869
-40.00 -125 -0.90676
-35.00 -125 -1.0376
-30.00 -125 -1.3104
-25.00 -125 -1.6805
-20.00 -125 -2.0431
-15.00 -125 -2.2891
-10.00 -125 -2.3525
-5.00 -125 -2.2283
0.00 -125 -1.9679
5.00 -125 -1.6715
10.00 -125 -1.4737
15.00 -125 -1.5050
20.00 -125 -1.8239
25.00 -125 -2.3539
30.00 -125 -2.8791
35.00 -125 -3.1272
40.00 -125 -2.9009
45.00 -125 -2.1762
-80.00 -120 0.37284E-01
-75.00 -120 -0.10317
-70.00 -120 -0.24718
-65.00 -120 -0.43462
-60.00 -120 -0.63217
-55.00 -120 -0.77706
-50.00 -120 -0.84841
-45.00 -120 -0.89510
-40.00 -120 -0.99891
-35.00 -120 -1.2097
-30.00 -120 -1.5106
-25.00 -120 -1.8373
-20.00 -120 -2.1212
-15.00 -120 -2.3135
-10.00 -120 -2.3790
-5.00 -120 -2.2934
0.00 -120 -2.0714
5.00 -120 -1.8096
10.00 -120 -1.6835
15.00 -120 -1.8594
20.00 -120 -2.3619
25.00 -120 -2.9996
30.00 -120 -3.4318
35.00 -120 -3.3524
40.00 -120 -2.6684
45.00 -120 -1.5426
50.00 -120 -0.27767
55.00 -120 0.86039
60.00 -120 1.7404
65.00 -120 2.3337
70.00 -120 2.6206
75.00 -120 2.5541
80.00 -120 2.1268
-45.00 -115 -0.78741
-40.00 -115 -0.93720
-35.00 -115 -1.1943
-30.00 -115 -1.4824
-25.00 -115 -1.7159
-20.00 -115 -1.8693
-15.00 -115 -1.9711
-10.00 -115 -2.0405
-5.00 -115 -2.0475
0.00 -115 -1.9582
5.00 -115 -1.8240
10.00 -115 -1.8064
15.00 -115 -2.0719
20.00 -115 -2.6219
25.00 -115 -3.2087
30.00 -115 -3.4426
35.00 -115 -3.0355
40.00 -115 -1.9985
45.00 -115 -0.63367
-65.00 -110 -0.32577
-60.00 -110 -0.50514
-55.00 -110 -0.56426
-50.00 -110 -0.53898
-45.00 -110 -0.55420
-40.00 -110 -0.70302
-35.00 -110 -0.95300
-30.00 -110 -1.1765
-25.00 -110 -1.2766
-20.00 -110 -1.2813
-15.00 -110 -1.3098
-10.00 -110 -1.4450
-5.00 -110 -1.6468
0.00 -110 -1.8021
5.00 -110 -1.8633
10.00 -110 -1.9264
15.00 -110 -2.1440
20.00 -110 -2.5379
25.00 -110 -2.8919
30.00 -110 -2.8543
35.00 -110 -2.1918
40.00 -110 -0.98522
45.00 -110 0.40528
50.00 -110 1.5818
55.00 -110 2.3523
60.00 -110 2.7760
65.00 -110 2.9990
-70.00 -105 -0.21035E-01
-45.00 -105 -0.24930
-40.00 -105 -0.36190
-35.00 -105 -0.56820
-30.00 -105 -0.70613
-25.00 -105 -0.67962
-20.00 -105 -0.57276
-15.00 -105 -0.58927
-10.00 -105 -0.86603
-5.00 -105 -1.3379
0.00 -105 -1.7877
5.00 -105 -2.0365
10.00 -105 -2.0898
15.00 -105 -2.0933
20.00 -105 -2.1407
25.00 -105 -2.1273
30.00 -105 -1.8061
35.00 -105 -1.0105
40.00 -105 0.16085
45.00 -105 1.3768
70.00 -105 3.1846
-75.00 -100 0.22465
-65.00 -100 -0.13887
-60.00 -100 -0.26221
-55.00 -100 -0.21142
-50.00 -100 -0.55068E-01
-45.00 -100 0.37532E-01
-40.00 -100 -0.35755E-01
-35.00 -100 -0.20167
-30.00 -100 -0.28272
-25.00 -100 -0.18964
-20.00 -100 -0.46581E-01
-15.00 -100 -0.11211
-10.00 -100 -0.55168
-5.00 -100 -1.2666
0.00 -100 -1.9430
5.00 -100 -2.2833
10.00 -100 -2.2146
15.00 -100 -1.8922
20.00 -100 -1.5099
25.00 -100 -1.1093
30.00 -100 -0.57086
35.00 -100 0.21588
40.00 -100 1.1829
45.00 -100 2.0920
50.00 -100 2.7171
55.00 -100 3.0197
60.00 -100 3.1423
65.00 -100 3.2262
75.00 -100 3.0022
-45.00 -95 0.22234
-40.00 -95 0.16241
-35.00 -95 0.28201E-02
-30.00 -95 -0.79295E-01
-25.00 -95 0.18189E-02
-20.00 -95 0.11325
-15.00 -95 -0.13608E-01
-10.00 -95 -0.54422
-5.00 -95 -1.3569
0.00 -95 -2.0880
5.00 -95 -2.3798
10.00 -95 -2.1213
15.00 -95 -1.4857
20.00 -95 -0.75023
25.00 -95 -0.78274E-01
30.00 -95 0.54566
35.00 -95 1.1989
40.00 -95 1.8695
45.00 -95 2.4344
-80.00 -90 0.40890
-70.00 -90 0.26232
-65.00 -90 0.76666E-01
-60.00 -90 -0.33195E-01
-55.00 -90 0.21799E-01
-50.00 -90 0.17721
-45.00 -90 0.26844
-40.00 -90 0.19113
-35.00 -90 0.72872E-02
-30.00 -90 -0.11750
-25.00 -90 -0.94468E-01
-20.00 -90 -0.32979E-01
-15.00 -90 -0.16966
-10.00 -90 -0.65068
-5.00 -90 -1.3593
0.00 -90 -1.9530
5.00 -90 -2.0920
10.00 -90 -1.6718
15.00 -90 -0.87138
20.00 -90 0.55236E-02
25.00 -90 0.74366
30.00 -90 1.3055
35.00 -90 1.7548
40.00 -90 2.1287
45.00 -90 2.4001
50.00 -90 2.5501
55.00 -90 2.6424
60.00 -90 2.7861
65.00 -90 3.0042
70.00 -90 3.1479
80.00 -90 2.3948
-85.00 -85 0.47978
-45.00 -85 0.20409
-40.00 -85 0.10139
-35.00 -85 -0.10115
-30.00 -85 -0.25846
-25.00 -85 -0.27813
-20.00 -85 -0.22867
-15.00 -85 -0.29140
-10.00 -85 -0.58789
-5.00 -85 -1.0375
0.00 -85 -1.3808
5.00 -85 -1.3591
10.00 -85 -0.90006
15.00 -85 -0.15904
20.00 -85 0.60663
25.00 -85 1.2094
30.00 -85 1.6088
35.00 -85 1.8589
40.00 -85 2.0138
45.00 -85 2.0961
85.00 -85 1.5482
-75.00 -80 0.52558
-65.00 -80 0.27275
-60.00 -80 0.12305
-55.00 -80 0.75335E-01
-50.00 -80 0.10509
-45.00 -80 0.10717
-40.00 -80 0.43672E-02
-35.00 -80 -0.17038
-30.00 -80 -0.30119
-25.00 -80 -0.30158
-20.00 -80 -0.20322
-15.00 -80 -0.13180
-10.00 -80 -0.18835
-5.00 -80 -0.34489
0.00 -80 -0.45247
5.00 -80 -0.35644
10.00 -80 -0.17080E-01
15.00 -80 0.46641
20.00 -80 0.93857
25.00 -80 1.2939
30.00 -80 1.5160
35.00 -80 1.6381
40.00 -80 1.6896
45.00 -80 1.6942
50.00 -80 1.7087
55.00 -80 1.8312
60.00 -80 2.1304
65.00 -80 2.5435
75.00 -80 2.7981
-70.00 -75 0.51784
-45.00 -75 0.66464E-01
-40.00 -75 0.79456E-02
-35.00 -75 -0.79699E-01
-30.00 -75 -0.11680
-25.00 -75 -0.37185E-01
-20.00 -75 0.14662
-15.00 -75 0.35016
-10.00 -75 0.48784
-5.00 -75 0.54058
0.00 -75 0.56009
5.00 -75 0.61288
10.00 -75 0.72236
15.00 -75 0.86172
20.00 -75 0.99368
25.00 -75 1.1070
30.00 -75 1.2109
35.00 -75 1.3017
40.00 -75 1.3542
45.00 -75 1.3592
70.00 -75 2.6501
-65.00 -70 0.43470
-60.00 -70 0.26822
-55.00 -70 0.15820
-50.00 -70 0.12702
-45.00 -70 0.14110
-40.00 -70 0.16153
-35.00 -70 0.19126
-30.00 -70 0.27358
-25.00 -70 0.44706
-20.00 -70 0.70227
-15.00 -70 0.97990
-10.00 -70 1.2079
-5.00 -70 1.3408
0.00 -70 1.3701
5.00 -70 1.3095
10.00 -70 1.1815
15.00 -70 1.0226
20.00 -70 0.89036
25.00 -70 0.84566
30.00 -70 0.91083
35.00 -70 1.0406
40.00 -70 1.1483
45.00 -70 1.1817
50.00 -70 1.1875
55.00 -70 1.2923
60.00 -70 1.5936
65.00 -70 2.0413
-45.00 -65 0.33782
-40.00 -65 0.43845
-35.00 -65 0.56067
-30.00 -65 0.72324
-25.00 -65 0.94637
-20.00 -65 1.2209
-15.00 -65 1.5024
-10.00 -65 1.7302
-5.00 -65 1.8522
0.00 -65 1.8362
5.00 -65 1.6750
10.00 -65 1.3952
15.00 -65 1.0677
20.00 -65 0.79893
25.00 -65 0.68645
30.00 -65 0.75664
35.00 -65 0.93582
40.00 -65 1.0939
45.00 -65 1.1433
-80.00 -60 0.66333
-75.00 -60 0.69492
-70.00 -60 0.65308
-65.00 -60 0.54761
-60.00 -60 0.44533
-55.00 -60 0.41686
-50.00 -60 0.48360
-45.00 -60 0.61322
-40.00 -60 0.75877
-35.00 -60 0.90137
-30.00 -60 1.0590
-25.00 -60 1.2587
-20.00 -60 1.5012
-15.00 -60 1.7498
-10.00 -60 1.9465
-5.00 -60 2.0378
0.00 -60 1.9894
5.00 -60 1.7936
10.00 -60 1.4777
15.00 -60 1.1143
20.00 -60 0.81342
25.00 -60 0.67818
30.00 -60 0.74021
35.00 -60 0.92521
40.00 -60 1.0919
45.00 -60 1.1331
50.00 -60 1.0660
55.00 -60 1.0288
60.00 -60 1.1692
65.00 -60 1.5049
70.00 -60 1.8729
75.00 -60 2.0286
80.00 -60 1.8261
-45.00 -55 0.89434
-40.00 -55 1.0316
-35.00 -55 1.1119
-30.00 -55 1.1814
-25.00 -55 1.3025
-20.00 -55 1.4965
-15.00 -55 1.7230
-10.00 -55 1.9074
-5.00 -55 1.9863
0.00 -55 1.9330
5.00 -55 1.7537
10.00 -55 1.4772
15.00 -55 1.1564
20.00 -55 0.87219
25.00 -55 0.71228
30.00 -55 0.72020
35.00 -55 0.85067
40.00 -55 0.98370
45.00 -55 1.0083
-65.00 -50 0.56544
-60.00 -50 0.55928
-55.00 -50 0.68476
-50.00 -50 0.90383
-45.00 -50 1.1048
-40.00 -50 1.1899
-35.00 -50 1.1570
-30.00 -50 1.1019
-25.00 -50 1.1394
-20.00 -50 1.3092
-15.00 -50 1.5472
-10.00 -50 1.7387
-5.00 -50 1.8013
0.00 -50 1.7258
5.00 -50 1.5524
10.00 -50 1.3232
15.00 -50 1.0643
20.00 -50 0.80748
25.00 -50 0.60942
30.00 -50 0.52748
35.00 -50 0.56498
40.00 -50 0.64689
45.00 -50 0.67012
50.00 -50 0.59893
55.00 -50 0.51673
60.00 -50 0.56941
65.00 -50 0.83205
-70.00 -45 0.61640
-45.00 -45 1.1856
-40.00 -45 1.2037
-35.00 -45 1.0609
-30.00 -45 0.90763
-25.00 -45 0.90449
-20.00 -45 1.0914
-15.00 -45 1.3577
-10.00 -45 1.5345
-5.00 -45 1.5244
0.00 -45 1.3566
5.00 -45 1.1312
10.00 -45 0.91978
15.00 -45 0.72048
20.00 -45 0.50153
25.00 -45 0.27257
30.00 -45 0.98633E-01
35.00 -45 0.38126E-01
40.00 -45 0.73806E-01
45.00 -45 0.11992
70.00 -45 0.85767
-75.00 -40 0.70530
-65.00 -40 0.45023
-60.00 -40 0.45928
-55.00 -40 0.64795
-50.00 -40 0.92398
-45.00 -40 1.1076
-40.00 -40 1.0754
-35.00 -40 0.87354
-30.00 -40 0.69171
-25.00 -40 0.70859
-20.00 -40 0.93754
-15.00 -40 1.2092
-10.00 -40 1.3088
-5.00 -40 1.1472
0.00 -40 0.81894
5.00 -40 0.50204
10.00 -40 0.30139
15.00 -40 0.17920
20.00 -40 0.26561E-01
25.00 -40 -0.20653
30.00 -40 -0.45474
35.00 -40 -0.60509
40.00 -40 -0.61171
45.00 -40 -0.53516
50.00 -40 -0.46527
55.00 -40 -0.41028
60.00 -40 -0.27495
65.00 -40 0.38755E-01
75.00 -40 0.94562
-45.00 -35 0.87649
-40.00 -35 0.82931
-35.00 -35 0.63903
-30.00 -35 0.50346
-25.00 -35 0.58243
-20.00 -35 0.84263
-15.00 -35 1.0661
-10.00 -35 1.0256
-5.00 -35 0.67649
0.00 -35 0.19514
5.00 -35 -0.17055
10.00 -35 -0.30497
15.00 -35 -0.30246
20.00 -35 -0.35779
25.00 -35 -0.57935
30.00 -35 -0.89803
35.00 -35 -1.1453
40.00 -35 -1.2116
45.00 -35 -1.1282
-85.00 -30 0.78581
-80.00 -30 0.81103
-70.00 -30 0.48279
-65.00 -30 0.24745
-60.00 -30 0.13811
-55.00 -30 0.21635
-50.00 -30 0.40171
-45.00 -30 0.53140
-40.00 -30 0.50591
-35.00 -30 0.38704
-30.00 -30 0.34513
-25.00 -30 0.48989
-20.00 -30 0.73927
-15.00 -30 0.86015
-10.00 -30 0.66205
-5.00 -30 0.17654
0.00 -30 -0.34520
5.00 -30 -0.62696
10.00 -30 -0.59045
15.00 -30 -0.41257
20.00 -30 -0.36870
25.00 -30 -0.60218
30.00 -30 -1.0199
35.00 -30 -1.3926
40.00 -30 -1.5527
45.00 -30 -1.5060
50.00 -30 -1.3697
55.00 -30 -1.2202
60.00 -30 -1.0120
65.00 -30 -0.64617
70.00 -30 -0.11136
80.00 -30 0.85381
85.00 -30 0.97826
-45.00 -25 0.13818
-40.00 -25 0.15931
-35.00 -25 0.14232
-30.00 -25 0.20179
-25.00 -25 0.38221
-20.00 -25 0.56952
-15.00 -25 0.56035
-10.00 -25 0.24667
-5.00 -25 -0.25073
0.00 -25 -0.63915
5.00 -25 -0.67606
10.00 -25 -0.37416
15.00 -25 -0.84555E-02
20.00 -25 0.90367E-01
25.00 -25 -0.21359
30.00 -25 -0.77344
35.00 -25 -1.2958
40.00 -25 -1.5703
45.00 -25 -1.5924
-75.00 -20 0.74819
-65.00 -20 0.98414E-01
-60.00 -20 -0.19243
-55.00 -20 -0.32265
-50.00 -20 -0.30510
-45.00 -20 -0.22545
-40.00 -20 -0.14940
-35.00 -20 -0.65922E-01
-30.00 -20 0.70773E-01
-25.00 -20 0.24373
-20.00 -20 0.33366
-15.00 -20 0.20459
-10.00 -20 -0.14619
-5.00 -20 -0.52117
0.00 -20 -0.63281
5.00 -20 -0.32782
10.00 -20 0.25833
15.00 -20 0.76229
20.00 -20 0.83983
25.00 -20 0.40802
30.00 -20 -0.30976
35.00 -20 -0.96406
40.00 -20 -1.3274
45.00 -20 -1.4083
50.00 -20 -1.3610
55.00 -20 -1.2989
60.00 -20 -1.1914
65.00 -20 -0.92653
75.00 -20 0.11517
-70.00 -15 0.49229
-45.00 -15 -0.49002
-40.00 -15 -0.36624
-35.00 -15 -0.20796
-30.00 -15 -0.33366E-01
-25.00 -15 0.98120E-01
-20.00 -15 0.87495E-01
-15.00 -15 -0.11877
-10.00 -15 -0.42818
-5.00 -15 -0.60155
0.00 -15 -0.39875
5.00 -15 0.22018
10.00 -15 1.0067
15.00 -15 1.5476
20.00 -15 1.5312
25.00 -15 0.95594
30.00 -15 0.12159
35.00 -15 -0.58978
40.00 -15 -0.96409
45.00 -15 -1.0461
70.00 -15 -0.49123
-65.00 -10 0.14775
-60.00 -10 -0.26511
-55.00 -10 -0.55446
-50.00 -10 -0.66445
-45.00 -10 -0.61400
-40.00 -10 -0.46112
-35.00 -10 -0.26731
-30.00 -10 -0.94930E-01
-25.00 -10 -0.17625E-01
-20.00 -10 -0.96816E-01
-15.00 -10 -0.31502
-10.00 -10 -0.52508
-5.00 -10 -0.49471
0.00 -10 -0.56853E-01
5.00 -10 0.73115
10.00 -10 1.5587
15.00 -10 2.0210
20.00 -10 1.8734
25.00 -10 1.1952
30.00 -10 0.33442
35.00 -10 -0.32783
40.00 -10 -0.61451
45.00 -10 -0.61725
50.00 -10 -0.55951
55.00 -10 -0.58920
60.00 -10 -0.67243
65.00 -10 -0.65721
-45.00 -5 -0.59460
-40.00 -5 -0.43681
-35.00 -5 -0.24970
-30.00 -5 -0.11198
-25.00 -5 -0.80425E-01
-20.00 -5 -0.17013
-15.00 -5 -0.32215
-10.00 -5 -0.39231
-5.00 -5 -0.20617
0.00 -5 0.32223
5.00 -5 1.0838
10.00 -5 1.7802
15.00 -5 2.0753
20.00 -5 1.8060
25.00 -5 1.1017
30.00 -5 0.31212
35.00 -5 -0.21487
40.00 -5 -0.34481
45.00 -5 -0.20643
90.00 0.00 0.88335
-90.00 0.00 0.66166
