-85.00 0.00 0.85246
-80.00 0.00 0.98733
-75.00 0.00 0.94676
-70.00 0.00 0.72044
-65.00 0.00 0.35844
-60.00 0.00 -0.22831E-01
-55.00 0.00 -0.28919
-50.00 0.00 -0.36456
-45.00 0.00 -0.27036
-40.00 0.00 -0.98083E-01
-35.00 0.00 0.55629E-01
-30.00 0.00 0.13794
-25.00 0.00 0.14604
-20.00 0.00 0.10900
-15.00 0.00 0.77274E-01
-10.00 0.00 0.12288
-5.00 0.00 0.32173
0.00 0.00 0.69892
5.00 0.00 1.1676
10.00 0.00 1.5277
15.00 0.00 1.5625
20.00 0.00 1.1872
25.00 0.00 0.54024
30.00 0.00 -0.71692E-01
35.00 0.00 -0.35660
40.00 0.00 -0.22323
45.00 0.00 0.16721
50.00 0.00 0.52310
55.00 0.00 0.62578
60.00 0.00 0.46404
65.00 0.00 0.21080
70.00 0.00 0.76988E-01
75.00 0.00 0.16595
80.00 0.00 0.41868
85.00 0.00 0.68482
-45.00 5.00 -0.66249E-01
-40.00 5.00 0.85118E-01
-35.00 5.00 0.19392
-30.00 5.00 0.23436
-25.00 5.00 0.25712
-20.00 5.00 0.32950
-15.00 5.00 0.47856
-10.00 5.00 0.68543
-5.00 5.00 0.91846
0.00 5.00 1.1537
5.00 5.00 1.3547
10.00 5.00 1.4421
15.00 5.00 1.3121
20.00 5.00 0.91819
25.00 5.00 0.35563
30.00 5.00 -0.14110
35.00 5.00 -0.32081
40.00 5.00 -0.83959E-01
45.00 5.00 0.43209
-65.00 10.00 0.73633
-60.00 10.00 0.36744
-55.00 10.00 0.88482E-01
-50.00 10.00 0.83839E-02
-45.00 10.00 0.10893
-40.00 10.00 0.26665
-35.00 10.00 0.36375
-30.00 10.00 0.39054
-25.00 10.00 0.44548
-20.00 10.00 0.63350
-15.00 10.00 0.95787
-10.00 10.00 1.3059
-5.00 10.00 1.5378
0.00 10.00 1.5904
5.00 10.00 1.4990
10.00 10.00 1.3264
15.00 10.00 1.0854
20.00 10.00 0.74408
25.00 10.00 0.31479
30.00 10.00 -0.71408E-01
35.00 10.00 -0.20501
40.00 10.00 0.52582E-01
45.00 10.00 0.62998
50.00 10.00 1.2488
55.00 10.00 1.5893
60.00 10.00 1.5002
65.00 10.00 1.0917
-70.00 15.00 1.1932
-45.00 15.00 0.19805
-40.00 15.00 0.40723
-35.00 15.00 0.55243
-30.00 15.00 0.61091
-25.00 15.00 0.70421
-20.00 15.00 0.96854
-15.00 15.00 1.3977
-10.00 15.00 1.8103
-5.00 15.00 1.9815
0.00 15.00 1.8223
5.00 15.00 1.4435
10.00 15.00 1.0481
15.00 15.00 0.75704
20.00 15.00 0.53725
25.00 15.00 0.29630
30.00 15.00 0.42102E-01
35.00 15.00 -0.63626E-01
40.00 15.00 0.16971
45.00 15.00 0.76243
70.00 15.00 0.95540
-75.00 20.00 1.3936
-65.00 20.00 1.0273
-60.00 20.00 0.56485
-55.00 20.00 0.15784
-50.00 20.00 0.98639E-02
-45.00 20.00 0.16409
-40.00 20.00 0.47371
-35.00 20.00 0.73694
-30.00 20.00 0.87838
-25.00 20.00 1.0035
-20.00 20.00 1.2667
-15.00 20.00 1.6765
-10.00 20.00 2.0307
-5.00 20.00 2.0634
0.00 20.00 1.6764
5.00 20.00 1.0437
10.00 20.00 0.48089
15.00 20.00 0.19662
20.00 20.00 0.15024
25.00 20.00 0.14598
30.00 20.00 0.67049E-01
35.00 20.00 0.19018E-01
40.00 20.00 0.23641
45.00 20.00 0.83323
50.00 20.00 1.6328
55.00 20.00 2.2476
60.00 20.00 2.3534
65.00 20.00 1.9290
75.00 20.00 0.72396
-45.00 25.00 -0.77474E-02
-40.00 25.00 0.43379
-35.00 25.00 0.86955
-30.00 25.00 1.1348
-25.00 25.00 1.2769
-20.00 25.00 1.4515
-15.00 25.00 1.7076
-10.00 25.00 1.8806
-5.00 25.00 1.7180
0.00 25.00 1.1292
5.00 25.00 0.32070
10.00 25.00 -0.32915
15.00 25.00 -0.55902
20.00 25.00 -0.41582
25.00 25.00 -0.17219
30.00 25.00 -0.46805E-01
35.00 25.00 0.81008E-02
40.00 25.00 0.24878
45.00 25.00 0.86245
-80.00 30.00 1.3618
-70.00 30.00 1.5523
-65.00 30.00 1.1657
-60.00 30.00 0.49919
-55.00 30.00 -0.16850
-50.00 30.00 -0.49509
-45.00 30.00 -0.30993
-40.00 30.00 0.25761
-35.00 30.00 0.88067
-30.00 30.00 1.2861
-25.00 30.00 1.4323
-20.00 30.00 1.4589
-15.00 30.00 1.4739
-10.00 30.00 1.4013
-5.00 30.00 1.0512
0.00 30.00 0.35030
5.00 30.00 -0.50336
10.00 30.00 -1.1356
15.00 30.00 -1.2770
20.00 30.00 -0.97494
25.00 30.00 -0.53266
30.00 30.00 -0.22420
35.00 30.00 -0.47800E-01
40.00 30.00 0.24879
45.00 30.00 0.89106
50.00 30.00 1.8066
55.00 30.00 2.6166
60.00 30.00 2.9082
65.00 30.00 2.5510
70.00 30.00 1.7893
80.00 30.00 0.64423
-45.00 35.00 -0.71182
-40.00 35.00 -0.69212E-01
-35.00 35.00 0.70514
-30.00 35.00 1.2383
-25.00 35.00 1.3895
-20.00 35.00 1.2672
-15.00 35.00 1.0404
-10.00 35.00 0.74675
-5.00 35.00 0.28919
0.00 35.00 -0.38629
5.00 35.00 -1.1313
10.00 35.00 -1.6397
15.00 35.00 -1.6782
20.00 35.00 -1.2865
25.00 35.00 -0.74572
30.00 35.00 -0.32711
35.00 35.00 -0.52657E-01
40.00 35.00 0.30396
45.00 35.00 0.96776
-75.00 40.00 1.7287
-65.00 40.00 1.2098
-60.00 40.00 0.34213
-55.00 40.00 -0.60657
-50.00 40.00 -1.2043
-45.00 40.00 -1.1596
-40.00 40.00 -0.52756
-35.00 40.00 0.31960
-30.00 40.00 0.94533
-25.00 40.00 1.1224
-20.00 40.00 0.91499
-15.00 40.00 0.53156
-10.00 40.00 0.11388
-5.00 40.00 -0.33868
0.00 40.00 -0.86238
5.00 40.00 -1.3817
10.00 40.00 -1.6983
15.00 40.00 -1.6435
20.00 40.00 -1.2422
25.00 40.00 -0.70977
30.00 40.00 -0.26599
35.00 40.00 0.64307E-01
40.00 40.00 0.46427
45.00 40.00 1.1250
50.00 40.00 2.0117
55.00 40.00 2.8177
60.00 40.00 3.1646
65.00 40.00 2.8832
75.00 40.00 1.3193
-70.00 45.00 1.7350
-45.00 45.00 -1.5818
-40.00 45.00 -1.0556
-35.00 45.00 -0.23291
-30.00 45.00 0.43955
-25.00 45.00 0.67752
-20.00 45.00 0.48840
-15.00 45.00 0.79085E-01
-10.00 45.00 -0.34557
-5.00 45.00 -0.70918
0.00 45.00 -1.0287
5.00 45.00 -1.2957
10.00 45.00 -1.4208
15.00 45.00 -1.3045
20.00 45.00 -0.95069
25.00 45.00 -0.48934
30.00 45.00 -0.65797E-01
35.00 45.00 0.29880
40.00 45.00 0.72938
45.00 45.00 1.3604
70.00 45.00 2.2417
-65.00 50.00 1.2483
-60.00 50.00 0.30913
-55.00 50.00 -0.78302
-50.00 50.00 -1.6283
-45.00 50.00 -1.9039
-40.00 50.00 -1.5590
-35.00 50.00 -0.84925
-30.00 50.00 -0.17697
-25.00 50.00 0.15181
-20.00 50.00 0.79068E-01
-15.00 50.00 -0.23757
-10.00 50.00 -0.58560
-5.00 50.00 -0.84198
0.00 50.00 -0.99756
5.00 50.00 -1.0797
10.00 50.00 -1.0762
15.00 50.00 -0.93930
20.00 50.00 -0.64949
25.00 50.00 -0.25562
30.00 50.00 0.16389
35.00 50.00 0.58115
40.00 50.00 1.0493
45.00 50.00 1.6355
50.00 50.00 2.3095
55.00 50.00 2.8954
60.00 50.00 3.1518
65.00 50.00 2.9312
-85.00 55.00 1.0529
-45.00 55.00 -2.0693
-40.00 55.00 -1.9402
-35.00 55.00 -1.4028
-30.00 55.00 -0.77552
-25.00 55.00 -0.35439
-20.00 55.00 -0.26271
-15.00 55.00 -0.42606
-10.00 55.00 -0.67049
-5.00 55.00 -0.85426
0.00 55.00 -0.93433
5.00 55.00 -0.93709
10.00 55.00 -0.88546
15.00 55.00 -0.75868
20.00 55.00 -0.51519
25.00 55.00 -0.14248
30.00 55.00 0.32404
35.00 55.00 0.83190
40.00 55.00 1.3543
45.00 55.00 1.8921
85.00 55.00 0.64969
-80.00 60.00 1.5431
-75.00 60.00 1.8462
-70.00 60.00 1.7889
-65.00 60.00 1.2990
-60.00 60.00 0.44084
-55.00 60.00 -0.58465
-50.00 60.00 -1.5014
-45.00 60.00 -2.0582
-40.00 60.00 -2.1331
-35.00 60.00 -1.7907
-30.00 60.00 -1.2510
-25.00 60.00 -0.77771
-20.00 60.00 -0.54500
-15.00 60.00 -0.56589
-10.00 60.00 -0.72318
-5.00 60.00 -0.87283
0.00 60.00 -0.93766
5.00 60.00 -0.92428
10.00 60.00 -0.86553
15.00 60.00 -0.75344
20.00 60.00 -0.52952
25.00 60.00 -0.13957
30.00 60.00 0.40380
35.00 60.00 1.0145
40.00 60.00 1.5900
45.00 60.00 2.0750
50.00 60.00 2.4678
55.00 60.00 2.7632
60.00 60.00 2.8964
65.00 60.00 2.7601
70.00 60.00 2.3016
75.00 60.00 1.6223
80.00 60.00 0.97619
-45.00 65.00 -1.8952
-40.00 65.00 -2.1248
-35.00 65.00 -1.9661
-30.00 65.00 -1.5509
-25.00 65.00 -1.0985
-20.00 65.00 -0.80626
-15.00 65.00 -0.74659
-10.00 65.00 -0.84537
-5.00 65.00 -0.95979
0.00 65.00 -0.99096
5.00 65.00 -0.93648
10.00 65.00 -0.84458
15.00 65.00 -0.72438
20.00 65.00 -0.50844
25.00 65.00 -0.11041
30.00 65.00 0.47694
35.00 65.00 1.1440
40.00 65.00 1.7323
45.00 65.00 2.1477
-65.00 70.00 1.3073
-60.00 70.00 0.58572
-55.00 70.00 -0.24774
-50.00 70.00 -1.0351
-45.00 70.00 -1.6395
-40.00 70.00 -1.9550
-35.00 70.00 -1.9423
-30.00 70.00 -1.6719
-25.00 70.00 -1.3163
-20.00 70.00 -1.0624
-15.00 70.00 -0.99591
-10.00 70.00 -1.0532
-5.00 70.00 -1.0893
0.00 70.00 -1.0055
5.00 70.00 -0.82160
10.00 70.00 -0.62751
15.00 70.00 -0.46590
20.00 70.00 -0.26882
25.00 70.00 0.81644E-01
30.00 70.00 0.62400
35.00 70.00 1.2505
40.00 70.00 1.7781
45.00 70.00 2.0963
50.00 70.00 2.2474
55.00 70.00 2.3545
60.00 70.00 2.4666
65.00 70.00 2.4791
-70.00 75.00 1.7180
-45.00 75.00 -1.3612
-40.00 75.00 -1.6926
-35.00 75.00 -1.7713
-30.00 75.00 -1.6375
-25.00 75.00 -1.4214
-20.00 75.00 -1.2725
-15.00 75.00 -1.2486
-10.00 75.00 -1.2673
-5.00 75.00 -1.1795
0.00 75.00 -0.90809
5.00 75.00 -0.52274
10.00 75.00 -0.17545
15.00 75.00 0.45961E-01
20.00 75.00 0.20334
25.00 75.00 0.44435
30.00 75.00 0.84818
35.00 75.00 1.3339
40.00 75.00 1.7275
45.00 75.00 1.9256
70.00 75.00 2.1826
-75.00 80.00 1.7542
-65.00 80.00 1.2337
-60.00 80.00 0.59708
-55.00 80.00 -0.70838E-01
-50.00 80.00 -0.65887
-45.00 80.00 -1.1141
-40.00 80.00 -1.4045
-35.00 80.00 -1.5143
-30.00 80.00 -1.4776
-25.00 80.00 -1.3912
-20.00 80.00 -1.3557
-15.00 80.00 -1.3832
-10.00 80.00 -1.3649
-5.00 80.00 -1.1539
0.00 80.00 -0.70461
5.00 80.00 -0.13782
10.00 80.00 0.34153
15.00 80.00 0.60915
20.00 80.00 0.71730
25.00 80.00 0.82956
30.00 80.00 1.0563
35.00 80.00 1.3522
40.00 80.00 1.5763
45.00 80.00 1.6533
50.00 80.00 1.6651
55.00 80.00 1.7666
60.00 80.00 2.0024
65.00 80.00 2.2114
75.00 80.00 1.6964
-45.00 85.00 -0.91790
-40.00 85.00 -1.1307
-35.00 85.00 -1.2183
-30.00 85.00 -1.2219
-25.00 85.00 -1.2127
-20.00 85.00 -1.2481
-15.00 85.00 -1.3042
-10.00 85.00 -1.2624
-5.00 85.00 -0.99272
0.00 85.00 -0.47653
5.00 85.00 0.14459
10.00 85.00 0.65614
15.00 85.00 0.92798
20.00 85.00 1.0021
25.00 85.00 1.0297
30.00 85.00 1.1206
35.00 85.00 1.2514
40.00 85.00 1.3245
45.00 85.00 1.3092
-80.00 90.00 1.3851
-70.00 90.00 1.5482
-65.00 90.00 1.1140
-60.00 90.00 0.50768
-55.00 90.00 -0.71307E-01
-50.00 90.00 -0.50028
-45.00 90.00 -0.75685
-40.00 90.00 -0.87624
-35.00 90.00 -0.90707
-30.00 90.00 -0.89997
-25.00 90.00 -0.90653
-20.00 90.00 -0.95421
-15.00 90.00 -1.0079
-10.00 90.00 -0.96907
-5.00 90.00 -0.74101
0.00 90.00 -0.31874
5.00 90.00 0.18134
10.00 90.00 0.59320
15.00 90.00 0.82020
20.00 90.00 0.89456
25.00 90.00 0.92232
30.00 90.00 0.97046
35.00 90.00 1.0129
40.00 90.00 0.99259
45.00 90.00 0.93262
50.00 90.00 0.96413
55.00 90.00 1.2153
60.00 90.00 1.6517
65.00 90.00 2.0347
70.00 90.00 2.0754
80.00 90.00 1.0741
-45.00 95.00 -0.59581
-40.00 95.00 -0.62104
-35.00 95.00 -0.58304
-30.00 95.00 -0.53922
-25.00 95.00 -0.52399
-20.00 95.00 -0.54634
-15.00 95.00 -0.58087
-10.00 95.00 -0.57200
-5.00 95.00 -0.46778
0.00 95.00 -0.26436
5.00 95.00 -0.17695E-01
10.00 95.00 0.19722
15.00 95.00 0.34556
20.00 95.00 0.45097
25.00 95.00 0.55195
30.00 95.00 0.64349
35.00 95.00 0.67567
40.00 95.00 0.62490
45.00 95.00 0.56743
-75.00 100.00 1.4820
-65.00 100.00 1.0035
-60.00 100.00 0.45150
-55.00 100.00 -0.41078E-01
-50.00 100.00 -0.33191
-45.00 100.00 -0.40611
-40.00 100.00 -0.34235
-35.00 100.00 -0.23819
-30.00 100.00 -0.15623
-25.00 100.00 -0.11550
-20.00 100.00 -0.11060
-15.00 100.00 -0.13033
-10.00 100.00 -0.16501
-5.00 100.00 -0.20722
0.00 100.00 -0.25086
5.00 100.00 -0.28598
10.00 100.00 -0.29074
15.00 100.00 -0.23351
20.00 100.00 -0.96243E-01
25.00 100.00 0.93233E-01
30.00 100.00 0.25708
35.00 100.00 0.31743
40.00 100.00 0.27601
45.00 100.00 0.25171
50.00 100.00 0.41725
55.00 100.00 0.85706
60.00 100.00 1.4548
65.00 100.00 1.9234
75.00 100.00 1.6061
-70.00 105.00 1.3083
-45.00 105.00 -0.18881
-40.00 105.00 -0.38630E-01
-35.00 105.00 0.12991
-30.00 105.00 0.24580
-25.00 105.00 0.29986
-20.00 105.00 0.31209
-15.00 105.00 0.29060
-10.00 105.00 0.21730
-5.00 105.00 0.67259E-01
0.00 105.00 -0.15699
5.00 105.00 -0.40442
10.00 105.00 -0.58702
15.00 105.00 -0.62403
20.00 105.00 -0.49599
25.00 105.00 -0.27063
30.00 105.00 -0.70803E-01
35.00 105.00 0.96118E-02
40.00 105.00 -0.11267E-01
45.00 105.00 0.80551E-02
70.00 105.00 1.9140
-85.00 110.00 0.78144
-65.00 110.00 0.87131
-60.00 110.00 0.42537
-55.00 110.00 0.58188E-01
-50.00 110.00 -0.83346E-01
-45.00 110.00 0.16113E-01
-40.00 110.00 0.25579
-35.00 110.00 0.50056
-30.00 110.00 0.66292
-25.00 110.00 0.73069
-20.00 110.00 0.73502
-15.00 110.00 0.69680
-10.00 110.00 0.59899
-5.00 110.00 0.40499
0.00 110.00 0.10563
5.00 110.00 -0.24575
10.00 110.00 -0.54292
15.00 110.00 -0.68252
20.00 110.00 -0.63184
25.00 110.00 -0.45802
30.00 110.00 -0.28785
35.00 110.00 -0.21498
40.00 110.00 -0.21799
45.00 110.00 -0.15868
50.00 110.00 0.12001
55.00 110.00 0.65558
60.00 110.00 1.2929
65.00 110.00 1.7510
85.00 110.00 0.65536
-45.00 115.00 0.14076
-40.00 115.00 0.47439
-35.00 115.00 0.82057
-30.00 115.00 1.0650
-25.00 115.00 1.1726
-20.00 115.00 1.1732
-15.00 115.00 1.1096
-10.00 115.00 0.99287
-5.00 115.00 0.79890
0.00 115.00 0.50499
5.00 115.00 0.13498
10.00 115.00 -0.22841
15.00 115.00 -0.48144
20.00 115.00 -0.56529
25.00 115.00 -0.50950
30.00 115.00 -0.41162
35.00 115.00 -0.35787
40.00 115.00 -0.34218
45.00 115.00 -0.25433
-80.00 120.00 0.84612
-75.00 120.00 0.94301
-70.00 120.00 0.86124
-65.00 120.00 0.58782
-60.00 120.00 0.22472
-55.00 120.00 -0.56324E-01
-50.00 120.00 -0.10724
-45.00 120.00 0.11787
-40.00 120.00 0.54270
-35.00 120.00 1.0141
-30.00 120.00 1.3820
-25.00 120.00 1.5668
-20.00 120.00 1.5778
-15.00 120.00 1.4786
-10.00 120.00 1.3270
-5.00 120.00 1.1345
0.00 120.00 0.87345
5.00 120.00 0.52569
10.00 120.00 0.12797
15.00 120.00 -0.22839
20.00 120.00 -0.45162
25.00 120.00 -0.51545
30.00 120.00 -0.47697
35.00 120.00 -0.42232
40.00 120.00 -0.38073
45.00 120.00 -0.28498
50.00 120.00 -0.25887E-01
55.00 120.00 0.43254
60.00 120.00 0.97472
65.00 120.00 1.3743
70.00 120.00 1.4441
75.00 120.00 1.1868
80.00 120.00 0.81713
-45.00 125.00 -0.85132E-01
-40.00 125.00 0.41476
-35.00 125.00 1.0143
-30.00 125.00 1.5234
-25.00 125.00 1.8029
-20.00 125.00 1.8252
-15.00 125.00 1.6689
-10.00 125.00 1.4482
-5.00 125.00 1.2287
0.00 125.00 0.99378
5.00 125.00 0.68783
10.00 125.00 0.29700
15.00 125.00 -0.10684
20.00 125.00 -0.40425
25.00 125.00 -0.51899
30.00 125.00 -0.47898
35.00 125.00 -0.38658
40.00 125.00 -0.31939
45.00 125.00 -0.25252
-65.00 130.00 0.50582E-01
-60.00 130.00 -0.32165
-55.00 130.00 -0.61787
-50.00 130.00 -0.68978
-45.00 130.00 -0.44311
-40.00 130.00 0.10371
-35.00 130.00 0.80257
-30.00 130.00 1.4263
-25.00 130.00 1.7758
-20.00 130.00 1.7835
-15.00 130.00 1.5405
-10.00 130.00 1.2201
-5.00 130.00 0.95173
0.00 130.00 0.74275
5.00 130.00 0.51138
10.00 130.00 0.19698
15.00 130.00 -0.15472
20.00 130.00 -0.41348
25.00 130.00 -0.47637
30.00 130.00 -0.36510
35.00 130.00 -0.21259
40.00 130.00 -0.14419
45.00 130.00 -0.16123
50.00 130.00 -0.13935
55.00 130.00 0.49174E-01
60.00 130.00 0.39878
65.00 130.00 0.75000
-70.00 135.00 0.58239E-01
-45.00 135.00 -0.87471
-40.00 135.00 -0.31275
-35.00 135.00 0.42954
-30.00 135.00 1.0995
-25.00 135.00 1.4567
-20.00 135.00 1.4083
-15.00 135.00 1.0620
-10.00 135.00 0.64520
-5.00 135.00 0.34514
0.00 135.00 0.19416
5.00 135.00 0.91610E-01
10.00 135.00 -0.64431E-01
15.00 135.00 -0.26019
20.00 135.00 -0.37456
25.00 135.00 -0.30479
30.00 135.00 -0.86960E-01
35.00 135.00 0.11153
40.00 135.00 0.13163
45.00 135.00 -0.30290E-01
70.00 135.00 0.61256
-75.00 140.00 0.72196E-01
-65.00 140.00 -0.68483
-60.00 140.00 -1.1073
-55.00 140.00 -1.4221
-50.00 140.00 -1.5064
-45.00 140.00 -1.2704
-40.00 140.00 -0.72000
-35.00 140.00 -0.20005E-02
-30.00 140.00 0.62636
-25.00 140.00 0.91860
-20.00 140.00 0.78582
-15.00 140.00 0.35857
-10.00 140.00 -0.98701E-01
-5.00 140.00 -0.36632
0.00 140.00 -0.40294
5.00 140.00 -0.32793
10.00 140.00 -0.27652
15.00 140.00 -0.26524
20.00 140.00 -0.19315
25.00 140.00 0.25498E-01
30.00 140.00 0.33127
35.00 140.00 0.52965
40.00 140.00 0.44780
45.00 140.00 0.99816E-01
50.00 140.00 -0.29654
55.00 140.00 -0.47892
60.00 140.00 -0.34157
65.00 140.00 -0.35771E-02
75.00 140.00 0.46802
-45.00 145.00 -1.5352
-40.00 145.00 -1.0157
-35.00 145.00 -0.38643
-30.00 145.00 0.11906
-25.00 145.00 0.29269
-20.00 145.00 0.82845E-01
-15.00 145.00 -0.35584
-10.00 145.00 -0.75288
-5.00 145.00 -0.89851
0.00 145.00 -0.77093
5.00 145.00 -0.51136
10.00 145.00 -0.27427
15.00 145.00 -0.91815E-01
20.00 145.00 0.12197
25.00 145.00 0.43529
30.00 145.00 0.76962
35.00 145.00 0.91695
40.00 145.00 0.70674
45.00 145.00 0.17725
-80.00 150.00 0.32879E-01
-70.00 150.00 -0.90455
-65.00 150.00 -1.4148
-60.00 150.00 -1.8109
-55.00 150.00 -1.9990
-50.00 150.00 -1.9328
-45.00 150.00 -1.6244
-40.00 150.00 -1.1533
-35.00 150.00 -0.66644
-30.00 150.00 -0.34284
-25.00 150.00 -0.31066
-20.00 150.00 -0.55789
-15.00 150.00 -0.91369
-10.00 150.00 -1.1406
-5.00 150.00 -1.0860
0.00 150.00 -0.77738
5.00 150.00 -0.37860
10.00 150.00 -0.43432E-01
15.00 150.00 0.20442
20.00 150.00 0.45378
25.00 150.00 0.76814
30.00 150.00 1.0636
35.00 150.00 1.1332
40.00 150.00 0.81557
45.00 150.00 0.16356
50.00 150.00 -0.54558
55.00 150.00 -0.98292
60.00 150.00 -0.98689
65.00 150.00 -0.64925
70.00 150.00 -0.20669
80.00 150.00 0.40148
-45.00 155.00 -1.5560
-40.00 155.00 -1.1552
-35.00 155.00 -0.85022
-30.00 155.00 -0.74095
-25.00 155.00 -0.84871
-20.00 155.00 -1.0872
-15.00 155.00 -1.2842
-10.00 155.00 -1.2688
-5.00 155.00 -0.97954
0.00 155.00 -0.51006
5.00 155.00 -0.42601E-01
10.00 155.00 0.28780
15.00 155.00 0.48620
20.00 155.00 0.66189
25.00 155.00 0.89052
30.00 155.00 1.1007
35.00 155.00 1.1004
40.00 155.00 0.73745
45.00 155.00 0.59055E-01
-75.00 160.00 -0.78352
-65.00 160.00 -1.9216
-60.00 160.00 -2.1739
-55.00 160.00 -2.1061
-50.00 160.00 -1.7906
-45.00 160.00 -1.3925
-40.00 160.00 -1.0867
-35.00 160.00 -0.98327
-30.00 160.00 -1.0914
-25.00 160.00 -1.3232
-20.00 160.00 -1.5270
-15.00 160.00 -1.5449
-10.00 160.00 -1.2863
-5.00 160.00 -0.78560
0.00 160.00 -0.19769
5.00 160.00 0.28554
10.00 160.00 0.55370
15.00 160.00 0.64284
20.00 160.00 0.68654
25.00 160.00 0.78386
30.00 160.00 0.89352
35.00 160.00 0.85291
40.00 160.00 0.51797
45.00 160.00 -0.89539E-01
50.00 160.00 -0.75607
55.00 160.00 -1.2018
60.00 160.00 -1.2594
65.00 160.00 -0.96462
75.00 160.00 -0.31925E-01
-85.00 165.00 0.20662
-70.00 165.00 -1.5733
-45.00 165.00 -1.2065
-40.00 165.00 -1.0124
-35.00 165.00 -1.0979
-30.00 165.00 -1.3896
-25.00 165.00 -1.7153
-20.00 165.00 -1.8848
-15.00 165.00 -1.7660
-10.00 165.00 -1.3366
-5.00 165.00 -0.69836
0.00 165.00 -0.40541E-01
5.00 165.00 0.44560
10.00 165.00 0.66441
15.00 165.00 0.66315
20.00 165.00 0.58553
25.00 165.00 0.55484
30.00 165.00 0.57306
35.00 165.00 0.52080
40.00 165.00 0.26527
45.00 165.00 -0.20850
70.00 165.00 -0.53355
85.00 165.00 0.65178
-65.00 170.00 -2.0918
-60.00 170.00 -2.1541
-55.00 170.00 -1.8689
-50.00 170.00 -1.4154
-45.00 170.00 -1.0489
-40.00 170.00 -0.96087
-35.00 170.00 -1.1818
-30.00 170.00 -1.5818
-25.00 170.00 -1.9505
-20.00 170.00 -2.0969
-15.00 170.00 -1.9203
-10.00 170.00 -1.4351
-5.00 170.00 -0.76120
0.00 170.00 -0.83461E-01
5.00 170.00 0.41689
10.00 170.00 0.64043
15.00 170.00 0.61574
20.00 170.00 0.47342
25.00 170.00 0.35279
30.00 170.00 0.30289
35.00 170.00 0.25491
40.00 170.00 0.92254E-01
45.00 170.00 -0.23571
50.00 170.00 -0.64962
55.00 170.00 -0.97919
60.00 170.00 -1.0728
65.00 170.00 -0.88890
-45.00 175.00 -0.93598
-40.00 175.00 -0.92207
-35.00 175.00 -1.1920
-30.00 175.00 -1.5962
-25.00 175.00 -1.9389
-20.00 175.00 -2.0661
-15.00 175.00 -1.9070
-10.00 175.00 -1.4769
-5.00 175.00 -0.86625
0.00 175.00 -0.22272
5.00 175.00 0.28913
10.00 175.00 0.55318
15.00 175.00 0.56082
20.00 175.00 0.41438
25.00 175.00 0.25747
30.00 175.00 0.17536
35.00 175.00 0.14163
40.00 175.00 0.55999E-01
45.00 175.00 -0.15680
-80.00 180.00 -0.47994
-75.00 180.00 -1.1290
-70.00 180.00 -1.6742
-65.00 180.00 -1.9409
-60.00 180.00 -1.8552
-55.00 180.00 -1.5056
-50.00 180.00 -1.1022
-45.00 180.00 -0.85726
-40.00 180.00 -0.87107
-35.00 180.00 -1.1002
-30.00 180.00 -1.4120
-25.00 180.00 -1.6670
-20.00 180.00 -1.7695
-15.00 180.00 -1.6706
-10.00 180.00 -1.3608
-5.00 180.00 -0.87779
0.00 180.00 -0.32216
5.00 180.00 0.15935
10.00 180.00 0.43809
15.00 180.00 0.47878
20.00 180.00 0.36224
25.00 180.00 0.22641
30.00 180.00 0.16510
35.00 180.00 0.16497
40.00 180.00 0.13187
45.00 180.00 -0.16960E-01
50.00 180.00 -0.27258
55.00 180.00 -0.52960
60.00 180.00 -0.65469
65.00 180.00 -0.56946
70.00 180.00 -0.28844
75.00 180.00 0.10171
80.00 180.00 0.48144
-45.00 -175 -0.79392
-40.00 -175 -0.79650
-35.00 -175 -0.93000
-30.00 -175 -1.1050
-25.00 -175 -1.2539
-20.00 -175 -1.3331
-15.00 -175 -1.2992
-10.00 -175 -1.1091
-5.00 -175 -0.75974
0.00 -175 -0.32613
5.00 -175 0.55735E-01
10.00 -175 0.26699
15.00 -175 0.28687
20.00 -175 0.20470
25.00 -175 0.14627
30.00 -175 0.17309
35.00 -175 0.23877
40.00 -175 0.23726
45.00 -175 0.99174E-01
-65.00 -170 -1.5776
-60.00 -170 -1.4192
-55.00 -170 -1.1302
-50.00 -170 -0.87183
-45.00 -170 -0.73380
-40.00 -170 -0.71037
-35.00 -170 -0.75078
-30.00 -170 -0.81993
-25.00 -170 -0.90715
-20.00 -170 -0.98770
-15.00 -170 -0.99735
-10.00 -170 -0.86708
-5.00 -170 -0.59402
0.00 -170 -0.27425
5.00 -170 -0.48403E-01
10.00 -170 0.49937E-02
15.00 -170 -0.64580E-01
20.00 -170 -0.11959
25.00 -170 -0.51673E-01
30.00 -170 0.12427
35.00 -170 0.28126
40.00 -170 0.28606
45.00 -170 0.10792
50.00 -170 -0.15796
55.00 -170 -0.36156
60.00 -170 -0.39526
65.00 -170 -0.24177
-70.00 -165 -1.3204
-45.00 -165 -0.67617
-40.00 -165 -0.63518
-35.00 -165 -0.63141
-30.00 -165 -0.68113
-25.00 -165 -0.79555
-20.00 -165 -0.92031
-15.00 -165 -0.94235
-10.00 -165 -0.78166
-5.00 -165 -0.48629
0.00 -165 -0.22531
5.00 -165 -0.16207
10.00 -165 -0.30969
15.00 -165 -0.50377
20.00 -165 -0.53055
25.00 -165 -0.30774
30.00 -165 0.39052E-01
35.00 -165 0.27328
40.00 -165 0.23544
45.00 -165 -0.36440E-01
70.00 -165 0.22926
-75.00 -160 -0.92032
-65.00 -160 -1.1578
-60.00 -160 -1.0015
-55.00 -160 -0.82323
-50.00 -160 -0.70064
-45.00 -160 -0.62926
-40.00 -160 -0.58514
-35.00 -160 -0.59308
-30.00 -160 -0.71040
-25.00 -160 -0.93401
-20.00 -160 -1.1392
-15.00 -160 -1.1452
-10.00 -160 -0.87522
-5.00 -160 -0.46401
0.00 -160 -0.18564
5.00 -160 -0.23636
10.00 -160 -0.55443
15.00 -160 -0.84862
20.00 -160 -0.83049
25.00 -160 -0.45865
30.00 -160 0.17300E-01
35.00 -160 0.25541
40.00 -160 0.94327E-01
45.00 -160 -0.32759
50.00 -160 -0.69408
55.00 -160 -0.75365
60.00 -160 -0.47637
65.00 -160 -0.19775E-01
75.00 -160 0.74589
-45.00 -155 -0.60745
-40.00 -155 -0.56174
-35.00 -155 -0.60394
-30.00 -155 -0.82222
-25.00 -155 -1.1805
-20.00 -155 -1.4710
-15.00 -155 -1.4454
-10.00 -155 -1.0384
-5.00 -155 -0.47381
0.00 -155 -0.12415
5.00 -155 -0.21217
10.00 -155 -0.61006
15.00 -155 -0.92873
20.00 -155 -0.84054
25.00 -155 -0.36366
30.00 -155 0.14163
35.00 -155 0.26737
40.00 -155 -0.10702
45.00 -155 -0.71943
-80.00 -150 -0.38519
-70.00 -150 -0.85256
-65.00 -150 -0.82713
-60.00 -150 -0.75174
-55.00 -150 -0.70768
-50.00 -150 -0.68411
-45.00 -150 -0.63055
-40.00 -150 -0.56828
-35.00 -150 -0.62214
-30.00 -150 -0.90541
-25.00 -150 -1.3554
-20.00 -150 -1.7029
-15.00 -150 -1.6540
-10.00 -150 -1.1527
-5.00 -150 -0.47888
0.00 -150 -0.56968E-01
5.00 -150 -0.11341
10.00 -150 -0.47898
15.00 -150 -0.72820
20.00 -150 -0.55170
25.00 -150 -0.40557E-01
30.00 -150 0.37362
35.00 -150 0.27986
40.00 -150 -0.35751
45.00 -150 -1.1511
50.00 -150 -1.5812
55.00 -150 -1.3714
60.00 -150 -0.64768
65.00 -150 0.21225
70.00 -150 0.86563
80.00 -150 1.2097
-45.00 -145 -0.72081
-40.00 -145 -0.62641
-35.00 -145 -0.64942
-30.00 -145 -0.92555
-25.00 -145 -1.3901
-20.00 -145 -1.7570
-15.00 -145 -1.7206
-10.00 -145 -1.2244
-5.00 -145 -0.54722
0.00 -145 -0.98632E-01
5.00 -145 -0.81280E-01
10.00 -145 -0.32053
15.00 -145 -0.42835
20.00 -145 -0.16934
25.00 -145 0.29747
30.00 -145 0.52908
35.00 -145 0.17881
40.00 -145 -0.67962
45.00 -145 -1.5652
-85.00 -140 0.10393
-75.00 -140 -0.51031
-65.00 -140 -0.65118
-60.00 -140 -0.72690
-55.00 -140 -0.84876
-50.00 -140 -0.93124
-45.00 -140 -0.89149
-40.00 -140 -0.77155
-35.00 -140 -0.74326
-30.00 -140 -0.95959
-25.00 -140 -1.3792
-20.00 -140 -1.7455
-15.00 -140 -1.7726
-10.00 -140 -1.3900
-5.00 -140 -0.81987
0.00 -140 -0.39799
5.00 -140 -0.28837
10.00 -140 -0.35224
15.00 -140 -0.30171
20.00 -140 -0.43392E-02
25.00 -140 0.34588
30.00 -140 0.36582
35.00 -140 -0.17449
40.00 -140 -1.1018
45.00 -140 -1.9084
50.00 -140 -2.0937
55.00 -140 -1.5054
60.00 -140 -0.41737
65.00 -140 0.68604
75.00 -140 1.6605
85.00 -140 1.1747
-70.00 -135 -0.51536
-45.00 -135 -1.1286
-40.00 -135 -1.0211
-35.00 -135 -0.96788
-30.00 -135 -1.1260
-25.00 -135 -1.4880
-20.00 -135 -1.8546
-15.00 -135 -1.9804
-10.00 -135 -1.7727
-5.00 -135 -1.3649
0.00 -135 -0.99242
5.00 -135 -0.78758
10.00 -135 -0.68488
15.00 -135 -0.52905
20.00 -135 -0.27969
25.00 -135 -0.10651
30.00 -135 -0.26366
35.00 -135 -0.83957
40.00 -135 -1.6066
45.00 -135 -2.1204
70.00 -135 1.7400
-65.00 -130 -0.58177
-60.00 -130 -0.81280
-55.00 -130 -1.0893
-50.00 -130 -1.3050
-45.00 -130 -1.3777
-40.00 -130 -1.3364
-35.00 -130 -1.3184
-30.00 -130 -1.4626
-25.00 -130 -1.7856
-20.00 -130 -2.1505
-15.00 -130 -2.3629
-10.00 -130 -2.3136
-5.00 -130 -2.0492
0.00 -130 -1.7145
5.00 -130 -1.4314
10.00 -130 -1.2284
15.00 -130 -1.0777
20.00 -130 -0.98645
25.00 -130 -1.0326
30.00 -130 -1.2920
35.00 -130 -1.7176
40.00 -130 -2.0932
45.00 -130 -2.1276
50.00 -130 -1.6342
55.00 -130 -0.66571
60.00 -130 0.49985
65.00 -130 1.5039
-45.00 -125 -1.5504
-40.00 -125 -1.6128
-35.00 -125 -1.6826
-30.00 -125 -1.8546
-25.00 -125 -2.1469
-20.00 -125 -2.4774
-15.00 -125 -2.7117
-10.00 -125 -2.7464
-5.00 -125 -2.5698
0.00 -125 -2.2633
5.00 -125 -1.9536
10.00 -125 -1.7551
15.00 -125 -1.7319
20.00 -125 -1.8856
25.00 -125 -2.1563
30.00 -125 -2.4291
35.00 -125 -2.5544
40.00 -125 -2.3900
45.00 -125 -1.8566
-80.00 -120 -0.15038E-01
-75.00 -120 -0.14290
-70.00 -120 -0.28701
-65.00 -120 -0.50664
-60.00 -120 -0.79588
-55.00 -120 -1.0987
-50.00 -120 -1.3587
-45.00 -120 -1.5576
-40.00 -120 -1.7189
-35.00 -120 -1.8842
-30.00 -120 -2.0832
-25.00 -120 -2.3154
-20.00 -120 -2.5475
-15.00 -120 -2.7198
-10.00 -120 -2.7668
-5.00 -120 -2.6527
0.00 -120 -2.4123
5.00 -120 -2.1652
10.00 -120 -2.0727
15.00 -120 -2.2439
20.00 -120 -2.6445
25.00 -120 -3.0794
30.00 -120 -3.2778
35.00 -120 -3.0353
40.00 -120 -2.3191
45.00 -120 -1.2686
50.00 -120 -0.10293
55.00 -120 0.98572
60.00 -120 1.8751
65.00 -120 2.4848
70.00 -120 2.7392
75.00 -120 2.5857
80.00 -120 2.0661
-45.00 -115 -1.3540
-40.00 -115 -1.5680
-35.00 -115 -1.7875
-30.00 -115 -1.9698
-25.00 -115 -2.0889
-20.00 -115 -2.1627
-15.00 -115 -2.2249
-10.00 -115 -2.2749
-5.00 -115 -2.2710
0.00 -115 -2.1910
5.00 -115 -2.1038
10.00 -115 -2.1610
15.00 -115 -2.4808
20.00 -115 -3.0056
25.00 -115 -3.4651
30.00 -115 -3.5083
35.00 -115 -2.9242
40.00 -115 -1.7846
45.00 -115 -0.39683
-65.00 -110 -0.35419
-60.00 -110 -0.57274
-55.00 -110 -0.72550
-50.00 -110 -0.83316
-45.00 -110 -0.97192
-40.00 -110 -1.1789
-35.00 -110 -1.3949
-30.00 -110 -1.5127
-25.00 -110 -1.4871
-20.00 -110 -1.3937
-15.00 -110 -1.3689
-10.00 -110 -1.4859
-5.00 -110 -1.6915
0.00 -110 -1.8748
5.00 -110 -1.9989
10.00 -110 -2.1543
15.00 -110 -2.4582
20.00 -110 -2.8810
25.00 -110 -3.1747
30.00 -110 -3.0006
35.00 -110 -2.1762
40.00 -110 -0.83601
45.00 -110 0.63652
50.00 -110 1.8542
55.00 -110 2.6442
60.00 -110 3.0673
65.00 -110 3.2518
-70.00 -105 -0.48060E-01
-45.00 -105 -0.51741
-40.00 -105 -0.68124
-35.00 -105 -0.86287
-30.00 -105 -0.90903
-25.00 -105 -0.76589
-20.00 -105 -0.56454
-15.00 -105 -0.53268
-10.00 -105 -0.80218
-5.00 -105 -1.2905
0.00 -105 -1.7710
5.00 -105 -2.0678
10.00 -105 -2.1868
15.00 -105 -2.2569
20.00 -105 -2.3390
25.00 -105 -2.2996
30.00 -105 -1.8887
35.00 -105 -0.96675
40.00 -105 0.32915
45.00 -105 1.6408
70.00 -105 3.3544
-75.00 -100 0.17628
-65.00 -100 -0.14984
-60.00 -100 -0.26349
-55.00 -100 -0.23616
-50.00 -100 -0.14197
-45.00 -100 -0.12773
-40.00 -100 -0.25484
-35.00 -100 -0.41753
-30.00 -100 -0.43745
-25.00 -100 -0.25740
-20.00 -100 -0.44351E-01
-15.00 -100 -0.82272E-01
-10.00 -100 -0.53201
-5.00 -100 -1.2711
0.00 -100 -1.9645
5.00 -100 -2.3102
10.00 -100 -2.2426
15.00 -100 -1.9212
20.00 -100 -1.5312
25.00 -100 -1.0992
30.00 -100 -0.49804
35.00 -100 0.37456
40.00 -100 1.4309
45.00 -100 2.4135
50.00 -100 3.0845
55.00 -100 3.3990
60.00 -100 3.4927
65.00 -100 3.5019
75.00 -100 3.0413
-45.00 -95 0.91290E-01
-40.00 -95 -0.35920E-01
-35.00 -95 -0.22200
-30.00 -95 -0.28089
-25.00 -95 -0.14930
-20.00 -95 0.28998E-02
-15.00 -95 -0.11714
-10.00 -95 -0.66982
-5.00 -95 -1.5053
0.00 -95 -2.2312
5.00 -95 -2.4791
10.00 -95 -2.1497
15.00 -95 -1.4364
20.00 -95 -0.63016
25.00 -95 0.10372
30.00 -95 0.78496
35.00 -95 1.4928
40.00 -95 2.2114
45.00 -95 2.8115
-80.00 -90 0.34249
-70.00 -90 0.20404
-65.00 -90 0.36085E-01
-60.00 -90 -0.56151E-01
-55.00 -90 -0.69811E-02
-50.00 -90 0.10233
-45.00 -90 0.11392
-40.00 -90 -0.46308E-01
-35.00 -90 -0.28167
-30.00 -90 -0.41170
-25.00 -90 -0.36240
-20.00 -90 -0.27492
-15.00 -90 -0.40934
-10.00 -90 -0.90882
-5.00 -90 -1.6297
0.00 -90 -2.1988
5.00 -90 -2.2626
10.00 -90 -1.7274
15.00 -90 -0.79806
20.00 -90 0.19663
25.00 -90 1.0272
30.00 -90 1.6530
35.00 -90 2.1408
40.00 -90 2.5323
45.00 -90 2.8044
50.00 -90 2.9404
55.00 -90 3.0021
60.00 -90 3.0924
65.00 -90 3.2291
70.00 -90 3.2694
80.00 -90 2.3359
-85.00 -85 0.40175
-45.00 -85 0.32766E-02
-40.00 -85 -0.18746
-35.00 -85 -0.44866
-30.00 -85 -0.61754
-25.00 -85 -0.61213
-20.00 -85 -0.52951
-15.00 -85 -0.57502
-10.00 -85 -0.87188
-5.00 -85 -1.3189
0.00 -85 -1.6301
5.00 -85 -1.5323
10.00 -85 -0.95948
15.00 -85 -0.87230E-01
20.00 -85 0.80371
25.00 -85 1.5083
30.00 -85 1.9769
35.00 -85 2.2616
40.00 -85 2.4204
45.00 -85 2.4844
85.00 -85 1.4650
-75.00 -80 0.44096
-65.00 -80 0.17675
-60.00 -80 0.28180E-01
-55.00 -80 -0.34728E-01
-50.00 -80 -0.51687E-01
-45.00 -80 -0.12325
-40.00 -80 -0.30051
-35.00 -80 -0.51866
-30.00 -80 -0.64553
-25.00 -80 -0.60430
-20.00 -80 -0.45347
-15.00 -80 -0.34299
-10.00 -80 -0.37981
-5.00 -80 -0.52299
0.00 -80 -0.60392
5.00 -80 -0.45542
10.00 -80 -0.38147E-01
15.00 -80 0.53866
20.00 -80 1.1062
25.00 -80 1.5463
30.00 -80 1.8314
35.00 -80 1.9873
40.00 -80 2.0420
45.00 -80 2.0257
50.00 -80 2.0056
55.00 -80 2.0866
60.00 -80 2.3364
65.00 -80 2.6869
75.00 -80 2.7910
-70.00 -75 0.40657
-45.00 -75 -0.15152
-40.00 -75 -0.25360
-35.00 -75 -0.35430
-30.00 -75 -0.36287
-25.00 -75 -0.22413
-20.00 -75 0.24588E-01
-15.00 -75 0.27706
-10.00 -75 0.44132
-5.00 -75 0.50699
0.00 -75 0.53973
5.00 -75 0.61553
10.00 -75 0.75996
15.00 -75 0.94393
20.00 -75 1.1265
25.00 -75 1.2913
30.00 -75 1.4392
35.00 -75 1.5576
40.00 -75 1.6159
45.00 -75 1.6079
70.00 -75 2.6970
-65.00 -70 0.29622
-60.00 -70 0.12703
-55.00 -70 0.16756E-01
-50.00 -70 -0.21652E-01
-45.00 -70 -0.20541E-01
-40.00 -70 -0.52589E-02
-35.00 -70 0.42789E-01
-30.00 -70 0.17130
-25.00 -70 0.40689
-20.00 -70 0.71934
-15.00 -70 1.0333
-10.00 -70 1.2744
-5.00 -70 1.4065
0.00 -70 1.4333
5.00 -70 1.3755
10.00 -70 1.2567
15.00 -70 1.1113
20.00 -70 0.99564
25.00 -70 0.96957
30.00 -70 1.0527
35.00 -70 1.1953
40.00 -70 1.3080
45.00 -70 1.3392
50.00 -70 1.3385
55.00 -70 1.4323
60.00 -70 1.7133
65.00 -70 2.1254
-45.00 -65 0.25790
-40.00 -65 0.38719
-35.00 -65 0.54812
-30.00 -65 0.75880
-25.00 -65 1.0292
-20.00 -65 1.3354
-15.00 -65 1.6238
-10.00 -65 1.8365
-5.00 -65 1.9339
0.00 -65 1.8987
5.00 -65 1.7314
10.00 -65 1.4572
15.00 -65 1.1393
20.00 -65 0.87658
25.00 -65 0.76303
30.00 -65 0.82662
35.00 -65 0.99892
40.00 -65 1.1560
45.00 -65 1.2137
-80.00 -60 0.57398
-75.00 -60 0.58316
-70.00 -60 0.51451
-65.00 -60 0.39615
-60.00 -60 0.30576
-55.00 -60 0.31315
-50.00 -60 0.43008
-45.00 -60 0.61323
-40.00 -60 0.80892
-35.00 -60 0.99607
-30.00 -60 1.1908
-25.00 -60 1.4145
-20.00 -60 1.6601
-15.00 -60 1.8858
-10.00 -60 2.0381
-5.00 -60 2.0779
0.00 -60 1.9902
5.00 -60 1.7805
10.00 -60 1.4759
15.00 -60 1.1350
20.00 -60 0.84893
25.00 -60 0.70821
30.00 -60 0.74695
35.00 -60 0.90664
40.00 -60 1.0652
45.00 -60 1.1256
50.00 -60 1.0984
55.00 -60 1.1014
60.00 -60 1.2604
65.00 -60 1.5817
70.00 -60 1.9086
75.00 -60 2.0154
80.00 -60 1.7760
-45.00 -55 0.95001
-40.00 -55 1.1464
-35.00 -55 1.2678
-30.00 -55 1.3604
-25.00 -55 1.4877
-20.00 -55 1.6682
-15.00 -55 1.8565
-10.00 -55 1.9783
-5.00 -55 1.9827
0.00 -55 1.8660
5.00 -55 1.6567
10.00 -55 1.3902
15.00 -55 1.1035
20.00 -55 0.84760
25.00 -55 0.68646
30.00 -55 0.66281
35.00 -55 0.75524
40.00 -55 0.87613
45.00 -55 0.93244
-65.00 -50 0.41789
-60.00 -50 0.43288
-55.00 -50 0.61139
-50.00 -50 0.90479
-45.00 -50 1.1825
-40.00 -50 1.3291
-35.00 -50 1.3338
-30.00 -50 1.2948
-25.00 -50 1.3326
-20.00 -50 1.4880
-15.00 -50 1.6894
-10.00 -50 1.8154
-5.00 -50 1.7903
0.00 -50 1.6292
5.00 -50 1.4032
10.00 -50 1.1708
15.00 -50 0.94537
20.00 -50 0.72301
25.00 -50 0.52686
30.00 -50 0.40868
35.00 -50 0.40024
40.00 -50 0.46914
45.00 -50 0.53758
50.00 -50 0.55832
55.00 -50 0.57327
60.00 -50 0.68424
65.00 -50 0.94675
-70.00 -45 0.47978
-45.00 -45 1.2566
-40.00 -45 1.3396
-35.00 -45 1.2379
-30.00 -45 1.1030
-25.00 -45 1.1030
-20.00 -45 1.2810
-15.00 -45 1.5195
-10.00 -45 1.6389
-5.00 -45 1.5424
0.00 -45 1.2804
5.00 -45 0.98698
10.00 -45 0.75663
15.00 -45 0.58019
20.00 -45 0.39018
25.00 -45 0.15831
30.00 -45 -0.59315E-01
35.00 -45 -0.17377
40.00 -45 -0.15297
45.00 -45 -0.51787E-01
70.00 -45 0.95019
-75.00 -40 0.59200
-65.00 -40 0.30770
-60.00 -40 0.32838
-55.00 -40 0.55571
-50.00 -40 0.89560
-45.00 -40 1.1569
-40.00 -40 1.1982
-35.00 -40 1.0492
-30.00 -40 0.89368
-25.00 -40 0.91517
-20.00 -40 1.1342
-15.00 -40 1.3816
-10.00 -40 1.4356
-5.00 -40 1.2049
0.00 -40 0.79726
5.00 -40 0.41798
10.00 -40 0.19381
15.00 -40 0.83282E-01
20.00 -40 -0.53724E-01
25.00 -40 -0.30303
30.00 -40 -0.60812
35.00 -40 -0.82445
40.00 -40 -0.85335
45.00 -40 -0.72061
50.00 -40 -0.52813
55.00 -40 -0.33818
60.00 -40 -0.11615
65.00 -40 0.20695
75.00 -40 0.98887
-45.00 -35 0.90427
-40.00 -35 0.94382
-35.00 -35 0.82208
-30.00 -35 0.71972
-25.00 -35 0.79649
-20.00 -35 1.0328
-15.00 -35 1.2248
-10.00 -35 1.1500
-5.00 -35 0.76150
0.00 -35 0.23751
5.00 -35 -0.16228
10.00 -35 -0.30953
15.00 -35 -0.30113
20.00 -35 -0.35543
25.00 -35 -0.60937
30.00 -35 -0.99980
35.00 -35 -1.3269
40.00 -35 -1.4281
45.00 -35 -1.2975
-85.00 -30 0.69121
-80.00 -30 0.71381
-70.00 -30 0.35940
-65.00 -30 0.11209
-60.00 -30 0.63816E-03
-55.00 -30 0.97720E-01
-50.00 -30 0.33451
-45.00 -30 0.54909
-40.00 -30 0.62314
-35.00 -30 0.58526
-30.00 -30 0.57758
-25.00 -30 0.70559
-20.00 -30 0.90906
-15.00 -30 0.98571
-10.00 -30 0.76343
-5.00 -30 0.27210
0.00 -30 -0.24863
5.00 -30 -0.52920
10.00 -30 -0.48999
15.00 -30 -0.30915
20.00 -30 -0.27554
25.00 -30 -0.55155
30.00 -30 -1.0475
35.00 -30 -1.5067
40.00 -30 -1.7125
45.00 -30 -1.6334
50.00 -30 -1.3917
55.00 -30 -1.1136
60.00 -30 -0.81689
65.00 -30 -0.43888
70.00 -30 0.41738E-01
80.00 -30 0.86096
85.00 -30 0.94285
-45.00 -25 0.16196
-40.00 -25 0.28841
-35.00 -25 0.35547
-30.00 -25 0.44345
-25.00 -25 0.59178
-20.00 -25 0.71538
-15.00 -25 0.65365
-10.00 -25 0.32527
-5.00 -25 -0.15264
0.00 -25 -0.51090
5.00 -25 -0.52749
10.00 -25 -0.21991
15.00 -25 0.14101
20.00 -25 0.22295
25.00 -25 -0.12034
30.00 -25 -0.74647
35.00 -25 -1.3438
40.00 -25 -1.6626
45.00 -25 -1.6638
-75.00 -20 0.64497
-65.00 -20 -0.17831E-01
-60.00 -20 -0.30701
-55.00 -20 -0.41660
-50.00 -20 -0.34632
-45.00 -20 -0.18007
-40.00 -20 -0.42606E-02
-35.00 -20 0.15423
-30.00 -20 0.30911
-25.00 -20 0.44141
-20.00 -20 0.46399
-15.00 -20 0.28518
-10.00 -20 -0.72740E-01
-5.00 -20 -0.42133
0.00 -20 -0.50342
5.00 -20 -0.18996
10.00 -20 0.38214
15.00 -20 0.86404
20.00 -20 0.92192
25.00 -20 0.46835
30.00 -20 -0.28293
35.00 -20 -0.97820
40.00 -20 -1.3656
45.00 -20 -1.4261
50.00 -20 -1.3089
55.00 -20 -1.1562
60.00 -20 -0.98372
65.00 -20 -0.71126
75.00 -20 0.20885
-70.00 -15 0.38892
-45.00 -15 -0.41131
-40.00 -15 -0.20426
-35.00 -15 0.99605E-02
-30.00 -15 0.19116
-25.00 -15 0.28359
-20.00 -15 0.21753
-15.00 -15 -0.26141E-01
-10.00 -15 -0.34076
-5.00 -15 -0.50238
0.00 -15 -0.30015
5.00 -15 0.28873
10.00 -15 1.0247
15.00 -15 1.5205
20.00 -15 1.4837
25.00 -15 0.91134
30.00 -15 0.87520E-01
35.00 -15 -0.61588
40.00 -15 -0.97756
45.00 -15 -1.0256
70.00 -15 -0.32676
-65.00 -10 0.61197E-01
-60.00 -10 -0.32629
-55.00 -10 -0.57035
-50.00 -10 -0.61687
-45.00 -10 -0.49520
-40.00 -10 -0.28121
-35.00 -10 -0.54410E-01
-30.00 -10 0.11540
-25.00 -10 0.16374
-20.00 -10 0.49693E-01
-15.00 -10 -0.19229
-10.00 -10 -0.41513
-5.00 -10 -0.40381
0.00 -10 -0.10908E-01
5.00 -10 0.70273
10.00 -10 1.4458
15.00 -10 1.8442
20.00 -10 1.6754
25.00 -10 1.0189
30.00 -10 0.20569
35.00 -10 -0.40173
40.00 -10 -0.63388
45.00 -10 -0.57964
50.00 -10 -0.46079
55.00 -10 -0.43401
60.00 -10 -0.48235
65.00 -10 -0.46726
-45.00 -5 -0.43472
-40.00 -5 -0.23575
-35.00 -5 -0.34358E-01
-30.00 -5 0.97361E-01
-25.00 -5 0.11440
-20.00 -5 0.95816E-02
-15.00 -5 -0.16010
-10.00 -5 -0.26105
-5.00 -5 -0.13040
0.00 -5 0.31466
5.00 -5 0.97547
10.00 -5 1.5754
15.00 -5 1.8020
20.00 -5 1.5085
25.00 -5 0.82711
30.00 -5 0.97884E-01
35.00 -5 -0.34730
40.00 -5 -0.38988
45.00 -5 -0.17063
90.00 0.00 0.81737
-90.00 0.00 0.56015
