-85.00 0.00 0.43588
-80.00 0.00 0.38339
-75.00 0.00 0.32369
-70.00 0.00 0.30013
-65.00 0.00 0.31415
-60.00 0.00 0.31305
-55.00 0.00 0.22472
-50.00 0.00 0.13363E-01
-45.00 0.00 -0.28691
-40.00 0.00 -0.58838
-35.00 0.00 -0.80505
-30.00 0.00 -0.90494
-25.00 0.00 -0.92003
-20.00 0.00 -0.90881
-15.00 0.00 -0.90372
-10.00 0.00 -0.88626
-5.00 0.00 -0.80866
0.00 0.00 -0.64268
5.00 0.00 -0.41508
10.00 0.00 -0.20083
15.00 0.00 -0.78646E-01
20.00 0.00 -0.81424E-01
25.00 0.00 -0.17618
30.00 0.00 -0.28537
35.00 0.00 -0.33273
40.00 0.00 -0.28319
45.00 0.00 -0.15453
50.00 0.00 0.10332E-02
55.00 0.00 0.12975
60.00 0.00 0.20347
65.00 0.00 0.22796
70.00 0.00 0.23132
75.00 0.00 0.24349
80.00 0.00 0.27492
85.00 0.00 0.31293
-45.00 5.00 -0.35208
-40.00 5.00 -0.71367
-35.00 5.00 -0.99560
-30.00 5.00 -1.1383
-25.00 5.00 -1.1550
-20.00 5.00 -1.1058
-15.00 5.00 -1.0426
-10.00 5.00 -0.96897
-5.00 5.00 -0.84793
0.00 5.00 -0.64850
5.00 5.00 -0.39027
10.00 5.00 -0.14701
15.00 5.00 -0.35132E-02
20.00 5.00 0.17182E-02
25.00 5.00 -0.95677E-01
30.00 5.00 -0.20820
35.00 5.00 -0.25153
40.00 5.00 -0.19271
45.00 5.00 -0.60299E-01
-65.00 10.00 0.29952
-60.00 10.00 0.29415
-55.00 10.00 0.21005
-50.00 10.00 -0.14249E-01
-45.00 10.00 -0.36899
-40.00 10.00 -0.76522
-35.00 10.00 -1.0833
-30.00 10.00 -1.2444
-25.00 10.00 -1.2524
-20.00 10.00 -1.1753
-15.00 10.00 -1.0845
-10.00 10.00 -1.0009
-5.00 10.00 -0.89251
0.00 10.00 -0.71993
5.00 10.00 -0.48952
10.00 10.00 -0.26480
15.00 10.00 -0.12539
20.00 10.00 -0.10695
25.00 10.00 -0.17200
30.00 10.00 -0.23539
35.00 10.00 -0.22350
40.00 10.00 -0.12083
45.00 10.00 0.28720E-01
50.00 10.00 0.16081
55.00 10.00 0.23525
60.00 10.00 0.25385
65.00 10.00 0.24578
-70.00 15.00 0.30933
-45.00 15.00 -0.34588
-40.00 15.00 -0.74576
-35.00 15.00 -1.0632
-30.00 15.00 -1.2117
-25.00 15.00 -1.1979
-20.00 15.00 -1.1039
-15.00 15.00 -1.0173
-10.00 15.00 -0.96769
-5.00 15.00 -0.91926
0.00 15.00 -0.82028
5.00 15.00 -0.66184
10.00 15.00 -0.49300
15.00 15.00 -0.38023
20.00 15.00 -0.34888
25.00 15.00 -0.35929
30.00 15.00 -0.33832
35.00 15.00 -0.23811
40.00 15.00 -0.72214E-01
45.00 15.00 0.98725E-01
70.00 15.00 0.24346
-75.00 20.00 0.37649
-65.00 20.00 0.29595
-60.00 20.00 0.29636
-55.00 20.00 0.23296
-50.00 20.00 0.31753E-01
-45.00 20.00 -0.30503
-40.00 20.00 -0.68191
-35.00 20.00 -0.96529
-30.00 20.00 -1.0717
-25.00 20.00 -1.0210
-20.00 20.00 -0.91197
-15.00 20.00 -0.84373
-10.00 20.00 -0.84605
-5.00 20.00 -0.87432
0.00 20.00 -0.86484
5.00 20.00 -0.79646
10.00 20.00 -0.70390
15.00 20.00 -0.63561
20.00 20.00 -0.60049
25.00 20.00 -0.55536
30.00 20.00 -0.44468
35.00 20.00 -0.25497
40.00 20.00 -0.33277E-01
45.00 20.00 0.14647
50.00 20.00 0.23825
55.00 20.00 0.25217
60.00 20.00 0.23583
65.00 20.00 0.23103
75.00 20.00 0.26813
-45.00 25.00 -0.27303
-40.00 25.00 -0.61055
-35.00 25.00 -0.83735
-30.00 25.00 -0.88004
-25.00 25.00 -0.77654
-20.00 25.00 -0.64264
-15.00 25.00 -0.58396
-10.00 25.00 -0.62619
-5.00 25.00 -0.71642
0.00 25.00 -0.78424
5.00 25.00 -0.80184
10.00 25.00 -0.79079
15.00 25.00 -0.77811
20.00 25.00 -0.75225
25.00 25.00 -0.66611
30.00 25.00 -0.48513
35.00 25.00 -0.23277
40.00 25.00 0.13392E-01
45.00 25.00 0.17468
-80.00 30.00 0.47885
-70.00 30.00 0.31481
-65.00 30.00 0.27758
-60.00 30.00 0.26734
-55.00 30.00 0.20545
-50.00 30.00 0.22126E-01
-45.00 30.00 -0.26937
-40.00 30.00 -0.56153
-35.00 30.00 -0.72198
-30.00 30.00 -0.69041
-25.00 30.00 -0.52335
-20.00 30.00 -0.35046
-15.00 30.00 -0.28069
-10.00 30.00 -0.33573
-5.00 30.00 -0.45921
0.00 30.00 -0.58073
5.00 30.00 -0.66988
10.00 30.00 -0.73465
15.00 30.00 -0.77804
20.00 30.00 -0.76748
25.00 30.00 -0.65505
30.00 30.00 -0.43083
35.00 30.00 -0.15403
40.00 30.00 0.75560E-01
45.00 30.00 0.18661
50.00 30.00 0.18620
55.00 30.00 0.14671
60.00 30.00 0.14239
65.00 30.00 0.19265
70.00 30.00 0.26038
80.00 30.00 0.29924
-45.00 35.00 -0.29891
-40.00 35.00 -0.54580
-35.00 35.00 -0.64013
-30.00 35.00 -0.53563
-25.00 35.00 -0.30492
-20.00 35.00 -0.87118E-01
-15.00 35.00 0.82138E-02
-10.00 35.00 -0.38464E-01
-5.00 35.00 -0.17252
0.00 35.00 -0.32811
5.00 35.00 -0.47305
10.00 35.00 -0.59970
15.00 35.00 -0.68620
20.00 35.00 -0.68275
25.00 35.00 -0.54755
30.00 35.00 -0.29978
35.00 35.00 -0.31211E-01
40.00 35.00 0.14711
45.00 35.00 0.18374
-75.00 40.00 0.40977
-65.00 40.00 0.22483
-60.00 40.00 0.17641
-55.00 40.00 0.86155E-01
-50.00 40.00 -0.99955E-01
-45.00 40.00 -0.35151
-40.00 40.00 -0.55396
-35.00 40.00 -0.58768
-30.00 40.00 -0.42127
-25.00 40.00 -0.14009
-20.00 40.00 0.11280
-15.00 40.00 0.23090
-10.00 40.00 0.19680
-5.00 40.00 0.61062E-01
0.00 40.00 -0.11649
5.00 40.00 -0.30116
10.00 40.00 -0.46880
15.00 40.00 -0.57532
20.00 40.00 -0.56066
25.00 40.00 -0.39697
30.00 40.00 -0.13535
35.00 40.00 0.10531
40.00 40.00 0.21355
45.00 40.00 0.16730
50.00 40.00 0.50566E-01
55.00 40.00 -0.13777E-01
60.00 40.00 0.39976E-01
65.00 40.00 0.17618
75.00 40.00 0.34347
-70.00 45.00 0.28443
-45.00 45.00 -0.40831
-40.00 45.00 -0.56486
-35.00 45.00 -0.54489
-30.00 45.00 -0.33339
-25.00 45.00 -0.25020E-01
-20.00 45.00 0.23959
-15.00 45.00 0.36289
-10.00 45.00 0.33293
-5.00 45.00 0.19710
0.00 45.00 0.89840E-02
5.00 45.00 -0.19547
10.00 45.00 -0.37914
15.00 45.00 -0.48212
20.00 45.00 -0.44135
25.00 45.00 -0.24685
30.00 45.00 0.21100E-01
35.00 45.00 0.22481
40.00 45.00 0.26128
45.00 45.00 0.14114
70.00 45.00 0.33544
-65.00 50.00 0.14222
-60.00 50.00 0.43189E-01
-55.00 50.00 -0.78771E-01
-50.00 50.00 -0.25675
-45.00 50.00 -0.45072
-40.00 50.00 -0.55836
-35.00 50.00 -0.49190
-30.00 50.00 -0.25396
-25.00 50.00 0.55197E-01
-20.00 50.00 0.30427
-15.00 50.00 0.41196
-10.00 50.00 0.37706
-5.00 50.00 0.24604
0.00 50.00 0.64728E-01
5.00 50.00 -0.13501
10.00 50.00 -0.31148
15.00 50.00 -0.39750
20.00 50.00 -0.33136
25.00 50.00 -0.11779
30.00 50.00 0.14353
35.00 50.00 0.30719
40.00 50.00 0.28392
45.00 50.00 0.11309
50.00 50.00 -0.61441E-01
55.00 50.00 -0.99431E-01
60.00 50.00 0.30666E-01
65.00 50.00 0.23583
-85.00 55.00 0.53036
-45.00 55.00 -0.46730
-40.00 55.00 -0.52508
-35.00 55.00 -0.42093
-30.00 55.00 -0.17441
-25.00 55.00 0.11298
-20.00 55.00 0.32555
-15.00 55.00 0.40430
-10.00 55.00 0.36293
-5.00 55.00 0.24801
0.00 55.00 0.94447E-01
5.00 55.00 -0.77710E-01
10.00 55.00 -0.23228
15.00 55.00 -0.30249
20.00 55.00 -0.22814
25.00 55.00 -0.19553E-01
30.00 55.00 0.21857
35.00 55.00 0.34434
40.00 55.00 0.28339
45.00 55.00 0.93780E-01
85.00 55.00 0.29406
-80.00 60.00 0.52678
-75.00 60.00 0.40476
-70.00 60.00 0.22507
-65.00 60.00 0.56115E-01
-60.00 60.00 -0.80553E-01
-55.00 60.00 -0.20876
-50.00 60.00 -0.34531
-45.00 60.00 -0.45561
-40.00 60.00 -0.46828
-35.00 60.00 -0.33862
-30.00 60.00 -0.99446E-01
-25.00 60.00 0.15160
-20.00 60.00 0.31845
-15.00 60.00 0.36616
-10.00 60.00 0.32340
-5.00 60.00 0.23564
0.00 60.00 0.12384
5.00 60.00 -0.92236E-02
10.00 60.00 -0.13968
15.00 60.00 -0.20544
20.00 60.00 -0.14525
25.00 60.00 0.35291E-01
30.00 60.00 0.23974
35.00 60.00 0.33807
40.00 60.00 0.26804
45.00 60.00 0.93730E-01
50.00 60.00 -0.37138E-01
55.00 60.00 -0.80330E-02
60.00 60.00 0.17419
65.00 60.00 0.38800
70.00 60.00 0.49791
75.00 60.00 0.46271
80.00 60.00 0.35513
-45.00 65.00 -0.41912
-40.00 65.00 -0.39815
-35.00 65.00 -0.25869
-30.00 65.00 -0.40063E-01
-25.00 65.00 0.16917
-20.00 65.00 0.29296
-15.00 65.00 0.31647
-10.00 65.00 0.27822
-5.00 65.00 0.21968
0.00 65.00 0.14772
5.00 65.00 0.48569E-01
10.00 65.00 -0.66373E-01
15.00 65.00 -0.13993
20.00 65.00 -0.10745
25.00 65.00 0.36307E-01
30.00 65.00 0.21053
35.00 65.00 0.30024
40.00 65.00 0.25068
45.00 65.00 0.12052
-65.00 70.00 -0.16829E-02
-60.00 70.00 -0.14532
-55.00 70.00 -0.24754
-50.00 70.00 -0.32454
-45.00 70.00 -0.36240
-40.00 70.00 -0.32351
-35.00 70.00 -0.19102
-30.00 70.00 -0.22154E-02
-25.00 70.00 0.16793
-20.00 70.00 0.26045
-15.00 70.00 0.27178
-10.00 70.00 0.24145
-5.00 70.00 0.20364
0.00 70.00 0.15485
5.00 70.00 0.72000E-01
10.00 70.00 -0.39969E-01
15.00 70.00 -0.12658
20.00 70.00 -0.12022
25.00 70.00 -0.53064E-02
30.00 70.00 0.15310
35.00 70.00 0.25416
40.00 70.00 0.24649
45.00 70.00 0.17666
50.00 70.00 0.15196
55.00 70.00 0.24552
60.00 70.00 0.42718
65.00 70.00 0.58362
-70.00 75.00 0.18100
-45.00 75.00 -0.28813
-40.00 75.00 -0.24677
-35.00 75.00 -0.13519
-30.00 75.00 0.19568E-01
-25.00 75.00 0.15933
-20.00 75.00 0.23737
-15.00 75.00 0.25091
-10.00 75.00 0.23095
-5.00 75.00 0.20196
0.00 75.00 0.15616
5.00 75.00 0.71527E-01
10.00 75.00 -0.45354E-01
15.00 75.00 -0.14083
20.00 75.00 -0.14810
25.00 75.00 -0.47024E-01
30.00 75.00 0.10877
35.00 75.00 0.23049
40.00 75.00 0.26906
45.00 75.00 0.25807
70.00 75.00 0.65167
-75.00 80.00 0.38438
-65.00 80.00 -0.12441E-01
-60.00 80.00 -0.12918
-55.00 80.00 -0.18031
-50.00 80.00 -0.19819
-45.00 80.00 -0.19787
-40.00 80.00 -0.16514
-35.00 80.00 -0.82671E-01
-30.00 80.00 0.38697E-01
-25.00 80.00 0.15905
-20.00 80.00 0.23916
-15.00 80.00 0.26854
-10.00 80.00 0.26278
-5.00 80.00 0.23593
0.00 80.00 0.18182
5.00 80.00 0.88089E-01
10.00 80.00 -0.31355E-01
15.00 80.00 -0.12432
20.00 80.00 -0.13083
25.00 80.00 -0.33549E-01
30.00 80.00 0.12061
35.00 80.00 0.25440
40.00 80.00 0.32386
45.00 80.00 0.35346
50.00 80.00 0.40762
55.00 80.00 0.52190
60.00 80.00 0.65821
65.00 80.00 0.72876
75.00 80.00 0.51068
-45.00 85.00 -0.95397E-01
-40.00 85.00 -0.76423E-01
-35.00 85.00 -0.25066E-01
-30.00 85.00 0.66390E-01
-25.00 85.00 0.17581
-20.00 85.00 0.26826
-15.00 85.00 0.32153
-10.00 85.00 0.33361
-5.00 85.00 0.30940
0.00 85.00 0.24839
5.00 85.00 0.15178
10.00 85.00 0.41723E-01
15.00 85.00 -0.34376E-01
20.00 85.00 -0.29510E-01
25.00 85.00 0.64971E-01
30.00 85.00 0.20616
35.00 85.00 0.32999
40.00 85.00 0.40256
45.00 85.00 0.44554
-80.00 90.00 0.51720
-70.00 90.00 0.17964
-65.00 90.00 0.18359E-01
-60.00 90.00 -0.51472E-01
-55.00 90.00 -0.42608E-01
-50.00 90.00 -0.82613E-02
-45.00 90.00 0.10552E-01
-40.00 90.00 0.15545E-01
-35.00 90.00 0.38323E-01
-30.00 90.00 0.10353
-25.00 90.00 0.20438
-20.00 90.00 0.30877
-15.00 90.00 0.38352
-10.00 90.00 0.41170
-5.00 90.00 0.39220
0.00 90.00 0.33194
5.00 90.00 0.24520
10.00 90.00 0.15955
15.00 90.00 0.11345
20.00 90.00 0.13665
25.00 90.00 0.22597
30.00 90.00 0.34149
35.00 90.00 0.43394
40.00 90.00 0.48369
45.00 90.00 0.51528
50.00 90.00 0.57017
55.00 90.00 0.65933
60.00 90.00 0.74038
65.00 90.00 0.74558
70.00 90.00 0.64157
80.00 90.00 0.31634
-45.00 95.00 0.10697
-40.00 95.00 0.10060
-35.00 95.00 0.99831E-01
-30.00 95.00 0.14139
-25.00 95.00 0.22967
-20.00 95.00 0.33518
-15.00 95.00 0.41783
-10.00 95.00 0.45172
-5.00 95.00 0.43383
0.00 95.00 0.37875
5.00 95.00 0.31083
10.00 95.00 0.25933
15.00 95.00 0.25125
20.00 95.00 0.29815
25.00 95.00 0.38447
30.00 95.00 0.47230
35.00 95.00 0.52633
40.00 95.00 0.54175
45.00 95.00 0.54886
-75.00 100.00 0.37158
-65.00 100.00 0.65754E-01
-60.00 100.00 0.36294E-01
-55.00 100.00 0.86619E-01
-50.00 100.00 0.15270
-45.00 100.00 0.18125
-40.00 100.00 0.16775
-35.00 100.00 0.15027
-30.00 100.00 0.17078
-25.00 100.00 0.23970
-20.00 100.00 0.33031
-15.00 100.00 0.40126
-10.00 100.00 0.42476
-5.00 100.00 0.39983
0.00 100.00 0.34764
5.00 100.00 0.29873
10.00 100.00 0.28114
15.00 100.00 0.31103
20.00 100.00 0.38456
25.00 100.00 0.47571
30.00 100.00 0.54715
35.00 100.00 0.57336
40.00 100.00 0.56051
45.00 100.00 0.54393
50.00 100.00 0.55922
55.00 100.00 0.60795
60.00 100.00 0.64891
65.00 100.00 0.62785
75.00 100.00 0.38122
-70.00 105.00 0.20285
-45.00 105.00 0.22733
-40.00 105.00 0.21296
-35.00 105.00 0.18813
-30.00 105.00 0.19254
-25.00 105.00 0.23712
-20.00 105.00 0.29842
-15.00 105.00 0.33981
-10.00 105.00 0.33858
-5.00 105.00 0.29874
0.00 105.00 0.24560
5.00 105.00 0.21096
10.00 105.00 0.21934
15.00 105.00 0.27866
20.00 105.00 0.37557
25.00 105.00 0.47800
30.00 105.00 0.54867
35.00 105.00 0.56644
40.00 105.00 0.54185
45.00 105.00 0.51136
70.00 105.00 0.44705
-85.00 110.00 0.51328
-65.00 110.00 0.10544
-60.00 110.00 0.90706E-01
-55.00 110.00 0.14611
-50.00 110.00 0.21472
-45.00 110.00 0.24948
-40.00 110.00 0.24353
-35.00 110.00 0.22394
-30.00 110.00 0.22074
-25.00 110.00 0.24031
-20.00 110.00 0.26328
-15.00 110.00 0.26379
-10.00 110.00 0.23080
-5.00 110.00 0.17552
0.00 110.00 0.12361
5.00 110.00 0.10184
10.00 110.00 0.12757
15.00 110.00 0.20278
20.00 110.00 0.31140
25.00 110.00 0.42199
30.00 110.00 0.49943
35.00 110.00 0.52362
40.00 110.00 0.50307
45.00 110.00 0.47003
50.00 110.00 0.45627
55.00 110.00 0.46677
60.00 110.00 0.47439
65.00 110.00 0.44367
85.00 110.00 0.25134
-45.00 115.00 0.26063
-40.00 115.00 0.27514
-35.00 115.00 0.27533
-30.00 115.00 0.27520
-25.00 115.00 0.27245
-20.00 115.00 0.25298
-15.00 115.00 0.20739
-10.00 115.00 0.14245
-5.00 115.00 0.78427E-01
0.00 115.00 0.37558E-01
5.00 115.00 0.34515E-01
10.00 115.00 0.74101E-01
15.00 115.00 0.15227
20.00 115.00 0.25555
25.00 115.00 0.36039
30.00 115.00 0.43898
35.00 115.00 0.47266
40.00 115.00 0.46438
45.00 115.00 0.43719
-80.00 120.00 0.46710
-75.00 120.00 0.35559
-70.00 120.00 0.22278
-65.00 120.00 0.13197
-60.00 120.00 0.11274
-55.00 120.00 0.15214
-50.00 120.00 0.21567
-45.00 120.00 0.27555
-40.00 120.00 0.32211
-35.00 120.00 0.35454
-30.00 120.00 0.36663
-25.00 120.00 0.34513
-20.00 120.00 0.28234
-15.00 120.00 0.18931
-10.00 120.00 0.94762E-01
-5.00 120.00 0.29542E-01
0.00 120.00 0.99840E-02
5.00 120.00 0.33550E-01
10.00 120.00 0.87597E-01
15.00 120.00 0.16021
20.00 120.00 0.24274
25.00 120.00 0.32484
30.00 120.00 0.39159
35.00 120.00 0.42929
40.00 120.00 0.43516
45.00 120.00 0.41980
50.00 120.00 0.39754
55.00 120.00 0.37289
60.00 120.00 0.33761
65.00 120.00 0.28348
70.00 120.00 0.21945
75.00 120.00 0.17526
80.00 120.00 0.18195
-45.00 125.00 0.30223
-40.00 125.00 0.38608
-35.00 125.00 0.45507
-30.00 125.00 0.48269
-25.00 125.00 0.44536
-20.00 125.00 0.34254
-15.00 125.00 0.20573
-10.00 125.00 0.84941E-01
-5.00 125.00 0.20791E-01
0.00 125.00 0.23326E-01
5.00 125.00 0.72758E-01
10.00 125.00 0.13880
15.00 125.00 0.20104
20.00 125.00 0.25526
25.00 125.00 0.30511
30.00 125.00 0.35119
35.00 125.00 0.38806
40.00 125.00 0.40936
45.00 125.00 0.41245
-65.00 130.00 0.15664
-60.00 130.00 0.13518
-55.00 130.00 0.16527
-50.00 130.00 0.23589
-45.00 130.00 0.33637
-40.00 130.00 0.45032
-35.00 130.00 0.54651
-30.00 130.00 0.58370
-25.00 130.00 0.53281
-20.00 130.00 0.40063
-15.00 130.00 0.23364
-10.00 130.00 0.95007E-01
-5.00 130.00 0.29615E-01
0.00 130.00 0.42027E-01
5.00 130.00 0.10162
10.00 130.00 0.16798
15.00 130.00 0.21595
20.00 130.00 0.24413
25.00 130.00 0.26584
30.00 130.00 0.29413
35.00 130.00 0.33236
40.00 130.00 0.37337
45.00 130.00 0.40313
50.00 130.00 0.40552
55.00 130.00 0.36866
60.00 130.00 0.29355
65.00 130.00 0.20060
-70.00 135.00 0.23802
-45.00 135.00 0.36283
-40.00 135.00 0.48459
-35.00 135.00 0.58307
-30.00 135.00 0.61350
-25.00 135.00 0.55029
-20.00 135.00 0.40763
-15.00 135.00 0.23668
-10.00 135.00 0.98514E-01
-5.00 135.00 0.31559E-01
0.00 135.00 0.35460E-01
5.00 135.00 0.79947E-01
10.00 135.00 0.12863
15.00 135.00 0.15989
20.00 135.00 0.17340
25.00 135.00 0.18356
30.00 135.00 0.20749
35.00 135.00 0.25465
40.00 135.00 0.32006
45.00 135.00 0.38282
70.00 135.00 0.10373
-75.00 140.00 0.32972
-65.00 140.00 0.18976
-60.00 140.00 0.17835
-55.00 140.00 0.20737
-50.00 140.00 0.27222
-45.00 140.00 0.36380
-40.00 140.00 0.45993
-35.00 140.00 0.52486
-30.00 140.00 0.52432
-25.00 140.00 0.44715
-20.00 140.00 0.31532
-15.00 140.00 0.17276
-10.00 140.00 0.60871E-01
-5.00 140.00 -0.10433E-02
0.00 140.00 -0.18241E-01
5.00 140.00 -0.86590E-02
10.00 140.00 0.10836E-01
15.00 140.00 0.30911E-01
20.00 140.00 0.49708E-01
25.00 140.00 0.71870E-01
30.00 140.00 0.10794
35.00 140.00 0.16953
40.00 140.00 0.25776
45.00 140.00 0.35210
50.00 140.00 0.41283
55.00 140.00 0.40276
60.00 140.00 0.31622
65.00 140.00 0.19196
75.00 140.00 0.77031E-01
-45.00 145.00 0.32971
-40.00 145.00 0.36643
-35.00 145.00 0.36253
-30.00 145.00 0.30611
-25.00 145.00 0.20911
-20.00 145.00 0.10134
-15.00 145.00 0.10559E-01
-10.00 145.00 -0.54080E-01
-5.00 145.00 -0.10068
0.00 145.00 -0.13845
5.00 145.00 -0.16423
10.00 145.00 -0.16558
15.00 145.00 -0.13592
20.00 145.00 -0.83936E-01
25.00 145.00 -0.25357E-01
30.00 145.00 0.34657E-01
35.00 145.00 0.10781
40.00 145.00 0.20680
45.00 145.00 0.32041
-80.00 150.00 0.39028
-70.00 150.00 0.25575
-65.00 150.00 0.22939
-60.00 150.00 0.23243
-55.00 150.00 0.25112
-50.00 150.00 0.26888
-45.00 150.00 0.26633
-40.00 150.00 0.22344
-35.00 150.00 0.13118
-30.00 150.00 0.44921E-02
-25.00 150.00 -0.11980
-20.00 150.00 -0.20560
-15.00 150.00 -0.24424
-10.00 150.00 -0.26025
-5.00 150.00 -0.28749
0.00 150.00 -0.33523
5.00 150.00 -0.37605
10.00 150.00 -0.36861
15.00 150.00 -0.29540
20.00 150.00 -0.17994
25.00 150.00 -0.66016E-01
30.00 150.00 0.21335E-01
35.00 150.00 0.95047E-01
40.00 150.00 0.18534
45.00 150.00 0.29850
50.00 150.00 0.39682
55.00 150.00 0.42330
60.00 150.00 0.35258
65.00 150.00 0.22188
70.00 150.00 0.11123
80.00 150.00 0.15400
-45.00 155.00 0.19334
-40.00 155.00 0.74670E-01
-35.00 155.00 -0.97913E-01
-30.00 155.00 -0.28789
-25.00 155.00 -0.44110
-20.00 155.00 -0.51948
-15.00 155.00 -0.53016
-10.00 155.00 -0.52064
-5.00 155.00 -0.53807
0.00 155.00 -0.58507
5.00 155.00 -0.61278
10.00 155.00 -0.56131
15.00 155.00 -0.41389
20.00 155.00 -0.21613
25.00 155.00 -0.41258E-01
30.00 155.00 0.68276E-01
35.00 155.00 0.12997
40.00 155.00 0.19471
45.00 155.00 0.28994
-75.00 160.00 0.30100
-65.00 160.00 0.26623
-60.00 160.00 0.27825
-55.00 160.00 0.27592
-50.00 160.00 0.23444
-45.00 160.00 0.13449
-40.00 160.00 -0.31660E-01
-35.00 160.00 -0.24806
-30.00 160.00 -0.46984
-25.00 160.00 -0.64045
-20.00 160.00 -0.72680
-15.00 160.00 -0.74455
-10.00 160.00 -0.74596
-5.00 160.00 -0.77341
0.00 160.00 -0.81632
5.00 160.00 -0.81272
10.00 160.00 -0.70010
15.00 160.00 -0.47440
20.00 160.00 -0.20418
25.00 160.00 0.16131E-01
30.00 160.00 0.13568
35.00 160.00 0.17943
40.00 160.00 0.21545
45.00 160.00 0.28783
50.00 160.00 0.37611
55.00 160.00 0.41741
60.00 160.00 0.36949
65.00 160.00 0.25594
75.00 160.00 0.12604
-85.00 165.00 0.41374
-70.00 165.00 0.27185
-45.00 165.00 0.10464
-40.00 165.00 -0.67669E-01
-35.00 165.00 -0.27619
-30.00 165.00 -0.48354
-25.00 165.00 -0.64759
-20.00 165.00 -0.74729
-15.00 165.00 -0.79866
-10.00 165.00 -0.84040
-5.00 165.00 -0.89457
0.00 165.00 -0.93575
5.00 165.00 -0.90152
10.00 165.00 -0.74283
15.00 165.00 -0.47419
20.00 165.00 -0.17738
25.00 165.00 0.50392E-01
30.00 165.00 0.16363
35.00 165.00 0.19486
40.00 165.00 0.21774
45.00 165.00 0.27961
70.00 165.00 0.17613
85.00 165.00 0.28609
-65.00 170.00 0.29343
-60.00 170.00 0.30675
-55.00 170.00 0.28457
-50.00 170.00 0.21453
-45.00 170.00 0.10159
-40.00 170.00 -0.41128E-01
-35.00 170.00 -0.19763
-30.00 170.00 -0.35013
-25.00 170.00 -0.48287
-20.00 170.00 -0.59069
-15.00 170.00 -0.68286
-10.00 170.00 -0.77214
-5.00 170.00 -0.85340
0.00 170.00 -0.89212
5.00 170.00 -0.84043
10.00 170.00 -0.67503
15.00 170.00 -0.42663
20.00 170.00 -0.17157
25.00 170.00 0.14540E-01
30.00 170.00 0.10646
35.00 170.00 0.14114
40.00 170.00 0.18062
45.00 170.00 0.25689
50.00 170.00 0.34594
55.00 170.00 0.39251
60.00 170.00 0.36292
65.00 170.00 0.27858
-45.00 175.00 0.10799
-40.00 175.00 0.89536E-02
-35.00 175.00 -0.79390E-01
-30.00 175.00 -0.16299
-25.00 175.00 -0.25508
-20.00 175.00 -0.36482
-15.00 175.00 -0.48956
-10.00 175.00 -0.61200
-5.00 175.00 -0.70243
0.00 175.00 -0.72803
5.00 175.00 -0.66917
10.00 175.00 -0.53493
15.00 175.00 -0.36492
20.00 175.00 -0.21036
25.00 175.00 -0.10375
30.00 175.00 -0.38997E-01
35.00 175.00 0.20203E-01
40.00 175.00 0.10776
45.00 175.00 0.22360
-80.00 180.00 0.31612
-75.00 180.00 0.27462
-70.00 180.00 0.28020
-65.00 180.00 0.30912
-60.00 180.00 0.31788
-55.00 180.00 0.27739
-50.00 180.00 0.19428
-45.00 180.00 0.10262
-40.00 180.00 0.34974E-01
-35.00 180.00 -0.33570E-02
-30.00 180.00 -0.37661E-01
-25.00 180.00 -0.10336
-20.00 180.00 -0.21764
-15.00 180.00 -0.36351
-10.00 180.00 -0.49688
-5.00 180.00 -0.57165
0.00 180.00 -0.56662
5.00 180.00 -0.49737
10.00 180.00 -0.40579
15.00 180.00 -0.33358
20.00 180.00 -0.29627
25.00 180.00 -0.27422
30.00 180.00 -0.22747
35.00 180.00 -0.12523
40.00 180.00 0.29323E-01
45.00 180.00 0.19642
50.00 180.00 0.32208
55.00 180.00 0.37102
60.00 180.00 0.34777
65.00 180.00 0.29185
70.00 180.00 0.25112
75.00 180.00 0.25141
80.00 180.00 0.28543
-45.00 -175 0.73826E-01
-40.00 -175 0.83076E-02
-35.00 -175 -0.20555E-01
-30.00 -175 -0.47025E-01
-25.00 -175 -0.11608
-20.00 -175 -0.24539
-15.00 -175 -0.40526
-10.00 -175 -0.53360
-5.00 -175 -0.57702
0.00 -175 -0.52904
5.00 -175 -0.43640
10.00 -175 -0.36728
15.00 -175 -0.36275
20.00 -175 -0.40665
25.00 -175 -0.43591
30.00 -175 -0.38472
35.00 -175 -0.23097
40.00 -175 -0.12637E-01
45.00 -175 0.19611
-65.00 -170 0.31191
-60.00 -170 0.31329
-55.00 -170 0.25453
-50.00 -170 0.14581
-45.00 -170 0.26801E-01
-40.00 -170 -0.65137E-01
-35.00 -170 -0.12469
-30.00 -170 -0.18290
-25.00 -170 -0.28088
-20.00 -170 -0.43141
-15.00 -170 -0.59873
-10.00 -170 -0.71557
-5.00 -170 -0.72908
0.00 -170 -0.64240
5.00 -170 -0.51829
10.00 -170 -0.43778
15.00 -170 -0.44151
20.00 -170 -0.49783
25.00 -170 -0.52346
30.00 -170 -0.44309
35.00 -170 -0.24434
40.00 -170 0.12243E-01
45.00 -170 0.23409
50.00 -170 0.35600
55.00 -170 0.37478
60.00 -170 0.33821
65.00 -170 0.30352
-70.00 -165 0.27599
-45.00 -165 -0.19940E-01
-40.00 -165 -0.15060
-35.00 -165 -0.26101
-30.00 -165 -0.36894
-25.00 -165 -0.50092
-20.00 -165 -0.66277
-15.00 -165 -0.82258
-10.00 -165 -0.92306
-5.00 -165 -0.91922
0.00 -165 -0.81508
5.00 -165 -0.66872
10.00 -165 -0.55608
15.00 -165 -0.51667
20.00 -165 -0.52260
25.00 -165 -0.49777
30.00 -165 -0.37585
35.00 -165 -0.15349
40.00 -165 0.10291
45.00 -165 0.30224
70.00 -165 0.32488
-75.00 -160 0.25324
-65.00 -160 0.29637
-60.00 -160 0.28851
-55.00 -160 0.22358
-50.00 -160 0.10492
-45.00 -160 -0.46260E-01
-40.00 -160 -0.20660
-35.00 -160 -0.36263
-30.00 -160 -0.51370
-25.00 -160 -0.66479
-20.00 -160 -0.81361
-15.00 -160 -0.94068
-10.00 -160 -1.0125
-5.00 -160 -1.0004
0.00 -160 -0.90423
5.00 -160 -0.76048
10.00 -160 -0.62305
15.00 -160 -0.52604
20.00 -160 -0.45735
25.00 -160 -0.36781
30.00 -160 -0.21326
35.00 -160 0.28359E-02
40.00 -160 0.22271
45.00 -160 0.37246
50.00 -160 0.41565
55.00 -160 0.37869
60.00 -160 0.32739
65.00 -160 0.31546
75.00 -160 0.39005
-45.00 -155 -0.42504E-01
-40.00 -155 -0.20835
-35.00 -155 -0.38851
-30.00 -155 -0.56478
-25.00 -155 -0.71695
-20.00 -155 -0.83077
-15.00 -155 -0.90051
-10.00 -155 -0.92406
-5.00 -155 -0.89824
0.00 -155 -0.82231
5.00 -155 -0.70644
10.00 -155 -0.57302
15.00 -155 -0.44376
20.00 -155 -0.32224
25.00 -155 -0.19085
30.00 -155 -0.30545E-01
35.00 -155 0.15158
40.00 -155 0.31439
45.00 -155 0.40761
-80.00 -150 0.26768
-70.00 -150 0.25315
-65.00 -150 0.25602
-60.00 -150 0.22855
-55.00 -150 0.17092
-50.00 -150 0.91061E-01
-45.00 -150 -0.14519E-01
-40.00 -150 -0.15799
-35.00 -150 -0.33854
-30.00 -150 -0.52716
-25.00 -150 -0.67752
-20.00 -150 -0.75545
-15.00 -150 -0.76031
-10.00 -150 -0.71907
-5.00 -150 -0.66065
0.00 -150 -0.59546
5.00 -150 -0.51683
10.00 -150 -0.41745
15.00 -150 -0.30060
20.00 -150 -0.17544
25.00 -150 -0.46181E-01
30.00 -150 0.88094E-01
35.00 -150 0.22059
40.00 -150 0.32746
45.00 -150 0.37902
50.00 -150 0.36693
55.00 -150 0.32117
60.00 -150 0.29449
65.00 -150 0.32209
70.00 -150 0.39067
80.00 -150 0.45307
-45.00 -145 0.20638E-01
-40.00 -145 -0.77761E-01
-35.00 -145 -0.24062
-30.00 -145 -0.43895
-25.00 -145 -0.60272
-20.00 -145 -0.66874
-15.00 -145 -0.62575
-10.00 -145 -0.51810
-5.00 -145 -0.40764
0.00 -145 -0.32948
5.00 -145 -0.27799
10.00 -145 -0.22743
15.00 -145 -0.16075
20.00 -145 -0.79656E-01
25.00 -145 0.63958E-02
30.00 -145 0.92278E-01
35.00 -145 0.17505
40.00 -145 0.24396
45.00 -145 0.28144
-85.00 -140 0.33150
-75.00 -140 0.23838
-65.00 -140 0.19586
-60.00 -140 0.12648
-55.00 -140 0.63923E-01
-50.00 -140 0.42492E-01
-45.00 -140 0.44355E-01
-40.00 -140 0.56437E-02
-35.00 -140 -0.12550
-30.00 -140 -0.33198
-25.00 -140 -0.52690
-20.00 -140 -0.61348
-15.00 -140 -0.55522
-10.00 -140 -0.39821
-5.00 -140 -0.23096
0.00 -140 -0.12073
5.00 -140 -0.78896E-01
10.00 -140 -0.74902E-01
15.00 -140 -0.74262E-01
20.00 -140 -0.62373E-01
25.00 -140 -0.40136E-01
30.00 -140 -0.84578E-02
35.00 -140 0.35516E-01
40.00 -140 0.88740E-01
45.00 -140 0.13742
50.00 -140 0.16955
55.00 -140 0.19319
60.00 -140 0.23578
65.00 -140 0.31725
75.00 -140 0.49461
85.00 -140 0.42056
-70.00 -135 0.22404
-45.00 -135 0.45001E-01
-40.00 -135 0.73076E-01
-35.00 -135 -0.11603E-01
-30.00 -135 -0.21330
-25.00 -135 -0.43917
-20.00 -135 -0.56352
-15.00 -135 -0.51920
-10.00 -135 -0.34163
-5.00 -135 -0.13464
0.00 -135 0.58599E-02
5.00 -135 0.46375E-01
10.00 -135 0.13694E-01
15.00 -135 -0.45583E-01
20.00 -135 -0.99904E-01
25.00 -135 -0.13723
30.00 -135 -0.15087
35.00 -135 -0.13269
40.00 -135 -0.81712E-01
45.00 -135 -0.11809E-01
70.00 -135 0.42804
-65.00 -130 0.14298
-60.00 -130 0.16614E-01
-55.00 -130 -0.81523E-01
-50.00 -130 -0.77290E-01
-45.00 -130 0.21170E-01
-40.00 -130 0.11492
-35.00 -130 0.90838E-01
-30.00 -130 -0.80810E-01
-25.00 -130 -0.31355
-20.00 -130 -0.46632
-15.00 -130 -0.44790
-10.00 -130 -0.27851
-5.00 -130 -0.64713E-01
0.00 -130 0.82358E-01
5.00 -130 0.11474
10.00 -130 0.55335E-01
15.00 -130 -0.42717E-01
20.00 -130 -0.13801
25.00 -130 -0.21163
30.00 -130 -0.25362
35.00 -130 -0.25324
40.00 -130 -0.20615
45.00 -130 -0.12443
50.00 -130 -0.30060E-01
55.00 -130 0.65452E-01
60.00 -130 0.17081
65.00 -130 0.29729
-45.00 -125 -0.19814E-01
-40.00 -125 0.12677
-35.00 -125 0.16678
-30.00 -125 0.47579E-01
-25.00 -125 -0.15989
-20.00 -125 -0.31581
-15.00 -125 -0.31890
-10.00 -125 -0.17711
-5.00 -125 0.10416E-01
0.00 -125 0.13444
5.00 -125 0.14720
10.00 -125 0.73041E-01
15.00 -125 -0.33362E-01
20.00 -125 -0.13214
25.00 -125 -0.20961
30.00 -125 -0.26117
35.00 -125 -0.27678
40.00 -125 -0.24682
45.00 -125 -0.17591
-80.00 -120 0.25067
-75.00 -120 0.24329
-70.00 -120 0.22877
-65.00 -120 0.13609
-60.00 -120 -0.28064E-01
-55.00 -120 -0.17074
-50.00 -120 -0.18888
-45.00 -120 -0.64830E-01
-40.00 -120 0.10746
-35.00 -120 0.19331
-30.00 -120 0.12578
-25.00 -120 -0.41758E-01
-20.00 -120 -0.18226
-15.00 -120 -0.19770
-10.00 -120 -0.89664E-01
-5.00 -120 0.55394E-01
0.00 -120 0.14290
5.00 -120 0.13741
10.00 -120 0.69134E-01
15.00 -120 -0.10651E-01
20.00 -120 -0.74364E-01
25.00 -120 -0.12468
30.00 -120 -0.16968
35.00 -120 -0.20208
40.00 -120 -0.20429
45.00 -120 -0.16763
50.00 -120 -0.98739E-01
55.00 -120 -0.62505E-02
60.00 -120 0.11180
65.00 -120 0.25814
70.00 -120 0.41165
75.00 -120 0.51887
80.00 -120 0.52965
-45.00 -115 -0.96962E-01
-40.00 -115 0.63591E-01
-35.00 -115 0.15485
-30.00 -115 0.10760
-25.00 -115 -0.36117E-01
-20.00 -115 -0.16370
-15.00 -115 -0.18646
-10.00 -115 -0.10453
-5.00 -115 0.79294E-02
0.00 -115 0.73870E-01
5.00 -115 0.72444E-01
10.00 -115 0.38506E-01
15.00 -115 0.15347E-01
20.00 -115 0.12826E-01
25.00 -115 0.80869E-02
30.00 -115 -0.21146E-01
35.00 -115 -0.70067E-01
40.00 -115 -0.11190
45.00 -115 -0.12237
-65.00 -110 0.19385
-60.00 -110 0.46159E-01
-55.00 -110 -0.10466
-50.00 -110 -0.16161
-45.00 -110 -0.97445E-01
-40.00 -110 0.15812E-01
-35.00 -110 0.65076E-01
-30.00 -110 -0.90689E-02
-25.00 -110 -0.16451
-20.00 -110 -0.29620
-15.00 -110 -0.32328
-10.00 -110 -0.24713
-5.00 -110 -0.13520
0.00 -110 -0.54405E-01
5.00 -110 -0.19071E-01
10.00 -110 0.37780E-02
15.00 -110 0.47056E-01
20.00 -110 0.10563
25.00 -110 0.14250
30.00 -110 0.12683
35.00 -110 0.62968E-01
40.00 -110 -0.14939E-01
45.00 -110 -0.70312E-01
50.00 -110 -0.82695E-01
55.00 -110 -0.44051E-01
60.00 -110 0.50977E-01
65.00 -110 0.19889
-70.00 -105 0.28051
-45.00 -105 -0.50091E-01
-40.00 -105 -0.27223E-02
-35.00 -105 -0.26343E-01
-30.00 -105 -0.16185
-25.00 -105 -0.35630
-20.00 -105 -0.50318
-15.00 -105 -0.52506
-10.00 -105 -0.42660
-5.00 -105 -0.27691
0.00 -105 -0.14545
5.00 -105 -0.52629E-01
10.00 -105 0.25509E-01
15.00 -105 0.11333
20.00 -105 0.20092
25.00 -105 0.25072
30.00 -105 0.23345
35.00 -105 0.15531
40.00 -105 0.52722E-01
45.00 -105 -0.33631E-01
70.00 -105 0.34056
-75.00 -100 0.26072
-65.00 -100 0.29084
-60.00 -100 0.21357
-55.00 -100 0.11452
-50.00 -100 0.56639E-01
-45.00 -100 0.51221E-01
-40.00 -100 0.39680E-01
-35.00 -100 -0.54793E-01
-30.00 -100 -0.25165
-25.00 -100 -0.48264
-20.00 -100 -0.63540
-15.00 -100 -0.63403
-10.00 -100 -0.48881
-5.00 -100 -0.27771
0.00 -100 -0.82994E-01
5.00 -100 0.59785E-01
10.00 -100 0.16244
15.00 -100 0.24652
20.00 -100 0.31036
25.00 -100 0.33054
30.00 -100 0.28924
35.00 -100 0.19558
40.00 -100 0.81540E-01
45.00 -100 -0.18003E-01
50.00 -100 -0.77894E-01
55.00 -100 -0.80036E-01
60.00 -100 -0.98330E-02
65.00 -100 0.13233
75.00 -100 0.45954
-45.00 -95 0.19545
-40.00 -95 0.15334
-35.00 -95 0.20723E-01
-30.00 -95 -0.20404
-25.00 -95 -0.44136
-20.00 -95 -0.57639
-15.00 -95 -0.53679
-10.00 -95 -0.33968
-5.00 -95 -0.73202E-01
0.00 -95 0.16601
5.00 -95 0.32645
10.00 -95 0.40976
15.00 -95 0.44053
20.00 -95 0.43421
25.00 -95 0.39040
30.00 -95 0.30791
35.00 -95 0.19837
40.00 -95 0.83770E-01
45.00 -95 -0.14366E-01
-80.00 -90 0.24321
-70.00 -90 0.32316
-65.00 -90 0.37098
-60.00 -90 0.37562
-55.00 -90 0.35816
-50.00 -90 0.35178
-45.00 -90 0.35345
-40.00 -90 0.31530
-35.00 -90 0.18843
-30.00 -90 -0.19744E-01
-25.00 -90 -0.22893
-20.00 -90 -0.33020
-15.00 -90 -0.25802
-10.00 -90 -0.33472E-01
-5.00 -90 0.25232
0.00 -90 0.49672
5.00 -90 0.63907
10.00 -90 0.67462
15.00 -90 0.63207
20.00 -90 0.54343
25.00 -90 0.43032
30.00 -90 0.30721
35.00 -90 0.18697
40.00 -90 0.79887E-01
45.00 -90 -0.82617E-02
50.00 -90 -0.70612E-01
55.00 -90 -0.90139E-01
60.00 -90 -0.42193E-01
65.00 -90 0.83929E-01
70.00 -90 0.25933
80.00 -90 0.48293
-85.00 -85 0.31360
-45.00 -85 0.48639
-40.00 -85 0.47600
-35.00 -85 0.38664
-30.00 -85 0.22406
-25.00 -85 0.57039E-01
-20.00 -85 -0.19806E-01
-15.00 -85 0.51853E-01
-10.00 -85 0.25509
-5.00 -85 0.50959
0.00 -85 0.72092
5.00 -85 0.82858
10.00 -85 0.82296
15.00 -85 0.73094
20.00 -85 0.59111
25.00 -85 0.43762
30.00 -85 0.29504
35.00 -85 0.17683
40.00 -85 0.84091E-01
45.00 -85 0.98566E-02
85.00 -85 0.43224
-75.00 -80 0.24956
-65.00 -80 0.39262
-60.00 -80 0.44209
-55.00 -80 0.47457
-50.00 -80 0.51385
-45.00 -80 0.56106
-40.00 -80 0.58272
-35.00 -80 0.53841
-30.00 -80 0.42339
-25.00 -80 0.28609
-20.00 -80 0.20262
-15.00 -80 0.22739
-10.00 -80 0.35812
-5.00 -80 0.53948
0.00 -80 0.69808
5.00 -80 0.78027
10.00 -80 0.76959
15.00 -80 0.68121
20.00 -80 0.54656
25.00 -80 0.39995
30.00 -80 0.26952
35.00 -80 0.16975
40.00 -80 0.97686E-01
45.00 -80 0.39500E-01
50.00 -80 -0.12301E-01
55.00 -80 -0.43625E-01
60.00 -80 -0.22792E-01
65.00 -80 0.72671E-01
75.00 -80 0.37595
-70.00 -75 0.30637
-45.00 -75 0.56397
-40.00 -75 0.60565
-35.00 -75 0.59435
-30.00 -75 0.51093
-25.00 -75 0.38058
-20.00 -75 0.26125
-15.00 -75 0.20753
-10.00 -75 0.23859
-5.00 -75 0.33153
0.00 -75 0.43966
5.00 -75 0.51826
10.00 -75 0.54125
15.00 -75 0.50478
20.00 -75 0.42324
25.00 -75 0.32230
30.00 -75 0.22906
35.00 -75 0.15992
40.00 -75 0.11278
45.00 -75 0.72411E-01
70.00 -75 0.21731
-65.00 -70 0.36364
-60.00 -70 0.41199
-55.00 -70 0.43682
-50.00 -70 0.46300
-45.00 -70 0.50633
-40.00 -70 0.55033
-35.00 -70 0.55483
-30.00 -70 0.48808
-25.00 -70 0.35454
-20.00 -70 0.19626
-15.00 -70 0.68730E-01
-10.00 -70 0.10953E-01
-5.00 -70 0.29355E-01
0.00 -70 0.10130
5.00 -70 0.19006
10.00 -70 0.26054
15.00 -70 0.29039
20.00 -70 0.27592
25.00 -70 0.23172
30.00 -70 0.18187
35.00 -70 0.14485
40.00 -70 0.12193
45.00 -70 0.99612E-01
50.00 -70 0.67229E-01
55.00 -70 0.35135E-01
60.00 -70 0.34787E-01
65.00 -70 0.95248E-01
-45.00 -65 0.41717
-40.00 -65 0.44973
-35.00 -65 0.45923
-30.00 -65 0.40721
-25.00 -65 0.28267
-20.00 -65 0.11337
-15.00 -65 -0.48679E-01
-10.00 -65 -0.15444
-5.00 -65 -0.17960
0.00 -65 -0.13062
5.00 -65 -0.37087E-01
10.00 -65 0.62655E-01
15.00 -65 0.13620
20.00 -65 0.16840
25.00 -65 0.16518
30.00 -65 0.14669
35.00 -65 0.13210
40.00 -65 0.12601
45.00 -65 0.11795
-80.00 -60 0.24174
-75.00 -60 0.22253
-70.00 -60 0.26711
-65.00 -60 0.33000
-60.00 -60 0.36495
-55.00 -60 0.35945
-50.00 -60 0.33696
-45.00 -60 0.32900
-40.00 -60 0.34324
-35.00 -60 0.35455
-30.00 -60 0.32468
-25.00 -60 0.23279
-20.00 -60 0.92738E-01
-15.00 -60 -0.53789E-01
-10.00 -60 -0.16037
-5.00 -60 -0.19827
0.00 -60 -0.16604
5.00 -60 -0.85519E-01
10.00 -60 0.10179E-01
15.00 -60 0.90097E-01
20.00 -60 0.13642
25.00 -60 0.14950
30.00 -60 0.14392
35.00 -60 0.13666
40.00 -60 0.13461
45.00 -60 0.13157
50.00 -60 0.11859
55.00 -60 0.99324E-01
60.00 -60 0.95089E-01
65.00 -60 0.13136
70.00 -60 0.21439
75.00 -60 0.31655
80.00 -60 0.38987
-45.00 -55 0.26448
-40.00 -55 0.25737
-35.00 -55 0.26818
-30.00 -55 0.26415
-25.00 -55 0.21909
-20.00 -55 0.13377
-15.00 -55 0.35075E-01
-10.00 -55 -0.41848E-01
-5.00 -55 -0.73156E-01
0.00 -55 -0.55140E-01
5.00 -55 -0.10612E-02
10.00 -55 0.67670E-01
15.00 -55 0.12992
20.00 -55 0.17098
25.00 -55 0.18642
30.00 -55 0.18230
35.00 -55 0.17005
40.00 -55 0.15819
45.00 -55 0.14731
-65.00 -50 0.32952
-60.00 -50 0.37089
-55.00 -50 0.35439
-50.00 -50 0.29380
-45.00 -50 0.23069
-40.00 -50 0.19936
-35.00 -50 0.20256
-30.00 -50 0.21528
-25.00 -50 0.20903
-20.00 -50 0.17430
-15.00 -50 0.12446
-10.00 -50 0.82340E-01
-5.00 -50 0.64106E-01
0.00 -50 0.72802E-01
5.00 -50 0.10242
10.00 -50 0.14434
15.00 -50 0.18964
20.00 -50 0.22817
25.00 -50 0.24968
30.00 -50 0.24853
35.00 -50 0.22771
40.00 -50 0.19716
45.00 -50 0.16728
50.00 -50 0.14400
55.00 -50 0.13054
60.00 -50 0.13288
65.00 -50 0.16068
-70.00 -45 0.26553
-45.00 -45 0.22188
-40.00 -45 0.16361
-35.00 -45 0.14927
-30.00 -45 0.16061
-25.00 -45 0.16841
-20.00 -45 0.15730
-15.00 -45 0.13329
-10.00 -45 0.11236
-5.00 -45 0.10514
0.00 -45 0.11217
5.00 -45 0.13044
10.00 -45 0.16018
15.00 -45 0.20278
20.00 -45 0.25252
25.00 -45 0.29316
30.00 -45 0.30597
35.00 -45 0.28329
40.00 -45 0.23538
45.00 -45 0.18369
70.00 -45 0.21947
-75.00 -40 0.23193
-65.00 -40 0.35886
-60.00 -40 0.42281
-55.00 -40 0.41498
-50.00 -40 0.33466
-45.00 -40 0.22621
-40.00 -40 0.14207
-35.00 -40 0.10537
-30.00 -40 0.10137
-25.00 -40 0.99477E-01
-20.00 -40 0.82106E-01
-15.00 -40 0.55089E-01
-10.00 -40 0.35101E-01
-5.00 -40 0.31294E-01
0.00 -40 0.40289E-01
5.00 -40 0.56638E-01
10.00 -40 0.83787E-01
15.00 -40 0.13101
20.00 -40 0.19844
25.00 -40 0.26687
30.00 -40 0.30591
35.00 -40 0.29586
40.00 -40 0.24405
45.00 -40 0.18041
50.00 -40 0.13619
55.00 -40 0.12485
60.00 -40 0.14094
65.00 -40 0.17398
75.00 -40 0.27728
-45.00 -35 0.23123
-40.00 -35 0.12879
-35.00 -35 0.76219E-01
-30.00 -35 0.57767E-01
-25.00 -35 0.38325E-01
-20.00 -35 -0.15569E-02
-15.00 -35 -0.52073E-01
-10.00 -35 -0.90002E-01
-5.00 -35 -0.10351
0.00 -35 -0.99803E-01
5.00 -35 -0.90338E-01
10.00 -35 -0.72566E-01
15.00 -35 -0.30418E-01
20.00 -35 0.45322E-01
25.00 -35 0.13810
30.00 -35 0.21010
35.00 -35 0.22935
40.00 -35 0.19570
45.00 -35 0.14131
-85.00 -30 0.37254
-80.00 -30 0.28929
-70.00 -30 0.29112
-65.00 -30 0.38433
-60.00 -30 0.45995
-55.00 -30 0.45475
-50.00 -30 0.36011
-45.00 -30 0.22563
-40.00 -30 0.11663
-35.00 -30 0.63437E-01
-30.00 -30 0.45019E-01
-25.00 -30 0.17045E-01
-20.00 -30 -0.45079E-01
-15.00 -30 -0.12784
-10.00 -30 -0.19863
-5.00 -30 -0.23868
0.00 -30 -0.25606
5.00 -30 -0.26814
10.00 -30 -0.27534
15.00 -30 -0.25624
20.00 -30 -0.19063
25.00 -30 -0.86967E-01
30.00 -30 0.15553E-01
35.00 -30 0.75298E-01
40.00 -30 0.81454E-01
45.00 -30 0.61042E-01
50.00 -30 0.53719E-01
55.00 -30 0.79071E-01
60.00 -30 0.12677
65.00 -30 0.17553
70.00 -30 0.21775
80.00 -30 0.31137
85.00 -30 0.34730
-45.00 -25 0.19896
-40.00 -25 0.91838E-01
-35.00 -25 0.51126E-01
-30.00 -25 0.48397E-01
-25.00 -25 0.26454E-01
-20.00 -25 -0.48908E-01
-15.00 -25 -0.16364
-10.00 -25 -0.27533
-5.00 -25 -0.35404
0.00 -25 -0.40324
5.00 -25 -0.44354
10.00 -25 -0.48045
15.00 -25 -0.49212
20.00 -25 -0.45029
25.00 -25 -0.35276
30.00 -25 -0.23288
35.00 -25 -0.13499
40.00 -25 -0.79003E-01
45.00 -25 -0.48144E-01
-75.00 -20 0.27368
-65.00 -20 0.37906
-60.00 -20 0.43863
-55.00 -20 0.41318
-50.00 -20 0.29489
-45.00 -20 0.14265
-40.00 -20 0.34634E-01
-35.00 -20 0.54446E-02
-30.00 -20 0.21310E-01
-25.00 -20 0.12817E-01
-20.00 -20 -0.66032E-01
-15.00 -20 -0.20427
-10.00 -20 -0.35130
-5.00 -20 -0.46337
0.00 -20 -0.53430
5.00 -20 -0.58554
10.00 -20 -0.63190
15.00 -20 -0.66045
20.00 -20 -0.64329
25.00 -20 -0.56833
30.00 -20 -0.45508
35.00 -20 -0.33912
40.00 -20 -0.24217
45.00 -20 -0.15857
50.00 -20 -0.70431E-01
55.00 -20 0.26731E-01
60.00 -20 0.11641
65.00 -20 0.17948
75.00 -20 0.24989
-70.00 -15 0.30176
-45.00 -15 0.53726E-01
-40.00 -15 -0.71653E-01
-35.00 -15 -0.10851
-30.00 -15 -0.88922E-01
-25.00 -15 -0.87901E-01
-20.00 -15 -0.16120
-15.00 -15 -0.30385
-10.00 -15 -0.46128
-5.00 -15 -0.57743
0.00 -15 -0.63514
5.00 -15 -0.65667
10.00 -15 -0.67173
15.00 -15 -0.68733
20.00 -15 -0.68614
25.00 -15 -0.64865
30.00 -15 -0.57274
35.00 -15 -0.47201
40.00 -15 -0.35948
45.00 -15 -0.23793
70.00 -15 0.21902
-65.00 -10 0.34702
-60.00 -10 0.37255
-55.00 -10 0.31064
-50.00 -10 0.14751
-45.00 -10 -0.60756E-01
-40.00 -10 -0.22804
-35.00 -10 -0.30296
-30.00 -10 -0.30529
-25.00 -10 -0.30465
-20.00 -10 -0.36141
-15.00 -10 -0.47935
-10.00 -10 -0.60728
-5.00 -10 -0.68347
0.00 -10 -0.68294
5.00 -10 -0.63039
10.00 -10 -0.57418
15.00 -10 -0.54842
20.00 -10 -0.55356
25.00 -10 -0.56469
30.00 -10 -0.55269
35.00 -10 -0.49930
40.00 -10 -0.40022
45.00 -10 -0.26328
50.00 -10 -0.10804
55.00 -10 0.36334E-01
60.00 -10 0.14183
65.00 -10 0.19832
-45.00 -5 -0.18255
-40.00 -5 -0.41313
-35.00 -5 -0.55347
-30.00 -5 -0.60045
-25.00 -5 -0.60758
-20.00 -5 -0.63495
-15.00 -5 -0.69861
-10.00 -5 -0.75998
-5.00 -5 -0.76087
0.00 -5 -0.67347
5.00 -5 -0.52517
10.00 -5 -0.38147
15.00 -5 -0.30292
20.00 -5 -0.30869
25.00 -5 -0.36947
30.00 -5 -0.42885
35.00 -5 -0.43519
40.00 -5 -0.36519
45.00 -5 -0.23053
90.00 0.00 0.33440
-90.00 0.00 0.43819
