-85.00 0.00 0.67158
-80.00 0.00 0.77672
-75.00 0.00 0.76639
-70.00 0.00 0.64297
-65.00 0.00 0.41499
-60.00 0.00 0.11219
-55.00 0.00 -0.20240
-50.00 0.00 -0.44571
-45.00 0.00 -0.55004
-40.00 0.00 -0.50030
-35.00 0.00 -0.34764
-30.00 0.00 -0.18450
-25.00 0.00 -0.90536E-01
-20.00 0.00 -0.80021E-01
-15.00 0.00 -0.86208E-01
-10.00 0.00 0.80740E-03
-5.00 0.00 0.25999
0.00 0.00 0.67381
5.00 0.00 1.1168
10.00 0.00 1.4128
15.00 0.00 1.4321
20.00 0.00 1.1666
25.00 0.00 0.73686
30.00 0.00 0.32172
35.00 0.00 0.56229E-01
40.00 0.00 -0.37007E-01
45.00 0.00 -0.41429E-01
50.00 0.00 -0.73965E-01
55.00 0.00 -0.19894
60.00 0.00 -0.38645
65.00 0.00 -0.53877
70.00 0.00 -0.56185
75.00 0.00 -0.42545
80.00 0.00 -0.18491
85.00 0.00 0.62032E-01
-45.00 5.00 -0.41897
-40.00 5.00 -0.35839
-35.00 5.00 -0.21765
-30.00 5.00 -0.86462E-01
-25.00 5.00 -0.98079E-02
-20.00 5.00 0.40470E-01
-15.00 5.00 0.13606
-10.00 5.00 0.32999
-5.00 5.00 0.61068
0.00 5.00 0.90367
5.00 5.00 1.1136
10.00 5.00 1.1725
15.00 5.00 1.0658
20.00 5.00 0.83050
25.00 5.00 0.53803
30.00 5.00 0.27218
35.00 5.00 0.10349
40.00 5.00 0.60199E-01
45.00 5.00 0.10896
-65.00 10.00 0.59269
-60.00 10.00 0.32275
-55.00 10.00 0.25816E-01
-50.00 10.00 -0.19646
-45.00 10.00 -0.26894
-40.00 10.00 -0.19958
-35.00 10.00 -0.70946E-01
-30.00 10.00 0.32414E-01
-25.00 10.00 0.97117E-01
-20.00 10.00 0.18651
-15.00 10.00 0.37167
-10.00 10.00 0.65104
-5.00 10.00 0.93372
0.00 10.00 1.1026
5.00 10.00 1.1002
10.00 10.00 0.96124
15.00 10.00 0.76945
20.00 10.00 0.58690
25.00 10.00 0.42448
30.00 10.00 0.27412
35.00 10.00 0.15685
40.00 10.00 0.12509
45.00 10.00 0.20818
50.00 10.00 0.35652
55.00 10.00 0.45125
60.00 10.00 0.38765
65.00 10.00 0.16588
-70.00 15.00 0.82306
-45.00 15.00 -0.14456
-40.00 15.00 -0.55959E-01
-35.00 15.00 0.81392E-01
-30.00 15.00 0.17952
-25.00 15.00 0.23986
-20.00 15.00 0.34618
-15.00 15.00 0.56878
-10.00 15.00 0.87069
-5.00 15.00 1.1114
0.00 15.00 1.1542
5.00 15.00 0.98142
10.00 15.00 0.71064
15.00 15.00 0.49492
20.00 15.00 0.39966
25.00 15.00 0.37025
30.00 15.00 0.31612
35.00 15.00 0.22307
40.00 15.00 0.17819
45.00 15.00 0.27814
70.00 15.00 0.14871
-75.00 20.00 0.90796
-65.00 20.00 0.70753
-60.00 20.00 0.45653
-55.00 20.00 0.16639
-50.00 20.00 -0.43902E-01
-45.00 20.00 -0.80549E-01
-40.00 20.00 0.45662E-01
-35.00 20.00 0.22726
-30.00 20.00 0.35747
-25.00 20.00 0.42560
-20.00 20.00 0.51341
-15.00 20.00 0.69057
-10.00 20.00 0.91255
-5.00 20.00 1.0311
0.00 20.00 0.92083
5.00 20.00 0.60692
10.00 20.00 0.26647
15.00 20.00 0.90654E-01
20.00 20.00 0.12905
25.00 20.00 0.26105
30.00 20.00 0.32293
35.00 20.00 0.27108
40.00 20.00 0.22409
45.00 20.00 0.33966
50.00 20.00 0.64051
55.00 20.00 0.95750
60.00 20.00 1.0527
65.00 20.00 0.81854
75.00 20.00 -0.10502E-01
-45.00 25.00 -0.95166E-01
-40.00 25.00 0.83518E-01
-35.00 25.00 0.34209
-30.00 25.00 0.54038
-25.00 25.00 0.62870
-20.00 25.00 0.66376
-15.00 25.00 0.71426
-10.00 25.00 0.75610
-5.00 25.00 0.67454
0.00 25.00 0.38455
5.00 25.00 -0.46276E-01
10.00 25.00 -0.40637
15.00 25.00 -0.49458
20.00 25.00 -0.28836
25.00 25.00 0.33769E-01
30.00 25.00 0.24760
35.00 25.00 0.28041
40.00 25.00 0.26746
45.00 25.00 0.41049
-80.00 30.00 0.90385
-70.00 30.00 0.86126
-65.00 30.00 0.68587
-60.00 30.00 0.39889
-55.00 30.00 0.64826E-01
-50.00 30.00 -0.17457
-45.00 30.00 -0.18657
-40.00 30.00 0.43923E-01
-35.00 30.00 0.38926
-30.00 30.00 0.67025
-25.00 30.00 0.78335
-20.00 30.00 0.74697
-15.00 30.00 0.63097
-10.00 30.00 0.45284
-5.00 30.00 0.15853
0.00 30.00 -0.28427
5.00 30.00 -0.77947
10.00 30.00 -1.1118
15.00 30.00 -1.0944
20.00 30.00 -0.73088
25.00 30.00 -0.23471
30.00 30.00 0.13355
35.00 30.00 0.27619
40.00 30.00 0.32631
45.00 30.00 0.50519
50.00 30.00 0.89380
55.00 30.00 1.3275
60.00 30.00 1.5160
65.00 30.00 1.2881
70.00 30.00 0.74586
80.00 30.00 -0.84023E-01
-45.00 35.00 -0.33209
-40.00 35.00 -0.70477E-01
-35.00 35.00 0.33856
-30.00 35.00 0.68421
-25.00 35.00 0.81335
-20.00 35.00 0.70877
-15.00 35.00 0.44766
-10.00 35.00 0.99266E-01
-5.00 35.00 -0.32419
0.00 35.00 -0.81356
5.00 35.00 -1.2752
10.00 35.00 -1.5274
15.00 35.00 -1.4173
20.00 35.00 -0.96296
25.00 35.00 -0.37505
30.00 35.00 0.87377E-01
35.00 35.00 0.31548
40.00 35.00 0.42516
45.00 35.00 0.63086
-75.00 40.00 0.91965
-65.00 40.00 0.54961
-60.00 40.00 0.20350
-55.00 40.00 -0.18061
-50.00 40.00 -0.46170
-45.00 40.00 -0.49240
-40.00 40.00 -0.23315
-35.00 40.00 0.19141
-30.00 40.00 0.55724
-25.00 40.00 0.68243
-20.00 40.00 0.52961
-15.00 40.00 0.19033
-10.00 40.00 -0.21660
-5.00 40.00 -0.62616
0.00 40.00 -1.0146
5.00 40.00 -1.3278
10.00 40.00 -1.4517
15.00 40.00 -1.2813
20.00 40.00 -0.83178
25.00 40.00 -0.27070
30.00 40.00 0.18559
35.00 40.00 0.43662
40.00 40.00 0.57296
45.00 40.00 0.78019
50.00 40.00 1.1469
55.00 40.00 1.5502
60.00 40.00 1.7323
65.00 40.00 1.5132
75.00 40.00 0.34325
-70.00 45.00 0.74215
-45.00 45.00 -0.62262
-40.00 45.00 -0.39670
-35.00 45.00 -0.82762E-02
-30.00 45.00 0.32782
-25.00 45.00 0.42760
-20.00 45.00 0.25114
-15.00 45.00 -0.94372E-01
-10.00 45.00 -0.45405
-5.00 45.00 -0.73190
0.00 45.00 -0.91395
5.00 45.00 -1.0080
10.00 45.00 -0.98346
15.00 45.00 -0.78633
20.00 45.00 -0.41571
25.00 45.00 0.29135E-01
30.00 45.00 0.40033
35.00 45.00 0.61922
40.00 45.00 0.74768
45.00 45.00 0.92981
70.00 45.00 1.0018
-65.00 50.00 0.37950
-60.00 50.00 0.56784E-02
-55.00 50.00 -0.36417
-50.00 50.00 -0.62998
-45.00 50.00 -0.68903
-40.00 50.00 -0.51107
-35.00 50.00 -0.19152
-30.00 50.00 0.82377E-01
-25.00 50.00 0.14557
-20.00 50.00 -0.35224E-01
-15.00 50.00 -0.34612
-10.00 50.00 -0.61716
-5.00 50.00 -0.74062
0.00 50.00 -0.71875
5.00 50.00 -0.61424
10.00 50.00 -0.46703
15.00 50.00 -0.26437
20.00 50.00 0.13540E-01
25.00 50.00 0.33387
30.00 50.00 0.61397
35.00 50.00 0.79421
40.00 50.00 0.90544
45.00 50.00 1.0490
50.00 50.00 1.2907
55.00 50.00 1.5644
60.00 50.00 1.6886
65.00 50.00 1.5026
-85.00 55.00 0.76764
-45.00 55.00 -0.68479
-40.00 55.00 -0.54958
-35.00 55.00 -0.30323
-30.00 55.00 -0.96051E-01
-25.00 55.00 -0.64876E-01
-20.00 55.00 -0.23806
-15.00 55.00 -0.51176
-10.00 55.00 -0.72346
-5.00 55.00 -0.76505
0.00 55.00 -0.64303
5.00 55.00 -0.44222
10.00 55.00 -0.23681
15.00 55.00 -0.35463E-01
20.00 55.00 0.19427
25.00 55.00 0.45991
30.00 55.00 0.71443
35.00 55.00 0.89872
40.00 55.00 1.0101
45.00 55.00 1.1157
85.00 55.00 -0.10811E-01
-80.00 60.00 0.92835
-75.00 60.00 0.86710
-70.00 60.00 0.60804
-65.00 60.00 0.24464
-60.00 60.00 -0.12337
-55.00 60.00 -0.42180
-50.00 60.00 -0.60226
-45.00 60.00 -0.63567
-40.00 60.00 -0.52655
-35.00 60.00 -0.33690
-30.00 60.00 -0.18039
-25.00 60.00 -0.16607
-20.00 60.00 -0.32365
-15.00 60.00 -0.57410
-10.00 60.00 -0.77932
-5.00 60.00 -0.83670
0.00 60.00 -0.74059
5.00 60.00 -0.56134
10.00 60.00 -0.36723
15.00 60.00 -0.16645
20.00 60.00 0.77483E-01
25.00 60.00 0.37947
30.00 60.00 0.69051
35.00 60.00 0.92940
40.00 60.00 1.0595
45.00 60.00 1.1284
50.00 60.00 1.2197
55.00 60.00 1.3543
60.00 60.00 1.4404
65.00 60.00 1.3353
70.00 60.00 0.97910
75.00 60.00 0.48492
80.00 60.00 0.89274E-01
-45.00 65.00 -0.58978
-40.00 65.00 -0.49214
-35.00 65.00 -0.33884
-30.00 65.00 -0.21415
-25.00 65.00 -0.20331
-20.00 65.00 -0.33854
-15.00 65.00 -0.56796
-10.00 65.00 -0.78397
-5.00 65.00 -0.89485
0.00 65.00 -0.87968
5.00 65.00 -0.77849
10.00 65.00 -0.63139
15.00 65.00 -0.43108
20.00 65.00 -0.14022
25.00 65.00 0.24316
30.00 65.00 0.64397
35.00 65.00 0.94650
40.00 65.00 1.0855
45.00 65.00 1.1047
-65.00 70.00 0.17419
-60.00 70.00 -0.20611
-55.00 70.00 -0.47213
-50.00 70.00 -0.59583
-45.00 70.00 -0.59434
-40.00 70.00 -0.50432
-35.00 70.00 -0.37598
-30.00 70.00 -0.27503
-25.00 70.00 -0.26595
-20.00 70.00 -0.37468
-15.00 70.00 -0.56316
-10.00 70.00 -0.74823
-5.00 70.00 -0.85690
0.00 70.00 -0.86984
5.00 70.00 -0.81138
10.00 70.00 -0.69788
15.00 70.00 -0.50232
20.00 70.00 -0.18134
25.00 70.00 0.25516
30.00 70.00 0.70528
35.00 70.00 1.0230
40.00 70.00 1.1257
45.00 70.00 1.0668
50.00 70.00 0.99499
55.00 70.00 1.0236
60.00 70.00 1.1221
65.00 70.00 1.1358
-70.00 75.00 0.58217
-45.00 75.00 -0.67078
-40.00 75.00 -0.59362
-35.00 75.00 -0.48804
-30.00 75.00 -0.41310
-25.00 75.00 -0.41459
-20.00 75.00 -0.49798
-15.00 75.00 -0.61662
-10.00 75.00 -0.69852
-5.00 75.00 -0.69783
0.00 75.00 -0.62476
5.00 75.00 -0.52063
10.00 75.00 -0.39915
15.00 75.00 -0.21670
20.00 75.00 0.86588E-01
25.00 75.00 0.50420
30.00 75.00 0.92256
35.00 75.00 1.1798
40.00 75.00 1.1900
45.00 75.00 1.0251
70.00 75.00 0.92072
-75.00 80.00 0.87636
-65.00 80.00 0.18083
-60.00 80.00 -0.25452
-55.00 80.00 -0.58761
-50.00 80.00 -0.76671
-45.00 80.00 -0.80186
-40.00 80.00 -0.74300
-35.00 80.00 -0.65787
-30.00 80.00 -0.60995
-25.00 80.00 -0.63017
-20.00 80.00 -0.69342
-15.00 80.00 -0.72631
-10.00 80.00 -0.65589
-5.00 80.00 -0.46865
0.00 80.00 -0.22592
5.00 80.00 -0.12013E-01
10.00 80.00 0.14495
15.00 80.00 0.30305
20.00 80.00 0.54775
25.00 80.00 0.88942
30.00 80.00 1.2161
35.00 80.00 1.3626
40.00 80.00 1.2500
45.00 80.00 0.97315
50.00 80.00 0.74423
55.00 80.00 0.72447
60.00 80.00 0.88446
65.00 80.00 1.0213
75.00 80.00 0.59050
-45.00 85.00 -0.93796
-40.00 85.00 -0.89559
-35.00 85.00 -0.82101
-30.00 85.00 -0.78992
-25.00 85.00 -0.82515
-20.00 85.00 -0.87208
-15.00 85.00 -0.82695
-10.00 85.00 -0.61251
-5.00 85.00 -0.24773
0.00 85.00 0.15245
5.00 85.00 0.46000
10.00 85.00 0.63538
15.00 85.00 0.75583
20.00 85.00 0.93497
25.00 85.00 1.1991
30.00 85.00 1.4364
35.00 85.00 1.4794
40.00 85.00 1.2600
45.00 85.00 0.89759
-80.00 90.00 0.88633
-70.00 90.00 0.67711
-65.00 90.00 0.27429
-60.00 90.00 -0.20466
-55.00 90.00 -0.63335
-50.00 90.00 -0.91564
-45.00 90.00 -1.0189
-40.00 90.00 -0.98464
-35.00 90.00 -0.90621
-30.00 90.00 -0.87350
-25.00 90.00 -0.90804
-20.00 90.00 -0.93662
-15.00 90.00 -0.83698
-10.00 90.00 -0.53491
-5.00 90.00 -0.78749E-01
0.00 90.00 0.37900
5.00 90.00 0.69096
10.00 90.00 0.82879
15.00 90.00 0.89924
20.00 90.00 1.0387
25.00 90.00 1.2736
30.00 90.00 1.4766
35.00 90.00 1.4697
40.00 90.00 1.1943
45.00 90.00 0.79463
50.00 90.00 0.52680
55.00 90.00 0.55659
60.00 90.00 0.81593
65.00 90.00 1.0471
70.00 90.00 1.0083
80.00 90.00 0.25877
-45.00 95.00 -0.99925
-40.00 95.00 -0.96546
-35.00 95.00 -0.87603
-30.00 95.00 -0.82944
-25.00 95.00 -0.84780
-20.00 95.00 -0.85200
-15.00 95.00 -0.72024
-10.00 95.00 -0.39487
-5.00 95.00 0.49752E-01
0.00 95.00 0.44641
5.00 95.00 0.66134
10.00 95.00 0.70416
15.00 95.00 0.71940
20.00 95.00 0.85509
25.00 95.00 1.1177
30.00 95.00 1.3472
35.00 95.00 1.3477
40.00 95.00 1.0693
45.00 95.00 0.67961
-75.00 100.00 0.88484
-65.00 100.00 0.42620
-60.00 100.00 -0.81349E-02
-55.00 100.00 -0.43655
-50.00 100.00 -0.74205
-45.00 100.00 -0.86391
-40.00 100.00 -0.83026
-35.00 100.00 -0.73848
-30.00 100.00 -0.68403
-25.00 100.00 -0.68419
-20.00 100.00 -0.66075
-15.00 100.00 -0.50760
-10.00 100.00 -0.19555
-5.00 100.00 0.17739
0.00 100.00 0.44669
5.00 100.00 0.51442
10.00 100.00 0.44161
15.00 100.00 0.40858
20.00 100.00 0.56232
25.00 100.00 0.87684
30.00 100.00 1.1552
35.00 100.00 1.1865
40.00 100.00 0.93245
45.00 100.00 0.58095
50.00 100.00 0.40866
55.00 100.00 0.55794
60.00 100.00 0.91303
65.00 100.00 1.1834
75.00 100.00 0.75751
-70.00 105.00 0.75940
-45.00 105.00 -0.63011
-40.00 105.00 -0.60135
-35.00 105.00 -0.52615
-30.00 105.00 -0.48388
-25.00 105.00 -0.47756
-20.00 105.00 -0.42997
-15.00 105.00 -0.25717
-10.00 105.00 0.37334E-01
-5.00 105.00 0.33525
0.00 105.00 0.48276
5.00 105.00 0.42144
10.00 105.00 0.25697
15.00 105.00 0.19157
20.00 105.00 0.36059
25.00 105.00 0.70706
30.00 105.00 1.0100
35.00 105.00 1.0576
40.00 105.00 0.82823
45.00 105.00 0.52300
70.00 105.00 1.1866
-85.00 110.00 0.59347
-65.00 110.00 0.53344
-60.00 110.00 0.23646
-55.00 110.00 -0.59248E-01
-50.00 110.00 -0.26420
-45.00 110.00 -0.33871
-40.00 110.00 -0.31447
-35.00 110.00 -0.26663
-30.00 110.00 -0.24968
-25.00 110.00 -0.24669
-20.00 110.00 -0.18107
-15.00 110.00 0.85046E-02
-10.00 110.00 0.28998
-5.00 110.00 0.53280
0.00 110.00 0.59769
5.00 110.00 0.45730
10.00 110.00 0.24223
15.00 110.00 0.15677
20.00 110.00 0.31877
25.00 110.00 0.65320
30.00 110.00 0.93792
35.00 110.00 0.97756
40.00 110.00 0.76797
45.00 110.00 0.51109
50.00 110.00 0.45784
55.00 110.00 0.70135
60.00 110.00 1.0895
65.00 110.00 1.3333
85.00 110.00 0.10872
-45.00 115.00 -0.43150E-01
-40.00 115.00 -0.86249E-02
-35.00 115.00 0.26363E-01
-30.00 115.00 0.32864E-01
-25.00 115.00 0.43112E-01
-20.00 115.00 0.12655
-15.00 115.00 0.32133
-10.00 115.00 0.57652
-5.00 115.00 0.76372
0.00 115.00 0.76537
5.00 115.00 0.57678
10.00 115.00 0.33334
15.00 115.00 0.22441
20.00 115.00 0.34995
25.00 115.00 0.63404
30.00 115.00 0.87525
35.00 115.00 0.90473
40.00 115.00 0.72805
45.00 115.00 0.53007
-80.00 120.00 0.60688
-75.00 120.00 0.63589
-70.00 120.00 0.58037
-65.00 120.00 0.45268
-60.00 120.00 0.30279
-55.00 120.00 0.19219
-50.00 120.00 0.15924
-45.00 120.00 0.19912
-40.00 120.00 0.27156
-35.00 120.00 0.33317
-30.00 120.00 0.37309
-25.00 120.00 0.42386
-20.00 120.00 0.53330
-15.00 120.00 0.71317
-10.00 120.00 0.90559
-5.00 120.00 1.0037
0.00 120.00 0.92410
5.00 120.00 0.68221
10.00 120.00 0.40468
15.00 120.00 0.25550
20.00 120.00 0.32018
25.00 120.00 0.53733
30.00 120.00 0.74032
35.00 120.00 0.78664
40.00 120.00 0.67592
45.00 120.00 0.55641
50.00 120.00 0.60462
55.00 120.00 0.86920
60.00 120.00 1.2082
65.00 120.00 1.3805
70.00 120.00 1.2281
75.00 120.00 0.80519
80.00 120.00 0.35323
-45.00 125.00 0.33435
-40.00 125.00 0.47042
-35.00 125.00 0.60115
-30.00 125.00 0.72257
-25.00 125.00 0.84923
-20.00 125.00 0.99187
-15.00 125.00 1.1336
-10.00 125.00 1.2228
-5.00 125.00 1.1935
0.00 125.00 1.0097
5.00 125.00 0.70534
10.00 125.00 0.38829
15.00 125.00 0.18965
20.00 125.00 0.18383
25.00 125.00 0.33508
30.00 125.00 0.51908
35.00 125.00 0.61485
40.00 125.00 0.60068
45.00 125.00 0.57328
-65.00 130.00 0.10237
-60.00 130.00 0.17870E-01
-55.00 130.00 0.33125E-01
-50.00 130.00 0.14637
-45.00 130.00 0.32299
-40.00 130.00 0.52769
-35.00 130.00 0.74353
-30.00 130.00 0.96444
-25.00 130.00 1.1754
-20.00 130.00 1.3436
-15.00 130.00 1.4277
-10.00 130.00 1.3959
-5.00 130.00 1.2381
0.00 130.00 0.97011
5.00 130.00 0.63766
10.00 130.00 0.31550
15.00 130.00 0.91193E-01
20.00 130.00 0.26814E-01
25.00 130.00 0.11824
30.00 130.00 0.28922
35.00 130.00 0.43994
40.00 130.00 0.52193
45.00 130.00 0.57628
50.00 130.00 0.69168
55.00 130.00 0.90747
60.00 130.00 1.1461
65.00 130.00 1.2476
-70.00 135.00 0.19086E-01
-45.00 135.00 0.15350
-40.00 135.00 0.40225
-35.00 135.00 0.67729
-30.00 135.00 0.96865
-25.00 135.00 1.2333
-20.00 135.00 1.4017
-15.00 135.00 1.4197
-10.00 135.00 1.2863
-5.00 135.00 1.0512
0.00 135.00 0.77701
5.00 135.00 0.50617
10.00 135.00 0.26249
15.00 135.00 0.75111E-01
20.00 135.00 -0.13916E-01
25.00 135.00 0.22688E-01
30.00 135.00 0.16181
35.00 135.00 0.33272
40.00 135.00 0.46935
45.00 135.00 0.56640
70.00 135.00 0.98325
-75.00 140.00 0.36630E-01
-65.00 140.00 -0.45519
-60.00 140.00 -0.56901
-55.00 140.00 -0.52802
-50.00 140.00 -0.36712
-45.00 140.00 -0.14687
-40.00 140.00 0.10083
-35.00 140.00 0.37881
-30.00 140.00 0.68002
-25.00 140.00 0.94723
-20.00 140.00 1.0902
-15.00 140.00 1.0529
-10.00 140.00 0.86642
-5.00 140.00 0.63242
0.00 140.00 0.44724
5.00 140.00 0.33750
10.00 140.00 0.26488
15.00 140.00 0.18920
20.00 140.00 0.12128
25.00 140.00 0.11135
30.00 140.00 0.18906
35.00 140.00 0.32366
40.00 140.00 0.45075
45.00 140.00 0.53803
50.00 140.00 0.61565
55.00 140.00 0.73099
60.00 140.00 0.87163
65.00 140.00 0.94473
75.00 140.00 0.59507
-45.00 145.00 -0.51328
-40.00 145.00 -0.31002
-35.00 145.00 -0.84539E-01
-30.00 145.00 0.17182
-25.00 145.00 0.40660
-20.00 145.00 0.52391
-15.00 145.00 0.46671
-10.00 145.00 0.28387
-5.00 145.00 0.10862
0.00 145.00 0.58700E-01
5.00 145.00 0.14657
10.00 145.00 0.28154
15.00 145.00 0.35897
20.00 145.00 0.35038
25.00 145.00 0.31213
30.00 145.00 0.31459
35.00 145.00 0.37070
40.00 145.00 0.43650
45.00 145.00 0.47464
-80.00 150.00 0.41757E-01
-70.00 150.00 -0.69730
-65.00 150.00 -1.0336
-60.00 150.00 -1.1984
-55.00 150.00 -1.1694
-50.00 150.00 -1.0231
-45.00 150.00 -0.86064
-40.00 150.00 -0.72239
-35.00 150.00 -0.57525
-30.00 150.00 -0.38174
-25.00 150.00 -0.17361
-20.00 150.00 -0.45872E-01
-15.00 150.00 -0.69051E-01
-10.00 150.00 -0.20506
-5.00 150.00 -0.31653
0.00 150.00 -0.27162
5.00 150.00 -0.52220E-01
10.00 150.00 0.23287
15.00 150.00 0.44025
20.00 150.00 0.50310
25.00 150.00 0.46325
30.00 150.00 0.40759
35.00 150.00 0.38320
40.00 150.00 0.37554
45.00 150.00 0.35848
50.00 150.00 0.34699
55.00 150.00 0.38557
60.00 150.00 0.48372
65.00 150.00 0.57734
70.00 150.00 0.57379
80.00 150.00 0.28089
-45.00 155.00 -1.1115
-40.00 155.00 -1.0290
-35.00 155.00 -0.94918
-30.00 155.00 -0.79889
-25.00 155.00 -0.58150
-20.00 155.00 -0.39196
-15.00 155.00 -0.33132
-10.00 155.00 -0.40223
-5.00 155.00 -0.48968
0.00 155.00 -0.45121
5.00 155.00 -0.23626
10.00 155.00 0.72961E-01
15.00 155.00 0.33204
20.00 155.00 0.44710
25.00 155.00 0.42922
30.00 155.00 0.35447
35.00 155.00 0.28498
40.00 155.00 0.23251
45.00 155.00 0.18819
-75.00 160.00 -0.58208
-65.00 160.00 -1.4351
-60.00 160.00 -1.5918
-55.00 160.00 -1.5283
-50.00 160.00 -1.3589
-45.00 160.00 -1.2216
-40.00 160.00 -1.1650
-35.00 160.00 -1.1204
-30.00 160.00 -0.98333
-25.00 160.00 -0.72989
-20.00 160.00 -0.45505
-15.00 160.00 -0.29564
-10.00 160.00 -0.30858
-5.00 160.00 -0.41710
0.00 160.00 -0.47381
5.00 160.00 -0.38198
10.00 160.00 -0.16731
15.00 160.00 0.56349E-01
20.00 160.00 0.18513
25.00 160.00 0.19590
30.00 160.00 0.13711
35.00 160.00 0.68482E-01
40.00 160.00 0.18087E-01
45.00 160.00 -0.94581E-02
50.00 160.00 -0.27046E-02
55.00 160.00 0.59520E-01
60.00 160.00 0.17568
65.00 160.00 0.29761
75.00 160.00 0.32955
-85.00 165.00 0.16942
-70.00 165.00 -1.1752
-45.00 165.00 -1.1904
-40.00 165.00 -1.1260
-35.00 165.00 -1.0865
-30.00 165.00 -0.95282
-25.00 165.00 -0.68129
-20.00 165.00 -0.35860
-15.00 165.00 -0.13905
-10.00 165.00 -0.11924
-5.00 165.00 -0.26027
0.00 165.00 -0.42255
5.00 165.00 -0.47744
10.00 165.00 -0.39776
15.00 165.00 -0.25682
20.00 165.00 -0.15190
25.00 165.00 -0.12777
30.00 165.00 -0.16104
35.00 165.00 -0.20050
40.00 165.00 -0.21149
45.00 165.00 -0.18532
70.00 165.00 0.29334
85.00 165.00 0.24179
-65.00 170.00 -1.5633
-60.00 170.00 -1.6442
-55.00 170.00 -1.5007
-50.00 170.00 -1.2562
-45.00 170.00 -1.0545
-40.00 170.00 -0.95635
-35.00 170.00 -0.90552
-30.00 170.00 -0.79311
-25.00 170.00 -0.56664
-20.00 170.00 -0.28790
-15.00 170.00 -0.89511E-01
-10.00 170.00 -0.68788E-01
-5.00 170.00 -0.21060
0.00 170.00 -0.40252
5.00 170.00 -0.52377
10.00 170.00 -0.52953
15.00 170.00 -0.46457
20.00 170.00 -0.40672
25.00 170.00 -0.39826
30.00 170.00 -0.42194
35.00 170.00 -0.42975
40.00 170.00 -0.38670
45.00 170.00 -0.29032
50.00 170.00 -0.15996
55.00 170.00 -0.18906E-01
60.00 170.00 0.11154
65.00 170.00 0.21038
-45.00 175.00 -0.86787
-40.00 175.00 -0.72130
-35.00 175.00 -0.65147
-30.00 175.00 -0.58568
-25.00 175.00 -0.47507
-20.00 175.00 -0.33934
-15.00 175.00 -0.24671
-10.00 175.00 -0.25081
-5.00 175.00 -0.34231
0.00 175.00 -0.45636
5.00 175.00 -0.52611
10.00 175.00 -0.53310
15.00 175.00 -0.51215
20.00 175.00 -0.51105
25.00 175.00 -0.54395
30.00 175.00 -0.57836
35.00 175.00 -0.56265
40.00 175.00 -0.46658
45.00 175.00 -0.30191
-80.00 180.00 -0.37149
-75.00 180.00 -0.84750
-70.00 180.00 -1.2395
-65.00 180.00 -1.4529
-60.00 180.00 -1.4465
-55.00 180.00 -1.2537
-50.00 180.00 -0.96486
-45.00 180.00 -0.68338
-40.00 180.00 -0.48215
-35.00 180.00 -0.38389
-30.00 180.00 -0.37065
-25.00 180.00 -0.40839
-20.00 180.00 -0.46652
-15.00 180.00 -0.52308
-10.00 180.00 -0.56092
-5.00 180.00 -0.56668
0.00 180.00 -0.53771
5.00 180.00 -0.49008
10.00 180.00 -0.45591
15.00 180.00 -0.46590
20.00 180.00 -0.52628
25.00 180.00 -0.60689
30.00 180.00 -0.65193
35.00 180.00 -0.60928
40.00 180.00 -0.46134
45.00 180.00 -0.23795
50.00 180.00 -0.27365E-02
55.00 180.00 0.17944
60.00 180.00 0.27515
65.00 180.00 0.29594
70.00 180.00 0.28539
75.00 180.00 0.28392
80.00 180.00 0.30034
-45.00 -175 -0.53920
-40.00 -175 -0.28533
-35.00 -175 -0.14652
-30.00 -175 -0.16513
-25.00 -175 -0.32841
-20.00 -175 -0.55931
-15.00 -175 -0.74726
-10.00 -175 -0.80665
-5.00 -175 -0.72516
0.00 -175 -0.56740
5.00 -175 -0.43171
10.00 -175 -0.39108
15.00 -175 -0.45678
20.00 -175 -0.58159
25.00 -175 -0.69091
30.00 -175 -0.71785
35.00 -175 -0.62644
40.00 -175 -0.42179
45.00 -175 -0.14975
-65.00 -170 -1.2147
-60.00 -170 -1.1616
-55.00 -170 -0.99841
-50.00 -170 -0.75351
-45.00 -170 -0.45361
-40.00 -170 -0.16059
-35.00 -170 0.21412E-01
-30.00 -170 -0.19288E-02
-25.00 -170 -0.23736
-20.00 -170 -0.57197
-15.00 -170 -0.82940
-10.00 -170 -0.88232
-5.00 -170 -0.73632
0.00 -170 -0.51938
5.00 -170 -0.38697
10.00 -170 -0.41826
15.00 -170 -0.57821
20.00 -170 -0.76021
25.00 -170 -0.86113
30.00 -170 -0.82941
35.00 -170 -0.66647
40.00 -170 -0.40556
45.00 -170 -0.98633E-01
50.00 -170 0.18703
55.00 -170 0.38302
60.00 -170 0.45348
65.00 -170 0.42350
-70.00 -165 -1.0316
-45.00 -165 -0.42408
-40.00 -165 -0.11817
-35.00 -165 0.87349E-01
-30.00 -165 0.64021E-01
-25.00 -165 -0.20352
-20.00 -165 -0.57490
-15.00 -165 -0.83627
-10.00 -165 -0.85223
-5.00 -165 -0.66432
0.00 -165 -0.45373
5.00 -165 -0.40010
10.00 -165 -0.55285
15.00 -165 -0.81286
20.00 -165 -1.0227
25.00 -165 -1.0770
30.00 -165 -0.96540
35.00 -165 -0.73708
40.00 -165 -0.44548
45.00 -165 -0.13009
70.00 -165 0.40951
-75.00 -160 -0.77564
-65.00 -160 -0.96402
-60.00 -160 -0.90753
-55.00 -160 -0.81850
-50.00 -160 -0.67078
-45.00 -160 -0.42973
-40.00 -160 -0.14241
-35.00 -160 0.47366E-01
-30.00 -160 -0.27122E-02
-25.00 -160 -0.30051
-20.00 -160 -0.68018
-15.00 -160 -0.91079
-10.00 -160 -0.87236
-5.00 -160 -0.65014
0.00 -160 -0.46372
5.00 -160 -0.49099
10.00 -160 -0.73548
15.00 -160 -1.0414
20.00 -160 -1.2274
25.00 -160 -1.2142
30.00 -160 -1.0441
35.00 -160 -0.80331
40.00 -160 -0.54047
45.00 -160 -0.25881
50.00 -160 0.32022E-01
55.00 -160 0.28126
60.00 -160 0.42803
65.00 -160 0.46366
75.00 -160 0.44598
-45.00 -155 -0.43889
-40.00 -155 -0.19137
-35.00 -155 -0.54274E-01
-30.00 -155 -0.16761
-25.00 -155 -0.51795
-20.00 -155 -0.91346
-15.00 -155 -1.1164
-10.00 -155 -1.0293
-5.00 -155 -0.77341
0.00 -155 -0.58680
5.00 -155 -0.63088
10.00 -155 -0.87122
15.00 -155 -1.1276
20.00 -155 -1.2343
25.00 -155 -1.1603
30.00 -155 -0.99372
35.00 -155 -0.82721
40.00 -155 -0.67032
45.00 -155 -0.46873
-80.00 -150 -0.40605
-70.00 -150 -0.79441
-65.00 -150 -0.77976
-60.00 -150 -0.73858
-55.00 -150 -0.69775
-50.00 -150 -0.60617
-45.00 -150 -0.42289
-40.00 -150 -0.21289
-35.00 -150 -0.13737
-30.00 -150 -0.32504
-25.00 -150 -0.73676
-20.00 -150 -1.1598
-15.00 -150 -1.3570
-10.00 -150 -1.2499
-5.00 -150 -0.97556
0.00 -150 -0.76571
5.00 -150 -0.75641
10.00 -150 -0.89540
15.00 -150 -1.0193
20.00 -150 -1.0155
25.00 -150 -0.91244
30.00 -150 -0.82301
35.00 -150 -0.81062
40.00 -150 -0.81731
45.00 -150 -0.72276
50.00 -150 -0.46805
55.00 -150 -0.11721
60.00 -150 0.20132
65.00 -150 0.40615
70.00 -150 0.51034
80.00 -150 0.57007
-45.00 -145 -0.37202
-40.00 -145 -0.17487
-35.00 -145 -0.13430
-30.00 -145 -0.36507
-25.00 -145 -0.80869
-20.00 -145 -1.2466
-15.00 -145 -1.4541
-10.00 -145 -1.3669
-5.00 -145 -1.1150
0.00 -145 -0.89793
5.00 -145 -0.81758
10.00 -145 -0.82065
15.00 -145 -0.79087
20.00 -145 -0.68923
25.00 -145 -0.59920
30.00 -145 -0.63416
35.00 -145 -0.80348
40.00 -145 -0.97461
45.00 -145 -0.97312
-85.00 -140 0.22596E-01
-75.00 -140 -0.60248
-65.00 -140 -0.69246
-60.00 -140 -0.67671
-55.00 -140 -0.63779
-50.00 -140 -0.51836
-45.00 -140 -0.30375
-40.00 -140 -0.90352E-01
-35.00 -140 -0.42729E-01
-30.00 -140 -0.26172
-25.00 -140 -0.68140
-20.00 -140 -1.0977
-15.00 -140 -1.3138
-10.00 -140 -1.2791
-5.00 -140 -1.1005
0.00 -140 -0.92647
5.00 -140 -0.81806
10.00 -140 -0.72764
15.00 -140 -0.59431
20.00 -140 -0.44790
25.00 -140 -0.40665
30.00 -140 -0.56289
35.00 -140 -0.86790
40.00 -140 -1.1348
45.00 -140 -1.1675
50.00 -140 -0.90485
55.00 -140 -0.45296
60.00 -140 0.11014E-01
65.00 -140 0.36634
75.00 -140 0.70571
85.00 -140 0.52545
-70.00 -135 -0.65410
-45.00 -135 -0.25489
-40.00 -135 -0.15049E-01
-35.00 -135 0.63076E-01
-30.00 -135 -0.10632
-25.00 -135 -0.45864
-20.00 -135 -0.81877
-15.00 -135 -1.0294
-10.00 -135 -1.0551
-5.00 -135 -0.97550
0.00 -135 -0.88545
5.00 -135 -0.80787
10.00 -135 -0.70269
15.00 -135 -0.55366
20.00 -135 -0.43207
25.00 -135 -0.45815
30.00 -135 -0.68631
35.00 -135 -1.0240
40.00 -135 -1.2707
45.00 -135 -1.2538
70.00 -135 0.65352
-65.00 -130 -0.68034
-60.00 -130 -0.70913
-55.00 -130 -0.67157
-50.00 -130 -0.51599
-45.00 -130 -0.25872
-40.00 -130 -0.11990E-01
-35.00 -130 0.80977E-01
-30.00 -130 -0.46809E-01
-25.00 -130 -0.33176
-20.00 -130 -0.62848
-15.00 -130 -0.81823
-10.00 -130 -0.88123
-5.00 -130 -0.87594
0.00 -130 -0.85915
5.00 -130 -0.83310
10.00 -130 -0.77032
15.00 -130 -0.68098
20.00 -130 -0.64022
25.00 -130 -0.73327
30.00 -130 -0.96413
35.00 -130 -1.2188
40.00 -130 -1.3292
45.00 -130 -1.1886
50.00 -130 -0.82106
55.00 -130 -0.34900
60.00 -130 0.10180
65.00 -130 0.46767
-45.00 -125 -0.32001
-40.00 -125 -0.10407
-35.00 -125 -0.40162E-01
-30.00 -125 -0.17147
-25.00 -125 -0.42752
-20.00 -125 -0.68110
-15.00 -125 -0.84050
-10.00 -125 -0.89801
-5.00 -125 -0.90276
0.00 -125 -0.89844
5.00 -125 -0.89215
10.00 -125 -0.87833
15.00 -125 -0.87821
20.00 -125 -0.93876
25.00 -125 -1.0819
30.00 -125 -1.2556
35.00 -125 -1.3454
40.00 -125 -1.2491
45.00 -125 -0.95228
-80.00 -120 -0.21808
-75.00 -120 -0.41785
-70.00 -120 -0.55806
-65.00 -120 -0.67683
-60.00 -120 -0.75891
-55.00 -120 -0.74743
-50.00 -120 -0.61202
-45.00 -120 -0.40548
-40.00 -120 -0.24895
-35.00 -120 -0.25085
-30.00 -120 -0.42779
-25.00 -120 -0.69467
-20.00 -120 -0.92965
-15.00 -120 -1.0555
-10.00 -120 -1.0726
-5.00 -120 -1.0303
0.00 -120 -0.97785
5.00 -120 -0.94435
10.00 -120 -0.95090
15.00 -120 -1.0210
20.00 -120 -1.1598
25.00 -120 -1.3200
30.00 -120 -1.4002
35.00 -120 -1.3001
40.00 -120 -0.99543
45.00 -120 -0.56465
50.00 -120 -0.13482
55.00 -120 0.21035
60.00 -120 0.47661
65.00 -120 0.71508
70.00 -120 0.93167
75.00 -120 1.0447
80.00 -120 0.94749
-45.00 -115 -0.45869
-40.00 -115 -0.35825
-35.00 -115 -0.42306
-30.00 -115 -0.64577
-25.00 -115 -0.92719
-20.00 -115 -1.1484
-15.00 -115 -1.2440
-10.00 -115 -1.2221
-5.00 -115 -1.1336
0.00 -115 -1.0326
5.00 -115 -0.96317
10.00 -115 -0.96305
15.00 -115 -1.0540
20.00 -115 -1.2096
25.00 -115 -1.3360
30.00 -115 -1.3062
35.00 -115 -1.0435
40.00 -115 -0.58969
45.00 -115 -0.90560E-01
-65.00 -110 -0.60839
-60.00 -110 -0.71836
-55.00 -110 -0.71781
-50.00 -110 -0.59575
-45.00 -110 -0.43199
-40.00 -110 -0.35131
-35.00 -110 -0.43304
-30.00 -110 -0.65424
-25.00 -110 -0.91248
-20.00 -110 -1.1028
-15.00 -110 -1.1806
-10.00 -110 -1.1659
-5.00 -110 -1.1039
0.00 -110 -1.0313
5.00 -110 -0.97540
10.00 -110 -0.96501
15.00 -110 -1.0186
20.00 -110 -1.1072
25.00 -110 -1.1369
30.00 -110 -0.99201
35.00 -110 -0.62444
40.00 -110 -0.11301
45.00 -110 0.37221
50.00 -110 0.68754
55.00 -110 0.81950
60.00 -110 0.87935
65.00 -110 0.98591
-70.00 -105 -0.38163
-45.00 -105 -0.31527
-40.00 -105 -0.20733
-35.00 -105 -0.24584
-30.00 -105 -0.40362
-25.00 -105 -0.59012
-20.00 -105 -0.72992
-15.00 -105 -0.81210
-10.00 -105 -0.87268
-5.00 -105 -0.94001
0.00 -105 -1.0040
5.00 -105 -1.0359
10.00 -105 -1.0268
15.00 -105 -0.99231
20.00 -105 -0.93589
25.00 -105 -0.81464
30.00 -105 -0.56144
35.00 -105 -0.15645
40.00 -105 0.32040
45.00 -105 0.72168
70.00 -105 1.2259
-75.00 -100 -0.15804
-65.00 -100 -0.44547
-60.00 -100 -0.54684
-55.00 -100 -0.52338
-50.00 -100 -0.36233
-45.00 -100 -0.14220
-40.00 -100 0.21078E-01
-35.00 -100 0.60716E-01
-30.00 -100 -0.15934E-02
-25.00 -100 -0.96829E-01
-20.00 -100 -0.18580
-15.00 -100 -0.29467
-10.00 -100 -0.47518
-5.00 -100 -0.73208
0.00 -100 -0.99306
5.00 -100 -1.1529
10.00 -100 -1.1496
15.00 -100 -0.99902
20.00 -100 -0.76055
25.00 -100 -0.47485
30.00 -100 -0.14302
35.00 -100 0.23408
40.00 -100 0.60705
45.00 -100 0.88617
50.00 -100 1.0131
55.00 -100 1.0263
60.00 -100 1.0408
65.00 -100 1.1431
75.00 -100 1.3287
-45.00 -95 0.30691E-01
-40.00 -95 0.24283
-35.00 -95 0.35021
-30.00 -95 0.36448
-25.00 -95 0.33512
-20.00 -95 0.27526
-15.00 -95 0.13431
-10.00 -95 -0.14893
-5.00 -95 -0.56070
0.00 -95 -0.97988
5.00 -95 -1.2389
10.00 -95 -1.2315
15.00 -95 -0.97646
20.00 -95 -0.58827
25.00 -95 -0.18786
30.00 -95 0.16311
35.00 -95 0.45715
40.00 -95 0.69269
45.00 -95 0.84984
-80.00 -90 0.87666E-01
-70.00 -90 -0.96615E-01
-65.00 -90 -0.21601
-60.00 -90 -0.29966
-55.00 -90 -0.26791
-50.00 -90 -0.94970E-01
-45.00 -90 0.15831
-40.00 -90 0.38673
-35.00 -90 0.51884
-30.00 -90 0.55700
-25.00 -90 0.54268
-20.00 -90 0.48588
-15.00 -90 0.33562
-10.00 -90 0.30210E-01
-5.00 -90 -0.41522
0.00 -90 -0.87060
5.00 -90 -1.1505
10.00 -90 -1.1319
15.00 -90 -0.83439
20.00 -90 -0.39925
25.00 -90 0.10851E-01
30.00 -90 0.30513
35.00 -90 0.48355
40.00 -90 0.58931
45.00 -90 0.65846
50.00 -90 0.71462
55.00 -90 0.79241
60.00 -90 0.93546
65.00 -90 1.1474
70.00 -90 1.3429
80.00 -90 1.1302
-85.00 -85 0.25126
-45.00 -85 0.23211
-40.00 -85 0.44252
-35.00 -85 0.55693
-30.00 -85 0.57146
-25.00 -85 0.53207
-20.00 -85 0.46812
-15.00 -85 0.35129
-10.00 -85 0.12647
-5.00 -85 -0.21131
0.00 -85 -0.57023
5.00 -85 -0.79954
10.00 -85 -0.78942
15.00 -85 -0.55051
20.00 -85 -0.20581
25.00 -85 0.96526E-01
30.00 -85 0.27543
35.00 -85 0.34412
40.00 -85 0.36739
45.00 -85 0.40363
85.00 -85 0.66449
-75.00 -80 0.15953
-65.00 -80 0.30649E-01
-60.00 -80 -0.41282E-01
-55.00 -80 -0.35039E-01
-50.00 -80 0.85313E-01
-45.00 -80 0.28057
-40.00 -80 0.45788
-35.00 -80 0.53911
-30.00 -80 0.51619
-25.00 -80 0.44460
-20.00 -80 0.38272
-15.00 -80 0.33593
-10.00 -80 0.25880
-5.00 -80 0.11221
0.00 -80 -0.81499E-01
5.00 -80 -0.24126
10.00 -80 -0.28829
15.00 -80 -0.20998
20.00 -80 -0.68616E-01
25.00 -80 0.51047E-01
30.00 -80 0.10580
35.00 -80 0.11506
40.00 -80 0.13019
45.00 -80 0.19169
50.00 -80 0.31514
55.00 -80 0.50504
60.00 -80 0.76016
65.00 -80 1.0480
75.00 -80 1.3140
-70.00 -75 0.20720
-45.00 -75 0.34663
-40.00 -75 0.49715
-35.00 -75 0.55662
-30.00 -75 0.51342
-25.00 -75 0.42832
-20.00 -75 0.38255
-15.00 -75 0.41143
-10.00 -75 0.47956
-5.00 -75 0.51499
0.00 -75 0.46844
5.00 -75 0.34599
10.00 -75 0.19357
15.00 -75 0.56734E-01
20.00 -75 -0.44323E-01
25.00 -75 -0.10790
30.00 -75 -0.13090
35.00 -75 -0.10324
40.00 -75 -0.20342E-01
45.00 -75 0.10761
70.00 -75 1.1949
-65.00 -70 0.25800
-60.00 -70 0.21716
-55.00 -70 0.22348
-50.00 -70 0.31116
-45.00 -70 0.45838
-40.00 -70 0.59357
-35.00 -70 0.64630
-30.00 -70 0.60353
-25.00 -70 0.52419
-20.00 -70 0.49725
-15.00 -70 0.57457
-10.00 -70 0.73001
-5.00 -70 0.87372
0.00 -70 0.90781
5.00 -70 0.78205
10.00 -70 0.51633
15.00 -70 0.18572
20.00 -70 -0.11376
25.00 -70 -0.29964
30.00 -70 -0.32953
35.00 -70 -0.21554
40.00 -70 -0.18446E-01
45.00 -70 0.18508
50.00 -70 0.34986
55.00 -70 0.49017
60.00 -70 0.65722
65.00 -70 0.87337
-45.00 -65 0.61169
-40.00 -65 0.72824
-35.00 -65 0.76763
-30.00 -65 0.72378
-25.00 -65 0.65224
-20.00 -65 0.63574
-15.00 -65 0.72634
-10.00 -65 0.90414
-5.00 -65 1.0800
0.00 -65 1.1399
5.00 -65 1.0046
10.00 -65 0.67387
15.00 -65 0.23439
20.00 -65 -0.17112
25.00 -65 -0.40350
30.00 -65 -0.39172
35.00 -65 -0.17024
40.00 -65 0.13787
45.00 -65 0.39190
-80.00 -60 0.39136
-75.00 -60 0.41086
-70.00 -60 0.42672
-65.00 -60 0.43713
-60.00 -60 0.46516
-55.00 -60 0.53720
-50.00 -60 0.65251
-45.00 -60 0.77335
-40.00 -60 0.84596
-35.00 -60 0.83868
-30.00 -60 0.76837
-25.00 -60 0.69491
-20.00 -60 0.68679
-15.00 -60 0.77953
-10.00 -60 0.95072
-5.00 -60 1.1233
0.00 -60 1.1946
5.00 -60 1.0813
10.00 -60 0.76490
15.00 -60 0.31913
20.00 -60 -0.10412
25.00 -60 -0.33736
30.00 -60 -0.28647
35.00 -60 0.65339E-02
40.00 -60 0.37767
45.00 -60 0.63742
50.00 -60 0.69164
55.00 -60 0.59926
60.00 -60 0.51703
65.00 -60 0.56724
70.00 -60 0.73069
75.00 -60 0.85886
80.00 -60 0.79723
-45.00 -55 0.89901
-40.00 -55 0.89203
-35.00 -55 0.79745
-30.00 -55 0.67448
-25.00 -55 0.59935
-20.00 -55 0.62098
-15.00 -55 0.73971
-10.00 -55 0.91455
-5.00 -55 1.0816
0.00 -55 1.1682
5.00 -55 1.1075
10.00 -55 0.86701
15.00 -55 0.48704
20.00 -55 0.95802E-01
25.00 -55 -0.13513
30.00 -55 -0.88889E-01
35.00 -55 0.20711
40.00 -55 0.57726
45.00 -55 0.80304
-65.00 -50 0.53135
-60.00 -50 0.62907
-55.00 -50 0.78173
-50.00 -50 0.91968
-45.00 -50 0.95260
-40.00 -50 0.84191
-35.00 -50 0.64132
-30.00 -50 0.46624
-25.00 -50 0.41526
-20.00 -50 0.50861
-15.00 -50 0.69074
-10.00 -50 0.88337
-5.00 -50 1.0329
0.00 -50 1.1120
5.00 -50 1.0921
10.00 -50 0.93732
15.00 -50 0.64566
20.00 -50 0.29886
25.00 -50 0.53303E-01
30.00 -50 0.47448E-01
35.00 -50 0.28686
40.00 -50 0.61028
45.00 -50 0.78790
50.00 -50 0.69002
55.00 -50 0.39135
60.00 -50 0.11696
65.00 -50 0.64955E-01
-70.00 -45 0.50713
-45.00 -45 0.91640
-40.00 -45 0.70625
-35.00 -45 0.42024
-30.00 -45 0.22942
-25.00 -45 0.24694
-20.00 -45 0.44933
-15.00 -45 0.70805
-10.00 -45 0.89724
-5.00 -45 0.97718
0.00 -45 0.98335
5.00 -45 0.94772
10.00 -45 0.84591
15.00 -45 0.63279
20.00 -45 0.32984
25.00 -45 0.62491E-01
30.00 -45 -0.15023E-01
35.00 -45 0.14418
40.00 -45 0.40957
45.00 -45 0.55294
70.00 -45 -0.20603E-01
-75.00 -40 0.53425
-65.00 -40 0.51397
-60.00 -40 0.61356
-55.00 -40 0.77461
-50.00 -40 0.87504
-45.00 -40 0.79032
-40.00 -40 0.51436
-35.00 -40 0.19681
-30.00 -40 0.46042E-01
-25.00 -40 0.16857
-20.00 -40 0.48257
-15.00 -40 0.78385
-10.00 -40 0.90776
-5.00 -40 0.84396
0.00 -40 0.70698
5.00 -40 0.60211
10.00 -40 0.52276
15.00 -40 0.37949
20.00 -40 0.12604
25.00 -40 -0.15309
30.00 -40 -0.29464
35.00 -40 -0.20990
40.00 -40 0.85913E-02
45.00 -40 0.14239
50.00 -40 0.30752E-01
55.00 -40 -0.27875
60.00 -40 -0.55462
65.00 -40 -0.56899
75.00 -40 0.10330
-45.00 -35 0.58651
-40.00 -35 0.29389
-35.00 -35 0.82273E-02
-30.00 -35 -0.56406E-01
-25.00 -35 0.17419
-20.00 -35 0.55610
-15.00 -35 0.82974
-10.00 -35 0.82234
-5.00 -35 0.57538
0.00 -35 0.28641
5.00 -35 0.12285
10.00 -35 0.81433E-01
15.00 -35 0.20358E-01
20.00 -35 -0.17493
25.00 -35 -0.45870
30.00 -35 -0.65811
35.00 -35 -0.64284
40.00 -35 -0.46551
45.00 -35 -0.33014
-85.00 -30 0.54823
-80.00 -30 0.59912
-70.00 -30 0.48440
-65.00 -30 0.40906
-60.00 -30 0.41042
-55.00 -30 0.46771
-50.00 -30 0.47194
-45.00 -30 0.32596
-40.00 -30 0.62582E-01
-35.00 -30 -0.14329
-30.00 -30 -0.10643
-25.00 -30 0.19623
-20.00 -30 0.57274
-15.00 -30 0.74963
-10.00 -30 0.58932
-5.00 -30 0.20242
0.00 -30 -0.14907
5.00 -30 -0.27559
10.00 -30 -0.21241
15.00 -30 -0.16609
20.00 -30 -0.30936
25.00 -30 -0.61717
30.00 -30 -0.89488
35.00 -30 -0.96777
40.00 -30 -0.84929
45.00 -30 -0.72740
50.00 -30 -0.78139
55.00 -30 -1.0024
60.00 -30 -1.1871
65.00 -30 -1.1134
70.00 -30 -0.73708
80.00 -30 0.14355
85.00 -30 0.27465
-45.00 -25 0.38616E-01
-40.00 -25 -0.16573
-35.00 -25 -0.27162
-30.00 -25 -0.14938
-25.00 -25 0.16817
-20.00 -25 0.46994
-15.00 -25 0.51791
-10.00 -25 0.24819
-5.00 -25 -0.15893
0.00 -25 -0.41680
5.00 -25 -0.36998
10.00 -25 -0.12562
15.00 -25 0.39626E-01
20.00 -25 -0.82407E-01
25.00 -25 -0.45811
30.00 -25 -0.85390
35.00 -25 -1.0488
40.00 -25 -1.0213
45.00 -25 -0.94456
-75.00 -20 0.61717
-65.00 -20 0.30307
-60.00 -20 0.15014
-55.00 -20 0.33857E-01
-50.00 -20 -0.85708E-01
-45.00 -20 -0.23678
-40.00 -20 -0.37111
-35.00 -20 -0.38144
-30.00 -20 -0.20595
-25.00 -20 0.75916E-01
-20.00 -20 0.26655
-15.00 -20 0.20156
-10.00 -20 -0.92336E-01
-5.00 -20 -0.38487
0.00 -20 -0.41219
5.00 -20 -0.99964E-01
10.00 -20 0.35271
15.00 -20 0.61287
20.00 -20 0.46897
25.00 -20 -0.10282E-01
30.00 -20 -0.54490
35.00 -20 -0.87557
40.00 -20 -0.95627
45.00 -20 -0.94794
50.00 -20 -1.0351
55.00 -20 -1.2402
60.00 -20 -1.4015
65.00 -20 -1.3242
75.00 -20 -0.45318
-70.00 -15 0.49728
-45.00 -15 -0.45802
-40.00 -15 -0.52561
-35.00 -15 -0.45889
-30.00 -15 -0.26070
-25.00 -15 -0.39340E-01
-20.00 -15 0.45575E-01
-15.00 -15 -0.83294E-01
-10.00 -15 -0.32052
-5.00 -15 -0.42059
0.00 -15 -0.17966
5.00 -15 0.37995
10.00 -15 0.98366
15.00 -15 1.2790
20.00 -15 1.0835
25.00 -15 0.51050
30.00 -15 -0.12802
35.00 -15 -0.55797
40.00 -15 -0.72435
45.00 -15 -0.77794
70.00 -15 -0.96046
-65.00 -10 0.29471
-60.00 -10 0.21585E-01
-55.00 -10 -0.24117
-50.00 -10 -0.45714
-45.00 -10 -0.59026
-40.00 -10 -0.60277
-35.00 -10 -0.48274
-30.00 -10 -0.28294
-25.00 -10 -0.12008
-20.00 -10 -0.10469
-15.00 -10 -0.23931
-10.00 -10 -0.37511
-5.00 -10 -0.29096
0.00 -10 0.13989
5.00 -10 0.81925
10.00 -10 1.4471
15.00 -10 1.7025
20.00 -10 1.4561
25.00 -10 0.85276
30.00 -10 0.20026
35.00 -10 -0.24678
40.00 -10 -0.44034
45.00 -10 -0.51884
50.00 -10 -0.64909
55.00 -10 -0.87179
60.00 -10 -1.0750
65.00 -10 -1.1019
-45.00 -5 -0.61777
-40.00 -5 -0.59097
-35.00 -5 -0.44273
-30.00 -5 -0.25541
-25.00 -5 -0.13494
-20.00 -5 -0.14205
-15.00 -5 -0.23136
-10.00 -5 -0.25496
-5.00 -5 -0.51001E-01
0.00 -5 0.43068
5.00 -5 1.0581
10.00 -5 1.5685
15.00 -5 1.7212
20.00 -5 1.4497
25.00 -5 0.90159
30.00 -5 0.33716
35.00 -5 -0.40648E-01
40.00 -5 -0.19893
45.00 -5 -0.25550
90.00 0.00 0.23261
-90.00 0.00 0.44028
