-85.00 0.00 0.27873
-80.00 0.00 0.37485
-75.00 0.00 0.39497
-70.00 0.00 0.35931
-65.00 0.00 0.25964
-60.00 0.00 0.66853E-01
-55.00 0.00 -0.21673
-50.00 0.00 -0.51353
-45.00 0.00 -0.68969
-40.00 0.00 -0.63979
-35.00 0.00 -0.37351
-30.00 0.00 -0.24352E-01
-25.00 0.00 0.24034
-20.00 0.00 0.34297
-15.00 0.00 0.35084
-10.00 0.00 0.41315
-5.00 0.00 0.62900
0.00 0.00 0.95574
5.00 0.00 1.2343
10.00 0.00 1.3097
15.00 0.00 1.1479
20.00 0.00 0.85440
25.00 0.00 0.58760
30.00 0.00 0.44219
35.00 0.00 0.39488
40.00 0.00 0.34488
45.00 0.00 0.20384
50.00 0.00 -0.40098E-01
55.00 0.00 -0.32448
60.00 0.00 -0.56332
65.00 0.00 -0.69815
70.00 0.00 -0.71808
75.00 0.00 -0.64678
80.00 0.00 -0.52788
85.00 0.00 -0.40428
-45.00 5.00 -0.52256
-40.00 5.00 -0.40633
-35.00 5.00 -0.96429E-01
-30.00 5.00 0.26251
-25.00 5.00 0.52031
-20.00 5.00 0.62773
-15.00 5.00 0.65727
-10.00 5.00 0.72203
-5.00 5.00 0.86533
0.00 5.00 1.0189
5.00 5.00 1.0641
10.00 5.00 0.93914
15.00 5.00 0.69683
20.00 5.00 0.46435
25.00 5.00 0.34466
30.00 5.00 0.34478
35.00 5.00 0.38573
40.00 5.00 0.37422
45.00 5.00 0.26869
-65.00 10.00 0.32887
-60.00 10.00 0.16520
-55.00 10.00 -0.69957E-01
-50.00 10.00 -0.27860
-45.00 10.00 -0.32768
-40.00 10.00 -0.14910
-35.00 10.00 0.19548
-30.00 10.00 0.55068
-25.00 10.00 0.78083
-20.00 10.00 0.86454
-15.00 10.00 0.88825
-10.00 10.00 0.94745
-5.00 10.00 1.0485
0.00 10.00 1.1015
5.00 10.00 1.0086
10.00 10.00 0.76404
15.00 10.00 0.47235
20.00 10.00 0.26925
25.00 10.00 0.21839
30.00 10.00 0.27431
35.00 10.00 0.33626
40.00 10.00 0.33443
45.00 10.00 0.26904
50.00 10.00 0.17775
55.00 10.00 0.78716E-01
60.00 10.00 -0.46189E-01
65.00 10.00 -0.21374
-70.00 15.00 0.40247
-45.00 15.00 -0.16524
-40.00 15.00 0.64341E-01
-35.00 15.00 0.43583
-30.00 15.00 0.78123
-25.00 15.00 0.97075
-20.00 15.00 1.0041
-15.00 15.00 0.98763
-10.00 15.00 1.0201
-5.00 15.00 1.0952
0.00 15.00 1.1105
5.00 15.00 0.97206
10.00 15.00 0.69373
15.00 15.00 0.39681
20.00 15.00 0.21275
25.00 15.00 0.18086
30.00 15.00 0.23365
35.00 15.00 0.27442
40.00 15.00 0.26521
45.00 15.00 0.24026
70.00 15.00 -0.23970
-75.00 20.00 0.40518
-65.00 20.00 0.31936
-60.00 20.00 0.19292
-55.00 20.00 0.14122E-01
-50.00 20.00 -0.11926
-45.00 20.00 -0.79128E-01
-40.00 20.00 0.18328
-35.00 20.00 0.57488
-30.00 20.00 0.91465
-25.00 20.00 1.0663
-20.00 20.00 1.0346
-15.00 20.00 0.94011
-10.00 20.00 0.89752
-5.00 20.00 0.91220
0.00 20.00 0.88915
5.00 20.00 0.73999
10.00 20.00 0.48098
15.00 20.00 0.22770
20.00 20.00 0.94553E-01
25.00 20.00 0.99071E-01
30.00 20.00 0.16220
35.00 20.00 0.19772
40.00 20.00 0.19612
45.00 20.00 0.21727
50.00 20.00 0.30257
55.00 20.00 0.40183
60.00 20.00 0.39789
65.00 20.00 0.21326
75.00 20.00 -0.39615
-45.00 25.00 -0.81135E-01
-40.00 25.00 0.19067
-35.00 25.00 0.59200
-30.00 25.00 0.93291
-25.00 25.00 1.0611
-20.00 25.00 0.96787
-15.00 25.00 0.77283
-10.00 25.00 0.60657
-5.00 25.00 0.50259
0.00 25.00 0.39583
5.00 25.00 0.21883
10.00 25.00 -0.75553E-02
15.00 25.00 -0.18091
20.00 25.00 -0.21271
25.00 25.00 -0.11320
30.00 25.00 0.21452E-01
35.00 25.00 0.10622
40.00 25.00 0.14767
45.00 25.00 0.22290
-80.00 30.00 0.37770
-70.00 30.00 0.27658
-65.00 30.00 0.20228
-60.00 30.00 0.89240E-01
-55.00 30.00 -0.66025E-01
-50.00 30.00 -0.18578
-45.00 30.00 -0.14765
-40.00 30.00 0.10772
-35.00 30.00 0.49845
-30.00 30.00 0.83607
-25.00 30.00 0.95398
-20.00 30.00 0.82061
-15.00 30.00 0.54080
-10.00 30.00 0.25179
-5.00 30.00 0.15850E-01
0.00 30.00 -0.19378
5.00 30.00 -0.41421
10.00 30.00 -0.61407
15.00 30.00 -0.70188
20.00 30.00 -0.61403
25.00 30.00 -0.38863
30.00 30.00 -0.14297
35.00 30.00 0.28770E-01
40.00 30.00 0.13557
45.00 30.00 0.26262
50.00 30.00 0.45971
55.00 30.00 0.65725
60.00 30.00 0.70267
65.00 30.00 0.49442
70.00 30.00 0.91572E-01
80.00 30.00 -0.51797
-45.00 35.00 -0.23026
-40.00 35.00 -0.14982E-01
-35.00 35.00 0.33281
-30.00 35.00 0.64121
-25.00 35.00 0.74532
-20.00 35.00 0.59966
-15.00 35.00 0.29222
-10.00 35.00 -0.44528E-01
-5.00 35.00 -0.33573
0.00 35.00 -0.58614
5.00 35.00 -0.81515
10.00 35.00 -0.98679
15.00 35.00 -1.0170
20.00 35.00 -0.85457
25.00 35.00 -0.54920
30.00 35.00 -0.22721
35.00 35.00 0.98430E-02
40.00 35.00 0.16552
45.00 35.00 0.32349
-75.00 40.00 0.24814
-65.00 40.00 0.17310E-01
-60.00 40.00 -0.78506E-01
-55.00 40.00 -0.18885
-50.00 40.00 -0.28232
-45.00 40.00 -0.27664
-40.00 40.00 -0.11647
-35.00 40.00 0.15104
-30.00 40.00 0.38520
-25.00 40.00 0.44804
-20.00 40.00 0.30474
-15.00 40.00 0.38267E-01
-10.00 40.00 -0.23072
-5.00 40.00 -0.43928
0.00 40.00 -0.60391
5.00 40.00 -0.75804
10.00 40.00 -0.88030
15.00 40.00 -0.89462
20.00 40.00 -0.74482
25.00 40.00 -0.46429
30.00 40.00 -0.16223
35.00 40.00 0.67064E-01
40.00 40.00 0.22224
45.00 40.00 0.37754
50.00 40.00 0.58162
55.00 40.00 0.77369
60.00 40.00 0.80983
65.00 40.00 0.58827
75.00 40.00 -0.27539
-70.00 45.00 0.39275E-01
-45.00 45.00 -0.25365
-40.00 45.00 -0.14882
-35.00 45.00 0.11132E-01
-30.00 45.00 0.12498
-25.00 45.00 0.10419
-20.00 45.00 -0.48929E-01
-15.00 45.00 -0.23904
-10.00 45.00 -0.35815
-5.00 45.00 -0.37421
0.00 45.00 -0.34495
5.00 45.00 -0.34679
10.00 45.00 -0.39182
15.00 45.00 -0.41570
20.00 45.00 -0.34617
25.00 45.00 -0.17969
30.00 45.00 0.13905E-01
35.00 45.00 0.16358
40.00 45.00 0.26897
45.00 45.00 0.39218
70.00 45.00 0.15399
-65.00 50.00 -0.17242
-60.00 50.00 -0.22645
-55.00 50.00 -0.22943
-50.00 50.00 -0.20819
-45.00 50.00 -0.16375
-40.00 50.00 -0.97450E-01
-35.00 50.00 -0.46429E-01
-30.00 50.00 -0.73993E-01
-25.00 50.00 -0.21104
-20.00 50.00 -0.40537
-15.00 50.00 -0.53978
-10.00 50.00 -0.51680
-5.00 50.00 -0.33904
0.00 50.00 -0.11024
5.00 50.00 0.47687E-01
10.00 50.00 0.88446E-01
15.00 50.00 0.63090E-01
20.00 50.00 0.56364E-01
25.00 50.00 0.10491
30.00 50.00 0.17737
35.00 50.00 0.22936
40.00 50.00 0.26738
45.00 50.00 0.34664
50.00 50.00 0.49815
55.00 50.00 0.66086
60.00 50.00 0.69978
65.00 50.00 0.51142
-85.00 55.00 0.28714
-45.00 55.00 -0.46918E-01
-40.00 55.00 0.98773E-02
-35.00 55.00 -0.17221E-01
-30.00 55.00 -0.16383
-25.00 55.00 -0.41297
-20.00 55.00 -0.67111
-15.00 55.00 -0.80545
-10.00 55.00 -0.72940
-5.00 55.00 -0.46964
0.00 55.00 -0.15277
5.00 55.00 0.83609E-01
10.00 55.00 0.18270
15.00 55.00 0.18767
20.00 55.00 0.17937
25.00 55.00 0.19774
30.00 55.00 0.22180
35.00 55.00 0.21975
40.00 55.00 0.20759
45.00 55.00 0.24605
85.00 55.00 -0.50452
-80.00 60.00 0.26318
-75.00 60.00 0.76133E-01
-70.00 60.00 -0.16277
-65.00 60.00 -0.32883
-60.00 60.00 -0.36057
-55.00 60.00 -0.27049
-50.00 60.00 -0.11573
-45.00 60.00 0.34168E-01
-40.00 60.00 0.11164
-35.00 60.00 0.60070E-01
-30.00 60.00 -0.14268
-25.00 60.00 -0.45362
-20.00 60.00 -0.76176
-15.00 60.00 -0.93718
-10.00 60.00 -0.90922
-5.00 60.00 -0.71387
0.00 60.00 -0.46617
5.00 60.00 -0.27529
10.00 60.00 -0.17206
15.00 60.00 -0.10913
20.00 60.00 -0.27675E-01
25.00 60.00 0.76759E-01
30.00 60.00 0.15365
35.00 60.00 0.16065
40.00 60.00 0.12304
45.00 60.00 0.12257
50.00 60.00 0.21768
55.00 60.00 0.36929
60.00 60.00 0.45032
65.00 60.00 0.34338
70.00 60.00 0.47492E-01
75.00 60.00 -0.30091
80.00 60.00 -0.51853
-45.00 65.00 0.21244E-01
-40.00 65.00 0.13853
-35.00 65.00 0.11756
-30.00 65.00 -0.63880E-01
-25.00 65.00 -0.35987
-20.00 65.00 -0.66608
-15.00 65.00 -0.87306
-10.00 65.00 -0.93197
-5.00 65.00 -0.87995
0.00 65.00 -0.79897
5.00 65.00 -0.74045
10.00 65.00 -0.68239
15.00 65.00 -0.56036
20.00 65.00 -0.34500
25.00 65.00 -0.91465E-01
30.00 65.00 0.92212E-01
35.00 65.00 0.13554
40.00 65.00 0.72709E-01
45.00 65.00 0.19207E-01
-65.00 70.00 -0.43119
-60.00 70.00 -0.51877
-55.00 70.00 -0.46739
-50.00 70.00 -0.31004
-45.00 70.00 -0.11133
-40.00 70.00 0.47571E-01
-35.00 70.00 0.92136E-01
-30.00 70.00 -0.10894E-01
-25.00 70.00 -0.22818
-20.00 70.00 -0.47286
-15.00 70.00 -0.65898
-10.00 70.00 -0.75906
-5.00 70.00 -0.81314
0.00 70.00 -0.87565
5.00 70.00 -0.94520
10.00 70.00 -0.94629
15.00 70.00 -0.79052
20.00 70.00 -0.46964
25.00 70.00 -0.94189E-01
30.00 70.00 0.16908
35.00 70.00 0.21891
40.00 70.00 0.99331E-01
45.00 70.00 -0.35243E-01
50.00 70.00 -0.46090E-01
55.00 70.00 0.76070E-01
60.00 70.00 0.20590
65.00 70.00 0.19199
-70.00 75.00 -0.21782
-45.00 75.00 -0.34067
-40.00 75.00 -0.15240
-35.00 75.00 -0.36743E-01
-30.00 75.00 -0.47033E-01
-25.00 75.00 -0.16816
-20.00 75.00 -0.32438
-15.00 75.00 -0.43781
-10.00 75.00 -0.49116
-5.00 75.00 -0.53454
0.00 75.00 -0.62241
5.00 75.00 -0.73609
10.00 75.00 -0.77101
15.00 75.00 -0.61600
20.00 75.00 -0.26410
25.00 75.00 0.14644
30.00 75.00 0.41189
35.00 75.00 0.41008
40.00 75.00 0.19521
45.00 75.00 -0.42866E-01
70.00 75.00 -0.18545E-01
-75.00 80.00 0.48614E-01
-65.00 80.00 -0.44325
-60.00 80.00 -0.64209
-55.00 80.00 -0.75016
-50.00 80.00 -0.73633
-45.00 80.00 -0.60092
-40.00 80.00 -0.39950
-35.00 80.00 -0.22986
-30.00 80.00 -0.17272
-25.00 80.00 -0.22989
-20.00 80.00 -0.32047
-15.00 80.00 -0.34930
-10.00 80.00 -0.29171
-5.00 80.00 -0.21375
0.00 80.00 -0.20174
5.00 80.00 -0.26275
10.00 80.00 -0.29477
15.00 80.00 -0.16835
20.00 80.00 0.14394
25.00 80.00 0.50929
30.00 80.00 0.71383
35.00 80.00 0.62543
40.00 80.00 0.30516
45.00 80.00 -0.31821E-01
50.00 80.00 -0.17954
55.00 80.00 -0.96074E-01
60.00 80.00 0.76272E-01
65.00 80.00 0.13751
75.00 80.00 -0.27169
-45.00 85.00 -0.80895
-40.00 85.00 -0.60582
-35.00 85.00 -0.40713
-30.00 85.00 -0.32419
-25.00 85.00 -0.37110
-20.00 85.00 -0.44706
-15.00 85.00 -0.42026
-10.00 85.00 -0.24558
-5.00 85.00 -0.78757E-02
0.00 85.00 0.15562
5.00 85.00 0.18678
10.00 85.00 0.16775
15.00 85.00 0.24619
20.00 85.00 0.48558
25.00 85.00 0.77927
30.00 85.00 0.91757
35.00 85.00 0.76051
40.00 85.00 0.36781
45.00 85.00 -0.32120E-01
-80.00 90.00 0.20135
-70.00 90.00 -0.96062E-01
-65.00 90.00 -0.32829
-60.00 90.00 -0.59220
-55.00 90.00 -0.83171
-50.00 90.00 -0.95485
-45.00 90.00 -0.89827
-40.00 90.00 -0.69930
-35.00 90.00 -0.49391
-30.00 90.00 -0.41886
-25.00 90.00 -0.49346
-20.00 90.00 -0.59160
-15.00 90.00 -0.54345
-10.00 90.00 -0.28572
-5.00 90.00 0.74948E-01
0.00 90.00 0.34986
5.00 90.00 0.43347
10.00 90.00 0.39521
15.00 90.00 0.40876
20.00 90.00 0.57916
25.00 90.00 0.82714
30.00 90.00 0.94357
35.00 90.00 0.77310
40.00 90.00 0.36461
45.00 90.00 -0.49463E-01
50.00 90.00 -0.23280
55.00 90.00 -0.13108
60.00 90.00 0.93491E-01
65.00 90.00 0.20357
70.00 90.00 0.79124E-01
80.00 90.00 -0.43450
-45.00 95.00 -0.84375
-40.00 95.00 -0.65620
-35.00 95.00 -0.46413
-30.00 95.00 -0.41408
-25.00 95.00 -0.52008
-20.00 95.00 -0.63503
-15.00 95.00 -0.56886
-10.00 95.00 -0.25930
-5.00 95.00 0.15905
0.00 95.00 0.45915
5.00 95.00 0.51388
10.00 95.00 0.40412
15.00 95.00 0.34024
20.00 95.00 0.46383
25.00 95.00 0.70908
30.00 95.00 0.85377
35.00 95.00 0.71859
40.00 95.00 0.33715
45.00 95.00 -0.57376E-01
-75.00 100.00 0.12459
-65.00 100.00 -0.11130
-60.00 100.00 -0.32204
-55.00 100.00 -0.55061
-50.00 100.00 -0.69173
-45.00 100.00 -0.66552
-40.00 100.00 -0.50451
-35.00 100.00 -0.34886
-30.00 100.00 -0.33156
-25.00 100.00 -0.44854
-20.00 100.00 -0.54132
-15.00 100.00 -0.42720
-10.00 100.00 -0.71579E-01
-5.00 100.00 0.35673
0.00 100.00 0.61153
5.00 100.00 0.57588
10.00 100.00 0.36577
15.00 100.00 0.23109
20.00 100.00 0.33480
25.00 100.00 0.60534
30.00 100.00 0.79671
35.00 100.00 0.70605
40.00 100.00 0.35673
45.00 100.00 -0.14969E-01
50.00 100.00 -0.15746
55.00 100.00 -0.12013E-01
60.00 100.00 0.24669
65.00 100.00 0.36468
75.00 100.00 -0.10306
-70.00 105.00 0.86406E-01
-45.00 105.00 -0.41237
-40.00 105.00 -0.29813
-35.00 105.00 -0.20368
-30.00 105.00 -0.22610
-25.00 105.00 -0.33298
-20.00 105.00 -0.36575
-15.00 105.00 -0.17409
-10.00 105.00 0.22965
-5.00 105.00 0.64444
0.00 105.00 0.82681
5.00 105.00 0.69444
10.00 105.00 0.40678
15.00 105.00 0.24000
20.00 105.00 0.35493
25.00 105.00 0.65813
30.00 105.00 0.88052
35.00 105.00 0.80849
40.00 105.00 0.46786
45.00 105.00 0.10172
70.00 105.00 0.29152
-85.00 110.00 0.13876
-65.00 110.00 0.93292E-01
-60.00 110.00 0.22248E-01
-55.00 110.00 -0.77527E-01
-50.00 110.00 -0.14553
-45.00 110.00 -0.13764
-40.00 110.00 -0.82004E-01
-35.00 110.00 -0.61819E-01
-30.00 110.00 -0.12628
-25.00 110.00 -0.21406
-20.00 110.00 -0.17924
-15.00 110.00 0.81301E-01
-10.00 110.00 0.50689
-5.00 110.00 0.88156
0.00 110.00 0.98942
5.00 110.00 0.79592
10.00 110.00 0.49348
15.00 110.00 0.35637
20.00 110.00 0.51674
25.00 110.00 0.85122
30.00 110.00 1.0800
35.00 110.00 0.99903
40.00 110.00 0.64867
45.00 110.00 0.27762
50.00 110.00 0.13450
55.00 110.00 0.26668
60.00 110.00 0.49279
65.00 110.00 0.56266
85.00 110.00 -0.42548
-45.00 115.00 0.11685
-40.00 115.00 0.12513
-35.00 115.00 0.86689E-01
-30.00 115.00 -0.32455E-02
-25.00 115.00 -0.67371E-01
-20.00 115.00 0.12147E-01
-15.00 115.00 0.28725
-10.00 115.00 0.66546
-5.00 115.00 0.94711
0.00 115.00 0.97065
5.00 115.00 0.75290
10.00 115.00 0.49669
15.00 115.00 0.44143
20.00 115.00 0.66954
25.00 115.00 1.0306
30.00 115.00 1.2541
35.00 115.00 1.1642
40.00 115.00 0.81926
45.00 115.00 0.46224
-80.00 120.00 0.73094E-01
-75.00 120.00 0.61941E-01
-70.00 120.00 0.86487E-01
-65.00 120.00 0.13950
-60.00 120.00 0.19824
-55.00 120.00 0.24919
-50.00 120.00 0.29176
-45.00 120.00 0.32139
-40.00 120.00 0.31909
-35.00 120.00 0.26994
-30.00 120.00 0.19746
-25.00 120.00 0.17211
-20.00 120.00 0.26702
-15.00 120.00 0.48621
-10.00 120.00 0.73115
-5.00 120.00 0.85319
0.00 120.00 0.76734
5.00 120.00 0.53764
10.00 120.00 0.35195
15.00 120.00 0.38848
20.00 120.00 0.67232
25.00 120.00 1.0410
30.00 120.00 1.2568
35.00 120.00 1.1844
40.00 120.00 0.89245
45.00 120.00 0.59685
50.00 120.00 0.48928
55.00 120.00 0.58890
60.00 120.00 0.73474
65.00 120.00 0.72095
70.00 120.00 0.46364
75.00 120.00 0.62768E-01
80.00 120.00 -0.27551
-45.00 125.00 0.44925
-40.00 125.00 0.48256
-35.00 125.00 0.48330
-30.00 125.00 0.48347
-25.00 125.00 0.52422
-20.00 125.00 0.62193
-15.00 125.00 0.74012
-10.00 125.00 0.79792
-5.00 125.00 0.72244
0.00 125.00 0.51412
5.00 125.00 0.27194
10.00 125.00 0.14600
15.00 125.00 0.23920
20.00 125.00 0.52637
25.00 125.00 0.85711
30.00 125.00 1.0508
35.00 125.00 1.0198
40.00 125.00 0.82976
45.00 125.00 0.64607
-65.00 130.00 -0.50727E-01
-60.00 130.00 0.50827E-01
-55.00 130.00 0.19400
-50.00 130.00 0.34435
-45.00 130.00 0.47153
-40.00 130.00 0.56944
-35.00 130.00 0.65929
-30.00 130.00 0.76822
-25.00 130.00 0.89731
-20.00 130.00 1.0052
-15.00 130.00 1.0249
-10.00 130.00 0.90653
-5.00 130.00 0.65905
0.00 130.00 0.35984
5.00 130.00 0.12349
10.00 130.00 0.44670E-01
15.00 130.00 0.14745
20.00 130.00 0.37076
25.00 130.00 0.60059
30.00 130.00 0.73354
35.00 130.00 0.73612
40.00 130.00 0.66218
45.00 130.00 0.61231
50.00 130.00 0.65679
55.00 130.00 0.77392
60.00 130.00 0.85314
65.00 130.00 0.77035
-70.00 135.00 -0.22581
-45.00 135.00 0.36546
-40.00 135.00 0.52068
-35.00 135.00 0.69230
-30.00 135.00 0.90177
-25.00 135.00 1.1166
-20.00 135.00 1.2496
-15.00 135.00 1.2130
-10.00 135.00 0.98775
-5.00 135.00 0.65097
0.00 135.00 0.33594
5.00 135.00 0.15405
10.00 135.00 0.13613
15.00 135.00 0.23107
20.00 135.00 0.35278
25.00 135.00 0.43515
30.00 135.00 0.46040
35.00 135.00 0.45426
40.00 135.00 0.46278
45.00 135.00 0.52479
70.00 135.00 0.46598
-75.00 140.00 -0.26197
-65.00 140.00 -0.42969
-60.00 140.00 -0.37979
-55.00 140.00 -0.23601
-50.00 140.00 -0.48500E-01
-45.00 140.00 0.13306
-40.00 140.00 0.30523
-35.00 140.00 0.50824
-30.00 140.00 0.76887
-25.00 140.00 1.0416
-20.00 140.00 1.2129
-15.00 140.00 1.1791
-10.00 140.00 0.93674
-5.00 140.00 0.60413
0.00 140.00 0.34737
5.00 140.00 0.26798
10.00 140.00 0.34158
15.00 140.00 0.45322
20.00 140.00 0.49323
25.00 140.00 0.43321
30.00 140.00 0.32909
35.00 140.00 0.26507
40.00 140.00 0.29374
45.00 140.00 0.41361
50.00 140.00 0.58094
55.00 140.00 0.72926
60.00 140.00 0.78417
65.00 140.00 0.68593
75.00 140.00 0.82413E-01
-45.00 145.00 -0.18426
-40.00 145.00 -0.43520E-01
-35.00 145.00 0.12905
-30.00 145.00 0.38195
-25.00 145.00 0.68155
-20.00 145.00 0.90594
-15.00 145.00 0.93161
-10.00 145.00 0.74361
-5.00 145.00 0.46782
0.00 145.00 0.28718
5.00 145.00 0.30613
10.00 145.00 0.47589
15.00 145.00 0.64083
20.00 145.00 0.66345
25.00 145.00 0.52321
30.00 145.00 0.31641
35.00 145.00 0.17291
40.00 145.00 0.16748
45.00 145.00 0.28920
-80.00 150.00 -0.24237
-70.00 150.00 -0.68804
-65.00 150.00 -0.85020
-60.00 150.00 -0.88567
-55.00 150.00 -0.79137
-50.00 150.00 -0.63770
-45.00 150.00 -0.50965
-40.00 150.00 -0.42609
-35.00 150.00 -0.31967
-30.00 150.00 -0.10757
-25.00 150.00 0.20746
-20.00 150.00 0.50623
-15.00 150.00 0.63502
-10.00 150.00 0.53626
-5.00 150.00 0.31111
0.00 150.00 0.15088
5.00 150.00 0.18940
10.00 150.00 0.39994
15.00 150.00 0.62165
20.00 150.00 0.68897
25.00 150.00 0.55433
30.00 150.00 0.30994
35.00 150.00 0.10668
40.00 150.00 0.48469E-01
45.00 150.00 0.14199
50.00 150.00 0.31849
55.00 150.00 0.48572
60.00 150.00 0.56537
65.00 150.00 0.50979
70.00 150.00 0.31694
80.00 150.00 -0.19546
-45.00 155.00 -0.75618
-40.00 155.00 -0.71675
-35.00 155.00 -0.66886
-30.00 155.00 -0.49460
-25.00 155.00 -0.15849
-20.00 155.00 0.22958
-15.00 155.00 0.48018
-10.00 155.00 0.47264
-5.00 155.00 0.25953
0.00 155.00 0.33019E-01
5.00 155.00 -0.22726E-01
10.00 155.00 0.12929
15.00 155.00 0.36092
20.00 155.00 0.48954
25.00 155.00 0.41963
30.00 155.00 0.20302
35.00 155.00 -0.15842E-01
40.00 155.00 -0.10882
45.00 155.00 -0.39000E-01
-75.00 160.00 -0.63722
-65.00 160.00 -1.1550
-60.00 160.00 -1.2325
-55.00 160.00 -1.1498
-50.00 160.00 -0.98723
-45.00 160.00 -0.86166
-40.00 160.00 -0.82211
-35.00 160.00 -0.79470
-30.00 160.00 -0.64080
-25.00 160.00 -0.29065
-20.00 160.00 0.16438
-15.00 160.00 0.51292
-10.00 160.00 0.57658
-5.00 160.00 0.35107
0.00 160.00 0.15415E-01
5.00 160.00 -0.20114
10.00 160.00 -0.18617
15.00 160.00 -0.11735E-01
20.00 160.00 0.14273
25.00 160.00 0.13877
30.00 160.00 -0.23040E-01
35.00 160.00 -0.22146
40.00 160.00 -0.31620
45.00 160.00 -0.24391
50.00 160.00 -0.44496E-01
55.00 160.00 0.17966
60.00 160.00 0.32576
65.00 160.00 0.33470
75.00 160.00 0.58624E-02
-85.00 165.00 -0.13313
-70.00 165.00 -1.0085
-45.00 165.00 -0.81365
-40.00 165.00 -0.72296
-35.00 165.00 -0.67673
-30.00 165.00 -0.54218
-25.00 165.00 -0.22668
-20.00 165.00 0.21365
-15.00 165.00 0.58388
-10.00 165.00 0.68452
-5.00 165.00 0.46532
0.00 165.00 0.70706E-01
5.00 165.00 -0.26355
10.00 165.00 -0.37956
15.00 165.00 -0.29737
20.00 165.00 -0.17291
25.00 165.00 -0.15929
30.00 165.00 -0.28842
35.00 165.00 -0.46064
40.00 165.00 -0.53451
45.00 165.00 -0.43440
70.00 165.00 0.16806
85.00 165.00 -0.27346
-65.00 170.00 -1.2645
-60.00 170.00 -1.3153
-55.00 170.00 -1.1805
-50.00 170.00 -0.91906
-45.00 170.00 -0.65152
-40.00 170.00 -0.47618
-35.00 170.00 -0.39214
-30.00 170.00 -0.30239
-25.00 170.00 -0.10562
-20.00 170.00 0.19747
-15.00 170.00 0.47979
-10.00 170.00 0.57623
-5.00 170.00 0.41595
0.00 170.00 0.86803E-01
5.00 170.00 -0.22589
10.00 170.00 -0.37719
15.00 170.00 -0.36323
20.00 170.00 -0.30474
25.00 170.00 -0.33294
30.00 170.00 -0.47705
35.00 170.00 -0.64327
40.00 170.00 -0.69439
45.00 170.00 -0.55789
50.00 170.00 -0.27756
55.00 170.00 0.21211E-01
60.00 170.00 0.21422
65.00 170.00 0.24542
-45.00 175.00 -0.44609
-40.00 175.00 -0.18145
-35.00 175.00 -0.61578E-01
-30.00 175.00 -0.47061E-01
-25.00 175.00 -0.41277E-01
-20.00 175.00 0.22744E-01
-15.00 175.00 0.12522
-10.00 175.00 0.18285
-5.00 175.00 0.13092
0.00 175.00 -0.11888E-01
5.00 175.00 -0.15677
10.00 175.00 -0.22496
15.00 175.00 -0.22056
20.00 175.00 -0.22709
25.00 175.00 -0.32783
30.00 175.00 -0.52020
35.00 175.00 -0.70124
40.00 175.00 -0.73968
45.00 175.00 -0.57587
-80.00 180.00 -0.51863
-75.00 180.00 -0.82348
-70.00 180.00 -1.0639
-65.00 180.00 -1.2007
-60.00 180.00 -1.1929
-55.00 180.00 -1.0111
-50.00 180.00 -0.67338
-45.00 180.00 -0.26916
-40.00 180.00 0.63487E-01
-35.00 180.00 0.20916
-30.00 180.00 0.14514
-25.00 180.00 -0.46306E-01
-20.00 180.00 -0.23631
-15.00 180.00 -0.33275
-10.00 180.00 -0.32387
-5.00 180.00 -0.25567
0.00 180.00 -0.17599
5.00 180.00 -0.10206
10.00 180.00 -0.36574E-01
15.00 180.00 -0.30411E-02
20.00 180.00 -0.50160E-01
25.00 180.00 -0.20892
30.00 180.00 -0.44053
35.00 180.00 -0.63281
40.00 180.00 -0.66375
45.00 180.00 -0.48872
50.00 180.00 -0.18031
55.00 180.00 0.11475
60.00 180.00 0.26958
65.00 180.00 0.25007
70.00 180.00 0.11671
75.00 180.00 -0.38372E-01
80.00 180.00 -0.15489
-45.00 -175 -0.16790
-40.00 -175 0.19499
-35.00 -175 0.35708
-30.00 -175 0.24828
-25.00 -175 -0.66648E-01
-20.00 -175 -0.42052
-15.00 -175 -0.64405
-10.00 -175 -0.65961
-5.00 -175 -0.50343
0.00 -175 -0.27418
5.00 -175 -0.63283E-01
10.00 -175 0.77481E-01
15.00 -175 0.12383
20.00 -175 0.60704E-01
25.00 -175 -0.10770
30.00 -175 -0.32928
35.00 -175 -0.50065
40.00 -175 -0.51605
45.00 -175 -0.34158
-65.00 -170 -1.0464
-60.00 -170 -0.98816
-55.00 -170 -0.82069
-50.00 -170 -0.53045
-45.00 -170 -0.15302
-40.00 -170 0.19501
-35.00 -170 0.35974
-30.00 -170 0.25153
-25.00 -170 -0.77179E-01
-20.00 -170 -0.45023
-15.00 -170 -0.67682
-10.00 -170 -0.66856
-5.00 -170 -0.47630
0.00 -170 -0.22921
5.00 -170 -0.38553E-01
10.00 -170 0.54197E-01
15.00 -170 0.59570E-01
20.00 -170 -0.44892E-02
25.00 -170 -0.12708
30.00 -170 -0.27878
35.00 -170 -0.38980
40.00 -170 -0.37658
45.00 -170 -0.20735
50.00 -170 0.53857E-01
55.00 -170 0.27626
60.00 -170 0.35078
65.00 -170 0.26512
-70.00 -165 -0.96428
-45.00 -165 -0.20160
-40.00 -165 0.87693E-01
-35.00 -165 0.22706
-30.00 -165 0.13642
-25.00 -165 -0.13148
-20.00 -165 -0.41081
-15.00 -165 -0.53623
-10.00 -165 -0.45878
-5.00 -165 -0.26797
0.00 -165 -0.10682
5.00 -165 -0.59452E-01
10.00 -165 -0.10752
15.00 -165 -0.17972
20.00 -165 -0.23125
25.00 -165 -0.27148
30.00 -165 -0.32121
35.00 -165 -0.35757
40.00 -165 -0.31620
45.00 -165 -0.15591
70.00 -165 0.83130E-01
-75.00 -160 -0.84439
-65.00 -160 -0.89107
-60.00 -160 -0.79452
-55.00 -160 -0.66595
-50.00 -160 -0.49087
-45.00 -160 -0.27066
-40.00 -160 -0.71336E-01
-35.00 -160 0.32702E-02
-30.00 -160 -0.98190E-01
-25.00 -160 -0.30768
-20.00 -160 -0.47087
-15.00 -160 -0.46520
-10.00 -160 -0.30185
-5.00 -160 -0.11745
0.00 -160 -0.59393E-01
5.00 -160 -0.16614
10.00 -160 -0.34739
15.00 -160 -0.47496
20.00 -160 -0.49359
25.00 -160 -0.44890
30.00 -160 -0.41590
35.00 -160 -0.40875
40.00 -160 -0.36613
45.00 -160 -0.22509
50.00 -160 -0.41799E-02
55.00 -160 0.19327
60.00 -160 0.26331
65.00 -160 0.19095
75.00 -160 -0.49667E-01
-45.00 -155 -0.31671
-40.00 -155 -0.21243
-35.00 -155 -0.23127
-30.00 -155 -0.39212
-25.00 -155 -0.60185
-20.00 -155 -0.70621
-15.00 -155 -0.61388
-10.00 -155 -0.38379
-5.00 -155 -0.18803
0.00 -155 -0.17379
5.00 -155 -0.34370
10.00 -155 -0.56126
15.00 -155 -0.67390
20.00 -155 -0.63935
25.00 -155 -0.54164
30.00 -155 -0.49048
35.00 -155 -0.50767
40.00 -155 -0.51104
45.00 -155 -0.40654
-80.00 -150 -0.61992
-70.00 -150 -0.88439
-65.00 -150 -0.80131
-60.00 -150 -0.67445
-55.00 -150 -0.54872
-50.00 -150 -0.42551
-45.00 -150 -0.31595
-40.00 -150 -0.27840
-35.00 -150 -0.38189
-30.00 -150 -0.62240
-25.00 -150 -0.88316
-20.00 -150 -1.0003
-15.00 -150 -0.89188
-10.00 -150 -0.63607
-5.00 -150 -0.41668
0.00 -150 -0.37574
5.00 -150 -0.50098
10.00 -150 -0.64943
15.00 -150 -0.68389
20.00 -150 -0.59483
25.00 -150 -0.49591
30.00 -150 -0.50238
35.00 -150 -0.61212
40.00 -150 -0.70362
45.00 -150 -0.65033
50.00 -150 -0.43960
55.00 -150 -0.18344
60.00 -150 -0.16074E-01
65.00 -150 0.18174E-01
70.00 -150 -0.20575E-01
80.00 -150 -0.73601E-01
-45.00 -145 -0.27764
-40.00 -145 -0.25401
-35.00 -145 -0.38945
-30.00 -145 -0.67228
-25.00 -145 -0.97528
-20.00 -145 -1.1281
-15.00 -145 -1.0468
-10.00 -145 -0.80577
-5.00 -145 -0.57825
0.00 -145 -0.49338
5.00 -145 -0.53665
10.00 -145 -0.58423
15.00 -145 -0.53635
20.00 -145 -0.42086
25.00 -145 -0.36693
30.00 -145 -0.47368
35.00 -145 -0.70067
40.00 -145 -0.88702
45.00 -145 -0.88364
-85.00 -140 -0.27224
-75.00 -140 -0.83913
-65.00 -140 -0.80463
-60.00 -140 -0.67894
-55.00 -140 -0.53933
-50.00 -140 -0.38623
-45.00 -140 -0.24240
-40.00 -140 -0.18085
-35.00 -140 -0.27746
-30.00 -140 -0.52620
-25.00 -140 -0.80776
-20.00 -140 -0.96063
-15.00 -140 -0.90392
-10.00 -140 -0.70179
-5.00 -140 -0.50586
0.00 -140 -0.42460
5.00 -140 -0.43963
10.00 -140 -0.44603
15.00 -140 -0.37526
20.00 -140 -0.27836
25.00 -140 -0.28478
30.00 -140 -0.47252
35.00 -140 -0.77411
40.00 -140 -1.0118
45.00 -140 -1.0343
50.00 -140 -0.83300
55.00 -140 -0.53481
60.00 -140 -0.28790
65.00 -140 -0.15137
75.00 -140 -0.42939E-01
85.00 -140 -0.11822
-70.00 -135 -0.89234
-45.00 -135 -0.26199
-40.00 -135 -0.13983
-35.00 -135 -0.15209
-30.00 -135 -0.30526
-25.00 -135 -0.50206
-20.00 -135 -0.60525
-15.00 -135 -0.54776
-10.00 -135 -0.38860
-5.00 -135 -0.25878
0.00 -135 -0.24485
5.00 -135 -0.31858
10.00 -135 -0.37883
15.00 -135 -0.36322
20.00 -135 -0.31910
25.00 -135 -0.36129
30.00 -135 -0.55469
35.00 -135 -0.83438
40.00 -135 -1.0425
45.00 -135 -1.0513
70.00 -135 -0.99658E-01
-65.00 -130 -0.87195
-60.00 -130 -0.80050
-55.00 -130 -0.70125
-50.00 -130 -0.55493
-45.00 -130 -0.36791
-40.00 -130 -0.20279
-35.00 -130 -0.13860
-30.00 -130 -0.19510
-25.00 -130 -0.30028
-20.00 -130 -0.34359
-15.00 -130 -0.27289
-10.00 -130 -0.14477
-5.00 -130 -0.77143E-01
0.00 -130 -0.14485
5.00 -130 -0.31469
10.00 -130 -0.48011
15.00 -130 -0.56111
20.00 -130 -0.57356
25.00 -130 -0.60281
30.00 -130 -0.70994
35.00 -130 -0.86303
40.00 -130 -0.95970
45.00 -130 -0.91747
50.00 -130 -0.74395
55.00 -130 -0.52263
60.00 -130 -0.33509
65.00 -130 -0.20112
-45.00 -125 -0.54643
-40.00 -125 -0.38055
-35.00 -125 -0.29068
-30.00 -125 -0.30810
-25.00 -125 -0.37913
-20.00 -125 -0.40658
-15.00 -125 -0.33813
-10.00 -125 -0.22033
-5.00 -125 -0.16476
0.00 -125 -0.25394
5.00 -125 -0.47051
10.00 -125 -0.71172
15.00 -125 -0.87223
20.00 -125 -0.91880
25.00 -125 -0.89379
30.00 -125 -0.85566
35.00 -125 -0.82100
40.00 -125 -0.76238
45.00 -125 -0.65403
-80.00 -120 -0.58076
-75.00 -120 -0.80536
-70.00 -120 -0.90229
-65.00 -120 -0.92490
-60.00 -120 -0.92841
-55.00 -120 -0.91734
-50.00 -120 -0.85802
-45.00 -120 -0.73787
-40.00 -120 -0.60482
-35.00 -120 -0.54031
-30.00 -120 -0.58660
-25.00 -120 -0.69897
-20.00 -120 -0.77454
-15.00 -120 -0.73845
-10.00 -120 -0.61243
-5.00 -120 -0.50328
0.00 -120 -0.51908
5.00 -120 -0.68380
10.00 -120 -0.91959
15.00 -120 -1.1053
20.00 -120 -1.1571
25.00 -120 -1.0674
30.00 -120 -0.88577
35.00 -120 -0.67311
40.00 -120 -0.47371
45.00 -120 -0.31506
50.00 -120 -0.21388
55.00 -120 -0.16876
60.00 -120 -0.14949
65.00 -120 -0.10958
70.00 -120 -0.27547E-01
75.00 -120 0.57555E-01
80.00 -120 0.62296E-01
-45.00 -115 -0.86482
-40.00 -115 -0.76294
-35.00 -115 -0.73316
-30.00 -115 -0.83133
-25.00 -115 -1.0186
-20.00 -115 -1.1768
-15.00 -115 -1.1955
-10.00 -115 -1.0603
-5.00 -115 -0.86866
0.00 -115 -0.75705
5.00 -115 -0.80052
10.00 -115 -0.96079
15.00 -115 -1.1178
20.00 -115 -1.1520
25.00 -115 -1.0143
30.00 -115 -0.74046
35.00 -115 -0.41887
40.00 -115 -0.14247
45.00 -115 0.26291E-01
-65.00 -110 -0.89114
-60.00 -110 -0.92890
-55.00 -110 -0.96469
-50.00 -110 -0.95524
-45.00 -110 -0.87453
-40.00 -110 -0.76688
-35.00 -110 -0.73128
-30.00 -110 -0.84163
-25.00 -110 -1.0716
-20.00 -110 -1.2958
-15.00 -110 -1.3748
-10.00 -110 -1.2595
-5.00 -110 -1.0280
0.00 -110 -0.82672
5.00 -110 -0.76294
10.00 -110 -0.83118
15.00 -110 -0.92580
20.00 -110 -0.92032
25.00 -110 -0.75044
30.00 -110 -0.44622
35.00 -110 -0.10481
40.00 -110 0.16611
45.00 -110 0.29806
50.00 -110 0.28598
55.00 -110 0.18468
60.00 -110 0.80434E-01
65.00 -110 0.44061E-01
-70.00 -105 -0.80039
-45.00 -105 -0.76874
-40.00 -105 -0.60987
-35.00 -105 -0.50920
-30.00 -105 -0.56157
-25.00 -105 -0.76465
-20.00 -105 -1.0063
-15.00 -105 -1.1416
-10.00 -105 -1.0988
-5.00 -105 -0.92710
0.00 -105 -0.74990
5.00 -105 -0.66476
10.00 -105 -0.67248
15.00 -105 -0.68686
20.00 -105 -0.60817
25.00 -105 -0.39743
30.00 -105 -0.99032E-01
35.00 -105 0.19297
40.00 -105 0.39025
45.00 -105 0.45046
70.00 -105 0.14399
-75.00 -100 -0.65758
-65.00 -100 -0.76332
-60.00 -100 -0.78306
-55.00 -100 -0.79881
-50.00 -100 -0.75372
-45.00 -100 -0.60038
-40.00 -100 -0.36951
-35.00 -100 -0.17104
-30.00 -100 -0.11850
-25.00 -100 -0.24015
-20.00 -100 -0.45570
-15.00 -100 -0.63954
-10.00 -100 -0.71497
-5.00 -100 -0.69851
0.00 -100 -0.66129
5.00 -100 -0.64989
10.00 -100 -0.64046
15.00 -100 -0.56419
20.00 -100 -0.37480
25.00 -100 -0.95445E-01
30.00 -100 0.19276
35.00 -100 0.40362
40.00 -100 0.49310
45.00 -100 0.47004
50.00 -100 0.37708
55.00 -100 0.26724
60.00 -100 0.18853
65.00 -100 0.16906
75.00 -100 0.21453
-45.00 -95 -0.43814
-40.00 -95 -0.15353
-35.00 -95 0.12551
-30.00 -95 0.27526
-25.00 -95 0.24201
-20.00 -95 0.70923E-01
-15.00 -95 -0.14404
-10.00 -95 -0.33643
-5.00 -95 -0.49789
0.00 -95 -0.64185
5.00 -95 -0.74752
10.00 -95 -0.74949
15.00 -95 -0.58935
20.00 -95 -0.28059
25.00 -95 0.78536E-01
30.00 -95 0.36106
35.00 -95 0.48981
40.00 -95 0.47391
45.00 -95 0.38152
-80.00 -90 -0.38463
-70.00 -90 -0.59940
-65.00 -90 -0.59137
-60.00 -90 -0.58130
-55.00 -90 -0.57370
-50.00 -90 -0.50806
-45.00 -90 -0.32181
-40.00 -90 -0.25918E-01
-35.00 -90 0.28133
-30.00 -90 0.47792
-25.00 -90 0.50086
-20.00 -90 0.37423
-15.00 -90 0.16528
-10.00 -90 -0.78205E-01
-5.00 -90 -0.34333
0.00 -90 -0.61054
5.00 -90 -0.81056
10.00 -90 -0.84133
15.00 -90 -0.64399
20.00 -90 -0.27036
25.00 -90 0.12813
30.00 -90 0.39195
35.00 -90 0.45325
40.00 -90 0.36398
45.00 -90 0.23714
50.00 -90 0.16020
55.00 -90 0.15289
60.00 -90 0.18835
65.00 -90 0.23476
70.00 -90 0.26802
80.00 -90 0.15436
-85.00 -85 -0.12017
-45.00 -85 -0.23813
-40.00 -85 0.33705E-01
-35.00 -85 0.31976
-30.00 -85 0.50963
-25.00 -85 0.54946
-20.00 -85 0.46462
-15.00 -85 0.31215
-10.00 -85 0.12028
-5.00 -85 -0.11836
0.00 -85 -0.39434
5.00 -85 -0.63339
10.00 -85 -0.71831
15.00 -85 -0.57628
20.00 -85 -0.25450
25.00 -85 0.92676E-01
30.00 -85 0.30470
35.00 -85 0.32221
40.00 -85 0.21247
45.00 -85 0.99143E-01
85.00 -85 -0.58909E-01
-75.00 -80 -0.42428
-65.00 -80 -0.41930
-60.00 -80 -0.38039
-55.00 -80 -0.35287
-50.00 -80 -0.28916
-45.00 -80 -0.13309
-40.00 -80 0.10940
-35.00 -80 0.35705
-30.00 -80 0.51421
-25.00 -80 0.54704
-20.00 -80 0.49992
-15.00 -80 0.43779
-10.00 -80 0.37577
-5.00 -80 0.27054
0.00 -80 0.83469E-01
5.00 -80 -0.15068
10.00 -80 -0.32575
15.00 -80 -0.34417
20.00 -80 -0.20301
25.00 -80 -0.33918E-02
30.00 -80 0.12851
35.00 -80 0.13820
40.00 -80 0.72399E-01
45.00 -80 0.22575E-01
50.00 -80 0.42927E-01
55.00 -80 0.11830
60.00 -80 0.19891
65.00 -80 0.25107
75.00 -80 0.23854
-70.00 -75 -0.38476
-45.00 -75 0.48186E-01
-40.00 -75 0.28306
-35.00 -75 0.50519
-30.00 -75 0.63035
-25.00 -75 0.64414
-20.00 -75 0.61519
-15.00 -75 0.62809
-10.00 -75 0.69791
-5.00 -75 0.74932
0.00 -75 0.68324
5.00 -75 0.47020
10.00 -75 0.18425
15.00 -75 -0.52495E-01
20.00 -75 -0.16154
25.00 -75 -0.15394
30.00 -75 -0.97496E-01
35.00 -75 -0.47249E-01
40.00 -75 -0.82703E-02
45.00 -75 0.42908E-01
70.00 -75 0.23319
-65.00 -70 -0.25216
-60.00 -70 -0.15154
-55.00 -70 -0.37713E-01
-50.00 -70 0.11074
-45.00 -70 0.32090
-40.00 -70 0.57094
-35.00 -70 0.78249
-30.00 -70 0.87870
-25.00 -70 0.85726
-20.00 -70 0.80445
-15.00 -70 0.82653
-10.00 -70 0.95352
-5.00 -70 1.1009
0.00 -70 1.1270
5.00 -70 0.94054
10.00 -70 0.57091
15.00 -70 0.14866
20.00 -70 -0.17967
25.00 -70 -0.33138
30.00 -70 -0.30984
35.00 -70 -0.17356
40.00 -70 0.61723E-02
45.00 -70 0.16830
50.00 -70 0.26903
55.00 -70 0.29077
60.00 -70 0.25254
65.00 -70 0.20061
-45.00 -65 0.64521
-40.00 -65 0.90617
-35.00 -65 1.0963
-30.00 -65 1.1494
-25.00 -65 1.0703
-20.00 -65 0.94980
-15.00 -65 0.90659
-10.00 -65 0.99377
-5.00 -65 1.1462
0.00 -65 1.2159
5.00 -65 1.0732
10.00 -65 0.69881
15.00 -65 0.20385
20.00 -65 -0.23275
25.00 -65 -0.46003
30.00 -65 -0.42519
35.00 -65 -0.18611
40.00 -65 0.12713
45.00 -65 0.37511
-80.00 -60 -0.98464E-01
-75.00 -60 -0.18729
-70.00 -60 -0.19220
-65.00 -60 -0.86373E-01
-60.00 -60 0.11506
-55.00 -60 0.37640
-50.00 -60 0.66329
-45.00 -60 0.94398
-40.00 -60 1.1760
-35.00 -60 1.3045
-30.00 -60 1.2898
-25.00 -60 1.1455
-20.00 -60 0.95199
-15.00 -60 0.81890
-10.00 -60 0.81444
-5.00 -60 0.91068
0.00 -60 0.99022
5.00 -60 0.91749
10.00 -60 0.63070
15.00 -60 0.19388
20.00 -60 -0.22687
25.00 -60 -0.45083
30.00 -60 -0.38294
35.00 -60 -0.68966E-01
40.00 -60 0.32646
45.00 -60 0.60798
50.00 -60 0.65475
55.00 -60 0.48184
60.00 -60 0.21929
65.00 -60 0.20302E-01
70.00 -60 -0.42475E-01
75.00 -60 -0.16628E-01
80.00 -60 -0.20896E-01
-45.00 -55 1.1400
-40.00 -55 1.2848
-35.00 -55 1.3070
-30.00 -55 1.2153
-25.00 -55 1.0394
-20.00 -55 0.83181
-15.00 -55 0.66125
-10.00 -55 0.58550
-5.00 -55 0.61339
0.00 -55 0.68373
5.00 -55 0.68851
10.00 -55 0.53949
15.00 -55 0.24013
20.00 -55 -0.91806E-01
25.00 -55 -0.28031
30.00 -55 -0.20104
35.00 -55 0.12609
40.00 -55 0.53106
45.00 -55 0.78951
-65.00 -50 0.55819E-01
-60.00 -50 0.33767
-55.00 -50 0.69580
-50.00 -50 1.0123
-45.00 -50 1.1890
-40.00 -50 1.2015
-35.00 -50 1.0998
-30.00 -50 0.95954
-25.00 -50 0.82825
-20.00 -50 0.71104
-15.00 -50 0.60093
-10.00 -50 0.51342
-5.00 -50 0.48244
0.00 -50 0.51677
5.00 -50 0.56428
10.00 -50 0.53358
15.00 -50 0.37110
20.00 -50 0.13048
25.00 -50 -0.38233E-01
30.00 -50 0.88328E-02
35.00 -50 0.28678
40.00 -50 0.64230
45.00 -50 0.84303
50.00 -50 0.73814
55.00 -50 0.36867
60.00 -50 -0.60883E-01
65.00 -50 -0.33009
-70.00 -45 -0.28170E-01
-45.00 -45 1.0905
-40.00 -45 0.96272
-35.00 -45 0.76342
-30.00 -45 0.63587
-25.00 -45 0.63494
-20.00 -45 0.69895
-15.00 -45 0.72267
-10.00 -45 0.66091
-5.00 -45 0.56515
0.00 -45 0.52044
5.00 -45 0.54743
10.00 -45 0.57073
15.00 -45 0.49210
20.00 -45 0.30232
25.00 -45 0.11901
30.00 -45 0.99650E-01
35.00 -45 0.29598
40.00 -45 0.58076
45.00 -45 0.72398
70.00 -45 -0.53073
-75.00 -40 0.32199E-01
-65.00 -40 0.14005
-60.00 -40 0.41167
-55.00 -40 0.72958
-50.00 -40 0.92209
-45.00 -40 0.87651
-40.00 -40 0.64082
-35.00 -40 0.40344
-30.00 -40 0.35298
-25.00 -40 0.52906
-20.00 -40 0.79259
-15.00 -40 0.94426
-10.00 -40 0.88927
-5.00 -40 0.70407
0.00 -40 0.54955
5.00 -40 0.51545
10.00 -40 0.54289
15.00 -40 0.49656
20.00 -40 0.31482
25.00 -40 0.89577E-01
30.00 -40 -0.78214E-02
35.00 -40 0.10808
40.00 -40 0.33478
45.00 -40 0.44589
50.00 -40 0.27505
55.00 -40 -0.13843
60.00 -40 -0.57014
65.00 -40 -0.78223
75.00 -40 -0.45683
-45.00 -35 0.58992
-40.00 -35 0.30190
-35.00 -35 0.91248E-01
-30.00 -35 0.15284
-25.00 -35 0.48531
-20.00 -35 0.87894
-15.00 -35 1.0764
-10.00 -35 0.97435
-5.00 -35 0.69341
0.00 -35 0.45770
5.00 -35 0.39500
10.00 -35 0.43754
15.00 -35 0.40877
20.00 -35 0.20920
25.00 -35 -0.76760E-01
30.00 -35 -0.25493
35.00 -35 -0.20814
40.00 -35 -0.19925E-01
45.00 -35 0.83980E-01
-85.00 -30 0.16932
-80.00 -30 0.18213
-70.00 -30 0.10389
-65.00 -30 0.16081
-60.00 -30 0.31631
-55.00 -30 0.46822
-50.00 -30 0.47056
-45.00 -30 0.26878
-40.00 -30 -0.16943E-01
-35.00 -30 -0.15628
-30.00 -30 0.10517E-01
-25.00 -30 0.42442
-20.00 -30 0.83115
-15.00 -30 0.97274
-10.00 -30 0.79092
-5.00 -30 0.46625
0.00 -30 0.25615
5.00 -30 0.27302
10.00 -30 0.39776
15.00 -30 0.40274
20.00 -30 0.16916
25.00 -30 -0.19989
30.00 -30 -0.47229
35.00 -30 -0.49867
40.00 -30 -0.34902
45.00 -30 -0.25079
50.00 -30 -0.38556
55.00 -30 -0.72684
60.00 -30 -1.0599
65.00 -30 -1.1602
70.00 -30 -0.97170
80.00 -30 -0.36868
85.00 -30 -0.27531
-45.00 -25 -0.56312E-01
-40.00 -25 -0.30295
-35.00 -25 -0.35541
-30.00 -25 -0.11806
-25.00 -25 0.29200
-20.00 -25 0.61304
-15.00 -25 0.64256
-10.00 -25 0.40736
-5.00 -25 0.14543
0.00 -25 0.10419
5.00 -25 0.32475
10.00 -25 0.60122
15.00 -25 0.65418
20.00 -25 0.36909
25.00 -25 -0.10742
30.00 -25 -0.49463
35.00 -25 -0.61357
40.00 -25 -0.52532
45.00 -25 -0.45751
-75.00 -20 0.23818
-65.00 -20 0.15793
-60.00 -20 0.14445
-55.00 -20 0.79370E-01
-50.00 -20 -0.98793E-01
-45.00 -20 -0.35591
-40.00 -20 -0.54739
-35.00 -20 -0.51837
-30.00 -20 -0.24629
-25.00 -20 0.10772
-20.00 -20 0.30812
-15.00 -20 0.24024
-10.00 -20 0.23437E-01
-5.00 -20 -0.71727E-01
0.00 -20 0.15044
5.00 -20 0.62820
10.00 -20 1.0655
15.00 -20 1.1521
20.00 -20 0.80305
25.00 -20 0.21876
30.00 -20 -0.27943
35.00 -20 -0.49724
40.00 -20 -0.49285
45.00 -20 -0.48768
50.00 -20 -0.65439
55.00 -20 -0.96871
60.00 -20 -1.2417
65.00 -20 -1.2875
75.00 -20 -0.73448
-70.00 -15 0.23109
-45.00 -15 -0.59640
-40.00 -15 -0.72967
-35.00 -15 -0.63105
-30.00 -15 -0.34235
-25.00 -15 -0.48259E-01
-20.00 -15 0.60254E-01
-15.00 -15 -0.44750E-01
-10.00 -15 -0.17768
-5.00 -15 -0.73049E-01
0.00 -15 0.38984
5.00 -15 1.0560
10.00 -15 1.5773
15.00 -15 1.6555
20.00 -15 1.2541
25.00 -15 0.61403
30.00 -15 0.63725E-01
35.00 -15 -0.21635
40.00 -15 -0.28996
45.00 -15 -0.36169
70.00 -15 -1.0481
-65.00 -10 0.18599
-60.00 -10 0.37271E-01
-55.00 -10 -0.19678
-50.00 -10 -0.49166
-45.00 -10 -0.74342
-40.00 -10 -0.81851
-35.00 -10 -0.65914
-30.00 -10 -0.35362
-25.00 -10 -0.91638E-01
-20.00 -10 -0.18457E-01
-15.00 -10 -0.10181
-10.00 -10 -0.13438
-5.00 -10 0.10922
0.00 -10 0.67657
5.00 -10 1.3641
10.00 -10 1.8373
15.00 -10 1.8589
20.00 -10 1.4482
25.00 -10 0.85218
30.00 -10 0.35643
35.00 -10 0.91738E-01
40.00 -10 -0.19181E-01
45.00 -10 -0.15162
50.00 -10 -0.41250
55.00 -10 -0.75496
60.00 -10 -1.0286
65.00 -10 -1.1060
-45.00 -5 -0.77396
-40.00 -5 -0.78858
-35.00 -5 -0.57333
-30.00 -5 -0.24525
-25.00 -5 0.13638E-01
-20.00 -5 0.95557E-01
-15.00 -5 0.60469E-01
-10.00 -5 0.96842E-01
-5.00 -5 0.36901
0.00 -5 0.86986
5.00 -5 1.4011
10.00 -5 1.7036
15.00 -5 1.6369
20.00 -5 1.2704
25.00 -5 0.81831
30.00 -5 0.47938
35.00 -5 0.30849
40.00 -5 0.21278
45.00 -5 0.57277E-01
90.00 0.00 -0.30573
-90.00 0.00 0.83684E-01
