-85.00 0.00 0.34291
-80.00 0.00 0.36478
-75.00 0.00 0.17910
-70.00 0.00 -0.89646E-01
-65.00 0.00 -0.26478
-60.00 0.00 -0.26179
-55.00 0.00 -0.14542
-50.00 0.00 -0.57245E-01
-45.00 0.00 -0.85215E-01
-40.00 0.00 -0.19507
-35.00 0.00 -0.28000
-30.00 0.00 -0.27192
-25.00 0.00 -0.20423
-20.00 0.00 -0.16934
-15.00 0.00 -0.21848
-10.00 0.00 -0.30528
-5.00 0.00 -0.32813
0.00 0.00 -0.22849
5.00 0.00 -0.49502E-01
10.00 0.00 0.10037
15.00 0.00 0.14187
20.00 0.00 0.88573E-01
25.00 0.00 0.24311E-01
30.00 0.00 0.22834E-01
35.00 0.00 0.87803E-01
40.00 0.00 0.16343
45.00 0.00 0.19402
50.00 0.00 0.16846
55.00 0.00 0.11169
60.00 0.00 0.45310E-01
65.00 0.00 -0.31004E-01
70.00 0.00 -0.11723
75.00 0.00 -0.18202
80.00 0.00 -0.17380
85.00 0.00 -0.71010E-01
-45.00 5.00 -0.51085E-01
-40.00 5.00 -0.15800
-35.00 5.00 -0.23205
-30.00 5.00 -0.20993
-25.00 5.00 -0.13672
-20.00 5.00 -0.11283
-15.00 5.00 -0.18461
-10.00 5.00 -0.28976
-5.00 5.00 -0.31270
0.00 5.00 -0.19600
5.00 5.00 0.67459E-03
10.00 5.00 0.15074
15.00 5.00 0.17192
20.00 5.00 0.94165E-01
25.00 5.00 0.24546E-01
30.00 5.00 0.47827E-01
35.00 5.00 0.15702
40.00 5.00 0.27191
45.00 5.00 0.31647
-65.00 10.00 -0.19775
-60.00 10.00 -0.18568
-55.00 10.00 -0.68626E-01
-50.00 10.00 0.10327E-01
-45.00 10.00 -0.26028E-01
-40.00 10.00 -0.12778
-35.00 10.00 -0.18345
-30.00 10.00 -0.13983
-25.00 10.00 -0.55027E-01
-20.00 10.00 -0.34066E-01
-15.00 10.00 -0.11488
-10.00 10.00 -0.22098
-5.00 10.00 -0.23006
0.00 10.00 -0.92744E-01
5.00 10.00 0.11442
10.00 10.00 0.25372
15.00 10.00 0.24798
20.00 10.00 0.14538
25.00 10.00 0.70209E-01
30.00 10.00 0.11006
35.00 10.00 0.24504
40.00 10.00 0.37708
45.00 10.00 0.42035
50.00 10.00 0.36330
55.00 10.00 0.25289
60.00 10.00 0.13432
65.00 10.00 0.17824E-01
-70.00 15.00 0.16843E-01
-45.00 15.00 -0.32762E-01
-40.00 15.00 -0.12561
-35.00 15.00 -0.15360
-30.00 15.00 -0.80053E-01
-25.00 15.00 0.21578E-01
-20.00 15.00 0.43687E-01
-15.00 15.00 -0.41547E-01
-10.00 15.00 -0.14589
-5.00 15.00 -0.14503
0.00 15.00 0.17701E-02
5.00 15.00 0.20830
10.00 15.00 0.33677
15.00 15.00 0.32033
20.00 15.00 0.21809
25.00 15.00 0.15495
30.00 15.00 0.20743
35.00 15.00 0.34251
40.00 15.00 0.45845
45.00 15.00 0.47797
70.00 15.00 -0.82671E-01
-75.00 20.00 0.29650
-65.00 20.00 -0.72303E-01
-60.00 20.00 -0.81021E-01
-55.00 20.00 -0.23639E-01
-50.00 20.00 -0.11754E-01
-45.00 20.00 -0.80047E-01
-40.00 20.00 -0.15672
-35.00 20.00 -0.14612
-30.00 20.00 -0.35741E-01
-25.00 20.00 0.82474E-01
-20.00 20.00 0.99324E-01
-15.00 20.00 -0.22719E-02
-10.00 20.00 -0.12460
-5.00 20.00 -0.14300
0.00 20.00 -0.20214E-01
5.00 20.00 0.16173
10.00 20.00 0.28002
15.00 20.00 0.28251
20.00 20.00 0.22657
25.00 20.00 0.21433
30.00 20.00 0.29252
35.00 20.00 0.41356
40.00 20.00 0.48789
45.00 20.00 0.46736
50.00 20.00 0.37647
55.00 20.00 0.26946
60.00 20.00 0.16972
65.00 20.00 0.60314E-01
75.00 20.00 -0.17395
-45.00 25.00 -0.16189
-40.00 25.00 -0.21390
-35.00 25.00 -0.15726
-30.00 25.00 -0.10128E-01
-25.00 25.00 0.11635
-20.00 25.00 0.11450
-15.00 25.00 -0.20586E-01
-10.00 25.00 -0.18458
-5.00 25.00 -0.25544
0.00 25.00 -0.19528
5.00 25.00 -0.68578E-01
10.00 25.00 0.32548E-01
15.00 25.00 0.76754E-01
20.00 25.00 0.10974
25.00 25.00 0.19006
30.00 25.00 0.31689
35.00 25.00 0.42492
40.00 25.00 0.44844
45.00 25.00 0.38441
-80.00 30.00 0.46747
-70.00 30.00 0.18784
-65.00 30.00 0.46718E-01
-60.00 30.00 -0.25167E-01
-55.00 30.00 -0.79400E-01
-50.00 30.00 -0.16638
-45.00 30.00 -0.26212
-40.00 30.00 -0.28498
-35.00 30.00 -0.18509
-30.00 30.00 -0.12877E-01
-25.00 30.00 0.10725
-20.00 30.00 0.77786E-01
-15.00 30.00 -0.90606E-01
-10.00 30.00 -0.29230
-5.00 30.00 -0.41767
0.00 30.00 -0.43352
5.00 30.00 -0.38233
10.00 30.00 -0.31440
15.00 30.00 -0.23122
20.00 30.00 -0.98908E-01
25.00 30.00 0.89262E-01
30.00 30.00 0.27589
35.00 30.00 0.37547
40.00 30.00 0.35074
45.00 30.00 0.24997
50.00 30.00 0.16250
55.00 30.00 0.13435
60.00 30.00 0.12918
65.00 30.00 0.76155E-01
70.00 30.00 -0.43500E-01
80.00 30.00 -0.18442
-45.00 35.00 -0.36041
-40.00 35.00 -0.35780
-35.00 35.00 -0.23055
-30.00 35.00 -0.55591E-01
-25.00 35.00 0.43196E-01
-20.00 35.00 -0.77415E-02
-15.00 35.00 -0.17787
-10.00 35.00 -0.36936
-5.00 35.00 -0.50276
0.00 35.00 -0.56628
5.00 35.00 -0.58791
10.00 35.00 -0.57274
15.00 35.00 -0.48247
20.00 35.00 -0.28429
25.00 35.00 -0.15504E-01
30.00 35.00 0.21424
35.00 35.00 0.30040
40.00 35.00 0.23233
45.00 35.00 0.10488
-75.00 40.00 0.41931
-65.00 40.00 0.13217
-60.00 40.00 -0.10277E-01
-55.00 40.00 -0.16879
-50.00 40.00 -0.33227
-45.00 40.00 -0.43724
-40.00 40.00 -0.42037
-35.00 40.00 -0.29000
-30.00 40.00 -0.13724
-25.00 40.00 -0.67805E-01
-20.00 40.00 -0.11794
-15.00 40.00 -0.23585
-10.00 40.00 -0.34331
-5.00 40.00 -0.41071
0.00 40.00 -0.46738
5.00 40.00 -0.54013
10.00 40.00 -0.59246
15.00 40.00 -0.53984
20.00 40.00 -0.33606
25.00 40.00 -0.44256E-01
30.00 40.00 0.18900
35.00 40.00 0.24628
40.00 40.00 0.13825
45.00 40.00 -0.66015E-02
50.00 40.00 -0.56492E-01
55.00 40.00 0.97717E-02
60.00 40.00 0.95186E-01
65.00 40.00 0.87684E-01
75.00 40.00 -0.15396
-70.00 45.00 0.31156
-45.00 45.00 -0.47745
-40.00 45.00 -0.45965
-35.00 45.00 -0.34803
-30.00 45.00 -0.23308
-25.00 45.00 -0.18867
-20.00 45.00 -0.20914
-15.00 45.00 -0.22710
-10.00 45.00 -0.19485
-5.00 45.00 -0.14325
0.00 45.00 -0.15115
5.00 45.00 -0.25177
10.00 45.00 -0.37404
15.00 45.00 -0.38972
20.00 45.00 -0.23198
25.00 45.00 0.27301E-01
30.00 45.00 0.22396
35.00 45.00 0.23786
40.00 45.00 0.95684E-01
45.00 45.00 -0.56639E-01
70.00 45.00 -0.22682E-01
-65.00 50.00 0.19084
-60.00 50.00 0.16972E-01
-55.00 50.00 -0.18388
-50.00 50.00 -0.36945
-45.00 50.00 -0.47327
-40.00 50.00 -0.46350
-35.00 50.00 -0.37991
-30.00 50.00 -0.30023
-25.00 50.00 -0.26388
-20.00 50.00 -0.23296
-15.00 50.00 -0.13821
-10.00 50.00 0.31957E-01
-5.00 50.00 0.19385
0.00 50.00 0.23250
5.00 50.00 0.11422
10.00 50.00 -0.63247E-01
15.00 50.00 -0.14300
20.00 50.00 -0.45785E-01
25.00 50.00 0.15490
30.00 50.00 0.29442
35.00 50.00 0.26263
40.00 50.00 0.99802E-01
45.00 50.00 -0.45784E-01
50.00 50.00 -0.57022E-01
55.00 50.00 0.47844E-01
60.00 50.00 0.14176
65.00 50.00 0.11536
-85.00 55.00 0.36190
-45.00 55.00 -0.42705
-40.00 55.00 -0.42691
-35.00 55.00 -0.36513
-30.00 55.00 -0.30088
-25.00 55.00 -0.24905
-20.00 55.00 -0.16177
-15.00 55.00 0.14164E-01
-10.00 55.00 0.25771
-5.00 55.00 0.45912
0.00 55.00 0.50059
5.00 55.00 0.36499
10.00 55.00 0.16649
15.00 55.00 0.63251E-01
20.00 55.00 0.12404
25.00 55.00 0.27077
30.00 55.00 0.35238
35.00 55.00 0.28353
40.00 55.00 0.11959
45.00 55.00 -0.62808E-03
85.00 55.00 -0.60870E-01
-80.00 60.00 0.44604
-75.00 60.00 0.43151
-70.00 60.00 0.35084
-65.00 60.00 0.23297
-60.00 60.00 0.80824E-01
-55.00 60.00 -0.96061E-01
-50.00 60.00 -0.25754
-45.00 60.00 -0.35174
-40.00 60.00 -0.35796
-35.00 60.00 -0.30303
-30.00 60.00 -0.22833
-25.00 60.00 -0.14188
-20.00 60.00 -0.11707E-01
-15.00 60.00 0.18518
-10.00 60.00 0.40813
-5.00 60.00 0.55839
0.00 60.00 0.55437
5.00 60.00 0.41121
10.00 60.00 0.24319
15.00 60.00 0.17506
20.00 60.00 0.23721
25.00 60.00 0.34199
30.00 60.00 0.36646
35.00 60.00 0.26688
40.00 60.00 0.11809
45.00 60.00 0.40912E-01
50.00 60.00 0.86748E-01
55.00 60.00 0.18904
60.00 60.00 0.22656
65.00 60.00 0.13677
70.00 60.00 -0.27891E-01
75.00 60.00 -0.15031
80.00 60.00 -0.15349
-45.00 65.00 -0.26727
-40.00 65.00 -0.27726
-35.00 65.00 -0.21717
-30.00 65.00 -0.11571
-25.00 65.00 0.91778E-02
-20.00 65.00 0.15564
-15.00 65.00 0.31323
-10.00 65.00 0.44109
-5.00 65.00 0.48462
0.00 65.00 0.42454
5.00 65.00 0.30977
10.00 65.00 0.23093
15.00 65.00 0.24724
20.00 65.00 0.33119
25.00 65.00 0.38818
30.00 65.00 0.34078
35.00 65.00 0.20299
40.00 65.00 0.73303E-01
45.00 65.00 0.48249E-01
-65.00 70.00 0.25706
-60.00 70.00 0.15488
-55.00 70.00 0.27548E-01
-50.00 70.00 -0.10242
-45.00 70.00 -0.19296
-40.00 70.00 -0.20867
-35.00 70.00 -0.14281
-30.00 70.00 -0.17694E-01
-25.00 70.00 0.12995
-20.00 70.00 0.26190
-15.00 70.00 0.34419
-10.00 70.00 0.35504
-5.00 70.00 0.30054
0.00 70.00 0.22497
5.00 70.00 0.19411
10.00 70.00 0.24981
15.00 70.00 0.36791
20.00 70.00 0.46219
25.00 70.00 0.44454
30.00 70.00 0.29918
35.00 70.00 0.10648
40.00 70.00 -0.12116E-01
45.00 70.00 0.11378E-01
50.00 70.00 0.13600
55.00 70.00 0.24424
60.00 70.00 0.23655
65.00 70.00 0.10828
-70.00 75.00 0.31879
-45.00 75.00 -0.13915
-40.00 75.00 -0.16588
-35.00 75.00 -0.10448
-30.00 75.00 0.23971E-01
-25.00 75.00 0.16559
-20.00 75.00 0.25819
-15.00 75.00 0.26263
-10.00 75.00 0.18786
-5.00 75.00 0.94762E-01
0.00 75.00 0.68046E-01
5.00 75.00 0.16322
10.00 75.00 0.35911
15.00 75.00 0.55475
20.00 75.00 0.62557
25.00 75.00 0.50845
30.00 75.00 0.25420
35.00 75.00 0.16996E-02
40.00 75.00 -0.11449
45.00 75.00 -0.56423E-01
70.00 75.00 -0.70284E-01
-75.00 80.00 0.33039
-65.00 80.00 0.26222
-60.00 80.00 0.20725
-55.00 80.00 0.11716
-50.00 80.00 0.43304E-03
-45.00 80.00 -0.10297
-40.00 80.00 -0.14429
-35.00 80.00 -0.10018
-30.00 80.00 0.64547E-02
-25.00 80.00 0.11415
-20.00 80.00 0.15745
-15.00 80.00 0.11009
-10.00 80.00 0.10428E-01
-5.00 80.00 -0.51868E-01
0.00 80.00 0.11532E-01
5.00 80.00 0.22304
10.00 80.00 0.50662
15.00 80.00 0.71867
20.00 80.00 0.73247
25.00 80.00 0.52337
30.00 80.00 0.19302
35.00 80.00 -0.90870E-01
40.00 80.00 -0.20062
45.00 80.00 -0.12597
50.00 80.00 0.31915E-01
55.00 80.00 0.14120
60.00 80.00 0.13120
65.00 80.00 0.28064E-01
75.00 80.00 -0.13026
-45.00 85.00 -0.71087E-01
-40.00 85.00 -0.12448
-35.00 85.00 -0.10438
-30.00 85.00 -0.36602E-01
-25.00 85.00 0.22627E-01
-20.00 85.00 0.25298E-01
-15.00 85.00 -0.31052E-01
-10.00 85.00 -0.93205E-01
-5.00 85.00 -0.80332E-01
0.00 85.00 0.62245E-01
5.00 85.00 0.31582
10.00 85.00 0.58185
15.00 85.00 0.72890
20.00 85.00 0.66967
25.00 85.00 0.41956
30.00 85.00 0.94224E-01
35.00 85.00 -0.15714
40.00 85.00 -0.24008
45.00 85.00 -0.16529
-80.00 90.00 0.27069
-70.00 90.00 0.25921
-65.00 90.00 0.26398
-60.00 90.00 0.24656
-55.00 90.00 0.18036
-50.00 90.00 0.74605E-01
-45.00 90.00 -0.28215E-01
-40.00 90.00 -0.85537E-01
-35.00 90.00 -0.87978E-01
-30.00 90.00 -0.63834E-01
-25.00 90.00 -0.52192E-01
-20.00 90.00 -0.68005E-01
-15.00 90.00 -0.87338E-01
-10.00 90.00 -0.63722E-01
-5.00 90.00 0.36886E-01
0.00 90.00 0.20697
5.00 90.00 0.39301
10.00 90.00 0.51881
15.00 90.00 0.52361
20.00 90.00 0.39512
25.00 90.00 0.17910
30.00 90.00 -0.40895E-01
35.00 90.00 -0.18458
40.00 90.00 -0.21484
45.00 90.00 -0.15317
50.00 90.00 -0.61268E-01
55.00 90.00 -0.91363E-03
60.00 90.00 0.13361E-02
65.00 90.00 -0.37500E-01
70.00 90.00 -0.76881E-01
80.00 90.00 -0.50101E-01
-45.00 95.00 0.33898E-01
-40.00 95.00 -0.19000E-01
-35.00 95.00 -0.39581E-01
-30.00 95.00 -0.57604E-01
-25.00 95.00 -0.86444E-01
-20.00 95.00 -0.98599E-01
-15.00 95.00 -0.45334E-01
-10.00 95.00 0.94459E-01
-5.00 95.00 0.28084
0.00 95.00 0.42794
5.00 95.00 0.45875
10.00 95.00 0.35636
15.00 95.00 0.17232
20.00 95.00 -0.10942E-01
25.00 95.00 -0.13133
30.00 95.00 -0.17392
35.00 95.00 -0.16144
40.00 95.00 -0.12594
45.00 95.00 -0.88260E-01
-75.00 100.00 0.19664
-65.00 100.00 0.28671
-60.00 100.00 0.30922
-55.00 100.00 0.26906
-50.00 100.00 0.18744
-45.00 100.00 0.11216
-40.00 100.00 0.66362E-01
-35.00 100.00 0.28450E-01
-30.00 100.00 -0.32078E-01
-25.00 100.00 -0.99299E-01
-20.00 100.00 -0.99772E-01
-15.00 100.00 0.39062E-01
-10.00 100.00 0.30623
-5.00 100.00 0.57955
0.00 100.00 0.69217
5.00 100.00 0.55015
10.00 100.00 0.20808
15.00 100.00 -0.16157
20.00 100.00 -0.38357
25.00 100.00 -0.39066
30.00 100.00 -0.24829
35.00 100.00 -0.85414E-01
40.00 100.00 0.37430E-02
45.00 100.00 0.94083E-02
50.00 100.00 -0.18319E-01
55.00 100.00 -0.30371E-01
60.00 100.00 -0.17440E-01
65.00 100.00 -0.89150E-03
75.00 100.00 -0.29418E-02
-70.00 105.00 0.22495
-45.00 105.00 0.19447
-40.00 105.00 0.15148
-35.00 105.00 0.93226E-01
-30.00 105.00 -0.11939E-01
-25.00 105.00 -0.12184
-20.00 105.00 -0.12076
-15.00 105.00 0.87884E-01
-10.00 105.00 0.46876
-5.00 105.00 0.83127
0.00 105.00 0.93972
5.00 105.00 0.68370
10.00 105.00 0.17288
15.00 105.00 -0.32689
20.00 105.00 -0.57182
25.00 105.00 -0.49572
30.00 105.00 -0.22812
35.00 105.00 0.25379E-01
40.00 105.00 0.13378
45.00 105.00 0.10589
70.00 105.00 0.70210E-01
-85.00 110.00 0.15013
-65.00 110.00 0.33697
-60.00 110.00 0.40711
-55.00 110.00 0.39344
-50.00 110.00 0.32769
-45.00 110.00 0.26595
-40.00 110.00 0.21918
-35.00 110.00 0.14130
-30.00 110.00 -0.21106E-02
-25.00 110.00 -0.15348
-20.00 110.00 -0.16839
-15.00 110.00 0.70582E-01
-10.00 110.00 0.52058
-5.00 110.00 0.95501
0.00 110.00 1.0976
5.00 110.00 0.82306
10.00 110.00 0.26276
15.00 110.00 -0.27689
20.00 110.00 -0.52497
25.00 110.00 -0.42113
30.00 110.00 -0.12472
35.00 110.00 0.13269
40.00 110.00 0.21972
45.00 110.00 0.16753
50.00 110.00 0.95345E-01
55.00 110.00 0.87613E-01
60.00 110.00 0.13439
65.00 110.00 0.17018
85.00 110.00 0.56900E-01
-45.00 115.00 0.31468
-40.00 115.00 0.26180
-35.00 115.00 0.17738
-30.00 115.00 0.22035E-01
-25.00 115.00 -0.14879
-20.00 115.00 -0.18642
-15.00 115.00 0.35366E-01
-10.00 115.00 0.48248
-5.00 115.00 0.93385
0.00 115.00 1.1147
5.00 115.00 0.89665
10.00 115.00 0.40124
15.00 115.00 -0.83067E-01
20.00 115.00 -0.30704
25.00 115.00 -0.22433
30.00 115.00 0.11256E-01
35.00 115.00 0.19534
40.00 115.00 0.23229
45.00 115.00 0.17609
-80.00 120.00 0.55062E-01
-75.00 120.00 0.81047E-01
-70.00 120.00 0.21242
-65.00 120.00 0.38632
-60.00 120.00 0.49845
-55.00 120.00 0.49619
-50.00 120.00 0.41619
-45.00 120.00 0.33380
-40.00 120.00 0.27961
-35.00 120.00 0.21433
-30.00 120.00 0.92258E-01
-25.00 120.00 -0.52840E-01
-20.00 120.00 -0.98620E-01
-15.00 120.00 0.68815E-01
-10.00 120.00 0.43197
-5.00 120.00 0.81354
0.00 120.00 0.98716
5.00 120.00 0.84554
10.00 120.00 0.48439
15.00 120.00 0.12842
20.00 120.00 -0.38810E-01
25.00 120.00 0.18692E-02
30.00 120.00 0.12536
35.00 120.00 0.19346
40.00 120.00 0.17236
45.00 120.00 0.13691
50.00 120.00 0.17413
55.00 120.00 0.28832
60.00 120.00 0.39709
65.00 120.00 0.41285
70.00 120.00 0.32392
75.00 120.00 0.19717
80.00 120.00 0.10849
-45.00 125.00 0.32115
-40.00 125.00 0.27415
-35.00 125.00 0.25470
-30.00 125.00 0.21136
-25.00 125.00 0.14180
-20.00 125.00 0.11593
-15.00 125.00 0.21264
-10.00 125.00 0.42909
-5.00 125.00 0.65597
0.00 125.00 0.75283
5.00 125.00 0.66101
10.00 125.00 0.45129
15.00 125.00 0.26146
20.00 125.00 0.18093
25.00 125.00 0.18787
30.00 125.00 0.19284
35.00 125.00 0.14091
40.00 125.00 0.70856E-01
45.00 125.00 0.74850E-01
-65.00 130.00 0.38380
-60.00 130.00 0.51109
-55.00 130.00 0.49899
-50.00 130.00 0.38810
-45.00 130.00 0.27899
-40.00 130.00 0.24509
-35.00 130.00 0.28287
-30.00 130.00 0.33755
-25.00 130.00 0.36792
-20.00 130.00 0.38160
-15.00 130.00 0.41000
-10.00 130.00 0.45826
-5.00 130.00 0.48977
0.00 130.00 0.46435
5.00 130.00 0.38776
10.00 130.00 0.31464
15.00 130.00 0.29502
20.00 130.00 0.31758
25.00 130.00 0.31298
30.00 130.00 0.22337
35.00 130.00 0.73815E-01
40.00 130.00 -0.29001E-01
45.00 130.00 0.19318E-01
50.00 130.00 0.22493
55.00 130.00 0.47627
60.00 130.00 0.62377
65.00 130.00 0.59187
-70.00 135.00 0.14819
-45.00 135.00 0.21513
-40.00 135.00 0.19489
-35.00 135.00 0.27776
-30.00 135.00 0.40848
-25.00 135.00 0.51769
-20.00 135.00 0.56313
-15.00 135.00 0.53486
-10.00 135.00 0.44116
-5.00 135.00 0.30441
0.00 135.00 0.16979
5.00 135.00 0.10050
10.00 135.00 0.14062
15.00 135.00 0.26784
20.00 135.00 0.38636
25.00 135.00 0.38657
30.00 135.00 0.23566
35.00 135.00 0.21846E-01
40.00 135.00 -0.97509E-01
45.00 135.00 -0.13317E-01
70.00 135.00 0.42880
-75.00 140.00 -0.48442E-01
-65.00 140.00 0.29089
-60.00 140.00 0.39536
-55.00 140.00 0.36543
-50.00 140.00 0.24732
-45.00 140.00 0.14378
-40.00 140.00 0.13660
-35.00 140.00 0.23655
-30.00 140.00 0.38933
-25.00 140.00 0.51745
-20.00 140.00 0.55932
-15.00 140.00 0.48711
-10.00 140.00 0.31257
-5.00 140.00 0.91036E-01
0.00 140.00 -0.85688E-01
5.00 140.00 -0.12582
10.00 140.00 0.22102E-02
15.00 140.00 0.22857
20.00 140.00 0.40742
25.00 140.00 0.41059
30.00 140.00 0.22683
35.00 140.00 -0.15931E-01
40.00 140.00 -0.13543
45.00 140.00 -0.28747E-01
50.00 140.00 0.24967
55.00 140.00 0.52927
60.00 140.00 0.65048
65.00 140.00 0.57433
75.00 140.00 0.22390
-45.00 145.00 0.82477E-01
-40.00 145.00 0.94661E-01
-35.00 145.00 0.18708
-30.00 145.00 0.30509
-25.00 145.00 0.38424
-20.00 145.00 0.37942
-15.00 145.00 0.27519
-10.00 145.00 0.90286E-01
-5.00 145.00 -0.11646
0.00 145.00 -0.25422
5.00 145.00 -0.24048
10.00 145.00 -0.61531E-01
15.00 145.00 0.19427
20.00 145.00 0.37432
25.00 145.00 0.36153
30.00 145.00 0.16591
35.00 145.00 -0.70291E-01
40.00 145.00 -0.16953
45.00 145.00 -0.48700E-01
-80.00 150.00 -0.13559
-70.00 150.00 -0.12133E-01
-65.00 150.00 0.11176
-60.00 150.00 0.16193
-55.00 150.00 0.12600
-50.00 150.00 0.63060E-01
-45.00 150.00 0.44356E-01
-40.00 150.00 0.93178E-01
-35.00 150.00 0.17347
-30.00 150.00 0.22664
-25.00 150.00 0.21526
-20.00 150.00 0.13747
-15.00 150.00 0.13454E-01
-10.00 150.00 -0.12857
-5.00 150.00 -0.25040
0.00 150.00 -0.30079
5.00 150.00 -0.23604
10.00 150.00 -0.61582E-01
15.00 150.00 0.14387
20.00 150.00 0.26067
25.00 150.00 0.20935
30.00 150.00 0.20136E-01
35.00 150.00 -0.17414
40.00 150.00 -0.22845
45.00 150.00 -0.92883E-01
50.00 150.00 0.15016
55.00 150.00 0.35084
60.00 150.00 0.40516
65.00 150.00 0.32341
70.00 150.00 0.20196
80.00 150.00 0.12350
-45.00 155.00 0.29413E-01
-40.00 155.00 0.13743
-35.00 155.00 0.22223
-30.00 155.00 0.21716
-25.00 155.00 0.11503
-20.00 155.00 -0.33956E-01
-15.00 155.00 -0.16654
-10.00 155.00 -0.24646
-5.00 155.00 -0.26845
0.00 155.00 -0.23751
5.00 155.00 -0.15809
10.00 155.00 -0.48275E-01
15.00 155.00 0.43777E-01
20.00 155.00 0.55190E-01
25.00 155.00 -0.43047E-01
30.00 155.00 -0.20564
35.00 155.00 -0.32753
40.00 155.00 -0.31520
45.00 155.00 -0.16046
-75.00 160.00 -0.20034
-65.00 160.00 -0.10360
-60.00 160.00 -0.12237
-55.00 160.00 -0.15436
-50.00 160.00 -0.11741
-45.00 160.00 0.21496E-01
-40.00 160.00 0.20281
-35.00 160.00 0.31463
-30.00 160.00 0.28039
-25.00 160.00 0.11739
-20.00 160.00 -0.80774E-01
-15.00 160.00 -0.21622
-10.00 160.00 -0.24935
-5.00 160.00 -0.20623
0.00 160.00 -0.14014
5.00 160.00 -0.91884E-01
10.00 160.00 -0.80816E-01
15.00 160.00 -0.11748
20.00 160.00 -0.20758
25.00 160.00 -0.33553
30.00 160.00 -0.45023
35.00 160.00 -0.48309
40.00 160.00 -0.39672
45.00 160.00 -0.22406
50.00 160.00 -0.55352E-01
55.00 160.00 0.25707E-01
60.00 160.00 0.58018E-02
65.00 160.00 -0.50903E-01
75.00 160.00 0.39973E-02
-85.00 165.00 -0.74315E-01
-70.00 165.00 -0.20207
-45.00 165.00 -0.47264E-02
-40.00 165.00 0.24278
-35.00 165.00 0.39002
-30.00 165.00 0.35307
-25.00 165.00 0.16462
-20.00 165.00 -0.56679E-01
-15.00 165.00 -0.19626
-10.00 165.00 -0.21685
-5.00 165.00 -0.16363
0.00 165.00 -0.11308
5.00 165.00 -0.11820
10.00 165.00 -0.18971
15.00 165.00 -0.30980
20.00 165.00 -0.44867
25.00 165.00 -0.56733
30.00 165.00 -0.61876
35.00 165.00 -0.56718
40.00 165.00 -0.42028
45.00 165.00 -0.24210
70.00 165.00 -0.18215
85.00 165.00 0.13313
-65.00 170.00 -0.28471
-60.00 170.00 -0.36818
-55.00 170.00 -0.41156
-50.00 170.00 -0.31459
-45.00 170.00 -0.69188E-01
-40.00 170.00 0.21411
-35.00 170.00 0.38165
-30.00 170.00 0.34951
-25.00 170.00 0.15917
-20.00 170.00 -0.64463E-01
-15.00 170.00 -0.20945
-10.00 170.00 -0.24637
-5.00 170.00 -0.22434
0.00 170.00 -0.21450
5.00 170.00 -0.25747
10.00 170.00 -0.35135
15.00 170.00 -0.47029
20.00 170.00 -0.58190
25.00 170.00 -0.64991
30.00 170.00 -0.63715
35.00 170.00 -0.52639
40.00 170.00 -0.34840
45.00 170.00 -0.18324
50.00 170.00 -0.11573
55.00 170.00 -0.17080
60.00 170.00 -0.28435
65.00 170.00 -0.34419
-45.00 175.00 -0.17273
-40.00 175.00 0.10402
-35.00 175.00 0.26093
-30.00 175.00 0.22440
-25.00 175.00 0.43233E-01
-20.00 175.00 -0.16416
-15.00 175.00 -0.30381
-10.00 175.00 -0.36019
-5.00 175.00 -0.37718
0.00 175.00 -0.40115
5.00 175.00 -0.44470
10.00 175.00 -0.49443
15.00 175.00 -0.53655
20.00 175.00 -0.56422
25.00 175.00 -0.56287
30.00 175.00 -0.50388
35.00 175.00 -0.36938
40.00 175.00 -0.18987
45.00 175.00 -0.48631E-01
-80.00 180.00 -0.26528
-75.00 180.00 -0.30080
-70.00 180.00 -0.30829
-65.00 180.00 -0.37774
-60.00 180.00 -0.50171
-55.00 180.00 -0.57722
-50.00 180.00 -0.50560
-45.00 180.00 -0.29335
-40.00 180.00 -0.59063E-01
-35.00 180.00 0.58459E-01
-30.00 180.00 0.54916E-02
-25.00 180.00 -0.15904
-20.00 180.00 -0.32800
-15.00 180.00 -0.43420
-10.00 180.00 -0.48332
-5.00 180.00 -0.51565
0.00 180.00 -0.54940
5.00 180.00 -0.56585
10.00 180.00 -0.54230
15.00 180.00 -0.48607
20.00 180.00 -0.42638
25.00 180.00 -0.37425
30.00 180.00 -0.30179
35.00 180.00 -0.17390
40.00 180.00 -0.52086E-02
45.00 180.00 0.12245
50.00 180.00 0.11504
55.00 180.00 -0.46018E-01
60.00 180.00 -0.26610
65.00 180.00 -0.39518
70.00 180.00 -0.34099
75.00 180.00 -0.14193
80.00 180.00 0.62303E-01
-45.00 -175 -0.39561
-40.00 -175 -0.21896
-35.00 -175 -0.15288
-30.00 -175 -0.22660
-25.00 -175 -0.36717
-20.00 -175 -0.47625
-15.00 -175 -0.51450
-10.00 -175 -0.51510
-5.00 -175 -0.52563
0.00 -175 -0.54779
5.00 -175 -0.53901
10.00 -175 -0.46780
15.00 -175 -0.35664
20.00 -175 -0.26122
25.00 -175 -0.20733
30.00 -175 -0.15721
35.00 -175 -0.49805E-01
40.00 -175 0.12014
45.00 -175 0.26823
-65.00 -170 -0.37319
-60.00 -170 -0.50012
-55.00 -170 -0.59749
-50.00 -170 -0.57598
-45.00 -170 -0.44777
-40.00 -170 -0.32075
-35.00 -170 -0.29969
-30.00 -170 -0.39239
-25.00 -170 -0.50980
-20.00 -170 -0.55445
-15.00 -170 -0.50691
-10.00 -170 -0.42872
-5.00 -170 -0.38783
0.00 -170 -0.38905
5.00 -170 -0.38004
10.00 -170 -0.31986
15.00 -170 -0.23074
20.00 -170 -0.17329
25.00 -170 -0.17082
30.00 -170 -0.16788
35.00 -170 -0.77633E-01
40.00 -170 0.12068
45.00 -170 0.33325
50.00 -170 0.41265
55.00 -170 0.28382
60.00 -170 0.21283E-01
65.00 -170 -0.19916
-70.00 -165 -0.30024
-45.00 -165 -0.43684
-40.00 -165 -0.33691
-35.00 -165 -0.34513
-30.00 -165 -0.45815
-25.00 -165 -0.57184
-20.00 -165 -0.57819
-15.00 -165 -0.46154
-10.00 -165 -0.30385
-5.00 -165 -0.20143
0.00 -165 -0.18104
5.00 -165 -0.19610
10.00 -165 -0.19650
15.00 -165 -0.18880
20.00 -165 -0.21850
25.00 -165 -0.29430
30.00 -165 -0.34322
35.00 -165 -0.25956
40.00 -165 -0.12348E-01
45.00 -165 0.29436
70.00 -165 -0.14221
-75.00 -160 -0.32117
-65.00 -160 -0.30675
-60.00 -160 -0.40678
-55.00 -160 -0.49620
-50.00 -160 -0.48274
-45.00 -160 -0.37320
-40.00 -160 -0.27606
-35.00 -160 -0.29895
-30.00 -160 -0.44126
-25.00 -160 -0.58723
-20.00 -160 -0.60663
-15.00 -160 -0.46762
-10.00 -160 -0.25803
-5.00 -160 -0.10266
0.00 -160 -0.62080E-01
5.00 -160 -0.10707
10.00 -160 -0.17917
15.00 -160 -0.26023
20.00 -160 -0.37193
25.00 -160 -0.50985
30.00 -160 -0.59487
35.00 -160 -0.51339
40.00 -160 -0.22435
45.00 -160 0.16957
50.00 -160 0.46991
55.00 -160 0.52483
60.00 -160 0.34685
65.00 -160 0.10025
75.00 -160 0.11412E-02
-45.00 -155 -0.28390
-40.00 -155 -0.17270
-35.00 -155 -0.20064
-30.00 -155 -0.38194
-25.00 -155 -0.59360
-20.00 -155 -0.67534
-15.00 -155 -0.56337
-10.00 -155 -0.33777
-5.00 -155 -0.14744
0.00 -155 -0.89931E-01
5.00 -155 -0.15638
10.00 -155 -0.27775
15.00 -155 -0.40713
20.00 -155 -0.54591
25.00 -155 -0.69274
30.00 -155 -0.78482
35.00 -155 -0.71468
40.00 -155 -0.42531
45.00 -155 0.57448E-02
-80.00 -150 -0.31758
-70.00 -150 -0.25207
-65.00 -150 -0.23130
-60.00 -150 -0.29795
-55.00 -150 -0.37042
-50.00 -150 -0.34083
-45.00 -150 -0.20005
-40.00 -150 -0.68345E-01
-35.00 -150 -0.94082E-01
-30.00 -150 -0.31215
-25.00 -150 -0.59654
-20.00 -150 -0.75643
-15.00 -150 -0.69183
-10.00 -150 -0.47051
-5.00 -150 -0.26244
0.00 -150 -0.19879
5.00 -150 -0.28411
10.00 -150 -0.42922
15.00 -150 -0.55368
20.00 -150 -0.64739
25.00 -150 -0.73612
30.00 -150 -0.80254
35.00 -150 -0.76247
40.00 -150 -0.53588
45.00 -150 -0.14657
50.00 -150 0.25637
55.00 -150 0.49325
60.00 -150 0.48875
65.00 -150 0.32583
70.00 -150 0.16825
80.00 -150 0.15660
-45.00 -145 -0.14575
-40.00 -145 0.36838E-02
-35.00 -145 -0.12166E-01
-30.00 -145 -0.24731
-25.00 -145 -0.57632
-20.00 -145 -0.78546
-15.00 -145 -0.74743
-10.00 -145 -0.52445
-5.00 -145 -0.30907
0.00 -145 -0.25994
5.00 -145 -0.38159
10.00 -145 -0.54908
15.00 -145 -0.63924
20.00 -145 -0.63578
25.00 -145 -0.61243
30.00 -145 -0.62472
35.00 -145 -0.63053
40.00 -145 -0.52511
45.00 -145 -0.25625
-85.00 -140 -0.15050
-75.00 -140 -0.33172
-65.00 -140 -0.18353
-60.00 -140 -0.22420
-55.00 -140 -0.29527
-50.00 -140 -0.27656
-45.00 -140 -0.13290
-40.00 -140 0.24355E-01
-35.00 -140 0.24634E-01
-30.00 -140 -0.19860
-25.00 -140 -0.52400
-20.00 -140 -0.72781
-15.00 -140 -0.67164
-10.00 -140 -0.42421
-5.00 -140 -0.20384
0.00 -140 -0.19074
5.00 -140 -0.37765
10.00 -140 -0.59053
15.00 -140 -0.65341
20.00 -140 -0.54132
25.00 -140 -0.38329
30.00 -140 -0.32279
35.00 -140 -0.37559
40.00 -140 -0.41961
45.00 -140 -0.32011
50.00 -140 -0.64565E-01
55.00 -140 0.22167
60.00 -140 0.38788
65.00 -140 0.38585
75.00 -140 0.21876
85.00 -140 0.16854
-70.00 -135 -0.24434
-45.00 -135 -0.16164
-40.00 -135 -0.11311E-01
-35.00 -135 0.54907E-02
-30.00 -135 -0.18308
-25.00 -135 -0.46410
-20.00 -135 -0.61760
-15.00 -135 -0.50827
-10.00 -135 -0.21791
-5.00 -135 0.11427E-01
0.00 -135 -0.17234E-01
5.00 -135 -0.28287
10.00 -135 -0.56306
15.00 -135 -0.62721
20.00 -135 -0.43349
25.00 -135 -0.15501
30.00 -135 -0.17669E-01
35.00 -135 -0.10127
40.00 -135 -0.28145
45.00 -135 -0.35402
70.00 -135 0.31930
-65.00 -130 -0.17348
-60.00 -130 -0.19144
-55.00 -130 -0.27349
-50.00 -130 -0.30556
-45.00 -130 -0.22342
-40.00 -130 -0.95609E-01
-35.00 -130 -0.68103E-01
-30.00 -130 -0.21403
-25.00 -130 -0.43552
-20.00 -130 -0.52815
-15.00 -130 -0.36551
-10.00 -130 -0.35838E-01
-5.00 -130 0.20810
0.00 -130 0.15812
5.00 -130 -0.16191
10.00 -130 -0.50261
15.00 -130 -0.59290
20.00 -130 -0.36642
25.00 -130 -0.13012E-01
30.00 -130 0.18715
35.00 -130 0.98367E-01
40.00 -130 -0.17016
45.00 -130 -0.37436
50.00 -130 -0.34498
55.00 -130 -0.11036
60.00 -130 0.15952
65.00 -130 0.31298
-45.00 -125 -0.30459
-40.00 -125 -0.20935
-35.00 -125 -0.17605
-30.00 -125 -0.27967
-25.00 -125 -0.44706
-20.00 -125 -0.49987
-15.00 -125 -0.31883
-10.00 -125 0.20131E-01
-5.00 -125 0.27811
0.00 -125 0.24513
5.00 -125 -0.70585E-01
10.00 -125 -0.43027
15.00 -125 -0.55246
20.00 -125 -0.34475
25.00 -125 0.20700E-01
30.00 -125 0.25306
35.00 -125 0.18248
40.00 -125 -0.11138
45.00 -125 -0.38214
-80.00 -120 -0.32836
-75.00 -120 -0.37407
-70.00 -120 -0.29263
-65.00 -120 -0.19624
-60.00 -120 -0.19019
-55.00 -120 -0.28031
-50.00 -120 -0.37662
-45.00 -120 -0.38979
-40.00 -120 -0.32581
-35.00 -120 -0.28086
-30.00 -120 -0.33573
-25.00 -120 -0.45419
-20.00 -120 -0.49555
-15.00 -120 -0.34518
-10.00 -120 -0.44507E-01
-5.00 -120 0.21161
0.00 -120 0.22706
5.00 -120 -0.20552E-01
10.00 -120 -0.34245
15.00 -120 -0.48388
20.00 -120 -0.33346
25.00 -120 -0.16212E-01
30.00 -120 0.21136
35.00 -120 0.17331
40.00 -120 -0.88024E-01
45.00 -120 -0.35943
50.00 -120 -0.43686
55.00 -120 -0.27787
60.00 -120 -0.61570E-02
65.00 -120 0.21273
70.00 -120 0.29887
75.00 -120 0.28275
80.00 -120 0.22984
-45.00 -115 -0.46553
-40.00 -115 -0.41946
-35.00 -115 -0.34352
-30.00 -115 -0.32875
-25.00 -115 -0.38769
-20.00 -115 -0.43050
-15.00 -115 -0.34984
-10.00 -115 -0.13776
-5.00 -115 0.81607E-01
0.00 -115 0.14669
5.00 -115 0.26704E-02
10.00 -115 -0.23695
15.00 -115 -0.37547
20.00 -115 -0.29652
25.00 -115 -0.63773E-01
30.00 -115 0.13207
35.00 -115 0.13341
40.00 -115 -0.55678E-01
45.00 -115 -0.27968
-65.00 -110 -0.24039
-60.00 -110 -0.21586
-55.00 -110 -0.30523
-50.00 -110 -0.44516
-45.00 -110 -0.52289
-40.00 -110 -0.47615
-35.00 -110 -0.34642
-30.00 -110 -0.23718
-25.00 -110 -0.21630
-20.00 -110 -0.25499
-15.00 -110 -0.26116
-10.00 -110 -0.17543
-5.00 -110 -0.36928E-01
0.00 -110 0.46987E-01
5.00 -110 0.16254E-02
10.00 -110 -0.13795
15.00 -110 -0.24906
20.00 -110 -0.22665
25.00 -110 -0.77499E-01
30.00 -110 0.82790E-01
35.00 -110 0.12825
40.00 -110 0.29254E-01
45.00 -110 -0.12540
50.00 -110 -0.20596
55.00 -110 -0.14660
60.00 -110 0.12362E-01
65.00 -110 0.17181
-70.00 -105 -0.35332
-45.00 -105 -0.55786
-40.00 -105 -0.49741
-35.00 -105 -0.30539
-30.00 -105 -0.95981E-01
-25.00 -105 0.11694E-01
-20.00 -105 -0.14270E-01
-15.00 -105 -0.10375
-10.00 -105 -0.15560
-5.00 -105 -0.12728
0.00 -105 -0.62901E-01
5.00 -105 -0.38840E-01
10.00 -105 -0.82804E-01
15.00 -105 -0.14392
20.00 -105 -0.14104
25.00 -105 -0.42089E-01
30.00 -105 0.10110
35.00 -105 0.19492
40.00 -105 0.18399
45.00 -105 0.96442E-01
70.00 -105 0.23908
-75.00 -100 -0.38519
-65.00 -100 -0.28253
-60.00 -100 -0.25183
-55.00 -100 -0.33203
-50.00 -100 -0.47893
-45.00 -100 -0.56867
-40.00 -100 -0.49444
-35.00 -100 -0.25794
-30.00 -100 0.21425E-01
-25.00 -100 0.19052
-20.00 -100 0.17334
-15.00 -100 0.19865E-01
-10.00 -100 -0.14303
-5.00 -100 -0.21317
0.00 -100 -0.18114
5.00 -100 -0.11372
10.00 -100 -0.77429E-01
15.00 -100 -0.75712E-01
20.00 -100 -0.54320E-01
25.00 -100 0.36863E-01
30.00 -100 0.18745
35.00 -100 0.32832
40.00 -100 0.38784
45.00 -100 0.34961
50.00 -100 0.26120
55.00 -100 0.19084
60.00 -100 0.17447
65.00 -100 0.19824
75.00 -100 0.22237
-45.00 -95 -0.55224
-40.00 -95 -0.47536
-35.00 -95 -0.23398
-30.00 -95 0.55188E-01
-25.00 -95 0.23235
-20.00 -95 0.20831
-15.00 -95 0.24970E-01
-10.00 -95 -0.18289
-5.00 -95 -0.29000
0.00 -95 -0.26312
5.00 -95 -0.16214
10.00 -95 -0.69474E-01
15.00 -95 -0.15415E-01
20.00 -95 0.37157E-01
25.00 -95 0.14295
30.00 -95 0.31086
35.00 -95 0.48555
40.00 -95 0.58814
45.00 -95 0.57706
-80.00 -90 -0.23293
-70.00 -90 -0.34691
-65.00 -90 -0.28534
-60.00 -90 -0.25423
-55.00 -90 -0.31335
-50.00 -90 -0.43122
-45.00 -90 -0.50327
-40.00 -90 -0.43624
-35.00 -90 -0.23116
-30.00 -90 0.58301E-02
-25.00 -90 0.13733
-20.00 -90 0.95696E-01
-15.00 -90 -0.69264E-01
-10.00 -90 -0.23231
-5.00 -90 -0.28738
0.00 -90 -0.21762
5.00 -90 -0.88892E-01
10.00 -90 0.19339E-01
15.00 -90 0.81970E-01
20.00 -90 0.13918
25.00 -90 0.24759
30.00 -90 0.41945
35.00 -90 0.60342
40.00 -90 0.72016
45.00 -90 0.71978
50.00 -90 0.61386
55.00 -90 0.46121
60.00 -90 0.32519
65.00 -90 0.23855
70.00 -90 0.19713
80.00 -90 0.15682
-85.00 -85 -0.24679E-01
-45.00 -85 -0.41798
-40.00 -85 -0.36425
-35.00 -85 -0.21571
-30.00 -85 -0.62737E-01
-25.00 -85 -0.14527E-03
-20.00 -85 -0.49692E-01
-15.00 -85 -0.14373
-10.00 -85 -0.18256
-5.00 -85 -0.11504
0.00 -85 0.25398E-01
5.00 -85 0.15609
10.00 -85 0.21748
15.00 -85 0.21998
20.00 -85 0.22900
25.00 -85 0.30590
30.00 -85 0.45601
35.00 -85 0.62386
40.00 -85 0.73360
45.00 -85 0.73887
85.00 -85 0.11169
-75.00 -80 -0.26791
-65.00 -80 -0.21565
-60.00 -80 -0.17720
-55.00 -80 -0.20417
-50.00 -80 -0.26941
-45.00 -80 -0.30045
-40.00 -80 -0.25165
-35.00 -80 -0.14981
-30.00 -80 -0.68880E-01
-25.00 -80 -0.57157E-01
-20.00 -80 -0.86658E-01
-15.00 -80 -0.74301E-01
-10.00 -80 0.42130E-01
-5.00 -80 0.24177
0.00 -80 0.42914
5.00 -80 0.50718
10.00 -80 0.45281
15.00 -80 0.33265
20.00 -80 0.24995
25.00 -80 0.26997
30.00 -80 0.38227
35.00 -80 0.52092
40.00 -80 0.61589
45.00 -80 0.63216
50.00 -80 0.57499
55.00 -80 0.47182
60.00 -80 0.35379
65.00 -80 0.24750
75.00 -80 0.13184
-70.00 -75 -0.21402
-45.00 -75 -0.16628
-40.00 -75 -0.10947
-35.00 -75 -0.24635E-01
-30.00 -75 0.26672E-01
-25.00 -75 0.30029E-01
-20.00 -75 0.46675E-01
-15.00 -75 0.16215
-10.00 -75 0.39783
-5.00 -75 0.66874
0.00 -75 0.83315
5.00 -75 0.79690
10.00 -75 0.58557
15.00 -75 0.32525
20.00 -75 0.15155
25.00 -75 0.12351
30.00 -75 0.20591
35.00 -75 0.31912
40.00 -75 0.40220
45.00 -75 0.43766
70.00 -75 0.15926
-65.00 -70 -0.72526E-01
-60.00 -70 -0.16160E-01
-55.00 -70 -0.17683E-01
-50.00 -70 -0.46548E-01
-45.00 -70 -0.38946E-01
-40.00 -70 0.31691E-01
-35.00 -70 0.12750
-30.00 -70 0.19249
-25.00 -70 0.22380
-20.00 -70 0.28885
-15.00 -70 0.46070
-10.00 -70 0.72848
-5.00 -70 0.97267
0.00 -70 1.0402
5.00 -70 0.86197
10.00 -70 0.51236
15.00 -70 0.15923
20.00 -70 -0.52458E-01
25.00 -70 -0.86514E-01
30.00 -70 -0.86532E-02
35.00 -70 0.90520E-01
40.00 -70 0.16517
45.00 -70 0.22104
50.00 -70 0.27242
55.00 -70 0.30697
60.00 -70 0.29596
65.00 -70 0.23226
-45.00 -65 0.60337E-01
-40.00 -65 0.13672
-35.00 -65 0.25249
-30.00 -65 0.35079
-25.00 -65 0.41853
-20.00 -65 0.50493
-15.00 -65 0.66271
-10.00 -65 0.86808
-5.00 -65 1.0058
0.00 -65 0.94800
5.00 -65 0.66306
10.00 -65 0.25732
15.00 -65 -0.93432E-01
20.00 -65 -0.26511
25.00 -65 -0.25762
30.00 -65 -0.16382
35.00 -65 -0.75176E-01
40.00 -65 -0.14519E-01
45.00 -65 0.50579E-01
-80.00 -60 0.49822E-02
-75.00 -60 -0.43627E-01
-70.00 -60 -0.21375E-02
-65.00 -60 0.10003
-60.00 -60 0.17956
-55.00 -60 0.18365
-50.00 -60 0.13924
-45.00 -60 0.12333
-40.00 -60 0.18700
-35.00 -60 0.31093
-30.00 -60 0.43399
-25.00 -60 0.51967
-20.00 -60 0.58661
-15.00 -60 0.66985
-10.00 -60 0.75581
-5.00 -60 0.76634
0.00 -60 0.62001
5.00 -60 0.31753
10.00 -60 -0.33296E-01
15.00 -60 -0.28565
20.00 -60 -0.35917
25.00 -60 -0.28998
30.00 -60 -0.18335
35.00 -60 -0.11686
40.00 -60 -0.84828E-01
45.00 -60 -0.29893E-01
50.00 -60 0.78411E-01
55.00 -60 0.20066
60.00 -60 0.26191
65.00 -60 0.22530
70.00 -60 0.12848
75.00 -60 0.47595E-01
80.00 -60 0.27139E-01
-45.00 -55 0.15824
-40.00 -55 0.19182
-35.00 -55 0.30375
-30.00 -55 0.42916
-25.00 -55 0.50606
-20.00 -55 0.52315
-15.00 -55 0.50729
-10.00 -55 0.47268
-5.00 -55 0.39389
0.00 -55 0.23641
5.00 -55 0.13242E-01
10.00 -55 -0.19767
15.00 -55 -0.30342
20.00 -55 -0.27198
25.00 -55 -0.16062
30.00 -55 -0.65721E-01
35.00 -55 -0.38635E-01
40.00 -55 -0.47037E-01
45.00 -55 -0.17674E-01
-65.00 -50 0.22802
-60.00 -50 0.32939
-55.00 -50 0.33874
-50.00 -50 0.26272
-45.00 -50 0.18276
-40.00 -50 0.18080
-35.00 -50 0.26771
-30.00 -50 0.37828
-25.00 -50 0.43121
-20.00 -50 0.39356
-15.00 -50 0.29285
-10.00 -50 0.17652
-5.00 -50 0.68373E-01
0.00 -50 -0.33925E-01
5.00 -50 -0.12700
10.00 -50 -0.18080
15.00 -50 -0.15966
20.00 -50 -0.65802E-01
25.00 -50 0.45527E-01
30.00 -50 0.10475
35.00 -50 0.89301E-01
40.00 -50 0.46702E-01
45.00 -50 0.51321E-01
50.00 -50 0.13177
55.00 -50 0.23850
60.00 -50 0.28549
65.00 -50 0.22863
-70.00 -45 0.13796
-45.00 -45 0.21063
-40.00 -45 0.18212
-35.00 -45 0.24490
-30.00 -45 0.33796
-25.00 -45 0.37016
-20.00 -45 0.29596
-15.00 -45 0.14610
-10.00 -45 -0.62488E-02
-5.00 -45 -0.10409
0.00 -45 -0.13583
5.00 -45 -0.11895
10.00 -45 -0.68729E-01
15.00 -45 0.10097E-01
20.00 -45 0.10508
25.00 -45 0.18257
30.00 -45 0.20564
35.00 -45 0.17101
40.00 -45 0.12349
45.00 -45 0.12301
70.00 -45 0.90484E-01
-75.00 -40 0.12369
-65.00 -40 0.24417
-60.00 -40 0.35422
-55.00 -40 0.39144
-50.00 -40 0.33339
-45.00 -40 0.24097
-40.00 -40 0.20208
-35.00 -40 0.25021
-30.00 -40 0.33317
-25.00 -40 0.35899
-20.00 -40 0.27542
-15.00 -40 0.11208
-10.00 -40 -0.47509E-01
-5.00 -40 -0.13251
0.00 -40 -0.12949
5.00 -40 -0.73435E-01
10.00 -40 -0.59280E-02
15.00 -40 0.54061E-01
20.00 -40 0.10515
25.00 -40 0.14297
30.00 -40 0.15590
35.00 -40 0.14337
40.00 -40 0.13053
45.00 -40 0.15267
50.00 -40 0.21753
55.00 -40 0.28446
60.00 -40 0.29030
65.00 -40 0.20543
75.00 -40 -0.39267E-01
-45.00 -35 0.25797
-40.00 -35 0.22076
-35.00 -35 0.26125
-30.00 -35 0.34049
-25.00 -35 0.37315
-20.00 -35 0.30305
-15.00 -35 0.15118
-10.00 -35 -0.46099E-02
-5.00 -35 -0.94891E-01
0.00 -35 -0.10812
5.00 -35 -0.84452E-01
10.00 -35 -0.68985E-01
15.00 -35 -0.73401E-01
20.00 -35 -0.78216E-01
25.00 -35 -0.63203E-01
30.00 -35 -0.28406E-01
35.00 -35 0.14292E-01
40.00 -35 0.62238E-01
45.00 -35 0.12488
-85.00 -30 0.23700
-80.00 -30 0.22891
-70.00 -30 0.10010
-65.00 -30 0.13099
-60.00 -30 0.22069
-55.00 -30 0.29244
-50.00 -30 0.29302
-45.00 -30 0.24165
-40.00 -30 0.20700
-35.00 -30 0.23719
-30.00 -30 0.31093
-25.00 -30 0.35546
-20.00 -30 0.31226
-15.00 -30 0.18759
-10.00 -30 0.42784E-01
-5.00 -30 -0.62123E-01
0.00 -30 -0.11594
5.00 -30 -0.15276
10.00 -30 -0.20728
15.00 -30 -0.27630
20.00 -30 -0.32273
25.00 -30 -0.31251
30.00 -30 -0.24454
35.00 -30 -0.14564
40.00 -30 -0.42293E-01
45.00 -30 0.56162E-01
50.00 -30 0.14590
55.00 -30 0.20736
60.00 -30 0.20714
65.00 -30 0.12982
70.00 -30 0.79048E-02
80.00 -30 -0.96501E-01
85.00 -30 -0.22612E-01
-45.00 -25 0.18279
-40.00 -25 0.14180
-35.00 -25 0.15127
-30.00 -25 0.21132
-25.00 -25 0.26571
-20.00 -25 0.25473
-15.00 -25 0.16776
-10.00 -25 0.46473E-01
-5.00 -25 -0.59259E-01
0.00 -25 -0.13573
5.00 -25 -0.20731
10.00 -25 -0.29854
15.00 -25 -0.39841
20.00 -25 -0.46358
25.00 -25 -0.45563
30.00 -25 -0.37372
35.00 -25 -0.25177
40.00 -25 -0.12754
45.00 -25 -0.18491E-01
-75.00 -20 0.15521
-65.00 -20 -0.56285E-01
-60.00 -20 -0.11934E-01
-55.00 -20 0.75866E-01
-50.00 -20 0.12060
-45.00 -20 0.91938E-01
-40.00 -20 0.33752E-01
-35.00 -20 0.12721E-01
-30.00 -20 0.51944E-01
-25.00 -20 0.11206
-20.00 -20 0.13225
-15.00 -20 0.86369E-01
-10.00 -20 0.26865E-03
-5.00 -20 -0.81161E-01
0.00 -20 -0.13889
5.00 -20 -0.19102
10.00 -20 -0.26282
15.00 -20 -0.35030
20.00 -20 -0.41624
25.00 -20 -0.42171
30.00 -20 -0.35989
35.00 -20 -0.25898
40.00 -20 -0.15486
45.00 -20 -0.65052E-01
50.00 -20 0.97968E-02
55.00 -20 0.64019E-01
60.00 -20 0.76330E-01
65.00 -20 0.29263E-01
75.00 -20 -0.13213
-70.00 -15 -0.37692E-01
-45.00 -15 -0.37067E-02
-40.00 -15 -0.83973E-01
-35.00 -15 -0.13695
-30.00 -15 -0.11863
-25.00 -15 -0.55582E-01
-20.00 -15 -0.11979E-01
-15.00 -15 -0.26274E-01
-10.00 -15 -0.80057E-01
-5.00 -15 -0.12445
0.00 -15 -0.13188
5.00 -15 -0.12015
10.00 -15 -0.12834
15.00 -15 -0.17304
20.00 -15 -0.23038
25.00 -15 -0.25924
30.00 -15 -0.23881
35.00 -15 -0.18258
40.00 -15 -0.11894
45.00 -15 -0.64143E-01
70.00 -15 -0.87113E-01
-65.00 -10 -0.21537
-60.00 -10 -0.20825
-55.00 -10 -0.11108
-50.00 -10 -0.42847E-01
-45.00 -10 -0.73679E-01
-40.00 -10 -0.17236
-35.00 -10 -0.24898
-30.00 -10 -0.24425
-25.00 -10 -0.17957
-20.00 -10 -0.12633
-15.00 -10 -0.13154
-10.00 -10 -0.17447
-5.00 -10 -0.19271
0.00 -10 -0.14705
5.00 -10 -0.59903E-01
10.00 -10 0.73407E-02
15.00 -10 0.11800E-01
20.00 -10 -0.35316E-01
25.00 -10 -0.85402E-01
30.00 -10 -0.99063E-01
35.00 -10 -0.75271E-01
40.00 -10 -0.39799E-01
45.00 -10 -0.13483E-01
50.00 -10 0.24593E-02
55.00 -10 0.12041E-01
60.00 -10 0.53511E-02
65.00 -10 -0.35497E-01
-45.00 -5 -0.99872E-01
-40.00 -5 -0.20821
-35.00 -5 -0.29515
-30.00 -5 -0.29350
-25.00 -5 -0.22773
-20.00 -5 -0.17960
-15.00 -5 -0.20055
-10.00 -5 -0.25937
-5.00 -5 -0.27400
0.00 -5 -0.19322
5.00 -5 -0.47737E-01
10.00 -5 0.76469E-01
15.00 -5 0.11366
20.00 -5 0.70430E-01
25.00 -5 0.97755E-02
30.00 -5 -0.10296E-01
35.00 -5 0.17655E-01
40.00 -5 0.58541E-01
45.00 -5 0.77597E-01
90.00 0.00 0.71263E-01
-90.00 0.00 0.13544
