-85.00 0.00 0.29562
-80.00 0.00 0.31705
-75.00 0.00 0.13755
-70.00 0.00 -0.12087
-65.00 0.00 -0.28264
-60.00 0.00 -0.26403
-55.00 0.00 -0.13222
-50.00 0.00 -0.32957E-01
-45.00 0.00 -0.57378E-01
-40.00 0.00 -0.17066
-35.00 0.00 -0.26180
-30.00 0.00 -0.25833
-25.00 0.00 -0.19278
-20.00 0.00 -0.16047
-15.00 0.00 -0.21584
-10.00 0.00 -0.31215
-5.00 0.00 -0.34353
0.00 0.00 -0.24699
5.00 0.00 -0.65367E-01
10.00 0.00 0.88482E-01
15.00 0.00 0.13018
20.00 0.00 0.72385E-01
25.00 0.00 0.36585E-02
30.00 0.00 0.44002E-02
35.00 0.00 0.81290E-01
40.00 0.00 0.17517
45.00 0.00 0.22272
50.00 0.00 0.20576
55.00 0.00 0.14617
60.00 0.00 0.66757E-01
65.00 0.00 -0.29179E-01
70.00 0.00 -0.13664
75.00 0.00 -0.21776
80.00 0.00 -0.21337
85.00 0.00 -0.96690E-01
-45.00 5.00 -0.31321E-01
-40.00 5.00 -0.14380
-35.00 5.00 -0.22512
-30.00 5.00 -0.20524
-25.00 5.00 -0.12904
-20.00 5.00 -0.10371
-15.00 5.00 -0.18266
-10.00 5.00 -0.30321
-5.00 5.00 -0.34086
0.00 5.00 -0.22774
5.00 5.00 -0.20774E-01
10.00 5.00 0.14573
15.00 5.00 0.17769
20.00 5.00 0.99256E-01
25.00 5.00 0.22320E-01
30.00 5.00 0.42339E-01
35.00 5.00 0.15922
40.00 5.00 0.28992
45.00 5.00 0.34854
-65.00 10.00 -0.23813
-60.00 10.00 -0.21087
-55.00 10.00 -0.74820E-01
-50.00 10.00 0.19211E-01
-45.00 10.00 -0.13022E-01
-40.00 10.00 -0.12100
-35.00 10.00 -0.18451
-30.00 10.00 -0.14132
-25.00 10.00 -0.49266E-01
-20.00 10.00 -0.23126E-01
-15.00 10.00 -0.11161
-10.00 10.00 -0.23878
-5.00 10.00 -0.26989
0.00 10.00 -0.13944
5.00 10.00 0.82242E-01
10.00 10.00 0.24818
15.00 10.00 0.26404
20.00 10.00 0.16710
25.00 10.00 0.85043E-01
30.00 10.00 0.11843
35.00 10.00 0.25736
40.00 10.00 0.40200
45.00 10.00 0.45559
50.00 10.00 0.39663
55.00 10.00 0.27115
60.00 10.00 0.13146
65.00 10.00 -0.42995E-02
-70.00 15.00 -0.40871E-01
-45.00 15.00 -0.21746E-01
-40.00 15.00 -0.11999
-35.00 15.00 -0.15675
-30.00 15.00 -0.84260E-01
-25.00 15.00 0.25459E-01
-20.00 15.00 0.53953E-01
-15.00 15.00 -0.39865E-01
-10.00 15.00 -0.16955
-5.00 15.00 -0.19653
0.00 15.00 -0.60064E-01
5.00 15.00 0.16289
10.00 15.00 0.32486
15.00 15.00 0.33828
20.00 15.00 0.24741
25.00 15.00 0.17898
30.00 15.00 0.22377
35.00 15.00 0.36090
40.00 15.00 0.48777
45.00 15.00 0.51542
70.00 15.00 -0.12399
-75.00 20.00 0.23275
-65.00 20.00 -0.13285
-60.00 20.00 -0.12696
-55.00 20.00 -0.45238E-01
-50.00 20.00 -0.91957E-02
-45.00 20.00 -0.65685E-01
-40.00 20.00 -0.14645
-35.00 20.00 -0.14703
-30.00 20.00 -0.42022E-01
-25.00 20.00 0.80687E-01
-20.00 20.00 0.10242
-15.00 20.00 -0.76993E-02
-10.00 20.00 -0.15507
-5.00 20.00 -0.20135
0.00 20.00 -0.88500E-01
5.00 20.00 0.11162
10.00 20.00 0.26639
15.00 20.00 0.30151
20.00 20.00 0.25801
25.00 20.00 0.23972
30.00 20.00 0.30888
35.00 20.00 0.43153
40.00 20.00 0.51745
45.00 20.00 0.50568
50.00 20.00 0.40879
55.00 20.00 0.28082
60.00 20.00 0.15551
65.00 20.00 0.26664E-01
75.00 20.00 -0.22073
-45.00 25.00 -0.14103
-40.00 25.00 -0.19659
-35.00 25.00 -0.15542
-30.00 25.00 -0.20979E-01
-25.00 25.00 0.10341
-20.00 25.00 0.10408
-15.00 25.00 -0.36582E-01
-10.00 25.00 -0.21890
-5.00 25.00 -0.31012
0.00 25.00 -0.25424
5.00 25.00 -0.10691
10.00 25.00 0.29779E-01
15.00 25.00 0.10303
20.00 25.00 0.14344
25.00 25.00 0.21293
30.00 25.00 0.32784
35.00 25.00 0.43740
40.00 25.00 0.47482
45.00 25.00 0.42270
-80.00 30.00 0.40256
-70.00 30.00 0.11612
-65.00 30.00 -0.22091E-01
-60.00 30.00 -0.78190E-01
-55.00 30.00 -0.10291
-50.00 30.00 -0.15766
-45.00 30.00 -0.23508
-40.00 30.00 -0.26243
-35.00 30.00 -0.18317
-30.00 30.00 -0.31358E-01
-25.00 30.00 0.80367E-01
-20.00 30.00 0.52477E-01
-15.00 30.00 -0.11551
-10.00 30.00 -0.32462
-5.00 30.00 -0.45882
0.00 30.00 -0.47118
5.00 30.00 -0.39763
10.00 30.00 -0.29802
15.00 30.00 -0.19310
20.00 30.00 -0.61337E-01
25.00 30.00 0.10952
30.00 30.00 0.28062
35.00 30.00 0.38138
40.00 30.00 0.37304
45.00 30.00 0.28825
50.00 30.00 0.20107
55.00 30.00 0.15508
60.00 30.00 0.12412
65.00 30.00 0.49475E-01
70.00 30.00 -0.82789E-01
80.00 30.00 -0.22582
-45.00 35.00 -0.33054
-40.00 35.00 -0.33454
-35.00 35.00 -0.23195
-30.00 35.00 -0.82097E-01
-25.00 35.00 0.55238E-02
-20.00 35.00 -0.42180E-01
-15.00 35.00 -0.20529
-10.00 35.00 -0.39486
-5.00 35.00 -0.52887
0.00 35.00 -0.58505
5.00 35.00 -0.58568
10.00 35.00 -0.54375
15.00 35.00 -0.43750
20.00 35.00 -0.24455
25.00 35.00 0.38376E-02
30.00 35.00 0.21624
35.00 35.00 0.30298
40.00 35.00 0.25233
45.00 35.00 0.14379
-75.00 40.00 0.35068
-65.00 40.00 0.70481E-01
-60.00 40.00 -0.54859E-01
-55.00 40.00 -0.18480
-50.00 40.00 -0.31871
-45.00 40.00 -0.40903
-40.00 40.00 -0.40113
-35.00 40.00 -0.29636
-30.00 40.00 -0.16801
-25.00 40.00 -0.10733
-20.00 40.00 -0.15049
-15.00 40.00 -0.25752
-10.00 40.00 -0.36093
-5.00 40.00 -0.43018
0.00 40.00 -0.48405
5.00 40.00 -0.54145
10.00 40.00 -0.57062
15.00 40.00 -0.50158
20.00 40.00 -0.29925
25.00 40.00 -0.23580E-01
30.00 40.00 0.19431
35.00 40.00 0.25131
40.00 40.00 0.15897
45.00 40.00 0.33096E-01
50.00 40.00 -0.94894E-02
55.00 40.00 0.46767E-01
60.00 40.00 0.11063
65.00 40.00 0.79930E-01
75.00 40.00 -0.19129
-70.00 45.00 0.24940
-45.00 45.00 -0.45432
-40.00 45.00 -0.44699
-35.00 45.00 -0.35805
-30.00 45.00 -0.26129
-25.00 45.00 -0.21892
-20.00 45.00 -0.22828
-15.00 45.00 -0.23615
-10.00 45.00 -0.20645
-5.00 45.00 -0.16787
0.00 45.00 -0.18522
5.00 45.00 -0.27907
10.00 45.00 -0.37910
15.00 45.00 -0.37092
20.00 45.00 -0.20231
25.00 45.00 0.52070E-01
30.00 45.00 0.23854
35.00 45.00 0.25047
40.00 45.00 0.11896
45.00 45.00 -0.17722E-01
70.00 45.00 -0.41591E-01
-65.00 50.00 0.14803
-60.00 50.00 -0.86987E-02
-55.00 50.00 -0.18868
-50.00 50.00 -0.35692
-45.00 50.00 -0.45607
-40.00 50.00 -0.45665
-35.00 50.00 -0.38965
-30.00 50.00 -0.31879
-25.00 50.00 -0.27637
-20.00 50.00 -0.23166
-15.00 50.00 -0.13160
-10.00 50.00 0.24505E-01
-5.00 50.00 0.15819
0.00 50.00 0.17315
5.00 50.00 0.53407E-01
10.00 50.00 -0.10065
15.00 50.00 -0.14607
20.00 50.00 -0.22686E-01
25.00 50.00 0.18631
30.00 50.00 0.32114
35.00 50.00 0.28421
40.00 50.00 0.12439
45.00 50.00 -0.11487E-01
50.00 50.00 -0.14666E-01
55.00 50.00 0.89031E-01
60.00 50.00 0.17070
65.00 50.00 0.12437
-85.00 55.00 0.30403
-45.00 55.00 -0.41373
-40.00 55.00 -0.42194
-35.00 55.00 -0.36932
-30.00 55.00 -0.30488
-25.00 55.00 -0.24118
-20.00 55.00 -0.14043
-15.00 55.00 0.34585E-01
-10.00 55.00 0.25423
-5.00 55.00 0.41683
0.00 55.00 0.42580
5.00 55.00 0.28390
10.00 55.00 0.10974
15.00 55.00 0.47691E-01
20.00 55.00 0.14495
25.00 55.00 0.30886
30.00 55.00 0.38863
35.00 55.00 0.31024
40.00 55.00 0.14095
45.00 55.00 0.23801E-01
85.00 55.00 -0.82415E-01
-80.00 60.00 0.38326
-75.00 60.00 0.37716
-70.00 60.00 0.31261
-65.00 60.00 0.21257
-60.00 60.00 0.76392E-01
-55.00 60.00 -0.88407E-01
-50.00 60.00 -0.24366
-45.00 60.00 -0.33836
-40.00 60.00 -0.34911
-35.00 60.00 -0.29636
-30.00 60.00 -0.21588
-25.00 60.00 -0.11692
-20.00 60.00 0.22623E-01
-15.00 60.00 0.21320
-10.00 60.00 0.40921
-5.00 60.00 0.52080
0.00 60.00 0.48551
5.00 60.00 0.33586
10.00 60.00 0.19017
15.00 60.00 0.16122
20.00 60.00 0.25954
25.00 60.00 0.38233
30.00 60.00 0.40434
35.00 60.00 0.29118
40.00 60.00 0.13057
45.00 60.00 0.51076E-01
50.00 60.00 0.10311
55.00 60.00 0.21261
60.00 60.00 0.25001
65.00 60.00 0.14894
70.00 60.00 -0.34914E-01
75.00 60.00 -0.17527
80.00 60.00 -0.18464
-45.00 65.00 -0.24995
-40.00 65.00 -0.25909
-35.00 65.00 -0.19554
-30.00 65.00 -0.87231E-01
-25.00 65.00 0.44917E-01
-20.00 65.00 0.19286
-15.00 65.00 0.34032
-10.00 65.00 0.44588
-5.00 65.00 0.46209
0.00 65.00 0.38179
5.00 65.00 0.26409
10.00 65.00 0.20153
15.00 65.00 0.24526
20.00 65.00 0.35432
25.00 65.00 0.42291
30.00 65.00 0.37070
35.00 65.00 0.21787
40.00 65.00 0.73702E-01
45.00 65.00 0.43304E-01
-65.00 70.00 0.25353
-60.00 70.00 0.16437
-55.00 70.00 0.42961E-01
-50.00 70.00 -0.83979E-01
-45.00 70.00 -0.16998
-40.00 70.00 -0.17828
-35.00 70.00 -0.10443
-30.00 70.00 0.25112E-01
-25.00 70.00 0.17048
-20.00 70.00 0.29327
-15.00 70.00 0.36231
-10.00 70.00 0.36002
-5.00 70.00 0.29617
0.00 70.00 0.21711
5.00 70.00 0.18892
10.00 70.00 0.25226
15.00 70.00 0.38026
20.00 70.00 0.48267
25.00 70.00 0.46709
30.00 70.00 0.31549
35.00 70.00 0.11016
40.00 70.00 -0.21436E-01
45.00 70.00 -0.43394E-02
50.00 70.00 0.12348
55.00 70.00 0.24076
60.00 70.00 0.23956
65.00 70.00 0.10830
-70.00 75.00 0.30033
-45.00 75.00 -0.11239
-40.00 75.00 -0.12464
-35.00 75.00 -0.51108E-01
-30.00 75.00 0.78347E-01
-25.00 75.00 0.20704
-20.00 75.00 0.27899
-15.00 75.00 0.26654
-10.00 75.00 0.18755
-5.00 75.00 0.10314
0.00 75.00 0.90150E-01
5.00 75.00 0.19441
10.00 75.00 0.39015
15.00 75.00 0.57884
20.00 75.00 0.64153
25.00 75.00 0.51835
30.00 75.00 0.25895
35.00 75.00 -0.51258E-03
40.00 75.00 -0.12546
45.00 75.00 -0.74134E-01
70.00 75.00 -0.88372E-01
-75.00 80.00 0.29285
-65.00 80.00 0.26489
-60.00 80.00 0.21633
-55.00 80.00 0.12592
-50.00 80.00 0.12162E-01
-45.00 80.00 -0.77862E-01
-40.00 80.00 -0.98219E-01
-35.00 80.00 -0.37700E-01
-30.00 80.00 0.67935E-01
-25.00 80.00 0.15430
-20.00 80.00 0.16695
-15.00 80.00 0.98086E-01
-10.00 80.00 -0.75430E-03
-5.00 80.00 -0.41405E-01
0.00 80.00 0.49497E-01
5.00 80.00 0.27687
10.00 80.00 0.55673
15.00 80.00 0.75109
20.00 80.00 0.74607
25.00 80.00 0.52654
30.00 80.00 0.19429
35.00 80.00 -0.89524E-01
40.00 80.00 -0.20297
45.00 80.00 -0.13567
50.00 80.00 0.15610E-01
55.00 80.00 0.12226
60.00 80.00 0.11210
65.00 80.00 0.72358E-02
75.00 80.00 -0.15957
-45.00 85.00 -0.54984E-01
-40.00 85.00 -0.82716E-01
-35.00 85.00 -0.41984E-01
-30.00 85.00 0.25511E-01
-25.00 85.00 0.59601E-01
-20.00 85.00 0.25289E-01
-15.00 85.00 -0.57438E-01
-10.00 85.00 -0.11871
-5.00 85.00 -0.78595E-01
0.00 85.00 0.99801E-01
5.00 85.00 0.37583
10.00 85.00 0.63988
15.00 85.00 0.76640
20.00 85.00 0.68441
25.00 85.00 0.42294
30.00 85.00 0.99527E-01
35.00 85.00 -0.14517
40.00 85.00 -0.22692
45.00 85.00 -0.16008
-80.00 90.00 0.22160
-70.00 90.00 0.24884
-65.00 90.00 0.26436
-60.00 90.00 0.24364
-55.00 90.00 0.16793
-50.00 90.00 0.60352E-01
-45.00 90.00 -0.27503E-01
-40.00 90.00 -0.57190E-01
-35.00 90.00 -0.35543E-01
-30.00 90.00 -0.83908E-02
-25.00 90.00 -0.20429E-01
-20.00 90.00 -0.74513E-01
-15.00 90.00 -0.12370
-10.00 90.00 -0.10283
-5.00 90.00 0.23725E-01
0.00 90.00 0.23192
5.00 90.00 0.44537
10.00 90.00 0.57415
15.00 90.00 0.56121
20.00 90.00 0.41052
25.00 90.00 0.18367
30.00 90.00 -0.31483E-01
35.00 90.00 -0.16307
40.00 90.00 -0.18697
45.00 90.00 -0.13227
50.00 90.00 -0.58570E-01
55.00 90.00 -0.19274E-01
60.00 90.00 -0.32989E-01
65.00 90.00 -0.79320E-01
70.00 90.00 -0.11831
80.00 90.00 -0.73765E-01
-45.00 95.00 0.16682E-01
-40.00 95.00 -0.95017E-02
-35.00 95.00 -0.41427E-02
-30.00 95.00 -0.14490E-01
-25.00 95.00 -0.61180E-01
-20.00 95.00 -0.10763
-15.00 95.00 -0.84609E-01
-10.00 95.00 0.47775E-01
-5.00 95.00 0.25418
0.00 95.00 0.43616
5.00 95.00 0.49566
10.00 95.00 0.40057
15.00 95.00 0.20273
20.00 95.00 -0.13517E-02
25.00 95.00 -0.13275
30.00 95.00 -0.16924
35.00 95.00 -0.14010
40.00 95.00 -0.91913E-01
45.00 95.00 -0.57156E-01
-75.00 100.00 0.17175
-65.00 100.00 0.28455
-60.00 100.00 0.29594
-55.00 100.00 0.23815
-50.00 100.00 0.14702
-45.00 100.00 0.79927E-01
-40.00 100.00 0.57679E-01
-35.00 100.00 0.45439E-01
-30.00 100.00 -0.31225E-02
-25.00 100.00 -0.80176E-01
-20.00 100.00 -0.10694
-15.00 100.00 0.51413E-02
-10.00 100.00 0.26184
-5.00 100.00 0.54772
0.00 100.00 0.68805
5.00 100.00 0.57151
10.00 100.00 0.23740
15.00 100.00 -0.14460
20.00 100.00 -0.38792
25.00 100.00 -0.40812
30.00 100.00 -0.26024
35.00 100.00 -0.76997E-01
40.00 100.00 0.32222E-01
45.00 100.00 0.42035E-01
50.00 100.00 -0.27523E-02
55.00 100.00 -0.45047E-01
60.00 100.00 -0.60376E-01
65.00 100.00 -0.57770E-01
75.00 100.00 -0.41117E-01
-70.00 105.00 0.22080
-45.00 105.00 0.15495
-40.00 105.00 0.13126
-35.00 105.00 0.96176E-01
-30.00 105.00 0.50398E-02
-25.00 105.00 -0.10752
-20.00 105.00 -0.12344
-15.00 105.00 0.64877E-01
-10.00 105.00 0.43525
-5.00 105.00 0.80423
0.00 105.00 0.93215
5.00 105.00 0.69537
10.00 105.00 0.18963
15.00 105.00 -0.32392
20.00 105.00 -0.59261
25.00 105.00 -0.53331
30.00 105.00 -0.26253
35.00 105.00 0.13298E-01
40.00 105.00 0.14828
45.00 105.00 0.13247
70.00 105.00 0.13865E-01
-85.00 110.00 0.10387
-65.00 110.00 0.33969
-60.00 110.00 0.39745
-55.00 110.00 0.36541
-50.00 110.00 0.28807
-45.00 110.00 0.22898
-40.00 110.00 0.19727
-35.00 110.00 0.13808
-30.00 110.00 0.70890E-02
-25.00 110.00 -0.14371
-20.00 110.00 -0.16872
-15.00 110.00 0.56606E-01
-10.00 110.00 0.49856
-5.00 110.00 0.93646
0.00 110.00 1.0923
5.00 110.00 0.83115
10.00 110.00 0.27263
15.00 110.00 -0.28225
20.00 110.00 -0.55594
25.00 110.00 -0.47225
30.00 110.00 -0.17614
35.00 110.00 0.10261
40.00 110.00 0.21916
45.00 110.00 0.18465
50.00 110.00 0.10584
55.00 110.00 0.71094E-01
60.00 110.00 0.87582E-01
65.00 110.00 0.10772
85.00 110.00 0.57427E-01
-45.00 115.00 0.28843
-40.00 115.00 0.24714
-35.00 115.00 0.17562
-30.00 115.00 0.27133E-01
-25.00 115.00 -0.14565
-20.00 115.00 -0.19189
-15.00 115.00 0.20022E-01
-10.00 115.00 0.46200
-5.00 115.00 0.91670
0.00 115.00 1.1081
5.00 115.00 0.90087
10.00 115.00 0.40697
15.00 115.00 -0.90528E-01
20.00 115.00 -0.33802
25.00 115.00 -0.27578
30.00 115.00 -0.43658E-01
35.00 115.00 0.15777
40.00 115.00 0.22211
45.00 115.00 0.18458
-80.00 120.00 0.23770E-01
-75.00 120.00 0.71870E-01
-70.00 120.00 0.22265
-65.00 120.00 0.40210
-60.00 120.00 0.50534
-55.00 120.00 0.48909
-50.00 120.00 0.40121
-45.00 120.00 0.32163
-40.00 120.00 0.27667
-35.00 120.00 0.21849
-30.00 120.00 0.95341E-01
-25.00 120.00 -0.59064E-01
-20.00 120.00 -0.11769
-15.00 120.00 0.39255E-01
-10.00 120.00 0.39859
-5.00 120.00 0.78443
0.00 120.00 0.96846
5.00 120.00 0.83789
10.00 120.00 0.48123
15.00 120.00 0.11835
20.00 120.00 -0.65060E-01
25.00 120.00 -0.40272E-01
30.00 120.00 0.79093E-01
35.00 120.00 0.15943
40.00 120.00 0.15964
45.00 120.00 0.13945
50.00 120.00 0.17384
55.00 120.00 0.26770
60.00 120.00 0.35211
65.00 120.00 0.35603
70.00 120.00 0.27534
75.00 120.00 0.17079
80.00 120.00 0.10422
-45.00 125.00 0.32043
-40.00 125.00 0.28145
-35.00 125.00 0.26510
-30.00 125.00 0.21371
-25.00 125.00 0.12670
-20.00 125.00 0.81426E-01
-15.00 125.00 0.16445
-10.00 125.00 0.37666
-5.00 125.00 0.60796
0.00 125.00 0.71443
5.00 125.00 0.63293
10.00 125.00 0.42983
15.00 125.00 0.23997
20.00 125.00 0.15339
25.00 125.00 0.15342
30.00 125.00 0.15767
35.00 125.00 0.11474
40.00 125.00 0.59279E-01
45.00 125.00 0.73226E-01
-65.00 130.00 0.41533
-60.00 130.00 0.53538
-55.00 130.00 0.50908
-50.00 130.00 0.38931
-45.00 130.00 0.28224
-40.00 130.00 0.25609
-35.00 130.00 0.29632
-30.00 130.00 0.34071
-25.00 130.00 0.35001
-20.00 130.00 0.34108
-15.00 130.00 0.35450
-10.00 130.00 0.39858
-5.00 130.00 0.43348
0.00 130.00 0.41354
5.00 130.00 0.34101
10.00 130.00 0.27007
15.00 130.00 0.25184
20.00 130.00 0.27619
25.00 130.00 0.27499
30.00 130.00 0.19177
35.00 130.00 0.51921E-01
40.00 130.00 -0.40462E-01
45.00 130.00 0.13502E-01
50.00 130.00 0.21514
55.00 130.00 0.45365
60.00 130.00 0.58732
65.00 130.00 0.55107
-70.00 135.00 0.17699
-45.00 135.00 0.21322
-40.00 135.00 0.20074
-35.00 135.00 0.28894
-30.00 135.00 0.41357
-25.00 135.00 0.50600
-20.00 135.00 0.53322
-15.00 135.00 0.49462
-10.00 135.00 0.40022
-5.00 135.00 0.26609
0.00 135.00 0.12953
5.00 135.00 0.51332E-01
10.00 135.00 0.80266E-01
15.00 135.00 0.20138
20.00 135.00 0.32312
25.00 135.00 0.33465
30.00 135.00 0.19860
35.00 135.00 -0.14187E-02
40.00 135.00 -0.11115
45.00 135.00 -0.23484E-01
70.00 135.00 0.40985
-75.00 140.00 -0.39771E-01
-65.00 140.00 0.33543
-60.00 140.00 0.43016
-55.00 140.00 0.37780
-50.00 140.00 0.23965
-45.00 140.00 0.12978
-40.00 140.00 0.12954
-35.00 140.00 0.23937
-30.00 140.00 0.39473
-25.00 140.00 0.51693
-20.00 140.00 0.55206
-15.00 140.00 0.48025
-10.00 140.00 0.31267
-5.00 140.00 0.94995E-01
0.00 140.00 -0.91313E-01
5.00 140.00 -0.15583
10.00 140.00 -0.56920E-01
15.00 140.00 0.15005
20.00 140.00 0.32798
25.00 140.00 0.34654
30.00 140.00 0.18467
35.00 140.00 -0.39752E-01
40.00 140.00 -0.14934
45.00 140.00 -0.40780E-01
50.00 140.00 0.23438
55.00 140.00 0.50906
60.00 140.00 0.62770
65.00 140.00 0.55547
75.00 140.00 0.23310
-45.00 145.00 0.55008E-01
-40.00 145.00 0.71288E-01
-35.00 145.00 0.17634
-30.00 145.00 0.30507
-25.00 145.00 0.38994
-20.00 145.00 0.39134
-15.00 145.00 0.29966
-10.00 145.00 0.13073
-5.00 145.00 -0.68865E-01
0.00 145.00 -0.22038
5.00 145.00 -0.24171
10.00 145.00 -0.10499
15.00 145.00 0.12139
20.00 145.00 0.29713
25.00 145.00 0.30234
30.00 145.00 0.13301
35.00 145.00 -0.83068E-01
40.00 145.00 -0.17469
45.00 145.00 -0.56122E-01
-80.00 150.00 -0.14840
-70.00 150.00 0.29381E-01
-65.00 150.00 0.16531
-60.00 150.00 0.20515
-55.00 150.00 0.14102
-50.00 150.00 0.46884E-01
-45.00 150.00 0.91578E-02
-40.00 150.00 0.56628E-01
-35.00 150.00 0.14743
-30.00 150.00 0.21353
-25.00 150.00 0.21367
-20.00 150.00 0.14963
-15.00 150.00 0.45439E-01
-10.00 150.00 -0.75063E-01
-5.00 150.00 -0.18673
0.00 150.00 -0.25036
5.00 150.00 -0.22151
10.00 150.00 -0.89469E-01
15.00 150.00 0.88882E-01
20.00 150.00 0.20642
25.00 150.00 0.17884
30.00 150.00 0.18930E-01
35.00 150.00 -0.15748
40.00 150.00 -0.21137
45.00 150.00 -0.87048E-01
50.00 150.00 0.14363
55.00 150.00 0.33848
60.00 150.00 0.39574
65.00 150.00 0.32424
70.00 150.00 0.21708
80.00 150.00 0.15676
-45.00 155.00 -0.14983E-02
-40.00 155.00 0.97740E-01
-35.00 155.00 0.18509
-30.00 155.00 0.18703
-25.00 155.00 0.93491E-01
-20.00 155.00 -0.42662E-01
-15.00 155.00 -0.15593
-10.00 155.00 -0.21518
-5.00 155.00 -0.22724
0.00 155.00 -0.20689
5.00 155.00 -0.15584
10.00 155.00 -0.75560E-01
15.00 155.00 0.57973E-02
20.00 155.00 0.34186E-01
25.00 155.00 -0.28609E-01
30.00 155.00 -0.15803
35.00 155.00 -0.26682
40.00 155.00 -0.26531
45.00 155.00 -0.13508
-75.00 160.00 -0.18238
-65.00 160.00 -0.44792E-01
-60.00 160.00 -0.65511E-01
-55.00 160.00 -0.11572
-50.00 160.00 -0.10495
-45.00 160.00 0.98750E-02
-40.00 160.00 0.17472
-35.00 160.00 0.27716
-30.00 160.00 0.23808
-25.00 160.00 0.74813E-01
-20.00 160.00 -0.11639
-15.00 160.00 -0.23745
-10.00 160.00 -0.25523
-5.00 160.00 -0.20654
0.00 160.00 -0.15081
5.00 160.00 -0.12267
10.00 160.00 -0.12430
15.00 160.00 -0.14953
20.00 160.00 -0.20104
25.00 160.00 -0.27822
30.00 160.00 -0.35415
35.00 160.00 -0.37819
40.00 160.00 -0.31401
45.00 160.00 -0.17984
50.00 160.00 -0.46127E-01
55.00 160.00 0.16995E-01
60.00 160.00 -0.11664E-02
65.00 160.00 -0.42370E-01
75.00 160.00 0.46835E-01
-85.00 165.00 -0.10056
-70.00 165.00 -0.15978
-45.00 165.00 0.16021E-01
-40.00 165.00 0.24100
-35.00 165.00 0.36641
-30.00 165.00 0.31174
-25.00 165.00 0.11453
-20.00 165.00 -0.10342
-15.00 165.00 -0.23058
-10.00 165.00 -0.23964
-5.00 165.00 -0.18685
0.00 165.00 -0.15157
5.00 165.00 -0.17622
10.00 165.00 -0.25227
15.00 165.00 -0.34693
20.00 165.00 -0.43190
25.00 165.00 -0.48787
30.00 165.00 -0.49494
35.00 165.00 -0.43592
40.00 165.00 -0.31816
45.00 165.00 -0.18832
70.00 165.00 -0.15201
85.00 165.00 0.16535
-65.00 170.00 -0.22692
-60.00 170.00 -0.29734
-55.00 170.00 -0.33457
-50.00 170.00 -0.24066
-45.00 170.00 -0.98438E-02
-40.00 170.00 0.24750
-35.00 170.00 0.38313
-30.00 170.00 0.32357
-25.00 170.00 0.12110
-20.00 170.00 -0.95472E-01
-15.00 170.00 -0.22172
-10.00 170.00 -0.24407
-5.00 170.00 -0.22582
0.00 170.00 -0.23966
5.00 170.00 -0.31178
10.00 170.00 -0.41759
15.00 170.00 -0.51497
20.00 170.00 -0.57350
25.00 170.00 -0.57762
30.00 170.00 -0.51832
35.00 170.00 -0.39818
40.00 170.00 -0.24914
45.00 170.00 -0.13472
50.00 170.00 -0.11565
55.00 170.00 -0.19752
60.00 170.00 -0.30953
65.00 170.00 -0.34598
-45.00 175.00 -0.78428E-01
-40.00 175.00 0.17126
-35.00 175.00 0.28956
-30.00 175.00 0.22017
-25.00 175.00 0.28531E-01
-20.00 175.00 -0.16231
-15.00 175.00 -0.27037
-10.00 175.00 -0.30247
-5.00 175.00 -0.32123
0.00 175.00 -0.37564
5.00 175.00 -0.46229
10.00 175.00 -0.54243
15.00 175.00 -0.58294
20.00 175.00 -0.57524
25.00 175.00 -0.52167
30.00 175.00 -0.41953
35.00 175.00 -0.27189
40.00 175.00 -0.11460
45.00 175.00 -0.19053E-01
-80.00 180.00 -0.26735
-75.00 180.00 -0.28551
-70.00 180.00 -0.27815
-65.00 180.00 -0.33089
-60.00 180.00 -0.43173
-55.00 180.00 -0.48010
-50.00 180.00 -0.38857
-45.00 180.00 -0.17735
-40.00 180.00 0.29966E-01
-35.00 180.00 0.10515
-30.00 180.00 0.16822E-01
-25.00 180.00 -0.15548
-20.00 180.00 -0.29958
-15.00 180.00 -0.36319
-10.00 180.00 -0.37818
-5.00 180.00 -0.40652
0.00 180.00 -0.47100
5.00 180.00 -0.53843
10.00 180.00 -0.56166
15.00 180.00 -0.52716
20.00 180.00 -0.45721
25.00 180.00 -0.37232
30.00 180.00 -0.26476
35.00 180.00 -0.12006
40.00 180.00 0.36434E-01
45.00 180.00 0.12758
50.00 180.00 0.77544E-01
55.00 180.00 -0.10988
60.00 180.00 -0.32568
65.00 180.00 -0.42171
70.00 180.00 -0.32310
75.00 180.00 -0.90986E-01
80.00 180.00 0.11978
-45.00 -175 -0.27713
-40.00 -175 -0.12706
-35.00 -175 -0.10433
-30.00 -175 -0.21396
-25.00 -175 -0.36179
-20.00 -175 -0.44529
-15.00 -175 -0.44048
-10.00 -175 -0.40559
-5.00 -175 -0.40798
0.00 -175 -0.45416
5.00 -175 -0.49096
10.00 -175 -0.46826
15.00 -175 -0.39077
20.00 -175 -0.30416
25.00 -175 -0.23543
30.00 -175 -0.15900
35.00 -175 -0.32127E-01
40.00 -175 0.13503
45.00 -175 0.25520
-65.00 -170 -0.34561
-60.00 -170 -0.45273
-55.00 -170 -0.52125
-50.00 -170 -0.47616
-45.00 -170 -0.34644
-40.00 -170 -0.24529
-35.00 -170 -0.26504
-30.00 -170 -0.39075
-25.00 -170 -0.51579
-20.00 -170 -0.54155
-15.00 -170 -0.46300
-10.00 -170 -0.36062
-5.00 -170 -0.31449
0.00 -170 -0.33066
5.00 -170 -0.35027
10.00 -170 -0.32308
15.00 -170 -0.26160
20.00 -170 -0.21748
25.00 -170 -0.20902
30.00 -170 -0.18484
35.00 -170 -0.72859E-01
40.00 -170 0.12918
45.00 -170 0.31836
50.00 -170 0.35709
55.00 -170 0.19555
60.00 -170 -0.67699E-01
65.00 -170 -0.25165
-70.00 -165 -0.28620
-45.00 -165 -0.36730
-40.00 -165 -0.29172
-35.00 -165 -0.33348
-30.00 -165 -0.47022
-25.00 -165 -0.58738
-20.00 -165 -0.58180
-15.00 -165 -0.45179
-10.00 -165 -0.29010
-5.00 -165 -0.19379
0.00 -165 -0.18364
5.00 -165 -0.20852
10.00 -165 -0.21841
15.00 -165 -0.22032
20.00 -165 -0.25504
25.00 -165 -0.32320
30.00 -165 -0.34985
35.00 -165 -0.24088
40.00 -165 0.14084E-01
45.00 -165 0.29741
70.00 -165 -0.14590
-75.00 -160 -0.30934
-65.00 -160 -0.29738
-60.00 -160 -0.39019
-55.00 -160 -0.46567
-50.00 -160 -0.44361
-45.00 -160 -0.34171
-40.00 -160 -0.26667
-35.00 -160 -0.31161
-30.00 -160 -0.46105
-25.00 -160 -0.59746
-20.00 -160 -0.60365
-15.00 -160 -0.46361
-10.00 -160 -0.26956
-5.00 -160 -0.13607
0.00 -160 -0.10918
5.00 -160 -0.15411
10.00 -160 -0.21859
15.00 -160 -0.29280
20.00 -160 -0.39799
25.00 -160 -0.52080
30.00 -160 -0.57708
35.00 -160 -0.46380
40.00 -160 -0.16291
45.00 -160 0.20580
50.00 -160 0.45068
55.00 -160 0.45082
60.00 -160 0.25322
65.00 -160 0.34766E-01
75.00 -160 0.43144E-01
-45.00 -155 -0.28772
-40.00 -155 -0.19683
-35.00 -155 -0.23454
-30.00 -155 -0.40301
-25.00 -155 -0.58503
-20.00 -155 -0.64160
-15.00 -155 -0.52881
-10.00 -155 -0.32875
-5.00 -155 -0.17329
0.00 -155 -0.13893
5.00 -155 -0.20854
10.00 -155 -0.32066
15.00 -155 -0.43941
20.00 -155 -0.56691
25.00 -155 -0.69206
30.00 -155 -0.74635
35.00 -155 -0.63447
40.00 -155 -0.32625
45.00 -155 0.79946E-01
-80.00 -150 -0.31171
-70.00 -150 -0.24270
-65.00 -150 -0.22876
-60.00 -150 -0.29780
-55.00 -150 -0.37101
-50.00 -150 -0.34991
-45.00 -150 -0.22908
-40.00 -150 -0.11799
-35.00 -150 -0.14553
-30.00 -150 -0.33539
-25.00 -150 -0.57157
-20.00 -150 -0.69005
-15.00 -150 -0.61487
-10.00 -150 -0.41699
-5.00 -150 -0.24813
0.00 -150 -0.21629
5.00 -150 -0.31585
10.00 -150 -0.46348
15.00 -150 -0.58743
20.00 -150 -0.67538
25.00 -150 -0.74105
30.00 -150 -0.76140
35.00 -150 -0.66748
40.00 -150 -0.41108
45.00 -150 -0.41227E-01
50.00 -150 0.29739
55.00 -150 0.46059
60.00 -150 0.41585
65.00 -150 0.26577
70.00 -150 0.15775
80.00 -150 0.21267
-45.00 -145 -0.18551
-40.00 -145 -0.59684E-01
-35.00 -145 -0.77321E-01
-30.00 -145 -0.28056
-25.00 -145 -0.55423
-20.00 -145 -0.71230
-15.00 -145 -0.65300
-10.00 -145 -0.44401
-5.00 -145 -0.26244
0.00 -145 -0.24632
5.00 -145 -0.39094
10.00 -145 -0.57533
15.00 -145 -0.68065
20.00 -145 -0.68309
25.00 -145 -0.64045
30.00 -145 -0.60176
35.00 -145 -0.54257
40.00 -145 -0.39436
45.00 -145 -0.13453
-85.00 -140 -0.16325
-75.00 -140 -0.31495
-65.00 -140 -0.17549
-60.00 -140 -0.21835
-55.00 -140 -0.29194
-50.00 -140 -0.28587
-45.00 -140 -0.16821
-40.00 -140 -0.38680E-01
-35.00 -140 -0.47328E-01
-30.00 -140 -0.24784
-25.00 -140 -0.52629
-20.00 -140 -0.68300
-15.00 -140 -0.60272
-10.00 -140 -0.36037
-5.00 -140 -0.16278
0.00 -140 -0.17480
5.00 -140 -0.38363
10.00 -140 -0.61951
15.00 -140 -0.70786
20.00 -140 -0.61176
25.00 -140 -0.44049
30.00 -140 -0.32902
35.00 -140 -0.31071
40.00 -140 -0.30127
45.00 -140 -0.19843
50.00 -140 0.84246E-02
55.00 -140 0.22582
60.00 -140 0.34613
65.00 -140 0.34483
75.00 -140 0.25552
85.00 -140 0.20485
-70.00 -135 -0.22803
-45.00 -135 -0.18042
-40.00 -135 -0.59956E-01
-35.00 -135 -0.61237E-01
-30.00 -135 -0.24303
-25.00 -135 -0.49595
-20.00 -135 -0.61792
-15.00 -135 -0.49159
-10.00 -135 -0.20344
-5.00 -135 0.13233E-01
0.00 -135 -0.28151E-01
5.00 -135 -0.30549
10.00 -135 -0.60292
15.00 -135 -0.69151
20.00 -135 -0.51667
25.00 -135 -0.23029
30.00 -135 -0.47382E-01
35.00 -135 -0.62176E-01
40.00 -135 -0.18533
45.00 -135 -0.24483
70.00 -135 0.32050
-65.00 -130 -0.15829
-60.00 -130 -0.17369
-55.00 -130 -0.25053
-50.00 -130 -0.28507
-45.00 -130 -0.22020
-40.00 -130 -0.11973
-35.00 -130 -0.11528
-30.00 -130 -0.26778
-25.00 -130 -0.47966
-20.00 -130 -0.55854
-15.00 -130 -0.39058
-10.00 -130 -0.66393E-01
-5.00 -130 0.16912
0.00 -130 0.11573
5.00 -130 -0.20393
10.00 -130 -0.54910
15.00 -130 -0.65310
20.00 -130 -0.44036
25.00 -130 -0.82042E-01
30.00 -130 0.15365
35.00 -130 0.12202
40.00 -130 -0.95720E-01
45.00 -130 -0.28347
50.00 -130 -0.27883
55.00 -130 -0.90132E-01
60.00 -130 0.14480
65.00 -130 0.29508
-45.00 -125 -0.28240
-40.00 -125 -0.20721
-35.00 -125 -0.19481
-30.00 -125 -0.30950
-25.00 -125 -0.47659
-20.00 -125 -0.52599
-15.00 -125 -0.34792
-10.00 -125 -0.19635E-01
-5.00 -125 0.22762
0.00 -125 0.19235
5.00 -125 -0.11687
10.00 -125 -0.46929
15.00 -125 -0.59083
20.00 -125 -0.38652
25.00 -125 -0.16460E-01
30.00 -125 0.23899
35.00 -125 0.20675
40.00 -125 -0.51457E-01
45.00 -125 -0.30967
-80.00 -120 -0.31816
-75.00 -120 -0.35497
-70.00 -120 -0.27615
-65.00 -120 -0.18475
-60.00 -120 -0.17707
-55.00 -120 -0.25813
-50.00 -120 -0.34571
-45.00 -120 -0.35926
-40.00 -120 -0.30610
-35.00 -120 -0.27501
-30.00 -120 -0.33747
-25.00 -120 -0.45466
-20.00 -120 -0.49243
-15.00 -120 -0.34526
-10.00 -120 -0.57425E-01
-5.00 -120 0.18287
0.00 -120 0.18999
5.00 -120 -0.53216E-01
10.00 -120 -0.36198
15.00 -120 -0.49017
20.00 -120 -0.33126
25.00 -120 -0.73709E-02
30.00 -120 0.23134
35.00 -120 0.21037
40.00 -120 -0.35194E-01
45.00 -120 -0.30305
50.00 -120 -0.39386
55.00 -120 -0.25803
60.00 -120 -0.43373E-02
65.00 -120 0.21331
70.00 -120 0.31434
75.00 -120 0.31657
80.00 -120 0.27039
-45.00 -115 -0.44066
-40.00 -115 -0.39826
-35.00 -115 -0.32977
-30.00 -115 -0.31760
-25.00 -115 -0.37037
-20.00 -115 -0.40336
-15.00 -115 -0.31933
-10.00 -115 -0.11652
-5.00 -115 0.84796E-01
0.00 -115 0.13470
5.00 -115 -0.10861E-01
10.00 -115 -0.23650
15.00 -115 -0.35316
20.00 -115 -0.25522
25.00 -115 -0.12477E-01
30.00 -115 0.18534
35.00 -115 0.18494
40.00 -115 -0.74032E-02
45.00 -115 -0.23783
-65.00 -110 -0.24565
-60.00 -110 -0.22829
-55.00 -110 -0.31421
-50.00 -110 -0.44435
-45.00 -110 -0.51491
-40.00 -110 -0.46909
-35.00 -110 -0.34550
-30.00 -110 -0.23890
-25.00 -110 -0.21082
-20.00 -110 -0.23490
-15.00 -110 -0.22921
-10.00 -110 -0.14398
-5.00 -110 -0.18808E-01
0.00 -110 0.49244E-01
5.00 -110 -0.69123E-03
10.00 -110 -0.12664
15.00 -110 -0.21123
20.00 -110 -0.16313
25.00 -110 -0.14987E-02
30.00 -110 0.15463
35.00 -110 0.18513
40.00 -110 0.69262E-01
45.00 -110 -0.98725E-01
50.00 -110 -0.18872
55.00 -110 -0.13624
60.00 -110 0.19112E-01
65.00 -110 0.18085
-70.00 -105 -0.35167
-45.00 -105 -0.56999
-40.00 -105 -0.51123
-35.00 -105 -0.32909
-30.00 -105 -0.12880
-25.00 -105 -0.19827E-01
-20.00 -105 -0.32213E-01
-15.00 -105 -0.10388
-10.00 -105 -0.14516
-5.00 -105 -0.11860
0.00 -105 -0.62088E-01
5.00 -105 -0.39162E-01
10.00 -105 -0.68645E-01
15.00 -105 -0.10267
20.00 -105 -0.73535E-01
25.00 -105 0.36592E-01
30.00 -105 0.17087
35.00 -105 0.24250
40.00 -105 0.20852
45.00 -105 0.10609
70.00 -105 0.25500
-75.00 -100 -0.37611
-65.00 -100 -0.30778
-60.00 -100 -0.29226
-55.00 -100 -0.37447
-50.00 -100 -0.51300
-45.00 -100 -0.59476
-40.00 -100 -0.52313
-35.00 -100 -0.30117
-30.00 -100 -0.39347E-01
-25.00 -100 0.12173
-20.00 -100 0.11252
-15.00 -100 -0.21349E-01
-10.00 -100 -0.16416
-5.00 -100 -0.22219
0.00 -100 -0.18505
5.00 -100 -0.11096
10.00 -100 -0.59033E-01
15.00 -100 -0.34413E-01
20.00 -100 0.63822E-02
25.00 -100 0.10178
30.00 -100 0.23812
35.00 -100 0.35414
40.00 -100 0.39116
45.00 -100 0.34163
50.00 -100 0.25310
55.00 -100 0.18783
60.00 -100 0.17651
65.00 -100 0.20466
75.00 -100 0.24145
-45.00 -95 -0.58025
-40.00 -95 -0.50400
-35.00 -95 -0.27780
-30.00 -95 -0.10151E-01
-25.00 -95 0.15277
-20.00 -95 0.13103
-15.00 -95 -0.34400E-01
-10.00 -95 -0.21782
-5.00 -95 -0.30328
0.00 -95 -0.26049
5.00 -95 -0.14597
10.00 -95 -0.38413E-01
15.00 -95 0.30099E-01
20.00 -95 0.89489E-01
25.00 -95 0.18802
30.00 -95 0.33545
35.00 -95 0.48545
40.00 -95 0.57039
45.00 -95 0.55448
-80.00 -90 -0.23098
-70.00 -90 -0.36122
-65.00 -90 -0.32215
-60.00 -90 -0.30533
-55.00 -90 -0.36244
-50.00 -90 -0.46544
-45.00 -90 -0.52180
-40.00 -90 -0.45025
-35.00 -90 -0.25530
-30.00 -90 -0.36066E-01
-25.00 -90 0.82144E-01
-20.00 -90 0.40508E-01
-15.00 -90 -0.11064
-10.00 -90 -0.25222
-5.00 -90 -0.28530
0.00 -90 -0.19660
5.00 -90 -0.52136E-01
10.00 -90 0.68153E-01
15.00 -90 0.13586
20.00 -90 0.18670
25.00 -90 0.27627
30.00 -90 0.42237
35.00 -90 0.58362
40.00 -90 0.68898
45.00 -90 0.68999
50.00 -90 0.59281
55.00 -90 0.44893
60.00 -90 0.31811
65.00 -90 0.23461
70.00 -90 0.19765
80.00 -90 0.16921
-85.00 -85 -0.40964E-01
-45.00 -85 -0.42226
-40.00 -85 -0.35841
-35.00 -85 -0.21183
-30.00 -85 -0.67138E-01
-25.00 -85 -0.10693E-01
-20.00 -85 -0.59187E-01
-15.00 -85 -0.14534
-10.00 -85 -0.17263
-5.00 -85 -0.92179E-01
0.00 -85 0.62163E-01
5.00 -85 0.20678
10.00 -85 0.27817
15.00 -85 0.28061
20.00 -85 0.27570
25.00 -85 0.32739
30.00 -85 0.45004
35.00 -85 0.59849
40.00 -85 0.70213
45.00 -85 0.71207
85.00 -85 0.12055
-75.00 -80 -0.27133
-65.00 -80 -0.25239
-60.00 -80 -0.22085
-55.00 -80 -0.23845
-50.00 -80 -0.28350
-45.00 -80 -0.29438
-40.00 -80 -0.23309
-35.00 -80 -0.12656
-30.00 -80 -0.43816E-01
-25.00 -80 -0.29291E-01
-20.00 -80 -0.55532E-01
-15.00 -80 -0.42334E-01
-10.00 -80 0.72076E-01
-5.00 -80 0.27084
0.00 -80 0.46357
5.00 -80 0.55368
10.00 -80 0.51149
15.00 -80 0.39387
20.00 -80 0.29874
25.00 -80 0.29506
30.00 -80 0.38293
35.00 -80 0.50632
40.00 -80 0.59795
45.00 -80 0.61788
50.00 -80 0.56397
55.00 -80 0.45989
60.00 -80 0.33860
65.00 -80 0.23122
75.00 -80 0.12668
-70.00 -75 -0.23321
-45.00 -75 -0.15970
-40.00 -75 -0.93080E-01
-35.00 -75 -0.13784E-02
-30.00 -75 0.58438E-01
-25.00 -75 0.71541E-01
-20.00 -75 0.93077E-01
-15.00 -75 0.20298
-10.00 -75 0.42450
-5.00 -75 0.68256
0.00 -75 0.84608
5.00 -75 0.82327
10.00 -75 0.63108
15.00 -75 0.38237
20.00 -75 0.20495
25.00 -75 0.16086
30.00 -75 0.22517
35.00 -75 0.32704
40.00 -75 0.40663
45.00 -75 0.44096
70.00 -75 0.14126
-65.00 -70 -0.10274
-60.00 -70 -0.48182E-01
-55.00 -70 -0.40933E-01
-50.00 -70 -0.57779E-01
-45.00 -70 -0.42245E-01
-40.00 -70 0.32015E-01
-35.00 -70 0.13314
-30.00 -70 0.20958
-25.00 -70 0.25474
-20.00 -70 0.32584
-15.00 -70 0.48853
-10.00 -70 0.73562
-5.00 -70 0.96147
0.00 -70 1.0271
5.00 -70 0.86655
10.00 -70 0.54423
15.00 -70 0.21254
20.00 -70 0.70740E-02
25.00 -70 -0.34059E-01
30.00 -70 0.32407E-01
35.00 -70 0.12298
40.00 -70 0.19185
45.00 -70 0.24001
50.00 -70 0.27871
55.00 -70 0.29801
60.00 -70 0.27510
65.00 -70 0.20716
-45.00 -65 0.41037E-01
-40.00 -65 0.11506
-35.00 -65 0.23430
-30.00 -65 0.34563
-25.00 -65 0.42978
-20.00 -65 0.52374
-15.00 -65 0.67253
-10.00 -65 0.85732
-5.00 -65 0.97815
0.00 -65 0.92132
5.00 -65 0.65785
10.00 -65 0.28331
15.00 -65 -0.41679E-01
20.00 -65 -0.20189
25.00 -65 -0.19561
30.00 -65 -0.10849
35.00 -65 -0.27105E-01
40.00 -65 0.24879E-01
45.00 -65 0.76614E-01
-80.00 -60 -0.65863E-02
-75.00 -60 -0.53192E-01
-70.00 -60 -0.18170E-01
-65.00 -60 0.76507E-01
-60.00 -60 0.15291
-55.00 -60 0.15681
-50.00 -60 0.10997
-45.00 -60 0.87788E-01
-40.00 -60 0.14665
-35.00 -60 0.27491
-30.00 -60 0.41322
-25.00 -60 0.51717
-20.00 -60 0.59314
-15.00 -60 0.66993
-10.00 -60 0.73985
-5.00 -60 0.73893
0.00 -60 0.59732
5.00 -60 0.31620
10.00 -60 -0.68214E-02
15.00 -60 -0.23730
20.00 -60 -0.30081
25.00 -60 -0.23136
30.00 -60 -0.12905
35.00 -60 -0.69223E-01
40.00 -60 -0.47820E-01
45.00 -60 -0.90119E-02
50.00 -60 0.80079E-01
55.00 -60 0.18573
60.00 -60 0.23762
65.00 -60 0.19901
70.00 -60 0.10436
75.00 -60 0.27274E-01
80.00 -60 0.12722E-01
-45.00 -55 0.11048
-40.00 -55 0.14109
-35.00 -55 0.26099
-30.00 -55 0.40398
-25.00 -55 0.49908
-20.00 -55 0.52474
-15.00 -55 0.50468
-10.00 -55 0.45985
-5.00 -55 0.37612
0.00 -55 0.22590
5.00 -55 0.19898E-01
10.00 -55 -0.17251
15.00 -55 -0.26601
20.00 -55 -0.23028
25.00 -55 -0.11969
30.00 -55 -0.27967E-01
35.00 -55 -0.70351E-02
40.00 -55 -0.26591E-01
45.00 -55 -0.12836E-01
-65.00 -50 0.20961
-60.00 -50 0.30311
-55.00 -50 0.30254
-50.00 -50 0.21565
-45.00 -50 0.12807
-40.00 -50 0.12724
-35.00 -50 0.22581
-30.00 -50 0.35373
-25.00 -50 0.42077
-20.00 -50 0.38771
-15.00 -50 0.28332
-10.00 -50 0.16255
-5.00 -50 0.56394E-01
0.00 -50 -0.36415E-01
5.00 -50 -0.11769
10.00 -50 -0.16359
15.00 -50 -0.14050
20.00 -50 -0.48002E-01
25.00 -50 0.61699E-01
30.00 -50 0.11872
35.00 -50 0.97364E-01
40.00 -50 0.43610E-01
45.00 -50 0.35047E-01
50.00 -50 0.10653
55.00 -50 0.21232
60.00 -50 0.26405
65.00 -50 0.21125
-70.00 -45 0.12689
-45.00 -45 0.15365
-40.00 -45 0.12951
-35.00 -45 0.20448
-30.00 -45 0.30998
-25.00 -45 0.34771
-20.00 -45 0.27136
-15.00 -45 0.11792
-10.00 -45 -0.31844E-01
-5.00 -45 -0.11888
0.00 -45 -0.13698
5.00 -45 -0.11154
10.00 -45 -0.61295E-01
15.00 -45 0.12407E-01
20.00 -45 0.10317
25.00 -45 0.17959
30.00 -45 0.20117
35.00 -45 0.15967
40.00 -45 0.99894E-01
45.00 -45 0.88403E-01
70.00 -45 0.77616E-01
-75.00 -40 0.11089
-65.00 -40 0.23134
-60.00 -40 0.33103
-55.00 -40 0.35352
-50.00 -40 0.28264
-45.00 -40 0.18564
-40.00 -40 0.15162
-35.00 -40 0.20822
-30.00 -40 0.29464
-25.00 -40 0.31530
-20.00 -40 0.22337
-15.00 -40 0.59019E-01
-10.00 -40 -0.87863E-01
-5.00 -40 -0.15047
0.00 -40 -0.12716
5.00 -40 -0.62936E-01
10.00 -40 0.20904E-03
15.00 -40 0.51588E-01
20.00 -40 0.98233E-01
25.00 -40 0.13640
30.00 -40 0.14769
35.00 -40 0.12550
40.00 -40 0.97395E-01
45.00 -40 0.10897
50.00 -40 0.17715
55.00 -40 0.26036
60.00 -40 0.28404
65.00 -40 0.20596
75.00 -40 -0.58950E-01
-45.00 -35 0.20869
-40.00 -35 0.17446
-35.00 -35 0.21717
-30.00 -35 0.29015
-25.00 -35 0.30891
-20.00 -35 0.22818
-15.00 -35 0.81863E-01
-10.00 -35 -0.48646E-01
-5.00 -35 -0.10429
0.00 -35 -0.90688E-01
5.00 -35 -0.58889E-01
10.00 -35 -0.50949E-01
15.00 -35 -0.65986E-01
20.00 -35 -0.74629E-01
25.00 -35 -0.57974E-01
30.00 -35 -0.25668E-01
35.00 -35 0.38034E-02
40.00 -35 0.32644E-01
45.00 -35 0.83750E-01
-85.00 -30 0.20178
-80.00 -30 0.20233
-70.00 -30 0.92598E-01
-65.00 -30 0.12532
-60.00 -30 0.20837
-55.00 -30 0.26827
-50.00 -30 0.25878
-45.00 -30 0.20389
-40.00 -30 0.16983
-35.00 -30 0.19658
-30.00 -30 0.25731
-25.00 -30 0.28412
-20.00 -30 0.23269
-15.00 -30 0.12219
-10.00 -30 0.13657E-01
-5.00 -30 -0.48480E-01
0.00 -30 -0.73338E-01
5.00 -30 -0.10507
10.00 -30 -0.17162
15.00 -30 -0.25384
20.00 -30 -0.30393
25.00 -30 -0.29098
30.00 -30 -0.22563
35.00 -30 -0.14169
40.00 -30 -0.59376E-01
45.00 -30 0.27085E-01
50.00 -30 0.12404
55.00 -30 0.20708
60.00 -30 0.22595
65.00 -30 0.15011
70.00 -30 0.11158E-01
80.00 -30 -0.12466
85.00 -30 -0.41052E-01
-45.00 -25 0.16195
-40.00 -25 0.12042
-35.00 -25 0.12365
-30.00 -25 0.16862
-25.00 -25 0.20628
-20.00 -25 0.19166
-15.00 -25 0.12501
-10.00 -25 0.44232E-01
-5.00 -25 -0.18997E-01
0.00 -25 -0.71346E-01
5.00 -25 -0.14485
10.00 -25 -0.25419
15.00 -25 -0.37046
20.00 -25 -0.43960
25.00 -25 -0.42741
30.00 -25 -0.34588
35.00 -25 -0.23637
40.00 -25 -0.13047
45.00 -25 -0.31146E-01
-75.00 -20 0.13370
-65.00 -20 -0.56560E-01
-60.00 -20 -0.96860E-02
-55.00 -20 0.76239E-01
-50.00 -20 0.11911
-45.00 -20 0.90919E-01
-40.00 -20 0.32658E-01
-35.00 -20 0.54964E-02
-30.00 -20 0.31225E-01
-25.00 -20 0.77943E-01
-20.00 -20 0.97590E-01
-15.00 -20 0.71935E-01
-10.00 -20 0.21338E-01
-5.00 -20 -0.26644E-01
0.00 -20 -0.70432E-01
5.00 -20 -0.13281
10.00 -20 -0.22786
15.00 -20 -0.33403
20.00 -20 -0.40415
25.00 -20 -0.40351
30.00 -20 -0.33751
35.00 -20 -0.24190
40.00 -20 -0.14818
45.00 -20 -0.62221E-01
50.00 -20 0.22160E-01
55.00 -20 0.93457E-01
60.00 -20 0.11564
65.00 -20 0.59921E-01
75.00 -20 -0.15281
-70.00 -15 -0.49683E-01
-45.00 -15 0.13483E-01
-40.00 -15 -0.65914E-01
-35.00 -15 -0.12372
-30.00 -15 -0.11604
-25.00 -15 -0.63337E-01
-20.00 -15 -0.20502E-01
-15.00 -15 -0.20962E-01
-10.00 -15 -0.51336E-01
-5.00 -15 -0.76073E-01
0.00 -15 -0.80160E-01
5.00 -15 -0.83751E-01
10.00 -15 -0.11607
15.00 -15 -0.17918
20.00 -15 -0.24084
25.00 -15 -0.26270
30.00 -15 -0.23347
35.00 -15 -0.17336
40.00 -15 -0.10906
45.00 -15 -0.49925E-01
70.00 -15 -0.84303E-01
-65.00 -10 -0.21851
-60.00 -10 -0.19976
-55.00 -10 -0.93466E-01
-50.00 -10 -0.18289E-01
-45.00 -10 -0.44569E-01
-40.00 -10 -0.14243
-35.00 -10 -0.22324
-30.00 -10 -0.22677
-25.00 -10 -0.17037
-20.00 -10 -0.12015
-15.00 -10 -0.12060
-10.00 -10 -0.15406
-5.00 -10 -0.16562
0.00 -10 -0.12302
5.00 -10 -0.49848E-01
10.00 -10 -0.16153E-02
15.00 -10 -0.12133E-01
20.00 -10 -0.64044E-01
25.00 -10 -0.10891
30.00 -10 -0.11209
35.00 -10 -0.77080E-01
40.00 -10 -0.30662E-01
45.00 -10 0.77123E-02
50.00 -10 0.36442E-01
55.00 -10 0.54769E-01
60.00 -10 0.45783E-01
65.00 -10 -0.11829E-01
-45.00 -5 -0.67574E-01
-40.00 -5 -0.17675
-35.00 -5 -0.26855
-30.00 -5 -0.27342
-25.00 -5 -0.21364
-20.00 -5 -0.16980
-15.00 -5 -0.19337
-10.00 -5 -0.25402
-5.00 -5 -0.27102
0.00 -5 -0.19447
5.00 -5 -0.55774E-01
10.00 -5 0.59665E-01
15.00 -5 0.88243E-01
20.00 -5 0.39658E-01
25.00 -5 -0.20318E-01
30.00 -5 -0.32572E-01
35.00 -5 0.92690E-02
40.00 -5 0.67300E-01
45.00 -5 0.10298
90.00 0.00 0.75122E-01
-90.00 0.00 0.97294E-01
