-85.00 0.00 0.52049
-80.00 0.00 0.53033
-75.00 0.00 0.41365
-70.00 0.00 0.21580
-65.00 0.00 -0.16037E-01
-60.00 0.00 -0.25214
-55.00 0.00 -0.46636
-50.00 0.00 -0.61480
-45.00 0.00 -0.64108
-40.00 0.00 -0.51651
-35.00 0.00 -0.28078
-30.00 0.00 -0.36053E-01
-25.00 0.00 0.11678
-20.00 0.00 0.15420
-15.00 0.00 0.15158
-10.00 0.00 0.22272
-5.00 0.00 0.42093
0.00 0.00 0.68391
5.00 0.00 0.87300
10.00 0.00 0.87872
15.00 0.00 0.70744
20.00 0.00 0.47762
25.00 0.00 0.32870
30.00 0.00 0.31652
35.00 0.00 0.37733
40.00 0.00 0.38404
45.00 0.00 0.24529
50.00 0.00 -0.29636E-01
55.00 0.00 -0.34194
60.00 0.00 -0.57140
65.00 0.00 -0.64596
70.00 0.00 -0.56986
75.00 0.00 -0.40293
80.00 0.00 -0.22363
85.00 0.00 -0.90544E-01
-45.00 5.00 -0.52393
-40.00 5.00 -0.33773
-35.00 5.00 -0.72602E-01
-30.00 5.00 0.16749
-25.00 5.00 0.30869
-20.00 5.00 0.35680
-15.00 5.00 0.38483
-10.00 5.00 0.46410
-5.00 5.00 0.59569
0.00 5.00 0.70276
5.00 5.00 0.69345
10.00 5.00 0.54271
15.00 5.00 0.32293
20.00 5.00 0.15602
25.00 5.00 0.12468
30.00 5.00 0.21352
35.00 5.00 0.32377
40.00 5.00 0.34519
45.00 5.00 0.22764
-65.00 10.00 0.13529E-01
-60.00 10.00 -0.24229
-55.00 10.00 -0.43401
-50.00 10.00 -0.49160
-45.00 10.00 -0.37511
-40.00 10.00 -0.11452
-35.00 10.00 0.19052
-30.00 10.00 0.42620
-25.00 10.00 0.53868
-20.00 10.00 0.56524
-15.00 10.00 0.59188
-10.00 10.00 0.67041
-5.00 10.00 0.76659
0.00 10.00 0.78674
5.00 10.00 0.66182
10.00 10.00 0.41647
15.00 10.00 0.16233
20.00 10.00 0.19864E-01
25.00 10.00 0.33285E-01
30.00 10.00 0.14588
35.00 10.00 0.24945
40.00 10.00 0.26124
45.00 10.00 0.16751
50.00 10.00 0.10172E-01
55.00 10.00 -0.15639
60.00 10.00 -0.29558
65.00 10.00 -0.38799
-70.00 15.00 0.28199
-45.00 15.00 -0.25640
-40.00 15.00 0.76769E-01
-35.00 15.00 0.42817
-30.00 15.00 0.66543
-25.00 15.00 0.74145
-20.00 15.00 0.71958
-15.00 15.00 0.71052
-10.00 15.00 0.77182
-5.00 15.00 0.85654
0.00 15.00 0.85658
5.00 15.00 0.70264
10.00 15.00 0.43269
15.00 15.00 0.16936
20.00 15.00 0.27354E-01
25.00 15.00 0.31650E-01
30.00 15.00 0.11256
35.00 15.00 0.17280
40.00 15.00 0.16136
45.00 15.00 0.92709E-01
70.00 15.00 -0.33796
-75.00 20.00 0.50480
-65.00 20.00 0.90207E-02
-60.00 20.00 -0.26039
-55.00 20.00 -0.44056
-50.00 20.00 -0.44000
-45.00 20.00 -0.21710
-40.00 20.00 0.16689
-35.00 20.00 0.55976
-30.00 20.00 0.80607
-25.00 20.00 0.84936
-20.00 20.00 0.76374
-15.00 20.00 0.68388
-10.00 20.00 0.69012
-5.00 20.00 0.74658
0.00 20.00 0.74407
5.00 20.00 0.60620
10.00 20.00 0.36282
15.00 20.00 0.12698
20.00 20.00 0.11899E-02
25.00 20.00 -0.30719E-03
30.00 20.00 0.53010E-01
35.00 20.00 0.81039E-01
40.00 20.00 0.60357E-01
45.00 20.00 0.25149E-01
50.00 20.00 0.11229E-01
55.00 20.00 0.76468E-02
60.00 20.00 -0.32549E-01
65.00 20.00 -0.13525
75.00 20.00 -0.33790
-45.00 25.00 -0.27166
-40.00 25.00 0.12436
-35.00 25.00 0.53926
-30.00 25.00 0.79783
-25.00 25.00 0.82146
-20.00 25.00 0.67481
-15.00 25.00 0.50360
-10.00 25.00 0.41488
-5.00 25.00 0.40151
0.00 25.00 0.37195
5.00 25.00 0.25117
10.00 25.00 0.56723E-01
15.00 25.00 -0.11734
20.00 25.00 -0.18714
25.00 25.00 -0.15044
30.00 25.00 -0.77417E-01
35.00 25.00 -0.36744E-01
40.00 25.00 -0.34228E-01
45.00 25.00 -0.23570E-01
-80.00 30.00 0.63684
-70.00 30.00 0.26649
-65.00 30.00 -0.16821E-01
-60.00 30.00 -0.29934
-55.00 30.00 -0.51252
-50.00 30.00 -0.56446
-45.00 30.00 -0.39203
-40.00 30.00 -0.29922E-01
-35.00 30.00 0.37540
-30.00 30.00 0.64079
-25.00 30.00 0.66266
-20.00 30.00 0.48075
-15.00 30.00 0.23450
-10.00 30.00 0.49396E-01
-5.00 30.00 -0.48917E-01
0.00 30.00 -0.12334
5.00 30.00 -0.23811
10.00 30.00 -0.38421
15.00 30.00 -0.48691
20.00 30.00 -0.48158
25.00 30.00 -0.37813
30.00 30.00 -0.25004
35.00 30.00 -0.16215
40.00 30.00 -0.11320
45.00 30.00 -0.51801E-01
50.00 30.00 0.51831E-01
55.00 30.00 0.15538
60.00 30.00 0.17200
65.00 30.00 0.54311E-01
70.00 30.00 -0.14662
80.00 30.00 -0.33020
-45.00 35.00 -0.51975
-40.00 35.00 -0.23238
-35.00 35.00 0.12597
-30.00 35.00 0.38207
-25.00 35.00 0.41689
-20.00 35.00 0.24225
-15.00 35.00 -0.21163E-01
-10.00 35.00 -0.24424
-5.00 35.00 -0.37997
0.00 35.00 -0.46903
5.00 35.00 -0.56759
10.00 35.00 -0.67488
15.00 35.00 -0.73143
20.00 35.00 -0.68352
25.00 35.00 -0.54312
30.00 35.00 -0.38009
35.00 35.00 -0.25569
40.00 35.00 -0.16788
45.00 35.00 -0.66970E-01
-75.00 40.00 0.48253
-65.00 40.00 -0.12767E-01
-60.00 40.00 -0.25949
-55.00 40.00 -0.47632
-50.00 40.00 -0.61019
-45.00 40.00 -0.59295
-40.00 40.00 -0.40662
-35.00 40.00 -0.13020
-30.00 40.00 0.90923E-01
-25.00 40.00 0.14005
-20.00 40.00 0.10488E-01
-15.00 40.00 -0.19878
-10.00 40.00 -0.36887
-5.00 40.00 -0.45111
0.00 40.00 -0.48384
5.00 40.00 -0.53018
10.00 40.00 -0.60423
15.00 40.00 -0.65808
20.00 40.00 -0.63595
25.00 40.00 -0.53410
30.00 40.00 -0.40320
35.00 40.00 -0.29291
40.00 40.00 -0.20090
45.00 40.00 -0.84250E-01
50.00 40.00 0.76109E-01
55.00 40.00 0.22705
60.00 40.00 0.27017
65.00 40.00 0.14860
75.00 40.00 -0.29587
-70.00 45.00 0.23674
-45.00 45.00 -0.57574
-40.00 45.00 -0.49832
-35.00 45.00 -0.32792
-30.00 45.00 -0.17043
-25.00 45.00 -0.12363
-20.00 45.00 -0.19904
-15.00 45.00 -0.31524
-10.00 45.00 -0.37085
-5.00 45.00 -0.33092
0.00 45.00 -0.24893
5.00 45.00 -0.20889
10.00 45.00 -0.24680
15.00 45.00 -0.32538
20.00 45.00 -0.37902
25.00 45.00 -0.37656
30.00 45.00 -0.33742
35.00 45.00 -0.29092
40.00 45.00 -0.23086
45.00 45.00 -0.12161
70.00 45.00 -0.75207E-01
-65.00 50.00 0.47917E-01
-60.00 50.00 -0.95342E-01
-55.00 50.00 -0.23049
-50.00 50.00 -0.37017
-45.00 50.00 -0.47576
-40.00 50.00 -0.49814
-35.00 50.00 -0.43913
-30.00 50.00 -0.36376
-25.00 50.00 -0.34451
-20.00 50.00 -0.39053
-15.00 50.00 -0.43389
-10.00 50.00 -0.39055
-5.00 50.00 -0.24065
0.00 50.00 -0.52498E-01
5.00 50.00 0.71514E-01
10.00 50.00 0.75748E-01
15.00 50.00 -0.14370E-01
20.00 50.00 -0.12883
25.00 50.00 -0.21600
30.00 50.00 -0.26854
35.00 50.00 -0.29492
40.00 50.00 -0.28024
45.00 50.00 -0.19015
50.00 50.00 -0.20603E-01
55.00 50.00 0.16165
60.00 50.00 0.24431
65.00 50.00 0.15397
-85.00 55.00 0.61281
-45.00 55.00 -0.34139
-40.00 55.00 -0.44223
-35.00 55.00 -0.47633
-30.00 55.00 -0.47624
-25.00 55.00 -0.49650
-20.00 55.00 -0.54916
-15.00 55.00 -0.58165
-10.00 55.00 -0.52327
-5.00 55.00 -0.35670
0.00 55.00 -0.14463
5.00 55.00 0.14652E-01
10.00 55.00 0.60716E-01
15.00 55.00 0.62807E-02
20.00 55.00 -0.91623E-01
25.00 55.00 -0.18696
30.00 55.00 -0.26820
35.00 55.00 -0.33289
40.00 55.00 -0.35338
45.00 55.00 -0.28451
85.00 55.00 -0.26460
-80.00 60.00 0.61196
-75.00 60.00 0.44324
-70.00 60.00 0.24798
-65.00 60.00 0.13135
-60.00 60.00 0.88845E-01
-55.00 60.00 0.41466E-01
-50.00 60.00 -0.72874E-01
-45.00 60.00 -0.23987
-40.00 60.00 -0.39151
-35.00 60.00 -0.47830
-30.00 60.00 -0.51454
-25.00 60.00 -0.55410
-20.00 60.00 -0.62682
-15.00 60.00 -0.70302
-10.00 60.00 -0.72148
-5.00 60.00 -0.65040
0.00 60.00 -0.51929
5.00 60.00 -0.39248
10.00 60.00 -0.31485
15.00 60.00 -0.28515
20.00 60.00 -0.27858
25.00 60.00 -0.28580
30.00 60.00 -0.31951
35.00 60.00 -0.38032
40.00 60.00 -0.42439
45.00 60.00 -0.38166
50.00 60.00 -0.22120
55.00 60.00 -0.30348E-02
60.00 60.00 0.14449
65.00 60.00 0.11827
70.00 60.00 -0.69664E-01
75.00 60.00 -0.28808
80.00 60.00 -0.37853
-45.00 65.00 -0.22652
-40.00 65.00 -0.40045
-35.00 65.00 -0.48754
-30.00 65.00 -0.49957
-25.00 65.00 -0.50862
-20.00 65.00 -0.57700
-15.00 65.00 -0.70418
-10.00 65.00 -0.83548
-5.00 65.00 -0.91391
0.00 65.00 -0.91991
5.00 65.00 -0.86671
10.00 65.00 -0.77080
15.00 65.00 -0.63951
20.00 65.00 -0.48954
25.00 65.00 -0.36573
30.00 65.00 -0.32239
35.00 65.00 -0.37163
40.00 65.00 -0.45012
45.00 65.00 -0.45182
-65.00 70.00 0.18907
-60.00 70.00 0.15538
-55.00 70.00 0.80456E-01
-50.00 70.00 -0.92549E-01
-45.00 70.00 -0.31912
-40.00 70.00 -0.49010
-35.00 70.00 -0.52938
-30.00 70.00 -0.46095
-25.00 70.00 -0.38798
-20.00 70.00 -0.40941
-15.00 70.00 -0.54997
-10.00 70.00 -0.75649
-5.00 70.00 -0.94731
0.00 70.00 -1.0606
5.00 70.00 -1.0669
10.00 70.00 -0.95774
15.00 70.00 -0.74616
20.00 70.00 -0.48372
25.00 70.00 -0.26392
30.00 70.00 -0.18009
35.00 70.00 -0.25458
40.00 70.00 -0.40198
45.00 70.00 -0.47613
50.00 70.00 -0.37974
55.00 70.00 -0.14960
60.00 70.00 0.62064E-01
65.00 70.00 0.10531
-70.00 75.00 0.29778
-45.00 75.00 -0.48915
-40.00 75.00 -0.63739
-35.00 75.00 -0.60015
-30.00 75.00 -0.42645
-25.00 75.00 -0.25372
-20.00 75.00 -0.20650
-15.00 75.00 -0.31711
-10.00 75.00 -0.52429
-5.00 75.00 -0.73095
0.00 75.00 -0.85962
5.00 75.00 -0.86794
10.00 75.00 -0.74021
15.00 75.00 -0.49151
20.00 75.00 -0.18881
25.00 75.00 0.49162E-01
30.00 75.00 0.10676
35.00 75.00 -0.42315E-01
40.00 75.00 -0.29154
45.00 75.00 -0.45822
70.00 75.00 -0.16083E-01
-75.00 80.00 0.46281
-65.00 80.00 0.22679
-60.00 80.00 0.11510
-55.00 80.00 -0.91542E-01
-50.00 80.00 -0.39278
-45.00 80.00 -0.67361
-40.00 80.00 -0.78547
-35.00 80.00 -0.66900
-30.00 80.00 -0.40784
-25.00 80.00 -0.16723
-20.00 80.00 -0.74550E-01
-15.00 80.00 -0.14348
-10.00 80.00 -0.29310
-5.00 80.00 -0.42454
0.00 80.00 -0.47809
5.00 80.00 -0.43362
10.00 80.00 -0.28556
15.00 80.00 -0.43903E-01
20.00 80.00 0.23379
25.00 80.00 0.43029
30.00 80.00 0.42338
35.00 80.00 0.18438
40.00 80.00 -0.16671
45.00 80.00 -0.42001
50.00 80.00 -0.42270
55.00 80.00 -0.19920
60.00 80.00 0.62662E-01
65.00 80.00 0.15762
75.00 80.00 -0.21445
-45.00 85.00 -0.80179
-40.00 85.00 -0.87029
-35.00 85.00 -0.69400
-30.00 85.00 -0.39435
-25.00 85.00 -0.15020
-20.00 85.00 -0.65781E-01
-15.00 85.00 -0.11324
-10.00 85.00 -0.18690
-5.00 85.00 -0.20258
0.00 85.00 -0.14620
5.00 85.00 -0.41728E-01
10.00 85.00 0.10308
15.00 85.00 0.29905
20.00 85.00 0.52130
25.00 85.00 0.67086
30.00 85.00 0.62148
35.00 85.00 0.33221
40.00 85.00 -0.77961E-01
45.00 85.00 -0.38348
-80.00 90.00 0.57933
-70.00 90.00 0.40101
-65.00 90.00 0.29890
-60.00 90.00 0.11836
-55.00 90.00 -0.18964
-50.00 90.00 -0.55844
-45.00 90.00 -0.82422
-40.00 90.00 -0.85053
-35.00 90.00 -0.64601
-30.00 90.00 -0.36299
-25.00 90.00 -0.17447
-20.00 90.00 -0.14091
-15.00 90.00 -0.18458
-10.00 90.00 -0.18447
-5.00 90.00 -0.91522E-01
0.00 90.00 0.46083E-01
5.00 90.00 0.15954
10.00 90.00 0.24441
15.00 90.00 0.35644
20.00 90.00 0.52117
25.00 90.00 0.66060
30.00 90.00 0.63268
35.00 90.00 0.36553
40.00 90.00 -0.39762E-01
45.00 90.00 -0.35194
50.00 90.00 -0.38200
55.00 90.00 -0.14100
60.00 90.00 0.16047
65.00 90.00 0.27928
70.00 90.00 0.13314
80.00 90.00 -0.32360
-45.00 95.00 -0.73044
-40.00 95.00 -0.72549
-35.00 95.00 -0.52682
-30.00 95.00 -0.30018
-25.00 95.00 -0.19145
-20.00 95.00 -0.20719
-15.00 95.00 -0.22946
-10.00 95.00 -0.14605
-5.00 95.00 0.34425E-01
0.00 95.00 0.19615
5.00 95.00 0.24158
10.00 95.00 0.19768
15.00 95.00 0.18938
20.00 95.00 0.30168
25.00 95.00 0.47028
30.00 95.00 0.52091
35.00 95.00 0.33413
40.00 95.00 -0.18494E-01
45.00 95.00 -0.30584
-75.00 100.00 0.52924
-65.00 100.00 0.43000
-60.00 100.00 0.26252
-55.00 100.00 -0.30517E-01
-50.00 100.00 -0.35286
-45.00 100.00 -0.54796
-40.00 100.00 -0.53117
-35.00 100.00 -0.36799
-30.00 100.00 -0.21478
-25.00 100.00 -0.17274
-20.00 100.00 -0.19625
-15.00 100.00 -0.14889
-10.00 100.00 0.44584E-01
-5.00 100.00 0.30179
0.00 100.00 0.44499
5.00 100.00 0.36995
10.00 100.00 0.15790
15.00 100.00 0.13586E-01
20.00 100.00 0.77549E-01
25.00 100.00 0.28821
30.00 100.00 0.43044
35.00 100.00 0.33424
40.00 100.00 0.41540E-01
45.00 100.00 -0.21769
50.00 100.00 -0.22487
55.00 100.00 0.30981E-01
60.00 100.00 0.33809
65.00 100.00 0.44178
75.00 100.00 -0.66523E-01
-70.00 105.00 0.53352
-45.00 105.00 -0.32523
-40.00 105.00 -0.31755
-35.00 105.00 -0.20874
-30.00 105.00 -0.12692
-25.00 105.00 -0.12206
-20.00 105.00 -0.10865
-15.00 105.00 0.45203E-01
-10.00 105.00 0.36140
-5.00 105.00 0.68642
0.00 105.00 0.79927
5.00 105.00 0.60778
10.00 105.00 0.25103
15.00 105.00 -0.69690E-03
20.00 105.00 0.28641E-01
25.00 105.00 0.26992
30.00 105.00 0.47297
35.00 105.00 0.43245
40.00 105.00 0.17270
45.00 105.00 -0.75896E-01
70.00 105.00 0.31389
-85.00 110.00 0.49559
-65.00 110.00 0.56145
-60.00 110.00 0.46749
-55.00 110.00 0.26411
-50.00 110.00 0.33437E-01
-45.00 110.00 -0.10964
-40.00 110.00 -0.12209
-35.00 110.00 -0.68044E-01
-30.00 110.00 -0.41017E-01
-25.00 110.00 -0.48994E-01
-20.00 110.00 0.12697E-01
-15.00 110.00 0.25597
-10.00 110.00 0.65533
-5.00 110.00 1.0142
0.00 110.00 1.1004
5.00 110.00 0.84589
10.00 110.00 0.42818
15.00 110.00 0.14411
20.00 110.00 0.17193
25.00 110.00 0.42762
30.00 110.00 0.64520
35.00 110.00 0.61243
40.00 110.00 0.35394
45.00 110.00 0.10049
50.00 110.00 0.75747E-01
55.00 110.00 0.29419
60.00 110.00 0.54917
65.00 110.00 0.59567
85.00 110.00 -0.24053
-45.00 115.00 0.66896E-01
-40.00 115.00 0.42544E-01
-35.00 115.00 0.65621E-01
-30.00 115.00 0.68793E-01
-25.00 115.00 0.62376E-01
-20.00 115.00 0.14497
-15.00 115.00 0.40307
-10.00 115.00 0.78996
-5.00 115.00 1.1132
0.00 115.00 1.1690
5.00 115.00 0.91844
10.00 115.00 0.54373
15.00 115.00 0.31735
20.00 115.00 0.38395
25.00 115.00 0.64315
30.00 115.00 0.83964
35.00 115.00 0.78536
40.00 115.00 0.51971
45.00 115.00 0.26769
-80.00 120.00 0.47276
-75.00 120.00 0.49454
-70.00 120.00 0.54515
-65.00 120.00 0.58602
-60.00 120.00 0.55403
-55.00 120.00 0.43402
-50.00 120.00 0.28458
-45.00 120.00 0.18877
-40.00 120.00 0.17912
-35.00 120.00 0.21491
-30.00 120.00 0.23765
-25.00 120.00 0.24683
-20.00 120.00 0.31141
-15.00 120.00 0.49409
-10.00 120.00 0.75978
-5.00 120.00 0.96817
0.00 120.00 0.97791
5.00 120.00 0.77782
10.00 120.00 0.52009
15.00 120.00 0.40913
20.00 120.00 0.53195
25.00 120.00 0.77909
30.00 120.00 0.93323
35.00 120.00 0.85449
40.00 120.00 0.60158
45.00 120.00 0.38042
50.00 120.00 0.36334
55.00 120.00 0.53699
60.00 120.00 0.71197
65.00 120.00 0.68436
70.00 120.00 0.40898
75.00 120.00 0.34708E-01
80.00 120.00 -0.21531
-45.00 125.00 0.24818
-40.00 125.00 0.28423
-35.00 125.00 0.37786
-30.00 125.00 0.46372
-25.00 125.00 0.50905
-20.00 125.00 0.53861
-15.00 125.00 0.59548
-10.00 125.00 0.67913
-5.00 125.00 0.72991
0.00 125.00 0.68428
5.00 125.00 0.55115
10.00 125.00 0.42866
15.00 125.00 0.43132
20.00 125.00 0.58468
25.00 125.00 0.78612
30.00 125.00 0.87867
35.00 125.00 0.78297
40.00 125.00 0.57202
45.00 125.00 0.41644
-65.00 130.00 0.43102
-60.00 130.00 0.40400
-55.00 130.00 0.32593
-50.00 130.00 0.24672
-45.00 130.00 0.23770
-40.00 130.00 0.33479
-35.00 130.00 0.50710
-30.00 130.00 0.67792
-25.00 130.00 0.77873
-20.00 130.00 0.79014
-15.00 130.00 0.73870
-10.00 130.00 0.66147
-5.00 130.00 0.57758
0.00 130.00 0.49306
5.00 130.00 0.42559
10.00 130.00 0.41229
15.00 130.00 0.48118
20.00 130.00 0.61016
25.00 130.00 0.72075
30.00 130.00 0.72823
35.00 130.00 0.61469
40.00 130.00 0.45898
45.00 130.00 0.38539
50.00 130.00 0.46227
55.00 130.00 0.63339
60.00 130.00 0.74657
65.00 130.00 0.66664
-70.00 135.00 0.30158
-45.00 135.00 0.15233
-40.00 135.00 0.29719
-35.00 135.00 0.52831
-30.00 135.00 0.76720
-25.00 135.00 0.92622
-20.00 135.00 0.95581
-15.00 135.00 0.86646
-10.00 135.00 0.71537
-5.00 135.00 0.57203
0.00 135.00 0.48707
5.00 135.00 0.47879
10.00 135.00 0.53470
15.00 135.00 0.61864
20.00 135.00 0.68041
25.00 135.00 0.67320
30.00 135.00 0.58030
35.00 135.00 0.43673
40.00 135.00 0.32246
45.00 135.00 0.31704
70.00 135.00 0.34911
-75.00 140.00 0.22198
-65.00 140.00 0.11090
-60.00 140.00 0.40939E-01
-55.00 140.00 -0.26682E-01
-50.00 140.00 -0.54291E-01
-45.00 140.00 -0.74178E-04
-40.00 140.00 0.15562
-35.00 140.00 0.39174
-30.00 140.00 0.64745
-25.00 140.00 0.84508
-20.00 140.00 0.92624
-15.00 140.00 0.88209
-10.00 140.00 0.75954
-5.00 140.00 0.63713
0.00 140.00 0.58286
5.00 140.00 0.61820
10.00 140.00 0.70875
15.00 140.00 0.78573
20.00 140.00 0.78447
25.00 140.00 0.67944
30.00 140.00 0.49921
35.00 140.00 0.31583
40.00 140.00 0.21205
45.00 140.00 0.23835
50.00 140.00 0.37884
55.00 140.00 0.54776
60.00 140.00 0.62841
65.00 140.00 0.54115
75.00 140.00 0.17752E-01
-45.00 145.00 -0.18953
-40.00 145.00 -0.61894E-01
-35.00 145.00 0.12065
-30.00 145.00 0.33474
-25.00 145.00 0.54161
-20.00 145.00 0.69328
-15.00 145.00 0.75490
-10.00 145.00 0.73061
-5.00 145.00 0.66953
0.00 145.00 0.63897
5.00 145.00 0.67909
10.00 145.00 0.77146
15.00 145.00 0.84720
20.00 145.00 0.83142
25.00 145.00 0.69402
30.00 145.00 0.47313
35.00 145.00 0.25693
40.00 145.00 0.13643
45.00 145.00 0.15641
-80.00 150.00 0.16024
-70.00 150.00 -0.13401
-65.00 150.00 -0.28435
-60.00 150.00 -0.40144
-55.00 150.00 -0.45297
-50.00 150.00 -0.43300
-45.00 150.00 -0.36648
-40.00 150.00 -0.28249
-35.00 150.00 -0.18331
-30.00 150.00 -0.44199E-01
-25.00 150.00 0.15189
-20.00 150.00 0.37853
-15.00 150.00 0.56860
-10.00 150.00 0.66049
-5.00 150.00 0.64927
0.00 150.00 0.59528
5.00 150.00 0.57779
10.00 150.00 0.63024
15.00 150.00 0.71094
20.00 150.00 0.73444
25.00 150.00 0.63875
30.00 150.00 0.43619
35.00 150.00 0.21055
40.00 150.00 0.65039E-01
45.00 150.00 0.58878E-01
50.00 150.00 0.17297
55.00 150.00 0.32222
60.00 150.00 0.40383
65.00 150.00 0.35460
70.00 150.00 0.18745
80.00 150.00 -0.13869
-45.00 155.00 -0.47887
-40.00 155.00 -0.41854
-35.00 155.00 -0.38782
-30.00 155.00 -0.31878
-25.00 155.00 -0.13882
-20.00 155.00 0.15045
-15.00 155.00 0.45167
-10.00 155.00 0.63453
-5.00 155.00 0.63468
0.00 155.00 0.50488
5.00 155.00 0.37338
10.00 155.00 0.34310
15.00 155.00 0.41479
20.00 155.00 0.49480
25.00 155.00 0.47696
30.00 155.00 0.32918
35.00 155.00 0.11799
40.00 155.00 -0.41983E-01
45.00 155.00 -0.69179E-01
-75.00 160.00 -0.19197
-65.00 160.00 -0.64366
-60.00 160.00 -0.77237
-55.00 160.00 -0.76565
-50.00 160.00 -0.64346
-45.00 160.00 -0.49542
-40.00 160.00 -0.41205
-35.00 160.00 -0.40179
-30.00 160.00 -0.37420
-25.00 160.00 -0.21675
-20.00 160.00 0.94675E-01
-15.00 160.00 0.45025
-10.00 160.00 0.67446
-5.00 160.00 0.65770
0.00 160.00 0.44280
5.00 160.00 0.19290
10.00 160.00 0.66928E-01
15.00 160.00 0.10462
20.00 160.00 0.21165
25.00 160.00 0.24911
30.00 160.00 0.14813
35.00 160.00 -0.41493E-01
40.00 160.00 -0.19843
45.00 160.00 -0.22509
50.00 160.00 -0.11463
55.00 160.00 0.53461E-01
60.00 160.00 0.17387
65.00 160.00 0.18291
75.00 160.00 -0.33652E-01
-85.00 165.00 0.19154
-70.00 165.00 -0.55481
-45.00 165.00 -0.42130
-40.00 165.00 -0.26553
-35.00 165.00 -0.22374
-30.00 165.00 -0.21327
-25.00 165.00 -0.10558
-20.00 165.00 0.15218
-15.00 165.00 0.47186
-10.00 165.00 0.67913
-5.00 165.00 0.64846
0.00 165.00 0.40555
5.00 165.00 0.11004
10.00 165.00 -0.67415E-01
15.00 165.00 -0.70849E-01
20.00 165.00 0.13838E-01
25.00 165.00 0.45152E-01
30.00 165.00 -0.52810E-01
35.00 165.00 -0.23392
40.00 165.00 -0.37580
45.00 165.00 -0.37996
70.00 165.00 0.58351E-01
85.00 165.00 -0.78491E-01
-65.00 170.00 -0.88840
-60.00 170.00 -0.98777
-55.00 170.00 -0.89614
-50.00 170.00 -0.62899
-45.00 170.00 -0.29636
-40.00 170.00 -0.40759E-01
-35.00 170.00 0.62766E-01
-30.00 170.00 0.59736E-01
-25.00 170.00 0.70864E-01
-20.00 170.00 0.18249
-15.00 170.00 0.36714
-10.00 170.00 0.50505
-5.00 170.00 0.48859
0.00 170.00 0.31726
5.00 170.00 0.99636E-01
10.00 170.00 -0.38373E-01
15.00 170.00 -0.56796E-01
20.00 170.00 -0.26638E-01
25.00 170.00 -0.58385E-01
30.00 170.00 -0.19989
35.00 170.00 -0.39213
40.00 170.00 -0.51651
45.00 170.00 -0.48886
50.00 170.00 -0.32131
55.00 170.00 -0.10790
60.00 170.00 0.45289E-01
65.00 170.00 0.86752E-01
-45.00 175.00 -0.17685
-40.00 175.00 0.17196
-35.00 175.00 0.33764
-30.00 175.00 0.31157
-25.00 175.00 0.18994
-20.00 175.00 0.93530E-01
-15.00 175.00 0.80371E-01
-10.00 175.00 0.12137
-5.00 175.00 0.15040
0.00 175.00 0.13459
5.00 175.00 0.98129E-01
10.00 175.00 0.82506E-01
15.00 175.00 0.89043E-01
20.00 175.00 0.65347E-01
25.00 175.00 -0.47087E-01
30.00 175.00 -0.24780
35.00 175.00 -0.45762
40.00 175.00 -0.56705
45.00 175.00 -0.51460
-80.00 180.00 -0.21423
-75.00 180.00 -0.53072
-70.00 180.00 -0.80439
-65.00 180.00 -0.99441
-60.00 180.00 -1.0446
-55.00 180.00 -0.90143
-50.00 180.00 -0.56172
-45.00 180.00 -0.11087
-40.00 180.00 0.29405
-35.00 180.00 0.50076
-30.00 180.00 0.44918
-25.00 180.00 0.20550
-20.00 180.00 -0.82996E-01
-15.00 180.00 -0.27767
-10.00 180.00 -0.31765
-5.00 180.00 -0.22690
0.00 180.00 -0.71426E-01
5.00 180.00 0.86868E-01
10.00 180.00 0.20542
15.00 180.00 0.25075
20.00 180.00 0.19367
25.00 180.00 0.27904E-01
30.00 180.00 -0.20450
35.00 180.00 -0.41487
40.00 180.00 -0.51031
45.00 180.00 -0.45118
50.00 180.00 -0.27846
55.00 180.00 -0.86907E-01
60.00 180.00 0.36748E-01
65.00 180.00 0.63821E-01
70.00 180.00 0.27870E-01
75.00 180.00 -0.14553E-01
80.00 180.00 -0.28014E-01
-45.00 -175 -0.11977
-40.00 -175 0.28716
-35.00 -175 0.50414
-30.00 -175 0.44111
-25.00 -175 0.14069
-20.00 -175 -0.23937
-15.00 -175 -0.51493
-10.00 -175 -0.57452
-5.00 -175 -0.42434
0.00 -175 -0.15995
5.00 -175 0.10128
10.00 -175 0.27495
15.00 -175 0.32518
20.00 -175 0.25344
25.00 -175 0.87333E-01
30.00 -175 -0.12063
35.00 -175 -0.29820
40.00 -175 -0.37778
45.00 -175 -0.33278
-65.00 -170 -0.98503
-60.00 -170 -0.98046
-55.00 -170 -0.84170
-50.00 -170 -0.56457
-45.00 -170 -0.19304
-40.00 -170 0.16055
-35.00 -170 0.35340
-30.00 -170 0.29660
-25.00 -170 0.24562E-01
-20.00 -170 -0.31138
-15.00 -170 -0.52998
-10.00 -170 -0.52787
-5.00 -170 -0.33114
0.00 -170 -0.59261E-01
5.00 -170 0.16163
10.00 -170 0.26719
15.00 -170 0.26318
20.00 -170 0.18771
25.00 -170 0.74190E-01
30.00 -170 -0.54485E-01
35.00 -170 -0.17036
40.00 -170 -0.23546
45.00 -170 -0.22223
50.00 -170 -0.14024
55.00 -170 -0.37566E-01
60.00 -170 0.31707E-01
65.00 -170 0.46777E-01
-70.00 -165 -0.87843
-45.00 -165 -0.29657
-40.00 -165 -0.38896E-01
-35.00 -165 0.94161E-01
-30.00 -165 0.42352E-01
-25.00 -165 -0.15018
-20.00 -165 -0.34719
-15.00 -165 -0.40797
-10.00 -165 -0.28570
-5.00 -165 -0.56951E-01
0.00 -165 0.14151
5.00 -165 0.21489
10.00 -165 0.16782
15.00 -165 0.76806E-01
20.00 -165 0.12839E-01
25.00 -165 -0.12752E-01
30.00 -165 -0.36497E-01
35.00 -165 -0.88054E-01
40.00 -165 -0.15228
45.00 -165 -0.18400
70.00 -165 0.27861E-01
-75.00 -160 -0.70428
-65.00 -160 -0.91538
-60.00 -160 -0.85212
-55.00 -160 -0.73002
-50.00 -160 -0.56808
-45.00 -160 -0.38928
-40.00 -160 -0.24585
-35.00 -160 -0.20170
-30.00 -160 -0.27560
-25.00 -160 -0.40046
-20.00 -160 -0.45251
-15.00 -160 -0.34269
-10.00 -160 -0.96852E-01
-5.00 -160 0.15053
0.00 -160 0.25382
5.00 -160 0.16773
10.00 -160 -0.21241E-01
15.00 -160 -0.16951
20.00 -160 -0.19194
25.00 -160 -0.11942
30.00 -160 -0.54995E-01
35.00 -160 -0.75431E-01
40.00 -160 -0.16844
45.00 -160 -0.25518
50.00 -160 -0.26685
55.00 -160 -0.19978
60.00 -160 -0.10365
65.00 -160 -0.26449E-01
75.00 -160 0.59300E-01
-45.00 -155 -0.44169
-40.00 -155 -0.39957
-35.00 -155 -0.45118
-30.00 -155 -0.57887
-25.00 -155 -0.69004
-20.00 -155 -0.66467
-15.00 -155 -0.45172
-10.00 -155 -0.13239
-5.00 -155 0.11876
0.00 -155 0.15835
5.00 -155 -0.13687E-01
10.00 -155 -0.25173
15.00 -155 -0.37899
20.00 -155 -0.32496
25.00 -155 -0.17126
30.00 -155 -0.71675E-01
35.00 -155 -0.12009
40.00 -155 -0.28008
45.00 -155 -0.42819
-80.00 -150 -0.43422
-70.00 -150 -0.87534
-65.00 -150 -0.85153
-60.00 -150 -0.74380
-55.00 -150 -0.61835
-50.00 -150 -0.51181
-45.00 -150 -0.45013
-40.00 -150 -0.46761
-35.00 -150 -0.58652
-30.00 -150 -0.77048
-25.00 -150 -0.91081
-20.00 -150 -0.88574
-15.00 -150 -0.66011
-10.00 -150 -0.33727
-5.00 -150 -0.10113
0.00 -150 -0.80433E-01
5.00 -150 -0.24526
10.00 -150 -0.42892
15.00 -150 -0.46402
20.00 -150 -0.32004
25.00 -150 -0.12548
30.00 -150 -0.56770E-01
35.00 -150 -0.19089
40.00 -150 -0.44603
45.00 -150 -0.65323
50.00 -150 -0.68828
55.00 -150 -0.55003
60.00 -150 -0.33151
65.00 -150 -0.12977
70.00 -150 0.15194E-01
80.00 -150 0.14759
-45.00 -145 -0.44062
-40.00 -145 -0.46286
-35.00 -145 -0.59060
-30.00 -145 -0.78908
-25.00 -145 -0.95049
-20.00 -145 -0.95519
-15.00 -145 -0.76988
-10.00 -145 -0.49314
-5.00 -145 -0.29223
0.00 -145 -0.27155
5.00 -145 -0.38447
10.00 -145 -0.47219
15.00 -145 -0.40348
20.00 -145 -0.19597
25.00 -145 -0.10528E-01
30.00 -145 -0.19892E-01
35.00 -145 -0.26333
40.00 -145 -0.61008
45.00 -145 -0.85814
-85.00 -140 -0.38375E-01
-75.00 -140 -0.75720
-65.00 -140 -0.83472
-60.00 -140 -0.73559
-55.00 -140 -0.62870
-50.00 -140 -0.53207
-45.00 -140 -0.45830
-40.00 -140 -0.44208
-35.00 -140 -0.51786
-30.00 -140 -0.66687
-25.00 -140 -0.79860
-20.00 -140 -0.80600
-15.00 -140 -0.65709
-10.00 -140 -0.43634
-5.00 -140 -0.28434
0.00 -140 -0.27868
5.00 -140 -0.36260
10.00 -140 -0.39342
15.00 -140 -0.27570
20.00 -140 -0.61414E-01
25.00 -140 0.77548E-01
30.00 -140 -0.12328E-01
35.00 -140 -0.33375
40.00 -140 -0.72518
45.00 -140 -0.97584
50.00 -140 -0.97028
55.00 -140 -0.74642
60.00 -140 -0.43567
65.00 -140 -0.15576
75.00 -140 0.17280
85.00 -140 0.14684
-70.00 -135 -0.86318
-45.00 -135 -0.54384
-40.00 -135 -0.47819
-35.00 -135 -0.47325
-30.00 -135 -0.53138
-25.00 -135 -0.58794
-20.00 -135 -0.55631
-15.00 -135 -0.41093
-10.00 -135 -0.22579
-5.00 -135 -0.12014
0.00 -135 -0.15216
5.00 -135 -0.25941
10.00 -135 -0.30939
15.00 -135 -0.22235
20.00 -135 -0.56012E-01
25.00 -135 0.30061E-01
30.00 -135 -0.93969E-01
35.00 -135 -0.41296
40.00 -135 -0.76732
45.00 -135 -0.96741
70.00 -135 0.88368E-01
-65.00 -130 -0.84674
-60.00 -130 -0.81873
-55.00 -130 -0.80287
-50.00 -130 -0.77502
-45.00 -130 -0.70694
-40.00 -130 -0.61509
-35.00 -130 -0.54791
-30.00 -130 -0.52722
-25.00 -130 -0.51252
-20.00 -130 -0.43526
-15.00 -130 -0.27498
-10.00 -130 -0.99102E-01
-5.00 -130 -0.16830E-01
0.00 -130 -0.82140E-01
5.00 -130 -0.23689
10.00 -130 -0.35405
15.00 -130 -0.34816
20.00 -130 -0.25363
25.00 -130 -0.19688
30.00 -130 -0.28435
35.00 -130 -0.50549
40.00 -130 -0.73556
45.00 -130 -0.83243
50.00 -130 -0.73978
55.00 -130 -0.51118
60.00 -130 -0.24829
65.00 -130 -0.22596E-01
-45.00 -125 -0.91226
-40.00 -125 -0.83129
-35.00 -125 -0.74940
-30.00 -125 -0.70464
-25.00 -125 -0.67286
-20.00 -125 -0.59142
-15.00 -125 -0.43310
-10.00 -125 -0.25387
-5.00 -125 -0.15972
0.00 -125 -0.21668
5.00 -125 -0.38763
10.00 -125 -0.55781
15.00 -125 -0.62866
20.00 -125 -0.59493
25.00 -125 -0.53600
30.00 -125 -0.53327
35.00 -125 -0.59285
40.00 -125 -0.64344
45.00 -125 -0.60509
-80.00 -120 -0.44314
-75.00 -120 -0.70241
-70.00 -120 -0.79822
-65.00 -120 -0.82071
-60.00 -120 -0.87124
-55.00 -120 -0.97279
-50.00 -120 -1.0673
-45.00 -120 -1.0900
-40.00 -120 -1.0407
-35.00 -120 -0.98070
-30.00 -120 -0.96380
-25.00 -120 -0.97606
-20.00 -120 -0.94834
-15.00 -120 -0.83110
-10.00 -120 -0.65666
-5.00 -120 -0.52468
0.00 -120 -0.52106
5.00 -120 -0.64464
10.00 -120 -0.80831
15.00 -120 -0.91043
20.00 -120 -0.90898
25.00 -120 -0.83385
30.00 -120 -0.73674
35.00 -120 -0.63596
40.00 -120 -0.51035
45.00 -120 -0.34013
50.00 -120 -0.14380
55.00 -120 0.31517E-01
60.00 -120 0.15423
65.00 -120 0.23530
70.00 -120 0.30418
75.00 -120 0.35870
80.00 -120 0.34678
-45.00 -115 -1.1691
-40.00 -115 -1.1377
-35.00 -115 -1.0939
-30.00 -115 -1.1106
-25.00 -115 -1.1857
-20.00 -115 -1.2417
-15.00 -115 -1.1999
-10.00 -115 -1.0578
-5.00 -115 -0.89661
0.00 -115 -0.81392
5.00 -115 -0.84498
10.00 -115 -0.94171
15.00 -115 -1.0194
20.00 -115 -1.0205
25.00 -115 -0.93827
30.00 -115 -0.79268
35.00 -115 -0.59730
40.00 -115 -0.35752
45.00 -115 -0.95136E-01
-65.00 -110 -0.70629
-60.00 -110 -0.77651
-55.00 -110 -0.92390
-50.00 -110 -1.0675
-45.00 -110 -1.1162
-40.00 -110 -1.0620
-35.00 -110 -0.98876
-30.00 -110 -0.99294
-25.00 -110 -1.0940
-20.00 -110 -1.2181
-15.00 -110 -1.2659
-10.00 -110 -1.1978
-5.00 -110 -1.0610
0.00 -110 -0.94026
5.00 -110 -0.88675
10.00 -110 -0.88793
15.00 -110 -0.89480
20.00 -110 -0.86707
25.00 -110 -0.79039
30.00 -110 -0.66036
35.00 -110 -0.46699
40.00 -110 -0.20766
45.00 -110 0.84984E-01
50.00 -110 0.34044
55.00 -110 0.49121
60.00 -110 0.52531
65.00 -110 0.49586
-70.00 -105 -0.62843
-45.00 -105 -0.95477
-40.00 -105 -0.83927
-35.00 -105 -0.68602
-30.00 -105 -0.61650
-25.00 -105 -0.68224
-20.00 -105 -0.83207
-15.00 -105 -0.96559
-10.00 -105 -1.0149
-5.00 -105 -0.98103
0.00 -105 -0.90581
5.00 -105 -0.82161
10.00 -105 -0.73238
15.00 -105 -0.63398
20.00 -105 -0.53681
25.00 -105 -0.45661
30.00 -105 -0.38379
35.00 -105 -0.27399
40.00 -105 -0.83696E-01
45.00 -105 0.17780
70.00 -105 0.53870
-75.00 -100 -0.53461
-65.00 -100 -0.52437
-60.00 -100 -0.55701
-55.00 -100 -0.67418
-50.00 -100 -0.77865
-45.00 -100 -0.75225
-40.00 -100 -0.56799
-35.00 -100 -0.31940
-30.00 -100 -0.14787
-25.00 -100 -0.13924
-20.00 -100 -0.27753
-15.00 -100 -0.48053
-10.00 -100 -0.66731
-5.00 -100 -0.79332
0.00 -100 -0.83821
5.00 -100 -0.78497
10.00 -100 -0.62877
15.00 -100 -0.40598
20.00 -100 -0.19752
25.00 -100 -0.81056E-01
30.00 -100 -0.65750E-01
35.00 -100 -0.74779E-01
40.00 -100 -0.43818E-02
45.00 -100 0.18593
50.00 -100 0.43417
55.00 -100 0.62689
60.00 -100 0.69411
65.00 -100 0.65856
75.00 -100 0.53427
-45.00 -95 -0.57923
-40.00 -95 -0.35683
-35.00 -95 -0.47075E-01
-30.00 -95 0.20073
-25.00 -95 0.27779
-20.00 -95 0.16857
-15.00 -95 -0.70947E-01
-10.00 -95 -0.36419
-5.00 -95 -0.63864
0.00 -95 -0.81913
5.00 -95 -0.83101
10.00 -95 -0.64144
15.00 -95 -0.30894
20.00 -95 0.21402E-01
25.00 -95 0.20127
30.00 -95 0.18604
35.00 -95 0.71985E-01
40.00 -95 0.21352E-01
45.00 -95 0.13285
-80.00 -90 -0.27229
-70.00 -90 -0.42108
-65.00 -90 -0.34422
-60.00 -90 -0.33272
-55.00 -90 -0.41775
-50.00 -90 -0.50579
-45.00 -90 -0.46736
-40.00 -90 -0.25493
-35.00 -90 0.54373E-01
-30.00 -90 0.31850
-25.00 -90 0.42765
-20.00 -90 0.35441
-15.00 -90 0.13441
-10.00 -90 -0.17525
-5.00 -90 -0.50695
0.00 -90 -0.76688
5.00 -90 -0.84371
10.00 -90 -0.67065
15.00 -90 -0.29891
20.00 -90 0.98489E-01
25.00 -90 0.32603
30.00 -90 0.30384
35.00 -90 0.12874
40.00 -90 -0.20491E-02
45.00 -90 0.54041E-01
50.00 -90 0.28172
55.00 -90 0.54049
60.00 -90 0.69349
65.00 -90 0.70933
70.00 -90 0.64930
80.00 -90 0.45657
-85.00 -85 0.63181E-01
-45.00 -85 -0.39202
-40.00 -85 -0.22244
-35.00 -85 0.37207E-01
-30.00 -85 0.26412
-25.00 -85 0.37009
-20.00 -85 0.34150
-15.00 -85 0.20861
-10.00 -85 0.10058E-04
-5.00 -85 -0.25788
0.00 -85 -0.50340
5.00 -85 -0.62904
10.00 -85 -0.54128
15.00 -85 -0.25176
20.00 -85 0.93955E-01
25.00 -85 0.30185
30.00 -85 0.27420
35.00 -85 0.89843E-01
40.00 -85 -0.57122E-01
45.00 -85 -0.13328E-01
85.00 -85 0.25183
-75.00 -80 -0.33737
-65.00 -80 -0.21239
-60.00 -80 -0.16356
-55.00 -80 -0.21385
-50.00 -80 -0.29355
-45.00 -80 -0.29124
-40.00 -80 -0.16144
-35.00 -80 0.38237E-01
-30.00 -80 0.20781
-25.00 -80 0.29343
-20.00 -80 0.31437
-15.00 -80 0.31184
-10.00 -80 0.28699
-5.00 -80 0.20280
0.00 -80 0.48009E-01
5.00 -80 -0.11387
10.00 -80 -0.17815
15.00 -80 -0.94811E-01
20.00 -80 0.68895E-01
25.00 -80 0.17306
30.00 -80 0.12764
35.00 -80 -0.19513E-01
40.00 -80 -0.11674
45.00 -80 -0.39108E-01
50.00 -80 0.20371
55.00 -80 0.48022
60.00 -80 0.65300
65.00 -80 0.68353
75.00 -80 0.55270
-70.00 -75 -0.27209
-45.00 -75 -0.10816
-40.00 -75 0.14602E-01
-35.00 -75 0.17755
-30.00 -75 0.29835
-25.00 -75 0.35604
-20.00 -75 0.40772
-15.00 -75 0.51711
-10.00 -75 0.67085
-5.00 -75 0.77325
0.00 -75 0.73009
5.00 -75 0.53957
10.00 -75 0.29895
15.00 -75 0.11946
20.00 -75 0.34049E-01
25.00 -75 -0.11073E-01
30.00 -75 -0.77056E-01
35.00 -75 -0.15094
40.00 -75 -0.14946
45.00 -75 -0.60098E-02
70.00 -75 0.59026
-65.00 -70 -0.12337
-60.00 -70 -0.11148E-01
-55.00 -70 0.46097E-01
-50.00 -70 0.83734E-01
-45.00 -70 0.17001
-40.00 -70 0.32036
-35.00 -70 0.47387
-30.00 -70 0.55795
-25.00 -70 0.57332
-20.00 -70 0.60593
-15.00 -70 0.74502
-10.00 -70 0.98278
-5.00 -70 1.1955
0.00 -70 1.2310
5.00 -70 1.0272
10.00 -70 0.65691
15.00 -70 0.26661
20.00 -70 -0.28550E-01
25.00 -70 -0.19800
30.00 -70 -0.26518
35.00 -70 -0.24554
40.00 -70 -0.12766
45.00 -70 0.86870E-01
50.00 -70 0.34121
55.00 -70 0.53978
60.00 -70 0.61750
65.00 -70 0.59047
-45.00 -65 0.50021
-40.00 -65 0.68591
-35.00 -65 0.83335
-30.00 -65 0.87797
-25.00 -65 0.83062
-20.00 -65 0.78886
-15.00 -65 0.85917
-10.00 -65 1.0548
-5.00 -65 1.2639
0.00 -65 1.3226
5.00 -65 1.1345
10.00 -65 0.73795
15.00 -65 0.27365
20.00 -65 -0.10871
25.00 -65 -0.32460
30.00 -65 -0.36345
35.00 -65 -0.25423
40.00 -65 -0.39465E-01
45.00 -65 0.22203
-80.00 -60 -0.21427E-01
-75.00 -60 -0.17139
-70.00 -60 -0.18238
-65.00 -60 -0.55427E-01
-60.00 -60 0.14902
-55.00 -60 0.37096
-50.00 -60 0.58904
-45.00 -60 0.80418
-40.00 -60 0.99652
-35.00 -60 1.1125
-30.00 -60 1.1055
-25.00 -60 0.99215
-20.00 -60 0.86173
-15.00 -60 0.81701
-10.00 -60 0.89069
-5.00 -60 1.0104
0.00 -60 1.0459
5.00 -60 0.90157
10.00 -60 0.58237
15.00 -60 0.18779
20.00 -60 -0.15059
25.00 -60 -0.33489
30.00 -60 -0.33092
35.00 -60 -0.16366
40.00 -60 0.99163E-01
45.00 -60 0.36427
50.00 -60 0.53994
55.00 -60 0.57693
60.00 -60 0.50010
65.00 -60 0.39447
70.00 -60 0.33954
75.00 -60 0.34122
80.00 -60 0.32084
-45.00 -55 1.0064
-40.00 -55 1.1554
-35.00 -55 1.2055
-30.00 -55 1.1470
-25.00 -55 1.0048
-20.00 -55 0.84064
-15.00 -55 0.72284
-10.00 -55 0.68180
-5.00 -55 0.68819
0.00 -55 0.67256
5.00 -55 0.57275
10.00 -55 0.37486
15.00 -55 0.12284
20.00 -55 -0.10336
25.00 -55 -0.22367
30.00 -55 -0.19105
35.00 -55 -0.13559E-01
40.00 -55 0.24112
45.00 -55 0.46720
-65.00 -50 -0.82617E-02
-60.00 -50 0.26120
-55.00 -50 0.59092
-50.00 -50 0.88173
-45.00 -50 1.0662
-40.00 -50 1.1289
-35.00 -50 1.0972
-30.00 -50 1.0146
-25.00 -50 0.91669
-20.00 -50 0.82117
-15.00 -50 0.73101
-10.00 -50 0.64415
-5.00 -50 0.55940
0.00 -50 0.47485
5.00 -50 0.38306
10.00 -50 0.27269
15.00 -50 0.14143
20.00 -50 0.12452E-01
25.00 -50 -0.63694E-01
30.00 -50 -0.34235E-01
35.00 -50 0.11322
40.00 -50 0.32269
45.00 -50 0.48771
50.00 -50 0.51477
55.00 -50 0.39119
60.00 -50 0.20183
65.00 -50 0.71896E-01
-70.00 -45 -0.10748
-45.00 -45 0.98729
-40.00 -45 0.95134
-35.00 -45 0.85429
-30.00 -45 0.79471
-25.00 -45 0.81363
-20.00 -45 0.87278
-15.00 -45 0.89408
-10.00 -45 0.82545
-5.00 -45 0.67894
0.00 -45 0.51304
5.00 -45 0.37943
10.00 -45 0.28424
15.00 -45 0.19833
20.00 -45 0.10377
25.00 -45 0.28356E-01
30.00 -45 0.28985E-01
35.00 -45 0.13359
40.00 -45 0.29476
45.00 -45 0.40515
70.00 -45 -0.77274E-01
-75.00 -40 0.19022E-02
-65.00 -40 0.40192E-02
-60.00 -40 0.25301
-55.00 -40 0.55879
-50.00 -40 0.77244
-45.00 -40 0.80504
-40.00 -40 0.69302
-35.00 -40 0.57290
-30.00 -40 0.57910
-25.00 -40 0.74194
-20.00 -40 0.96535
-15.00 -40 1.1012
-10.00 -40 1.0593
-5.00 -40 0.86556
0.00 -40 0.62580
5.00 -40 0.43448
10.00 -40 0.30979
15.00 -40 0.20712
20.00 -40 0.89136E-01
25.00 -40 -0.20807E-01
30.00 -40 -0.56313E-01
35.00 -40 0.19030E-01
40.00 -40 0.15508
45.00 -40 0.23593
50.00 -40 0.16914
55.00 -40 -0.31142E-01
60.00 -40 -0.24285
65.00 -40 -0.32489
75.00 -40 -0.30006E-01
-45.00 -35 0.56298
-40.00 -35 0.41939
-35.00 -35 0.32412
-30.00 -35 0.41246
-25.00 -35 0.68343
-20.00 -35 0.99410
-15.00 -35 1.1644
-10.00 -35 1.1073
-5.00 -35 0.87904
0.00 -35 0.61615
5.00 -35 0.41965
10.00 -35 0.28989
15.00 -35 0.16133
20.00 -35 -0.56504E-02
25.00 -35 -0.16891
30.00 -35 -0.23984
35.00 -35 -0.17600
40.00 -35 -0.40708E-01
45.00 -35 0.33025E-01
-85.00 -30 0.36878
-80.00 -30 0.26706
-70.00 -30 -0.20580E-01
-65.00 -30 -0.17421E-01
-60.00 -30 0.11836
-55.00 -30 0.28843
-50.00 -30 0.36395
-45.00 -30 0.29547
-40.00 -30 0.16548
-35.00 -30 0.12949
-30.00 -30 0.28715
-25.00 -30 0.59093
-20.00 -30 0.87339
-15.00 -30 0.97394
-10.00 -30 0.85899
-5.00 -30 0.63475
0.00 -30 0.44596
5.00 -30 0.35323
10.00 -30 0.29699
15.00 -30 0.17509
20.00 -30 -0.42941E-01
25.00 -30 -0.27359
30.00 -30 -0.38958
35.00 -30 -0.33881
40.00 -30 -0.20203
45.00 -30 -0.13351
50.00 -30 -0.23301
55.00 -30 -0.45851
60.00 -30 -0.65463
65.00 -30 -0.67296
70.00 -30 -0.48572
80.00 -30 0.96822E-02
85.00 -30 0.59300E-01
-45.00 -25 0.24234E-01
-40.00 -25 -0.62988E-01
-35.00 -25 -0.26861E-01
-30.00 -25 0.17326
-25.00 -25 0.44112
-20.00 -25 0.61124
-15.00 -25 0.58509
-10.00 -25 0.41621
-5.00 -25 0.26485
0.00 -25 0.25758
5.00 -25 0.37453
10.00 -25 0.46547
15.00 -25 0.38267
20.00 -25 0.11434
25.00 -25 -0.19925
30.00 -25 -0.38143
35.00 -25 -0.36627
40.00 -25 -0.25047
45.00 -25 -0.20726
-75.00 -20 0.21414
-65.00 -20 -0.45222E-01
-60.00 -20 -0.69895E-01
-55.00 -20 -0.81638E-01
-50.00 -20 -0.14082
-45.00 -20 -0.23357
-40.00 -20 -0.26973
-35.00 -20 -0.16713
-30.00 -20 0.53039E-01
-25.00 -20 0.25754
-20.00 -20 0.30396
-15.00 -20 0.17202
-10.00 -20 0.16305E-02
-5.00 -20 -0.11034E-01
0.00 -20 0.21905
5.00 -20 0.57779
10.00 -20 0.82630
15.00 -20 0.78289
20.00 -20 0.46374
25.00 -20 0.65978E-01
30.00 -20 -0.19060
35.00 -20 -0.23045
40.00 -20 -0.16278
45.00 -20 -0.17120
50.00 -20 -0.35239
55.00 -20 -0.63748
60.00 -20 -0.85198
65.00 -20 -0.85447
75.00 -20 -0.33043
-70.00 -15 0.93242E-01
-45.00 -15 -0.45561
-40.00 -15 -0.44693
-35.00 -15 -0.29317
-30.00 -15 -0.62911E-01
-25.00 -15 0.93720E-01
-20.00 -15 0.66985E-01
-15.00 -15 -0.98454E-01
-10.00 -15 -0.20973
-5.00 -15 -0.68292E-01
0.00 -15 0.35882
5.00 -15 0.88463
10.00 -15 1.2215
15.00 -15 1.1866
20.00 -15 0.83003
25.00 -15 0.38561
30.00 -15 0.87826E-01
35.00 -15 0.51583E-02
40.00 -15 0.18239E-01
45.00 -15 -0.53689E-01
70.00 -15 -0.66621
-65.00 -10 -0.46419E-01
-60.00 -10 -0.21017
-55.00 -10 -0.37059
-50.00 -10 -0.52306
-45.00 -10 -0.61255
-40.00 -10 -0.56786
-35.00 -10 -0.37913
-30.00 -10 -0.14073
-25.00 -10 0.80156E-03
-20.00 -10 -0.32218E-01
-15.00 -10 -0.16111
-10.00 -10 -0.18770
-5.00 -10 0.54881E-01
0.00 -10 0.55331
5.00 -10 1.0948
10.00 -10 1.4053
15.00 -10 1.3413
20.00 -10 0.98545
25.00 -10 0.57233
30.00 -10 0.30817
35.00 -10 0.23045
40.00 -10 0.21146
45.00 -10 0.88422E-01
50.00 -10 -0.19450
55.00 -10 -0.54377
60.00 -10 -0.79377
65.00 -10 -0.82994
-45.00 -5 -0.67743
-40.00 -5 -0.59785
-35.00 -5 -0.38476
-30.00 -5 -0.14046
-25.00 -5 0.74183E-02
-20.00 -5 0.89310E-02
-15.00 -5 -0.52432E-01
-10.00 -5 -0.12506E-01
-5.00 -5 0.24180
0.00 -5 0.66621
5.00 -5 1.0714
10.00 -5 1.2527
15.00 -5 1.1370
20.00 -5 0.83061
25.00 -5 0.53141
30.00 -5 0.37858
35.00 -5 0.35999
40.00 -5 0.34380
45.00 -5 0.19874
90.00 0.00 -0.27431E-01
-90.00 0.00 0.36783
