-85.00 0.00 0.16619
-80.00 0.00 0.20700
-75.00 0.00 0.13286
-70.00 0.00 -0.79829E-02
-65.00 0.00 -0.14436
-60.00 0.00 -0.22305
-55.00 0.00 -0.22910
-50.00 0.00 -0.18170
-45.00 0.00 -0.11175
-40.00 0.00 -0.40487E-01
-35.00 0.00 0.26556E-01
-30.00 0.00 0.92016E-01
-25.00 0.00 0.15826
-20.00 0.00 0.22748
-15.00 0.00 0.30663
-10.00 0.00 0.40571
-5.00 0.00 0.52451
0.00 0.00 0.63805
5.00 0.00 0.69847
10.00 0.00 0.66063
15.00 0.00 0.51700
20.00 0.00 0.31433
25.00 0.00 0.13415
30.00 0.00 0.45825E-01
35.00 0.00 0.63726E-01
40.00 0.00 0.13873
45.00 0.00 0.18995
50.00 0.00 0.15423
55.00 0.00 0.20441E-01
60.00 0.00 -0.16994
65.00 0.00 -0.35077
70.00 0.00 -0.46656
75.00 0.00 -0.49497
80.00 0.00 -0.45324
85.00 0.00 -0.38381
-45.00 5.00 -0.11489
-40.00 5.00 -0.32017E-01
-35.00 5.00 0.32641E-01
-30.00 5.00 0.82771E-01
-25.00 5.00 0.14137
-20.00 5.00 0.23325
-15.00 5.00 0.36553
-10.00 5.00 0.51784
-5.00 5.00 0.64809
0.00 5.00 0.71067
5.00 5.00 0.67740
10.00 5.00 0.55123
15.00 5.00 0.36723
20.00 5.00 0.18110
25.00 5.00 0.49616E-01
30.00 5.00 0.92050E-02
35.00 5.00 0.60104E-01
40.00 5.00 0.16333
45.00 5.00 0.25436
-65.00 10.00 -0.73485E-01
-60.00 10.00 -0.18993
-55.00 10.00 -0.23320
-50.00 10.00 -0.19222
-45.00 10.00 -0.90712E-01
-40.00 10.00 0.23585E-01
-35.00 10.00 0.10693
-30.00 10.00 0.14935
-25.00 10.00 0.18271
-20.00 10.00 0.25626
-15.00 10.00 0.39464
-10.00 10.00 0.57025
-5.00 10.00 0.71349
0.00 10.00 0.75517
5.00 10.00 0.67035
10.00 10.00 0.49235
15.00 10.00 0.29025
20.00 10.00 0.13051
25.00 10.00 0.50381E-01
30.00 10.00 0.54874E-01
35.00 10.00 0.12734
40.00 10.00 0.23719
45.00 10.00 0.34054
50.00 10.00 0.38450
55.00 10.00 0.32588
60.00 10.00 0.15838
65.00 10.00 -0.73159E-01
-70.00 15.00 0.11666
-45.00 15.00 -0.64996E-01
-40.00 15.00 0.10058
-35.00 15.00 0.23291
-30.00 15.00 0.29255
-25.00 15.00 0.30163
-20.00 15.00 0.32621
-15.00 15.00 0.41950
-10.00 15.00 0.57113
-5.00 15.00 0.70668
0.00 15.00 0.74071
5.00 15.00 0.64099
10.00 15.00 0.45220
15.00 15.00 0.26271
20.00 15.00 0.14526
25.00 15.00 0.12035
30.00 15.00 0.16460
35.00 15.00 0.24452
40.00 15.00 0.33780
45.00 15.00 0.42540
70.00 15.00 -0.20775
-75.00 20.00 0.26025
-65.00 20.00 0.82126E-03
-60.00 20.00 -0.14737
-55.00 20.00 -0.23758
-50.00 20.00 -0.21655
-45.00 20.00 -0.69643E-01
-40.00 20.00 0.15332
-35.00 20.00 0.35719
-30.00 20.00 0.46246
-25.00 20.00 0.46206
-20.00 20.00 0.42312
-15.00 20.00 0.42735
-10.00 20.00 0.49896
-5.00 20.00 0.58321
0.00 20.00 0.59512
5.00 20.00 0.49564
10.00 20.00 0.32804
15.00 20.00 0.18424
20.00 20.00 0.13370
25.00 20.00 0.17824
30.00 20.00 0.26760
35.00 20.00 0.35222
40.00 20.00 0.41832
45.00 20.00 0.47458
50.00 20.00 0.51241
55.00 20.00 0.48944
60.00 20.00 0.36044
65.00 20.00 0.12810
75.00 20.00 -0.34238
-45.00 25.00 -0.12601
-40.00 25.00 0.13817
-35.00 25.00 0.41254
-30.00 25.00 0.57726
-25.00 25.00 0.58380
-20.00 25.00 0.48352
-15.00 25.00 0.37724
-10.00 25.00 0.32921
-5.00 25.00 0.32158
0.00 25.00 0.28747
5.00 25.00 0.18819
10.00 25.00 0.59903E-01
15.00 25.00 -0.14017E-01
20.00 25.00 0.22963E-01
25.00 25.00 0.15121
30.00 25.00 0.29543
35.00 25.00 0.39173
40.00 25.00 0.43451
45.00 25.00 0.45985
-80.00 30.00 0.30865
-70.00 30.00 0.19617
-65.00 30.00 0.51707E-01
-60.00 30.00 -0.12543
-55.00 30.00 -0.28479
-50.00 30.00 -0.34248
-45.00 30.00 -0.23013
-40.00 30.00 0.39606E-01
-35.00 30.00 0.35570
-30.00 30.00 0.56943
-25.00 30.00 0.59202
-20.00 30.00 0.44940
-15.00 30.00 0.24842
-10.00 30.00 0.86205E-01
-5.00 30.00 -0.15878E-01
0.00 30.00 -0.99043E-01
5.00 30.00 -0.19662
10.00 30.00 -0.28132
15.00 30.00 -0.28401
20.00 30.00 -0.16429
25.00 30.00 0.39570E-01
30.00 30.00 0.23364
35.00 30.00 0.34392
40.00 30.00 0.37177
45.00 30.00 0.37594
50.00 30.00 0.40077
55.00 30.00 0.42319
60.00 30.00 0.37244
65.00 30.00 0.20377
70.00 30.00 -0.46072E-01
80.00 30.00 -0.40199
-45.00 35.00 -0.34951
-40.00 35.00 -0.11607
-35.00 35.00 0.19528
-30.00 35.00 0.42724
-25.00 35.00 0.46598
-20.00 35.00 0.31393
-15.00 35.00 0.72738E-01
-10.00 35.00 -0.14445
-5.00 35.00 -0.29105
0.00 35.00 -0.39030
5.00 35.00 -0.47316
10.00 35.00 -0.52208
15.00 35.00 -0.48078
20.00 35.00 -0.31887
25.00 35.00 -0.81878E-01
30.00 35.00 0.13011
35.00 35.00 0.24011
40.00 35.00 0.25445
45.00 35.00 0.24614
-75.00 40.00 0.28652
-65.00 40.00 0.78410E-01
-60.00 40.00 -0.93234E-01
-55.00 40.00 -0.28792
-50.00 40.00 -0.43190
-45.00 40.00 -0.43597
-40.00 40.00 -0.27038
-35.00 40.00 -0.99724E-02
-30.00 40.00 0.20198
-25.00 40.00 0.25013
-20.00 40.00 0.12479
-15.00 40.00 -0.84298E-01
-10.00 40.00 -0.26833
-5.00 40.00 -0.37929
0.00 40.00 -0.44046
5.00 40.00 -0.48912
10.00 40.00 -0.51773
15.00 40.00 -0.47646
20.00 40.00 -0.33305
25.00 40.00 -0.12482
30.00 40.00 0.56663E-01
35.00 40.00 0.13927
40.00 40.00 0.13213
45.00 40.00 0.11291
50.00 40.00 0.14962
55.00 40.00 0.23080
60.00 40.00 0.27188
65.00 40.00 0.19321
75.00 40.00 -0.22956
-70.00 45.00 0.19512
-45.00 45.00 -0.44931
-40.00 45.00 -0.36222
-35.00 45.00 -0.18300
-30.00 45.00 -0.23228E-01
-25.00 45.00 0.22696E-01
-20.00 45.00 -0.53050E-01
-15.00 45.00 -0.17509
-10.00 45.00 -0.25594
-5.00 45.00 -0.26775
0.00 45.00 -0.25009
5.00 45.00 -0.25282
10.00 45.00 -0.27623
15.00 45.00 -0.26992
20.00 45.00 -0.19051
25.00 45.00 -0.56769E-01
30.00 45.00 0.57636E-01
35.00 45.00 0.90621E-01
40.00 45.00 0.52500E-01
45.00 45.00 0.18475E-01
70.00 45.00 0.10310E-01
-65.00 50.00 0.84140E-01
-60.00 50.00 -0.28615E-01
-55.00 50.00 -0.16712
-50.00 50.00 -0.30301
-45.00 50.00 -0.37975
-40.00 50.00 -0.36079
-35.00 50.00 -0.27020
-30.00 50.00 -0.18002
-25.00 50.00 -0.15055
-20.00 50.00 -0.17844
-15.00 50.00 -0.20315
-10.00 50.00 -0.16696
-5.00 50.00 -0.71395E-01
0.00 50.00 0.24419E-01
5.00 50.00 0.61425E-01
10.00 50.00 0.37259E-01
15.00 50.00 0.58778E-02
20.00 50.00 0.20894E-01
25.00 50.00 0.79796E-01
30.00 50.00 0.12600
35.00 50.00 0.10819
40.00 50.00 0.37910E-01
45.00 50.00 -0.14240E-01
50.00 50.00 0.15397E-01
55.00 50.00 0.11662
60.00 50.00 0.20293
65.00 50.00 0.17996
-85.00 55.00 0.21407
-45.00 55.00 -0.25607
-40.00 55.00 -0.28239
-35.00 55.00 -0.26736
-30.00 55.00 -0.24589
-25.00 55.00 -0.24371
-20.00 55.00 -0.24582
-15.00 55.00 -0.20704
-10.00 55.00 -0.98541E-01
-5.00 55.00 0.54948E-01
0.00 55.00 0.18688
5.00 55.00 0.24253
10.00 55.00 0.22493
15.00 55.00 0.18824
20.00 55.00 0.18388
25.00 55.00 0.21113
30.00 55.00 0.22116
35.00 55.00 0.17154
40.00 55.00 0.77874E-01
45.00 55.00 0.91365E-02
85.00 55.00 -0.40231
-80.00 60.00 0.26525
-75.00 60.00 0.21411
-70.00 60.00 0.12579
-65.00 60.00 0.55340E-01
-60.00 60.00 0.10803E-01
-55.00 60.00 -0.28386E-01
-50.00 60.00 -0.78441E-01
-45.00 60.00 -0.13429
-40.00 60.00 -0.18140
-35.00 60.00 -0.21534
-30.00 60.00 -0.24349
-25.00 60.00 -0.26703
-20.00 60.00 -0.26677
-15.00 60.00 -0.21449
-10.00 60.00 -0.10301
-5.00 60.00 0.35782E-01
0.00 60.00 0.14828
5.00 60.00 0.20079
10.00 60.00 0.20696
15.00 60.00 0.21236
20.00 60.00 0.24803
25.00 60.00 0.29673
30.00 60.00 0.30714
35.00 60.00 0.24577
40.00 60.00 0.13846
45.00 60.00 0.58519E-01
50.00 60.00 0.66403E-01
55.00 60.00 0.15222
60.00 60.00 0.23389
65.00 60.00 0.21704
70.00 60.00 0.69556E-01
75.00 60.00 -0.15068
80.00 60.00 -0.33623
-45.00 65.00 -0.71911E-01
-40.00 65.00 -0.12077
-35.00 65.00 -0.17134
-30.00 65.00 -0.21576
-25.00 65.00 -0.24559
-20.00 65.00 -0.24846
-15.00 65.00 -0.21473
-10.00 65.00 -0.14986
-5.00 65.00 -0.76448E-01
0.00 65.00 -0.17926E-01
5.00 65.00 0.23649E-01
10.00 65.00 0.72121E-01
15.00 65.00 0.15382
20.00 65.00 0.26419
25.00 65.00 0.35759
30.00 65.00 0.37682
35.00 65.00 0.30270
40.00 65.00 0.18036
45.00 65.00 0.93693E-01
-65.00 70.00 -0.15188E-01
-60.00 70.00 -0.51669E-01
-55.00 70.00 -0.62028E-01
-50.00 70.00 -0.73769E-01
-45.00 70.00 -0.10105
-40.00 70.00 -0.13944
-35.00 70.00 -0.17541
-30.00 70.00 -0.19765
-25.00 70.00 -0.20214
-20.00 70.00 -0.19206
-15.00 70.00 -0.17603
-10.00 70.00 -0.16442
-5.00 70.00 -0.16097
0.00 70.00 -0.15321
5.00 70.00 -0.11220
10.00 70.00 -0.99096E-02
15.00 70.00 0.15278
20.00 70.00 0.32986
25.00 70.00 0.44646
30.00 70.00 0.44486
35.00 70.00 0.32988
40.00 70.00 0.17575
45.00 70.00 0.81917E-01
50.00 70.00 0.10462
55.00 70.00 0.21390
60.00 70.00 0.31063
65.00 70.00 0.29430
-70.00 75.00 0.39151E-01
-45.00 75.00 -0.21391
-40.00 75.00 -0.23403
-35.00 75.00 -0.23157
-30.00 75.00 -0.20167
-25.00 75.00 -0.15366
-20.00 75.00 -0.10834
-15.00 75.00 -0.88040E-01
-10.00 75.00 -0.10260
-5.00 75.00 -0.13683
0.00 75.00 -0.14931
5.00 75.00 -0.90183E-01
10.00 75.00 0.65451E-01
15.00 75.00 0.28836
20.00 75.00 0.49551
25.00 75.00 0.59003
30.00 75.00 0.52173
35.00 75.00 0.32745
40.00 75.00 0.11775
45.00 75.00 0.11556E-01
70.00 75.00 0.16936
-75.00 80.00 0.13448
-65.00 80.00 -0.90622E-01
-60.00 80.00 -0.18655
-55.00 80.00 -0.26640
-50.00 80.00 -0.33003
-45.00 80.00 -0.36723
-40.00 80.00 -0.36330
-35.00 80.00 -0.31137
-30.00 80.00 -0.22049
-25.00 80.00 -0.11505
-20.00 80.00 -0.26977E-01
-15.00 80.00 0.16999E-01
-10.00 80.00 0.10513E-01
-5.00 80.00 -0.20758E-01
0.00 80.00 -0.22137E-01
5.00 80.00 0.64158E-01
10.00 80.00 0.25781
15.00 80.00 0.50997
20.00 80.00 0.71276
25.00 80.00 0.75513
30.00 80.00 0.59566
35.00 80.00 0.30192
40.00 80.00 0.21648E-01
45.00 80.00 -0.10311
50.00 80.00 -0.24749E-01
55.00 80.00 0.17913
60.00 80.00 0.35546
65.00 80.00 0.37337
75.00 80.00 -0.67999E-01
-45.00 85.00 -0.50245
-40.00 85.00 -0.47060
-35.00 85.00 -0.37352
-30.00 85.00 -0.23836
-25.00 85.00 -0.98685E-01
-20.00 85.00 0.16577E-01
-15.00 85.00 0.88319E-01
-10.00 85.00 0.11284
-5.00 85.00 0.11102
0.00 85.00 0.13101
5.00 85.00 0.22897
10.00 85.00 0.42749
15.00 85.00 0.67808
20.00 85.00 0.86527
25.00 85.00 0.86673
30.00 85.00 0.63845
35.00 85.00 0.26342
40.00 85.00 -0.81242E-01
45.00 85.00 -0.22740
-80.00 90.00 0.17143
-70.00 90.00 0.25547E-01
-65.00 90.00 -0.10381
-60.00 90.00 -0.25978
-55.00 90.00 -0.41919
-50.00 90.00 -0.53710
-45.00 90.00 -0.57090
-40.00 90.00 -0.51079
-35.00 90.00 -0.38608
-30.00 90.00 -0.24150
-25.00 90.00 -0.10753
-20.00 90.00 0.77523E-02
-15.00 90.00 0.10359
-10.00 90.00 0.17268
-5.00 90.00 0.21024
0.00 90.00 0.23729
5.00 90.00 0.30463
10.00 90.00 0.45606
15.00 90.00 0.67276
20.00 90.00 0.85243
25.00 90.00 0.86004
30.00 90.00 0.62723
35.00 90.00 0.22538
40.00 90.00 -0.15529
45.00 90.00 -0.31989
50.00 90.00 -0.19900
55.00 90.00 0.10194
60.00 90.00 0.37272
65.00 90.00 0.43749
70.00 90.00 0.26271
80.00 90.00 -0.29606
-45.00 95.00 -0.55194
-40.00 95.00 -0.46827
-35.00 95.00 -0.33948
-30.00 95.00 -0.22236
-25.00 95.00 -0.12957
-20.00 95.00 -0.32295E-01
-15.00 95.00 0.92481E-01
-10.00 95.00 0.22230
-5.00 95.00 0.30385
0.00 95.00 0.31231
5.00 95.00 0.29339
10.00 95.00 0.33438
15.00 95.00 0.47803
20.00 95.00 0.65726
25.00 95.00 0.72341
30.00 95.00 0.56137
35.00 95.00 0.20117
40.00 95.00 -0.17480
45.00 95.00 -0.34898
-75.00 100.00 0.12494
-65.00 100.00 -0.21714E-01
-60.00 100.00 -0.17889
-55.00 100.00 -0.35192
-50.00 100.00 -0.46230
-45.00 100.00 -0.45719
-40.00 100.00 -0.35877
-35.00 100.00 -0.24580
-30.00 100.00 -0.17882
-25.00 100.00 -0.14119
-20.00 100.00 -0.59275E-01
-15.00 100.00 0.11228
-10.00 100.00 0.32369
-5.00 100.00 0.45589
0.00 100.00 0.42604
5.00 100.00 0.27604
10.00 100.00 0.15241
15.00 100.00 0.18220
20.00 100.00 0.35162
25.00 100.00 0.50241
30.00 100.00 0.46138
35.00 100.00 0.19692
40.00 100.00 -0.13544
45.00 100.00 -0.30532
50.00 100.00 -0.18867
55.00 100.00 0.13164
60.00 100.00 0.42736
65.00 100.00 0.49528
75.00 100.00 -0.30421E-01
-70.00 105.00 0.11198
-45.00 105.00 -0.32103
-40.00 105.00 -0.21745
-35.00 105.00 -0.12845
-30.00 105.00 -0.11135
-25.00 105.00 -0.11862
-20.00 105.00 -0.36045E-01
-15.00 105.00 0.19722
-10.00 105.00 0.49923
-5.00 105.00 0.68419
0.00 105.00 0.61215
5.00 105.00 0.32137
10.00 105.00 0.16658E-01
15.00 105.00 -0.89608E-01
20.00 105.00 0.47782E-01
25.00 105.00 0.27042
30.00 105.00 0.35450
35.00 105.00 0.20604
40.00 105.00 -0.56656E-01
45.00 105.00 -0.20464
70.00 105.00 0.30317
-85.00 110.00 0.76692E-01
-65.00 110.00 0.11351
-60.00 110.00 0.56124E-02
-55.00 110.00 -0.13450
-50.00 110.00 -0.21567
-45.00 110.00 -0.18404
-40.00 110.00 -0.81738E-01
-35.00 110.00 -0.98880E-02
-30.00 110.00 -0.21285E-01
-25.00 110.00 -0.48886E-01
-20.00 110.00 0.44951E-01
-15.00 110.00 0.32788
-10.00 110.00 0.69504
-5.00 110.00 0.91631
0.00 110.00 0.81337
5.00 110.00 0.41981
10.00 110.00 -0.23411E-01
15.00 110.00 -0.24651
20.00 110.00 -0.15831
25.00 110.00 0.93887E-01
30.00 110.00 0.26217
35.00 110.00 0.21212
40.00 110.00 0.27586E-01
45.00 110.00 -0.79329E-01
50.00 110.00 0.33892E-01
55.00 110.00 0.31086
60.00 110.00 0.54353
65.00 110.00 0.54557
85.00 110.00 -0.39748
-45.00 115.00 -0.77934E-01
-40.00 115.00 0.21883E-01
-35.00 115.00 0.94986E-01
-30.00 115.00 0.88279E-01
-25.00 115.00 0.66152E-01
-20.00 115.00 0.16378
-15.00 115.00 0.44801
-10.00 115.00 0.81419
-5.00 115.00 1.0311
0.00 115.00 0.91672
5.00 115.00 0.49893
10.00 115.00 0.15852E-01
15.00 115.00 -0.25774
20.00 115.00 -0.21595
25.00 115.00 0.13621E-01
30.00 115.00 0.19744
35.00 115.00 0.19994
40.00 115.00 0.85494E-01
45.00 115.00 0.36489E-01
-80.00 120.00 0.53834E-01
-75.00 120.00 0.10380
-70.00 120.00 0.17831
-65.00 120.00 0.21340
-60.00 120.00 0.16028
-55.00 120.00 0.47232E-01
-50.00 120.00 -0.35365E-01
-45.00 120.00 -0.17730E-01
-40.00 120.00 0.81941E-01
-35.00 120.00 0.17761
-30.00 120.00 0.20854
-25.00 120.00 0.21181
-20.00 120.00 0.29301
-15.00 120.00 0.51203
-10.00 120.00 0.79231
-5.00 120.00 0.95183
0.00 120.00 0.84502
5.00 120.00 0.49519
10.00 120.00 0.94550E-01
15.00 120.00 -0.13764
20.00 120.00 -0.12055
25.00 120.00 0.41409E-01
30.00 120.00 0.16783
35.00 120.00 0.16600
40.00 120.00 0.10213
45.00 120.00 0.12089
50.00 120.00 0.29307
55.00 120.00 0.53345
60.00 120.00 0.66291
65.00 120.00 0.55671
70.00 120.00 0.24648
75.00 120.00 -0.10724
80.00 120.00 -0.34171
-45.00 125.00 -0.22989E-02
-40.00 125.00 0.98404E-01
-35.00 125.00 0.22996
-30.00 125.00 0.32052
-25.00 125.00 0.36339
-20.00 125.00 0.41434
-15.00 125.00 0.51978
-10.00 125.00 0.64987
-5.00 125.00 0.70898
0.00 125.00 0.62066
5.00 125.00 0.40761
10.00 125.00 0.18613
15.00 125.00 0.73608E-01
20.00 125.00 0.92224E-01
25.00 125.00 0.15916
30.00 125.00 0.17373
35.00 125.00 0.11957
40.00 125.00 0.83537E-01
45.00 125.00 0.16996
-65.00 130.00 0.20574
-60.00 130.00 0.19067
-55.00 130.00 0.95022E-01
-50.00 130.00 -0.43070E-02
-45.00 130.00 -0.20163E-01
-40.00 130.00 0.76778E-01
-35.00 130.00 0.24098
-30.00 130.00 0.39497
-25.00 130.00 0.48785
-20.00 130.00 0.51797
-15.00 130.00 0.50938
-10.00 130.00 0.47720
-5.00 130.00 0.42095
0.00 130.00 0.34715
5.00 130.00 0.28622
10.00 130.00 0.27429
15.00 130.00 0.31232
20.00 130.00 0.34894
25.00 130.00 0.31715
30.00 130.00 0.20166
35.00 130.00 0.73596E-01
40.00 130.00 0.48922E-01
45.00 130.00 0.19364
50.00 130.00 0.45324
55.00 130.00 0.67235
60.00 130.00 0.69771
65.00 130.00 0.48635
-70.00 135.00 0.77123E-01
-45.00 135.00 -0.56174E-01
-40.00 135.00 0.25118E-01
-35.00 135.00 0.20038
-30.00 135.00 0.40106
-25.00 135.00 0.54862
-20.00 135.00 0.59040
-15.00 135.00 0.51749
-10.00 135.00 0.36675
-5.00 135.00 0.21052
0.00 135.00 0.13062
5.00 135.00 0.17702
10.00 135.00 0.32925
15.00 135.00 0.49312
20.00 135.00 0.55100
25.00 135.00 0.44316
30.00 135.00 0.22276
35.00 135.00 0.33994E-01
40.00 135.00 0.17282E-01
45.00 135.00 0.20558
70.00 135.00 0.57648E-01
-75.00 140.00 -0.75045E-01
-65.00 140.00 0.70721E-01
-60.00 140.00 0.84083E-01
-55.00 140.00 0.28266E-01
-50.00 140.00 -0.54339E-01
-45.00 140.00 -0.96182E-01
-40.00 140.00 -0.44811E-01
-35.00 140.00 0.10874
-30.00 140.00 0.32279
-25.00 140.00 0.51797
-20.00 140.00 0.60810
-15.00 140.00 0.54335
-10.00 140.00 0.34839
-5.00 140.00 0.12656
0.00 140.00 0.11617E-01
5.00 140.00 0.84245E-01
10.00 140.00 0.30767
15.00 140.00 0.53753
20.00 140.00 0.61321
25.00 140.00 0.47287
30.00 140.00 0.20601
35.00 140.00 -0.25462E-02
40.00 140.00 -0.23602E-02
45.00 140.00 0.21375
50.00 140.00 0.50258
55.00 140.00 0.66946
60.00 140.00 0.59821
65.00 140.00 0.31860
75.00 140.00 -0.29508
-45.00 145.00 -0.12940
-40.00 145.00 -0.11542
-35.00 145.00 -0.13262E-01
-30.00 145.00 0.17465
-25.00 145.00 0.39387
-20.00 145.00 0.54746
-15.00 145.00 0.54582
-10.00 145.00 0.37441
-5.00 145.00 0.12629
0.00 145.00 -0.42046E-01
5.00 145.00 -0.15204E-01
10.00 145.00 0.19022
15.00 145.00 0.42611
20.00 145.00 0.51637
25.00 145.00 0.39034
30.00 145.00 0.14114
35.00 145.00 -0.41078E-01
40.00 145.00 -0.12257E-01
45.00 145.00 0.21673
-80.00 150.00 -0.18837
-70.00 150.00 -0.20499
-65.00 150.00 -0.16307
-60.00 150.00 -0.12779
-55.00 150.00 -0.11405
-50.00 150.00 -0.12410
-45.00 150.00 -0.14977
-40.00 150.00 -0.16490
-35.00 150.00 -0.12522
-30.00 150.00 0.51676E-02
-25.00 150.00 0.21044
-20.00 150.00 0.40463
-15.00 150.00 0.47308
-10.00 150.00 0.35766
-5.00 150.00 0.11860
0.00 150.00 -0.90226E-01
5.00 150.00 -0.12860
10.00 150.00 0.20246E-01
15.00 150.00 0.23109
20.00 150.00 0.33304
25.00 150.00 0.24711
30.00 150.00 0.51740E-01
35.00 150.00 -0.79946E-01
40.00 150.00 -0.20803E-01
45.00 150.00 0.20671
50.00 150.00 0.44643
55.00 150.00 0.52638
60.00 150.00 0.38128
65.00 150.00 0.86727E-01
70.00 150.00 -0.20906
80.00 150.00 -0.43068
-45.00 155.00 -0.15730
-40.00 155.00 -0.17448
-35.00 155.00 -0.18064
-30.00 155.00 -0.11826
-25.00 155.00 0.31461E-01
-20.00 155.00 0.20856
-15.00 155.00 0.30070
-10.00 155.00 0.22939
-5.00 155.00 0.26706E-01
0.00 155.00 -0.17207
5.00 155.00 -0.22688
10.00 155.00 -0.10570
15.00 155.00 0.86266E-01
20.00 155.00 0.19219
25.00 155.00 0.13492
30.00 155.00 -0.17794E-01
35.00 155.00 -0.11138
40.00 155.00 -0.36646E-01
45.00 155.00 0.17596
-75.00 160.00 -0.38553
-65.00 160.00 -0.43644
-60.00 160.00 -0.39814
-55.00 160.00 -0.32113
-50.00 160.00 -0.22813
-45.00 160.00 -0.15882
-40.00 160.00 -0.13854
-35.00 160.00 -0.14886
-30.00 160.00 -0.13838
-25.00 160.00 -0.73804E-01
-20.00 160.00 0.15884E-01
-15.00 160.00 0.52740E-01
-10.00 160.00 -0.19883E-01
-5.00 160.00 -0.17136
0.00 160.00 -0.29017
5.00 160.00 -0.26952
10.00 160.00 -0.10267
15.00 160.00 0.99675E-01
20.00 160.00 0.19383
25.00 160.00 0.12206
30.00 160.00 -0.36841E-01
35.00 160.00 -0.13179
40.00 160.00 -0.65743E-01
45.00 160.00 0.12270
50.00 160.00 0.28990
55.00 160.00 0.30078
60.00 160.00 0.12922
65.00 160.00 -0.13256
75.00 160.00 -0.45016
-85.00 165.00 -0.16500
-70.00 165.00 -0.53932
-45.00 165.00 -0.16653
-40.00 165.00 -0.71216E-01
-35.00 165.00 -0.33712E-01
-30.00 165.00 -0.37323E-01
-25.00 165.00 -0.61815E-01
-20.00 165.00 -0.11084
-15.00 165.00 -0.20341
-10.00 165.00 -0.33247
-5.00 165.00 -0.43576
0.00 165.00 -0.42227
5.00 165.00 -0.24635
10.00 165.00 0.32988E-01
15.00 165.00 0.27066
20.00 165.00 0.33254
25.00 165.00 0.19814
30.00 165.00 -0.18113E-01
35.00 165.00 -0.15116
40.00 165.00 -0.11057
45.00 165.00 0.53756E-01
70.00 165.00 -0.39410
85.00 165.00 -0.36649
-65.00 170.00 -0.67479
-60.00 170.00 -0.65368
-55.00 170.00 -0.55894
-50.00 170.00 -0.39505
-45.00 170.00 -0.19325
-40.00 170.00 -0.41138E-02
-35.00 170.00 0.12193
-30.00 170.00 0.14933
-25.00 170.00 0.62120E-01
-20.00 170.00 -0.13104
-15.00 170.00 -0.38403
-10.00 170.00 -0.60543
-5.00 170.00 -0.68103
0.00 170.00 -0.53385
5.00 170.00 -0.18902
10.00 170.00 0.21237
15.00 170.00 0.48040
20.00 170.00 0.49187
25.00 170.00 0.27340
30.00 170.00 -0.14947E-01
35.00 170.00 -0.18981
40.00 170.00 -0.16883
45.00 170.00 -0.17063E-01
50.00 170.00 0.11500
55.00 170.00 0.10806
60.00 170.00 -0.46285E-01
65.00 170.00 -0.25662
-45.00 175.00 -0.24532
-40.00 175.00 0.25962E-01
-35.00 175.00 0.25031
-30.00 175.00 0.34149
-25.00 175.00 0.23955
-20.00 175.00 -0.48586E-01
-15.00 175.00 -0.42722
-10.00 175.00 -0.73325
-5.00 175.00 -0.80662
0.00 175.00 -0.58112
5.00 175.00 -0.13919
10.00 175.00 0.31636
15.00 175.00 0.57052
20.00 175.00 0.52152
25.00 175.00 0.23979
30.00 175.00 -0.83046E-01
35.00 175.00 -0.26154
40.00 175.00 -0.23143
45.00 175.00 -0.74221E-01
-80.00 180.00 -0.46467
-75.00 180.00 -0.65307
-70.00 180.00 -0.76740
-65.00 180.00 -0.81183
-60.00 180.00 -0.79711
-55.00 180.00 -0.72045
-50.00 180.00 -0.56389
-45.00 180.00 -0.31640
-40.00 180.00 -0.55489E-02
-35.00 180.00 0.28656
-30.00 180.00 0.44439
-25.00 180.00 0.37647
-20.00 180.00 0.80436E-01
-15.00 180.00 -0.32904
-10.00 180.00 -0.66001
-5.00 180.00 -0.74051
0.00 180.00 -0.51993
5.00 180.00 -0.10802
10.00 180.00 0.28134
15.00 180.00 0.45299
20.00 180.00 0.34363
25.00 180.00 0.51802E-01
30.00 180.00 -0.23368
35.00 180.00 -0.35645
40.00 180.00 -0.28356
45.00 180.00 -0.10815
50.00 180.00 0.28452E-01
55.00 180.00 0.33638E-01
60.00 180.00 -0.86922E-01
65.00 180.00 -0.25195
70.00 180.00 -0.37131
75.00 180.00 -0.40390
80.00 180.00 -0.37322
-45.00 -175 -0.38596
-40.00 -175 -0.96560E-01
-35.00 -175 0.19885
-30.00 -175 0.38863
-25.00 -175 0.37916
-20.00 -175 0.16273
-15.00 -175 -0.15873
-10.00 -175 -0.41994
-5.00 -175 -0.48621
0.00 -175 -0.33535
5.00 -175 -0.72019E-01
10.00 -175 0.13748
15.00 -175 0.16816
20.00 -175 0.10051E-01
25.00 -175 -0.23316
30.00 -175 -0.41553
35.00 -175 -0.44021
40.00 -175 -0.31198
45.00 -175 -0.12285
-65.00 -170 -0.82865
-60.00 -170 -0.77120
-55.00 -170 -0.68958
-50.00 -170 -0.58175
-45.00 -170 -0.42509
-40.00 -170 -0.21497
-35.00 -170 0.69291E-02
-30.00 -170 0.16492
-25.00 -170 0.19815
-20.00 -170 0.10829
-15.00 -170 -0.34537E-01
-10.00 -170 -0.13637
-5.00 -170 -0.14299
0.00 -170 -0.75296E-01
5.00 -170 -0.11019E-01
10.00 -170 -0.27819E-01
15.00 -170 -0.14938
20.00 -170 -0.33042
25.00 -170 -0.48611
30.00 -170 -0.54236
35.00 -170 -0.47468
40.00 -170 -0.31669
45.00 -170 -0.13939
50.00 -170 -0.15818E-01
55.00 -170 0.11535E-01
60.00 -170 -0.52647E-01
65.00 -170 -0.16297
-70.00 -165 -0.84244
-45.00 -165 -0.40879
-40.00 -165 -0.31008
-35.00 -165 -0.22086
-30.00 -165 -0.16264
-25.00 -165 -0.13740
-20.00 -165 -0.11575
-15.00 -165 -0.59710E-01
-10.00 -165 0.37270E-01
-5.00 -165 0.13104
0.00 -165 0.15129
5.00 -165 0.53672E-01
10.00 -165 -0.14281
15.00 -165 -0.36409
20.00 -165 -0.52727
25.00 -165 -0.58693
30.00 -165 -0.54839
35.00 -165 -0.44677
40.00 -165 -0.31869
45.00 -165 -0.19124
70.00 -165 -0.19595
-75.00 -160 -0.78740
-65.00 -160 -0.77824
-60.00 -160 -0.63661
-55.00 -160 -0.49088
-50.00 -160 -0.38330
-45.00 -160 -0.33019
-40.00 -160 -0.33593
-35.00 -160 -0.39490
-30.00 -160 -0.47637
-25.00 -160 -0.51719
-20.00 -160 -0.44879
-15.00 -160 -0.25131
-10.00 -160 0.98535E-02
-5.00 -160 0.20744
0.00 -160 0.23130
5.00 -160 0.66190E-01
10.00 -160 -0.19531
15.00 -160 -0.41792
20.00 -160 -0.51551
25.00 -160 -0.49648
30.00 -160 -0.43201
35.00 -160 -0.38323
40.00 -160 -0.35469
45.00 -160 -0.31038
50.00 -160 -0.22729
55.00 -160 -0.12916
60.00 -160 -0.67928E-01
65.00 -160 -0.74940E-01
75.00 -160 -0.19800
-45.00 -155 -0.20998
-40.00 -155 -0.27687
-35.00 -155 -0.44689
-30.00 -155 -0.65638
-25.00 -155 -0.79301
-20.00 -155 -0.75208
-15.00 -155 -0.51490
-10.00 -155 -0.18353
-5.00 -155 0.72022E-01
0.00 -155 0.12672
5.00 -155 -0.12172E-01
10.00 -155 -0.21680
15.00 -155 -0.34258
20.00 -155 -0.33863
25.00 -155 -0.27323
30.00 -155 -0.25734
35.00 -155 -0.33820
40.00 -155 -0.45771
45.00 -155 -0.50846
-80.00 -150 -0.61398
-70.00 -150 -0.86345
-65.00 -150 -0.75260
-60.00 -150 -0.55170
-55.00 -150 -0.33490
-50.00 -150 -0.16510
-45.00 -150 -0.94404E-01
-40.00 -150 -0.16197
-35.00 -150 -0.36807
-30.00 -150 -0.64296
-25.00 -150 -0.85564
-20.00 -150 -0.88273
-15.00 -150 -0.69733
-10.00 -150 -0.40175
-5.00 -150 -0.16255
0.00 -150 -0.89345E-01
5.00 -150 -0.15596
10.00 -150 -0.23407
15.00 -150 -0.21354
20.00 -150 -0.10479
25.00 -150 -0.30965E-01
30.00 -150 -0.11484
35.00 -150 -0.36012
40.00 -150 -0.63322
45.00 -150 -0.76266
50.00 -150 -0.67034
55.00 -150 -0.42400
60.00 -150 -0.17397
65.00 -150 -0.37625E-01
70.00 -150 -0.31381E-01
80.00 -150 -0.17521
-45.00 -145 -0.39663E-01
-40.00 -145 -0.57457E-01
-35.00 -145 -0.22033
-30.00 -145 -0.47512
-25.00 -145 -0.70354
-20.00 -145 -0.78713
-15.00 -145 -0.69197
-10.00 -145 -0.49790
-5.00 -145 -0.33568
0.00 -145 -0.27839
5.00 -145 -0.28319
10.00 -145 -0.24125
15.00 -145 -0.95893E-01
20.00 -145 0.79844E-01
25.00 -145 0.12563
30.00 -145 -0.70778E-01
35.00 -145 -0.46064
40.00 -145 -0.84635
45.00 -145 -1.0154
-85.00 -140 -0.31092
-75.00 -140 -0.84172
-65.00 -140 -0.80209
-60.00 -140 -0.62673
-55.00 -140 -0.42347
-50.00 -140 -0.23122
-45.00 -140 -0.87231E-01
-40.00 -140 -0.36414E-01
-35.00 -140 -0.10765
-30.00 -140 -0.27529
-25.00 -140 -0.45346
-20.00 -140 -0.54653
-15.00 -140 -0.52018
-10.00 -140 -0.42668
-5.00 -140 -0.35278
0.00 -140 -0.33362
5.00 -140 -0.31634
10.00 -140 -0.21676
15.00 -140 -0.23209E-01
20.00 -140 0.15328
25.00 -140 0.14400
30.00 -140 -0.13892
35.00 -140 -0.60681
40.00 -140 -1.0310
45.00 -140 -1.1918
50.00 -140 -1.0240
55.00 -140 -0.64704
60.00 -140 -0.26592
65.00 -140 -0.31483E-01
75.00 -140 -0.23244E-01
85.00 -140 -0.22696
-70.00 -135 -0.90958
-45.00 -135 -0.24095
-40.00 -135 -0.13849
-35.00 -135 -0.11797
-30.00 -135 -0.17973
-25.00 -135 -0.27328
-20.00 -135 -0.32998
-15.00 -135 -0.31913
-10.00 -135 -0.27179
-5.00 -135 -0.24358
0.00 -135 -0.25013
5.00 -135 -0.24314
10.00 -135 -0.16060
15.00 -135 -0.98586E-02
20.00 -135 0.10061
25.00 -135 0.27384E-01
30.00 -135 -0.28700
35.00 -135 -0.74068
40.00 -135 -1.1181
45.00 -135 -1.2282
70.00 -135 0.45310E-01
-65.00 -130 -0.88463
-60.00 -130 -0.79572
-55.00 -130 -0.69341
-50.00 -130 -0.58213
-45.00 -130 -0.45875
-40.00 -130 -0.34194
-35.00 -130 -0.26728
-30.00 -130 -0.25239
-25.00 -130 -0.27238
-20.00 -130 -0.27698
-15.00 -130 -0.23616
-10.00 -130 -0.16815
-5.00 -130 -0.11878
0.00 -130 -0.11177
5.00 -130 -0.12263
10.00 -130 -0.10834
15.00 -130 -0.66736E-01
20.00 -130 -0.63203E-01
25.00 -130 -0.18665
30.00 -130 -0.46441
35.00 -130 -0.81150
40.00 -130 -1.0675
45.00 -130 -1.0994
50.00 -130 -0.89084
55.00 -130 -0.54755
60.00 -130 -0.22032
65.00 -130 -0.13032E-01
-45.00 -125 -0.66648
-40.00 -125 -0.56743
-35.00 -125 -0.48289
-30.00 -125 -0.43903
-25.00 -125 -0.42400
-20.00 -125 -0.39319
-15.00 -125 -0.31022
-10.00 -125 -0.18439
-5.00 -125 -0.67554E-01
0.00 -125 -0.12720E-01
5.00 -125 -0.34107E-01
10.00 -125 -0.10589
15.00 -125 -0.19725
20.00 -125 -0.30481
25.00 -125 -0.44717
30.00 -125 -0.62649
35.00 -125 -0.79834
40.00 -125 -0.88552
45.00 -125 -0.82985
-80.00 -120 -0.60715
-75.00 -120 -0.82262
-70.00 -120 -0.91068
-65.00 -120 -0.90688
-60.00 -120 -0.87598
-55.00 -120 -0.85478
-50.00 -120 -0.83487
-45.00 -120 -0.78996
-40.00 -120 -0.71623
-35.00 -120 -0.64215
-30.00 -120 -0.59850
-25.00 -120 -0.58050
-20.00 -120 -0.54315
-15.00 -120 -0.43940
-10.00 -120 -0.26839
-5.00 -120 -0.89734E-01
0.00 -120 0.11376E-01
5.00 -120 -0.19220E-01
10.00 -120 -0.17089
15.00 -120 -0.38001
20.00 -120 -0.57177
25.00 -120 -0.69698
30.00 -120 -0.74103
35.00 -120 -0.71072
40.00 -120 -0.61967
45.00 -120 -0.48487
50.00 -120 -0.32940
55.00 -120 -0.17999
60.00 -120 -0.58438E-01
65.00 -120 0.23379E-01
70.00 -120 0.58569E-01
75.00 -120 0.36737E-01
80.00 -120 -0.51643E-01
-45.00 -115 -0.79006
-40.00 -115 -0.72377
-35.00 -115 -0.64681
-30.00 -115 -0.59595
-25.00 -115 -0.57772
-20.00 -115 -0.55265
-15.00 -115 -0.46642
-10.00 -115 -0.30426
-5.00 -115 -0.12092
0.00 -115 -0.15927E-01
5.00 -115 -0.68481E-01
10.00 -115 -0.27940
15.00 -115 -0.56284
20.00 -115 -0.79310
25.00 -115 -0.87329
30.00 -115 -0.78177
35.00 -115 -0.57203
40.00 -115 -0.33399
45.00 -115 -0.14471
-65.00 -110 -0.81830
-60.00 -110 -0.76813
-55.00 -110 -0.73743
-50.00 -110 -0.72102
-45.00 -110 -0.68176
-40.00 -110 -0.59685
-35.00 -110 -0.48614
-30.00 -110 -0.39620
-25.00 -110 -0.35568
-20.00 -110 -0.34518
-15.00 -110 -0.31321
-10.00 -110 -0.22748
-5.00 -110 -0.11735
0.00 -110 -0.66296E-01
5.00 -110 -0.15367
10.00 -110 -0.38764
15.00 -110 -0.68162
20.00 -110 -0.89557
25.00 -110 -0.91651
30.00 -110 -0.72451
35.00 -110 -0.40187
40.00 -110 -0.82425E-01
45.00 -110 0.12385
50.00 -110 0.18364
55.00 -110 0.14201
60.00 -110 0.78237E-01
65.00 -110 0.48104E-01
-70.00 -105 -0.78821
-45.00 -105 -0.52522
-40.00 -105 -0.40992
-35.00 -105 -0.24541
-30.00 -105 -0.90350E-01
-25.00 -105 -0.50077E-02
-20.00 -105 -0.40925E-02
-15.00 -105 -0.49433E-01
-10.00 -105 -0.89232E-01
-5.00 -105 -0.10890
0.00 -105 -0.14720
5.00 -105 -0.26044
10.00 -105 -0.46257
15.00 -105 -0.69147
20.00 -105 -0.83344
25.00 -105 -0.79262
30.00 -105 -0.55666
35.00 -105 -0.21141
40.00 -105 0.10633
45.00 -105 0.28630
70.00 -105 0.45946E-01
-75.00 -100 -0.69131
-65.00 -100 -0.65363
-60.00 -100 -0.55050
-55.00 -100 -0.48145
-50.00 -100 -0.44736
-45.00 -100 -0.39264
-40.00 -100 -0.26063
-35.00 -100 -0.51543E-01
-30.00 -100 0.16559
-25.00 -100 0.29742
-20.00 -100 0.29086
-15.00 -100 0.16599
-10.00 -100 -0.64718E-02
-5.00 -100 -0.16097
0.00 -100 -0.27839
5.00 -100 -0.38089
10.00 -100 -0.48969
15.00 -100 -0.58637
20.00 -100 -0.61379
25.00 -100 -0.51764
30.00 -100 -0.29550
35.00 -100 -0.13153E-01
40.00 -100 0.22677
45.00 -100 0.34304
50.00 -100 0.32096
55.00 -100 0.21460
60.00 -100 0.10608
65.00 -100 0.50703E-01
75.00 -100 0.31364E-01
-45.00 -95 -0.32908
-40.00 -95 -0.21115
-35.00 -95 0.89592E-02
-30.00 -95 0.25715
-25.00 -95 0.41580
-20.00 -95 0.40207
-15.00 -95 0.22122
-10.00 -95 -0.41981E-01
-5.00 -95 -0.28117
0.00 -95 -0.42881
5.00 -95 -0.47748
10.00 -95 -0.45700
15.00 -95 -0.39575
20.00 -95 -0.30043
25.00 -95 -0.16588
30.00 -95 0.70707E-03
35.00 -95 0.16650
40.00 -95 0.28405
45.00 -95 0.31855
-80.00 -90 -0.45220
-70.00 -90 -0.59633
-65.00 -90 -0.48341
-60.00 -90 -0.35500
-55.00 -90 -0.29646
-50.00 -90 -0.31350
-45.00 -90 -0.32941
-40.00 -90 -0.25189
-35.00 -90 -0.55568E-01
-30.00 -90 0.18664
-25.00 -90 0.34840
-20.00 -90 0.33535
-15.00 -90 0.14651
-10.00 -90 -0.12917
-5.00 -90 -0.37077
0.00 -90 -0.49156
5.00 -90 -0.47114
10.00 -90 -0.34434
15.00 -90 -0.16800
20.00 -90 0.75036E-02
25.00 -90 0.14985
30.00 -90 0.24367
35.00 -90 0.28606
40.00 -90 0.28292
45.00 -90 0.24591
50.00 -90 0.18986
55.00 -90 0.13116
60.00 -90 0.85517E-01
65.00 -90 0.61457E-01
70.00 -90 0.50373E-01
80.00 -90 -0.54763E-01
-85.00 -85 -0.19834
-45.00 -85 -0.34437
-40.00 -85 -0.30999
-35.00 -85 -0.15119
-30.00 -85 0.64309E-01
-25.00 -85 0.21759
-20.00 -85 0.22321
-15.00 -85 0.83866E-01
-10.00 -85 -0.11983
-5.00 -85 -0.28589
0.00 -85 -0.34630
5.00 -85 -0.28809
10.00 -85 -0.14143
15.00 -85 0.43127E-01
20.00 -85 0.21206
25.00 -85 0.32130
30.00 -85 0.34903
35.00 -85 0.30520
40.00 -85 0.22660
45.00 -85 0.15512
85.00 -85 -0.19536
-75.00 -80 -0.49887
-65.00 -80 -0.34417
-60.00 -80 -0.21292
-55.00 -80 -0.17593
-50.00 -80 -0.23742
-45.00 -80 -0.31106
-40.00 -80 -0.29621
-35.00 -80 -0.16303
-30.00 -80 0.25854E-01
-25.00 -80 0.17002
-20.00 -80 0.20917
-15.00 -80 0.15847
-10.00 -80 0.80829E-01
-5.00 -80 0.32198E-01
0.00 -80 0.30288E-01
5.00 -80 0.63971E-01
10.00 -80 0.11880
15.00 -80 0.18641
20.00 -80 0.25331
25.00 -80 0.29262
30.00 -80 0.27803
35.00 -80 0.21001
40.00 -80 0.12450
45.00 -80 0.68818E-01
50.00 -80 0.64513E-01
55.00 -80 0.92395E-01
60.00 -80 0.11377
65.00 -80 0.10438
75.00 -80 0.65519E-02
-70.00 -75 -0.42159
-45.00 -75 -0.18935
-40.00 -75 -0.15934
-35.00 -75 -0.29449E-01
-30.00 -75 0.13945
-25.00 -75 0.26939
-20.00 -75 0.33365
-15.00 -75 0.36681
-10.00 -75 0.41390
-5.00 -75 0.47587
0.00 -75 0.50705
5.00 -75 0.46389
10.00 -75 0.35212
15.00 -75 0.22443
20.00 -75 0.13324
25.00 -75 0.88643E-01
30.00 -75 0.62638E-01
35.00 -75 0.30220E-01
40.00 -75 0.26333E-03
45.00 -75 0.31175E-02
70.00 -75 0.68387E-01
-65.00 -70 -0.22978
-60.00 -70 -0.73641E-01
-55.00 -70 0.91990E-02
-50.00 -70 0.15150E-01
-45.00 -70 0.16558E-01
-40.00 -70 0.85194E-01
-35.00 -70 0.22330
-30.00 -70 0.36865
-25.00 -70 0.46383
-20.00 -70 0.51551
-15.00 -70 0.58157
-10.00 -70 0.69870
-5.00 -70 0.82558
0.00 -70 0.86283
5.00 -70 0.73576
10.00 -70 0.46376
15.00 -70 0.15230
20.00 -70 -0.83524E-01
25.00 -70 -0.19358
30.00 -70 -0.20370
35.00 -70 -0.16651
40.00 -70 -0.10972
45.00 -70 -0.31141E-01
50.00 -70 0.67016E-01
55.00 -70 0.15327
60.00 -70 0.18419
65.00 -70 0.14422
-45.00 -65 0.26186
-40.00 -65 0.36708
-35.00 -65 0.50402
-30.00 -65 0.61026
-25.00 -65 0.64414
-20.00 -65 0.63713
-15.00 -65 0.66776
-10.00 -65 0.77706
-5.00 -65 0.90830
0.00 -65 0.93580
5.00 -65 0.76434
10.00 -65 0.41294
15.00 -65 0.94410E-02
20.00 -65 -0.29732
25.00 -65 -0.43041
30.00 -65 -0.40967
35.00 -65 -0.30405
40.00 -65 -0.16956
45.00 -65 -0.29793E-01
-80.00 -60 -0.22472
-75.00 -60 -0.31728
-70.00 -60 -0.28827
-65.00 -60 -0.13297
-60.00 -60 0.75851E-01
-55.00 -60 0.25586
-50.00 -60 0.38126
-45.00 -60 0.48501
-40.00 -60 0.60151
-35.00 -60 0.71487
-30.00 -60 0.76982
-25.00 -60 0.73529
-20.00 -60 0.65148
-15.00 -60 0.60462
-10.00 -60 0.64570
-5.00 -60 0.72970
0.00 -60 0.73854
5.00 -60 0.57454
10.00 -60 0.24489
15.00 -60 -0.13549
20.00 -60 -0.42248
25.00 -60 -0.53393
30.00 -60 -0.48205
35.00 -60 -0.33574
40.00 -60 -0.16167
45.00 -60 0.18691E-02
50.00 -60 0.13127
55.00 -60 0.19980
60.00 -60 0.18656
65.00 -60 0.10162
70.00 -60 -0.10664E-01
75.00 -60 -0.10411
80.00 -60 -0.17232
-45.00 -55 0.63630
-40.00 -55 0.73098
-35.00 -55 0.80290
-30.00 -55 0.81556
-25.00 -55 0.74370
-20.00 -55 0.61568
-15.00 -55 0.50278
-10.00 -55 0.45866
-5.00 -55 0.46534
0.00 -55 0.44073
5.00 -55 0.30630
10.00 -55 0.57179E-01
15.00 -55 -0.22627
20.00 -55 -0.43346
25.00 -55 -0.49636
30.00 -55 -0.42179
35.00 -55 -0.26773
40.00 -55 -0.97039E-01
45.00 -55 0.48803E-01
-65.00 -50 -0.69408E-01
-60.00 -50 0.17849
-55.00 -50 0.42502
-50.00 -50 0.60017
-45.00 -50 0.69573
-40.00 -50 0.74525
-35.00 -50 0.77511
-30.00 -50 0.77770
-25.00 -50 0.72914
-20.00 -50 0.62659
-15.00 -50 0.50180
-10.00 -50 0.39504
-5.00 -50 0.31597
0.00 -50 0.23315
5.00 -50 0.10542
10.00 -50 -0.73092E-01
15.00 -50 -0.25677
20.00 -50 -0.37654
25.00 -50 -0.38755
30.00 -50 -0.29671
35.00 -50 -0.15192
40.00 -50 -0.94242E-02
45.00 -50 0.91258E-01
50.00 -50 0.13155
55.00 -50 0.10782
60.00 -50 0.30588E-01
65.00 -50 -0.72186E-01
-70.00 -45 -0.20148
-45.00 -45 0.67359
-40.00 -45 0.67391
-35.00 -45 0.67720
-30.00 -45 0.70727
-25.00 -45 0.73719
-20.00 -45 0.72215
-15.00 -45 0.64062
-10.00 -45 0.50674
-5.00 -45 0.34985
0.00 -45 0.18816
5.00 -45 0.24364E-01
10.00 -45 -0.13605
15.00 -45 -0.26772
20.00 -45 -0.33180
25.00 -45 -0.30312
30.00 -45 -0.19379
35.00 -45 -0.51856E-01
40.00 -45 0.64086E-01
45.00 -45 0.11376
70.00 -45 -0.26009
-75.00 -40 -0.16633
-65.00 -40 -0.59121E-01
-60.00 -40 0.17751
-55.00 -40 0.42235
-50.00 -40 0.57167
-45.00 -40 0.59786
-40.00 -40 0.56262
-35.00 -40 0.55946
-30.00 -40 0.63564
-25.00 -40 0.75721
-20.00 -40 0.84049
-15.00 -40 0.81723
-10.00 -40 0.67790
-5.00 -40 0.46462
0.00 -40 0.23171
5.00 -40 0.14799E-01
10.00 -40 -0.16827
15.00 -40 -0.29823
20.00 -40 -0.34699
25.00 -40 -0.29576
30.00 -40 -0.16172
35.00 -40 -0.38433E-02
40.00 -40 0.10378
45.00 -40 0.11275
50.00 -40 0.24894E-01
55.00 -40 -0.11532
60.00 -40 -0.25023
65.00 -40 -0.33748
75.00 -40 -0.34176
-45.00 -35 0.49786
-40.00 -35 0.44975
-35.00 -35 0.45401
-30.00 -35 0.56523
-25.00 -35 0.74005
-20.00 -35 0.87211
-15.00 -35 0.87277
-10.00 -35 0.72845
-5.00 -35 0.49379
0.00 -35 0.23918
5.00 -35 0.68757E-02
10.00 -35 -0.18912
15.00 -35 -0.33345
20.00 -35 -0.39296
25.00 -35 -0.33810
30.00 -35 -0.18277
35.00 -35 0.84699E-03
40.00 -35 0.11537
45.00 -35 0.97538E-01
-85.00 -30 0.52003E-01
-80.00 -30 0.51508E-02
-70.00 -30 -0.15640
-65.00 -30 -0.97742E-01
-60.00 -30 0.74754E-01
-55.00 -30 0.27059
-50.00 -30 0.38687
-45.00 -30 0.39312
-40.00 -30 0.35450
-35.00 -30 0.37130
-30.00 -30 0.48799
-25.00 -30 0.65186
-20.00 -30 0.75601
-15.00 -30 0.72527
-10.00 -30 0.56876
-5.00 -30 0.35794
0.00 -30 0.15968
5.00 -30 -0.85088E-02
10.00 -30 -0.16271
15.00 -30 -0.30176
20.00 -30 -0.38147
25.00 -30 -0.34691
30.00 -30 -0.19408
35.00 -30 0.90203E-03
40.00 -30 0.12024
45.00 -30 0.83394E-01
50.00 -30 -0.97928E-01
55.00 -30 -0.33198
60.00 -30 -0.51207
65.00 -30 -0.57995
70.00 -30 -0.54485
80.00 -30 -0.37040
85.00 -30 -0.32408
-45.00 -25 0.29086
-40.00 -25 0.27744
-35.00 -25 0.30784
-30.00 -25 0.40510
-25.00 -25 0.51003
-20.00 -25 0.53324
-15.00 -25 0.43762
-10.00 -25 0.27271
-5.00 -25 0.12892
0.00 -25 0.56147E-01
5.00 -25 0.25565E-01
10.00 -25 -0.29499E-01
15.00 -25 -0.13494
20.00 -25 -0.23838
25.00 -25 -0.25266
30.00 -25 -0.14208
35.00 -25 0.29427E-01
40.00 -25 0.13566
45.00 -25 0.81428E-01
-75.00 -20 -0.23870E-01
-65.00 -20 -0.15095
-60.00 -20 -0.72732E-01
-55.00 -20 0.52860E-01
-50.00 -20 0.15040
-45.00 -20 0.19076
-40.00 -20 0.20865
-35.00 -20 0.25400
-30.00 -20 0.32758
-25.00 -20 0.36888
-20.00 -20 0.31346
-15.00 -20 0.16601
-10.00 -20 0.14069E-01
-5.00 -20 -0.38953E-01
0.00 -20 0.35438E-01
5.00 -20 0.16107
10.00 -20 0.22034
15.00 -20 0.15674
20.00 -20 0.24307E-01
25.00 -20 -0.61450E-01
30.00 -20 -0.28263E-01
35.00 -20 0.85726E-01
40.00 -20 0.16065
45.00 -20 0.92585E-01
50.00 -20 -0.12437
55.00 -20 -0.39712
60.00 -20 -0.60547
65.00 -20 -0.68138
75.00 -20 -0.52785
-70.00 -15 -0.10712
-45.00 -15 0.92408E-01
-40.00 -15 0.13799
-35.00 -15 0.19891
-30.00 -15 0.26218
-25.00 -15 0.27282
-20.00 -15 0.18851
-15.00 -15 0.39909E-01
-10.00 -15 -0.69502E-01
-5.00 -15 -0.37946E-01
0.00 -15 0.14497
5.00 -15 0.37541
10.00 -15 0.50773
15.00 -15 0.46597
20.00 -15 0.30062
25.00 -15 0.14190
30.00 -15 0.90166E-01
35.00 -15 0.13663
40.00 -15 0.17859
45.00 -15 0.11016
70.00 -15 -0.63446
-65.00 -10 -0.17457
-60.00 -10 -0.18851
-55.00 -10 -0.13709
-50.00 -10 -0.64449E-01
-45.00 -10 0.11268E-02
-40.00 -10 0.63888E-01
-35.00 -10 0.13604
-30.00 -10 0.20319
-25.00 -10 0.22361
-20.00 -10 0.17051
-15.00 -10 0.77283E-01
-10.00 -10 0.33333E-01
-5.00 -10 0.12003
0.00 -10 0.33561
5.00 -10 0.57774
10.00 -10 0.70842
15.00 -10 0.65432
20.00 -10 0.46093
25.00 -10 0.25498
30.00 -10 0.14581
35.00 -10 0.14625
40.00 -10 0.17451
45.00 -10 0.12863
50.00 -10 -0.32107E-01
55.00 -10 -0.26231
60.00 -10 -0.47194
65.00 -10 -0.59057
-45.00 -5 -0.71283E-01
-40.00 -5 -0.24555E-02
-35.00 -5 0.71173E-01
-30.00 -5 0.14309
-25.00 -5 0.19186
-20.00 -5 0.20336
-15.00 -5 0.19783
-10.00 -5 0.22780
-5.00 -5 0.33796
0.00 -5 0.51684
5.00 -5 0.68644
10.00 -5 0.74803
15.00 -5 0.65384
20.00 -5 0.44718
25.00 -5 0.23580
30.00 -5 0.11660
35.00 -5 0.10992
40.00 -5 0.15263
45.00 -5 0.15136
90.00 0.00 -0.33449
-90.00 0.00 0.63452E-02
