-85.00 0.00 0.41270
-80.00 0.00 0.36259
-75.00 0.00 0.30858
-70.00 0.00 0.29807
-65.00 0.00 0.32385
-60.00 0.00 0.32394
-55.00 0.00 0.23061
-50.00 0.00 0.27129E-01
-45.00 0.00 -0.23400
-40.00 0.00 -0.46649
-35.00 0.00 -0.60951
-30.00 0.00 -0.66354
-25.00 0.00 -0.67678
-20.00 0.00 -0.69675
-15.00 0.00 -0.72806
-10.00 0.00 -0.72906
-5.00 0.00 -0.64781
0.00 0.00 -0.46805
5.00 0.00 -0.23073
10.00 0.00 -0.16721E-01
15.00 0.00 0.96519E-01
20.00 0.00 0.76234E-01
25.00 0.00 -0.50096E-01
30.00 0.00 -0.21125
35.00 0.00 -0.32916
40.00 0.00 -0.35536
45.00 0.00 -0.28891
50.00 0.00 -0.16849
55.00 0.00 -0.45866E-01
60.00 0.00 0.42958E-01
65.00 0.00 0.92314E-01
70.00 0.00 0.12058
75.00 0.00 0.15161
80.00 0.00 0.19524
85.00 0.00 0.24419
-45.00 5.00 -0.26175
-40.00 5.00 -0.56021
-35.00 5.00 -0.78292
-30.00 5.00 -0.89410
-25.00 5.00 -0.91571
-20.00 5.00 -0.89617
-15.00 5.00 -0.86503
-10.00 5.00 -0.81018
-5.00 5.00 -0.69467
0.00 5.00 -0.49840
5.00 5.00 -0.25056
10.00 5.00 -0.25657E-01
15.00 5.00 0.96816E-01
20.00 5.00 0.81331E-01
25.00 5.00 -0.40248E-01
30.00 5.00 -0.18714
35.00 5.00 -0.27703
40.00 5.00 -0.27036
45.00 5.00 -0.18386
-65.00 10.00 0.28837
-60.00 10.00 0.29951
-55.00 10.00 0.23977
-50.00 10.00 0.52950E-01
-45.00 10.00 -0.25099
-40.00 10.00 -0.59367
-35.00 10.00 -0.87330
-30.00 10.00 -1.0246
-25.00 10.00 -1.0503
-20.00 10.00 -1.0036
-15.00 10.00 -0.93797
-10.00 10.00 -0.86616
-5.00 10.00 -0.76120
0.00 10.00 -0.59526
5.00 10.00 -0.38184
10.00 10.00 -0.18253
15.00 10.00 -0.69898E-01
20.00 10.00 -0.74836E-01
25.00 10.00 -0.16107
30.00 10.00 -0.24809
35.00 10.00 -0.26518
40.00 10.00 -0.19527
45.00 10.00 -0.77258E-01
50.00 10.00 0.30335E-01
55.00 10.00 0.92121E-01
60.00 10.00 0.11255
65.00 10.00 0.11970
-70.00 15.00 0.27247
-45.00 15.00 -0.21744
-40.00 15.00 -0.57465
-35.00 15.00 -0.87524
-30.00 15.00 -1.0362
-25.00 15.00 -1.0536
-20.00 15.00 -0.99064
-15.00 15.00 -0.92075
-10.00 15.00 -0.87145
-5.00 15.00 -0.81588
0.00 15.00 -0.71393
5.00 15.00 -0.56304
10.00 15.00 -0.41157
15.00 15.00 -0.32174
20.00 15.00 -0.31530
25.00 15.00 -0.35095
30.00 15.00 -0.35463
35.00 15.00 -0.27765
40.00 15.00 -0.13348
45.00 15.00 0.16244E-01
70.00 15.00 0.14372
-75.00 20.00 0.33166
-65.00 20.00 0.24441
-60.00 20.00 0.26371
-55.00 20.00 0.24122
-50.00 20.00 0.96569E-01
-45.00 20.00 -0.18548
-40.00 20.00 -0.53009
-35.00 20.00 -0.81515
-30.00 20.00 -0.95201
-25.00 20.00 -0.94152
-20.00 20.00 -0.86210
-15.00 20.00 -0.80195
-10.00 20.00 -0.79329
-5.00 20.00 -0.80155
0.00 20.00 -0.77283
5.00 20.00 -0.69189
10.00 20.00 -0.59685
15.00 20.00 -0.53906
20.00 20.00 -0.52849
25.00 20.00 -0.51796
30.00 20.00 -0.44287
35.00 20.00 -0.28085
40.00 20.00 -0.76879E-01
45.00 20.00 0.89270E-01
50.00 20.00 0.16433
55.00 20.00 0.15821
60.00 20.00 0.12684
65.00 20.00 0.12141
75.00 20.00 0.19250
-45.00 25.00 -0.17822
-40.00 25.00 -0.49303
-35.00 25.00 -0.73601
-30.00 25.00 -0.82135
-25.00 25.00 -0.76250
-20.00 25.00 -0.65464
-15.00 25.00 -0.59686
-10.00 25.00 -0.62061
-5.00 25.00 -0.68183
0.00 25.00 -0.71577
5.00 25.00 -0.69902
10.00 25.00 -0.66149
15.00 25.00 -0.64247
20.00 25.00 -0.63836
25.00 25.00 -0.59679
30.00 25.00 -0.46521
35.00 25.00 -0.24815
40.00 25.00 -0.17180E-01
45.00 25.00 0.13904
-80.00 30.00 0.43413
-70.00 30.00 0.23078
-65.00 30.00 0.17929
-60.00 30.00 0.17932
-55.00 30.00 0.15888
-50.00 30.00 0.35082E-01
-45.00 30.00 -0.20712
-40.00 30.00 -0.48600
-35.00 30.00 -0.67462
-30.00 30.00 -0.69444
-25.00 30.00 -0.57389
-20.00 30.00 -0.42347
-15.00 30.00 -0.35029
-10.00 30.00 -0.38464
-5.00 30.00 -0.47677
0.00 30.00 -0.55659
5.00 30.00 -0.59535
10.00 30.00 -0.61327
15.00 30.00 -0.63429
20.00 30.00 -0.64082
25.00 30.00 -0.57919
30.00 30.00 -0.41364
35.00 30.00 -0.17519
40.00 30.00 0.46115E-01
45.00 30.00 0.16487
50.00 30.00 0.16488
55.00 30.00 0.10725
60.00 30.00 0.75416E-01
65.00 30.00 0.10772
70.00 30.00 0.17713
80.00 30.00 0.24388
-45.00 35.00 -0.26670
-40.00 35.00 -0.51018
-35.00 35.00 -0.64401
-30.00 35.00 -0.59904
-25.00 35.00 -0.41732
-20.00 35.00 -0.22067
-15.00 35.00 -0.12108
-10.00 35.00 -0.14908
-5.00 35.00 -0.25463
0.00 35.00 -0.36745
5.00 35.00 -0.45409
10.00 35.00 -0.52137
15.00 35.00 -0.57449
20.00 35.00 -0.58355
25.00 35.00 -0.50049
30.00 35.00 -0.31275
35.00 35.00 -0.77373E-01
40.00 35.00 0.10619
45.00 35.00 0.16802
-75.00 40.00 0.33411
-65.00 40.00 0.98173E-01
-60.00 40.00 0.56352E-01
-55.00 40.00 0.64400E-02
-50.00 40.00 -0.12370
-45.00 40.00 -0.33741
-40.00 40.00 -0.54649
-35.00 40.00 -0.63084
-30.00 40.00 -0.53261
-25.00 40.00 -0.30509
-20.00 40.00 -0.75508E-01
-15.00 40.00 0.44417E-01
-10.00 40.00 0.24948E-01
-5.00 40.00 -0.86468E-01
0.00 40.00 -0.22271
5.00 40.00 -0.34636
10.00 40.00 -0.44930
15.00 40.00 -0.51773
20.00 40.00 -0.51338
25.00 40.00 -0.40054
30.00 40.00 -0.19438
35.00 40.00 0.24318E-01
40.00 40.00 0.15528
45.00 40.00 0.15334
50.00 40.00 0.65676E-01
55.00 40.00 -0.53225E-02
60.00 40.00 0.15547E-01
65.00 40.00 0.11963
75.00 40.00 0.28288
-70.00 45.00 0.17452
-45.00 45.00 -0.39535
-40.00 45.00 -0.56794
-35.00 45.00 -0.60842
-30.00 45.00 -0.47312
-25.00 45.00 -0.22450
-20.00 45.00 0.11422E-01
-15.00 45.00 0.13111
-10.00 45.00 0.11107
-5.00 45.00 -0.26425E-02
0.00 45.00 -0.14835
5.00 45.00 -0.28860
10.00 45.00 -0.40489
15.00 45.00 -0.46931
20.00 45.00 -0.43983
25.00 45.00 -0.29554
30.00 45.00 -0.77545E-01
35.00 45.00 0.11570
40.00 45.00 0.19037
45.00 45.00 0.12994
70.00 45.00 0.27486
-65.00 50.00 0.20962E-01
-60.00 50.00 -0.58472E-01
-55.00 50.00 -0.13145
-50.00 50.00 -0.25507
-45.00 50.00 -0.42353
-40.00 50.00 -0.55570
-35.00 50.00 -0.55684
-30.00 50.00 -0.40025
-25.00 50.00 -0.15598
-20.00 50.00 0.57389E-01
-15.00 50.00 0.15354
-10.00 50.00 0.12335
-5.00 50.00 0.15181E-01
0.00 50.00 -0.11724
5.00 50.00 -0.24454
10.00 50.00 -0.34839
15.00 50.00 -0.39562
20.00 50.00 -0.34350
25.00 50.00 -0.18182
30.00 50.00 0.31819E-01
35.00 50.00 0.19112
40.00 50.00 0.21376
45.00 50.00 0.10949
50.00 50.00 -0.20116E-01
55.00 50.00 -0.57929E-01
60.00 50.00 0.37418E-01
65.00 50.00 0.20276
-85.00 55.00 0.48163
-45.00 55.00 -0.41843
-40.00 55.00 -0.50927
-35.00 55.00 -0.47691
-30.00 55.00 -0.31218
-25.00 55.00 -0.90926E-01
-20.00 55.00 0.80307E-01
-15.00 55.00 0.13901
-10.00 55.00 0.96865E-01
-5.00 55.00 0.76092E-02
0.00 55.00 -0.86003E-01
5.00 55.00 -0.17193
10.00 55.00 -0.24403
15.00 55.00 -0.27252
20.00 55.00 -0.21428
25.00 55.00 -0.60705E-01
30.00 55.00 0.12770
35.00 55.00 0.24752
40.00 55.00 0.22970
45.00 55.00 0.10267
85.00 55.00 0.25632
-80.00 60.00 0.45665
-75.00 60.00 0.31356
-70.00 60.00 0.12177
-65.00 60.00 -0.34285E-01
-60.00 60.00 -0.12674
-55.00 60.00 -0.19397
-50.00 60.00 -0.28348
-45.00 60.00 -0.38866
-40.00 60.00 -0.44474
-35.00 60.00 -0.38913
-30.00 60.00 -0.22677
-25.00 60.00 -0.36302E-01
-20.00 60.00 0.89391E-01
-15.00 60.00 0.11220
-10.00 60.00 0.64927E-01
-5.00 60.00 0.64869E-02
0.00 60.00 -0.33508E-01
5.00 60.00 -0.65465E-01
10.00 60.00 -0.10210
15.00 60.00 -0.12129
20.00 60.00 -0.77367E-01
25.00 60.00 0.45679E-01
30.00 60.00 0.19609
35.00 60.00 0.28058
40.00 60.00 0.24156
45.00 60.00 0.11610
50.00 60.00 0.16191E-01
55.00 60.00 0.39822E-01
60.00 60.00 0.18849
65.00 60.00 0.36491
70.00 60.00 0.45396
75.00 60.00 0.41787
80.00 60.00 0.31843
-45.00 65.00 -0.34708
-40.00 65.00 -0.38293
-35.00 65.00 -0.31916
-30.00 65.00 -0.16723
-25.00 65.00 -0.41774E-02
-20.00 65.00 0.89035E-01
-15.00 65.00 0.91823E-01
-10.00 65.00 0.50508E-01
-5.00 65.00 0.25038E-01
0.00 65.00 0.32389E-01
5.00 65.00 0.42779E-01
10.00 65.00 0.27573E-01
15.00 65.00 0.32587E-02
20.00 65.00 0.20525E-01
25.00 65.00 0.10683
30.00 65.00 0.22356
35.00 65.00 0.28894
40.00 65.00 0.25258
45.00 65.00 0.15128
-65.00 70.00 -0.62012E-01
-60.00 70.00 -0.14023
-55.00 70.00 -0.17905
-50.00 70.00 -0.23186
-45.00 70.00 -0.30177
-40.00 70.00 -0.33548
-35.00 70.00 -0.28023
-30.00 70.00 -0.14397
-25.00 70.00 0.31080E-02
-20.00 70.00 0.87659E-01
-15.00 70.00 0.94277E-01
-10.00 70.00 0.69379E-01
-5.00 70.00 0.67448E-01
0.00 70.00 0.96655E-01
5.00 70.00 0.11889
10.00 70.00 0.10103
15.00 70.00 0.60264E-01
20.00 70.00 0.52588E-01
25.00 70.00 0.11381
30.00 70.00 0.21485
35.00 70.00 0.28208
40.00 70.00 0.26831
45.00 70.00 0.20525
50.00 70.00 0.18160
55.00 70.00 0.26171
60.00 70.00 0.41978
65.00 70.00 0.55400
-70.00 75.00 0.82606E-01
-45.00 75.00 -0.25170
-40.00 75.00 -0.29806
-35.00 75.00 -0.26458
-30.00 75.00 -0.14624
-25.00 75.00 -0.15855E-02
-20.00 75.00 0.98961E-01
-15.00 75.00 0.13208
-10.00 75.00 0.13031
-5.00 75.00 0.13675
0.00 75.00 0.15689
5.00 75.00 0.15869
10.00 75.00 0.11843
15.00 75.00 0.59874E-01
20.00 75.00 0.40794E-01
25.00 75.00 0.96705E-01
30.00 75.00 0.20016
35.00 75.00 0.28167
40.00 75.00 0.29645
45.00 75.00 0.27152
70.00 75.00 0.61117
-75.00 80.00 0.27308
-65.00 80.00 -0.68157E-01
-60.00 80.00 -0.11112
-55.00 80.00 -0.10515
-50.00 80.00 -0.12362
-45.00 80.00 -0.18952
-40.00 80.00 -0.25465
-35.00 80.00 -0.24913
-30.00 80.00 -0.14925
-25.00 80.00 0.13909E-02
-20.00 80.00 0.13239
-15.00 80.00 0.20402
-10.00 80.00 0.22619
-5.00 80.00 0.22813
0.00 80.00 0.21910
5.00 80.00 0.18463
10.00 80.00 0.11944
15.00 80.00 0.54810E-01
20.00 80.00 0.42980E-01
25.00 80.00 0.10903
30.00 80.00 0.22034
35.00 80.00 0.31082
40.00 80.00 0.34181
45.00 80.00 0.34039
50.00 80.00 0.37315
55.00 80.00 0.47643
60.00 80.00 0.60997
65.00 80.00 0.68258
75.00 80.00 0.47895
-45.00 85.00 -0.10917
-40.00 85.00 -0.18934
-35.00 85.00 -0.21060
-30.00 85.00 -0.13013
-25.00 85.00 0.24353E-01
-20.00 85.00 0.18267
-15.00 85.00 0.28793
-10.00 85.00 0.32722
-5.00 85.00 0.31821
0.00 85.00 0.27859
5.00 85.00 0.21583
10.00 85.00 0.14337
15.00 85.00 0.94539E-01
20.00 85.00 0.10717
25.00 85.00 0.18837
30.00 85.00 0.29812
35.00 85.00 0.37732
40.00 85.00 0.40011
45.00 85.00 0.39971
-80.00 90.00 0.41501
-70.00 90.00 0.51790E-01
-65.00 90.00 -0.65245E-01
-60.00 90.00 -0.64678E-01
-55.00 90.00 -0.14653E-02
-50.00 90.00 0.31455E-01
-45.00 90.00 -0.12855E-01
-40.00 90.00 -0.97570E-01
-35.00 90.00 -0.13915
-30.00 90.00 -0.80454E-01
-25.00 90.00 0.65221E-01
-20.00 90.00 0.23088
-15.00 90.00 0.34896
-10.00 90.00 0.39135
-5.00 90.00 0.36999
0.00 90.00 0.31278
5.00 90.00 0.24588
10.00 90.00 0.19407
15.00 90.00 0.18389
20.00 90.00 0.23194
25.00 90.00 0.32501
30.00 90.00 0.41812
35.00 90.00 0.46446
40.00 90.00 0.45652
45.00 90.00 0.43774
50.00 90.00 0.46596
55.00 90.00 0.55632
60.00 90.00 0.65706
65.00 90.00 0.68635
70.00 90.00 0.60232
80.00 90.00 0.30118
-45.00 95.00 0.87314E-01
-40.00 95.00 0.10731E-01
-35.00 95.00 -0.41881E-01
-30.00 95.00 -0.70050E-02
-25.00 95.00 0.11303
-20.00 95.00 0.25850
-15.00 95.00 0.36147
-10.00 95.00 0.38998
-5.00 95.00 0.35674
0.00 95.00 0.29826
5.00 95.00 0.25111
10.00 95.00 0.24126
15.00 95.00 0.28156
20.00 95.00 0.36623
25.00 95.00 0.46521
30.00 95.00 0.53324
35.00 95.00 0.53870
40.00 95.00 0.49272
45.00 95.00 0.44828
-75.00 100.00 0.22115
-65.00 100.00 -0.65423E-01
-60.00 100.00 -0.34311E-01
-55.00 100.00 0.75070E-01
-50.00 100.00 0.16560
-45.00 100.00 0.17448
-40.00 100.00 0.11740
-35.00 100.00 0.64788E-01
-30.00 100.00 0.77663E-01
-25.00 100.00 0.15990
-20.00 100.00 0.26241
-15.00 100.00 0.32695
-10.00 100.00 0.32827
-5.00 100.00 0.28410
0.00 100.00 0.23505
5.00 100.00 0.21821
10.00 100.00 0.25256
15.00 100.00 0.33624
20.00 100.00 0.44723
25.00 100.00 0.54694
30.00 100.00 0.59423
35.00 100.00 0.57040
40.00 100.00 0.49858
45.00 100.00 0.43533
50.00 100.00 0.43171
55.00 100.00 0.49088
60.00 100.00 0.56030
65.00 100.00 0.57087
75.00 100.00 0.36784
-70.00 105.00 0.25992E-01
-45.00 105.00 0.23563
-40.00 105.00 0.20716
-35.00 105.00 0.16725
-30.00 105.00 0.16615
-25.00 105.00 0.20847
-20.00 105.00 0.25725
-15.00 105.00 0.27139
-10.00 105.00 0.23993
-5.00 105.00 0.18697
0.00 105.00 0.15093
5.00 105.00 0.16028
10.00 105.00 0.22261
15.00 105.00 0.32607
20.00 105.00 0.44396
25.00 105.00 0.54009
30.00 105.00 0.58044
35.00 105.00 0.55259
40.00 105.00 0.47999
45.00 105.00 0.41347
70.00 105.00 0.42295
-85.00 110.00 0.43821
-65.00 110.00 -0.69500E-01
-60.00 110.00 -0.35534E-01
-55.00 110.00 0.82051E-01
-50.00 110.00 0.20275
-45.00 110.00 0.26821
-40.00 110.00 0.27588
-35.00 110.00 0.26242
-30.00 110.00 0.26022
-25.00 110.00 0.26884
-20.00 110.00 0.26322
-15.00 110.00 0.22427
-10.00 110.00 0.16040
-5.00 110.00 0.10219
0.00 110.00 0.79807E-01
5.00 110.00 0.10565
10.00 110.00 0.17378
15.00 110.00 0.26903
20.00 110.00 0.37249
25.00 110.00 0.46086
30.00 110.00 0.50919
35.00 110.00 0.50365
40.00 110.00 0.45587
45.00 110.00 0.40161
50.00 110.00 0.37732
55.00 110.00 0.39098
60.00 110.00 0.41403
65.00 110.00 0.40564
85.00 110.00 0.24064
-45.00 115.00 0.28054
-40.00 115.00 0.33050
-35.00 115.00 0.35590
-30.00 115.00 0.36555
-25.00 115.00 0.34868
-20.00 115.00 0.29101
-15.00 115.00 0.19877
-10.00 115.00 0.10387
-5.00 115.00 0.44010E-01
0.00 115.00 0.37151E-01
5.00 115.00 0.74147E-01
10.00 115.00 0.13369
15.00 115.00 0.20174
20.00 115.00 0.27579
25.00 115.00 0.35280
30.00 115.00 0.41828
35.00 115.00 0.45181
40.00 115.00 0.44511
45.00 115.00 0.41267
-80.00 120.00 0.33785
-75.00 120.00 0.17879
-70.00 120.00 0.20431E-01
-65.00 120.00 -0.62711E-01
-60.00 120.00 -0.43596E-01
-55.00 120.00 0.50869E-01
-50.00 120.00 0.17201
-45.00 120.00 0.28556
-40.00 120.00 0.38067
-35.00 120.00 0.45186
-30.00 120.00 0.48104
-25.00 120.00 0.44380
-20.00 120.00 0.33571
-15.00 120.00 0.19013
-10.00 120.00 0.65125E-01
-5.00 120.00 0.64866E-02
0.00 120.00 0.18351E-01
5.00 120.00 0.67293E-01
10.00 120.00 0.11519
15.00 120.00 0.15035
20.00 120.00 0.18966
25.00 120.00 0.25306
30.00 120.00 0.33718
35.00 120.00 0.41376
40.00 120.00 0.45255
45.00 120.00 0.44519
50.00 120.00 0.40771
55.00 120.00 0.36197
60.00 120.00 0.31745
65.00 120.00 0.27163
70.00 120.00 0.22565
75.00 120.00 0.19514
80.00 120.00 0.19943
-45.00 125.00 0.29163
-40.00 125.00 0.42757
-35.00 125.00 0.54150
-30.00 125.00 0.58951
-25.00 125.00 0.53416
-20.00 125.00 0.38071
-15.00 125.00 0.18850
-10.00 125.00 0.39777E-01
-5.00 125.00 -0.13426E-01
0.00 125.00 0.18580E-01
5.00 125.00 0.79076E-01
10.00 125.00 0.11486
15.00 125.00 0.11750
20.00 125.00 0.12248
25.00 125.00 0.17090
30.00 125.00 0.26963
35.00 125.00 0.38385
40.00 125.00 0.46441
45.00 125.00 0.48278
-65.00 130.00 -0.29149E-01
-60.00 130.00 -0.19745E-01
-55.00 130.00 0.47521E-01
-50.00 130.00 0.15517
-45.00 130.00 0.29632
-40.00 130.00 0.45775
-35.00 130.00 0.59849
-30.00 130.00 0.65595
-25.00 130.00 0.58552
-20.00 130.00 0.40273
-15.00 130.00 0.18687
-10.00 130.00 0.34542E-01
-5.00 130.00 -0.39839E-02
0.00 130.00 0.45087E-01
5.00 130.00 0.10716
10.00 130.00 0.12184
15.00 130.00 0.88457E-01
20.00 130.00 0.59596E-01
25.00 130.00 0.92242E-01
30.00 130.00 0.19977
35.00 130.00 0.34235
40.00 130.00 0.45782
45.00 130.00 0.50296
50.00 130.00 0.47331
55.00 130.00 0.39381
60.00 130.00 0.29743
65.00 130.00 0.21172
-70.00 135.00 0.50103E-01
-45.00 135.00 0.28723
-40.00 135.00 0.44732
-35.00 135.00 0.58690
-30.00 135.00 0.63731
-25.00 135.00 0.55705
-20.00 135.00 0.37271
-15.00 135.00 0.17261
-10.00 135.00 0.50404E-01
-5.00 135.00 0.40838E-01
0.00 135.00 0.99597E-01
5.00 135.00 0.14382
10.00 135.00 0.11983
15.00 135.00 0.43321E-01
20.00 135.00 -0.17516E-01
25.00 135.00 0.19996E-02
30.00 135.00 0.11479
35.00 135.00 0.27632
40.00 135.00 0.41841
45.00 135.00 0.49085
70.00 135.00 0.14811
-75.00 140.00 0.16102
-65.00 140.00 0.27682E-01
-60.00 140.00 0.39304E-01
-55.00 140.00 0.80718E-01
-50.00 140.00 0.14844
-45.00 140.00 0.25018
-40.00 140.00 0.37599
-35.00 140.00 0.48045
-30.00 140.00 0.50330
-25.00 140.00 0.41720
-20.00 140.00 0.25976
-15.00 140.00 0.11546
-10.00 140.00 0.56097E-01
-5.00 140.00 0.87309E-01
0.00 140.00 0.14650
5.00 140.00 0.15489
10.00 140.00 0.81001E-01
15.00 140.00 -0.35215E-01
20.00 140.00 -0.11417
25.00 140.00 -0.95091E-01
30.00 140.00 0.25065E-01
35.00 140.00 0.19674
40.00 140.00 0.35392
45.00 140.00 0.44923
50.00 140.00 0.46685
55.00 140.00 0.41643
60.00 140.00 0.32335
65.00 140.00 0.22301
75.00 140.00 0.14171
-45.00 145.00 0.17999
-40.00 145.00 0.24333
-35.00 145.00 0.28401
-30.00 145.00 0.26057
-25.00 145.00 0.16653
-20.00 145.00 0.48495E-01
-15.00 145.00 -0.23049E-01
-10.00 145.00 -0.98409E-02
-5.00 145.00 0.59757E-01
0.00 145.00 0.11061
5.00 145.00 0.80493E-01
10.00 145.00 -0.29606E-01
15.00 145.00 -0.15535
20.00 145.00 -0.21638
25.00 145.00 -0.17065
30.00 145.00 -0.34595E-01
35.00 145.00 0.13813
40.00 145.00 0.29343
45.00 145.00 0.39839
-80.00 150.00 0.26470
-70.00 150.00 0.93788E-01
-65.00 150.00 0.84291E-01
-60.00 150.00 0.97535E-01
-55.00 150.00 0.10304
-50.00 150.00 0.95771E-01
-45.00 150.00 0.87097E-01
-40.00 150.00 0.76990E-01
-35.00 150.00 0.43578E-01
-30.00 150.00 -0.34195E-01
-25.00 150.00 -0.14370
-20.00 150.00 -0.23402
-15.00 150.00 -0.25238
-10.00 150.00 -0.19221
-5.00 150.00 -0.10685
0.00 150.00 -0.71275E-01
5.00 150.00 -0.12189
10.00 150.00 -0.22564
15.00 150.00 -0.30479
20.00 150.00 -0.29506
25.00 150.00 -0.18777
30.00 150.00 -0.25195E-01
35.00 150.00 0.13845
40.00 150.00 0.27102
45.00 150.00 0.36503
50.00 150.00 0.41807
55.00 150.00 0.42070
60.00 150.00 0.36788
65.00 150.00 0.27923
70.00 150.00 0.19982
80.00 150.00 0.20403
-45.00 155.00 -0.49547E-02
-40.00 155.00 -0.74901E-01
-35.00 155.00 -0.16602
-30.00 155.00 -0.28699
-25.00 155.00 -0.41658
-20.00 155.00 -0.50624
-15.00 155.00 -0.51755
-10.00 155.00 -0.46087
-5.00 155.00 -0.39430
0.00 155.00 -0.37745
5.00 155.00 -0.41863
10.00 155.00 -0.46414
15.00 155.00 -0.44125
20.00 155.00 -0.31773
25.00 155.00 -0.12595
30.00 155.00 0.66811E-01
35.00 155.00 0.21120
40.00 155.00 0.30327
45.00 155.00 0.36649
-75.00 160.00 0.15111
-65.00 160.00 0.11896
-60.00 160.00 0.12416
-55.00 160.00 0.91275E-01
-50.00 160.00 0.19238E-01
-45.00 160.00 -0.70487E-01
-40.00 160.00 -0.16543
-35.00 160.00 -0.27426
-30.00 160.00 -0.40714
-25.00 160.00 -0.54912
-20.00 160.00 -0.66051
-15.00 160.00 -0.70897
-10.00 160.00 -0.70141
-5.00 160.00 -0.67953
0.00 160.00 -0.67812
5.00 160.00 -0.68495
10.00 160.00 -0.64382
15.00 160.00 -0.50308
20.00 160.00 -0.26702
25.00 160.00 -0.21372E-02
30.00 160.00 0.20937
35.00 160.00 0.32780
40.00 160.00 0.37484
45.00 160.00 0.39978
50.00 160.00 0.42873
55.00 160.00 0.44559
60.00 160.00 0.41956
65.00 160.00 0.34759
75.00 160.00 0.22548
-85.00 165.00 0.34346
-70.00 165.00 0.11750
-45.00 165.00 -0.95129E-01
-40.00 165.00 -0.17352
-35.00 165.00 -0.25289
-30.00 165.00 -0.35798
-25.00 165.00 -0.49238
-20.00 165.00 -0.62832
-15.00 165.00 -0.72988
-10.00 165.00 -0.78390
-5.00 165.00 -0.80434
0.00 165.00 -0.80494
5.00 165.00 -0.77021
10.00 165.00 -0.65977
15.00 165.00 -0.44771
20.00 165.00 -0.16079
25.00 165.00 0.12448
30.00 165.00 0.32912
35.00 165.00 0.42417
40.00 165.00 0.44275
45.00 165.00 0.44257
70.00 165.00 0.29860
85.00 165.00 0.28203
-65.00 170.00 0.13056
-60.00 170.00 0.12355
-55.00 170.00 0.69415E-01
-50.00 170.00 -0.13941E-01
-45.00 170.00 -0.83349E-01
-40.00 170.00 -0.11640
-35.00 170.00 -0.13514
-30.00 170.00 -0.18539
-25.00 170.00 -0.29322
-20.00 170.00 -0.44012
-15.00 170.00 -0.57816
-10.00 170.00 -0.66702
-5.00 170.00 -0.69636
0.00 170.00 -0.67585
5.00 170.00 -0.60955
10.00 170.00 -0.48596
15.00 170.00 -0.29609
20.00 170.00 -0.59625E-01
25.00 170.00 0.17178
30.00 170.00 0.34292
35.00 170.00 0.43147
40.00 170.00 0.45900
45.00 170.00 0.46618
50.00 170.00 0.47596
55.00 170.00 0.47890
60.00 170.00 0.45253
65.00 170.00 0.39281
-45.00 175.00 -0.55112E-01
-40.00 175.00 -0.40660E-01
-35.00 175.00 -0.66402E-03
-30.00 175.00 0.31298E-03
-25.00 175.00 -0.80461E-01
-20.00 175.00 -0.22602
-15.00 175.00 -0.37088
-10.00 175.00 -0.44990
-5.00 175.00 -0.44215
0.00 175.00 -0.37529
5.00 175.00 -0.29284
10.00 175.00 -0.21745
15.00 175.00 -0.14118
20.00 175.00 -0.45067E-01
25.00 175.00 0.75493E-01
30.00 175.00 0.20397
35.00 175.00 0.31665
40.00 175.00 0.39985
45.00 175.00 0.45332
-80.00 180.00 0.21830
-75.00 180.00 0.14379
-70.00 180.00 0.12611
-65.00 180.00 0.13552
-60.00 180.00 0.12166
-55.00 180.00 0.64001E-01
-50.00 180.00 -0.59227E-02
-45.00 180.00 -0.33561E-01
-40.00 180.00 0.39015E-02
-35.00 180.00 0.68042E-01
-30.00 180.00 0.84945E-01
-25.00 180.00 0.71421E-02
-20.00 180.00 -0.14104
-15.00 180.00 -0.27540
-10.00 180.00 -0.31391
-5.00 180.00 -0.23919
0.00 180.00 -0.11128
5.00 180.00 -0.21222E-01
10.00 180.00 -0.23175E-01
15.00 180.00 -0.97506E-01
20.00 180.00 -0.16971
25.00 180.00 -0.16599
30.00 180.00 -0.61682E-01
35.00 180.00 0.10950
40.00 180.00 0.28433
45.00 180.00 0.40975
50.00 180.00 0.46591
55.00 180.00 0.46394
60.00 180.00 0.42943
65.00 180.00 0.38693
70.00 180.00 0.35265
75.00 180.00 0.33193
80.00 180.00 0.32141
-45.00 -175 -0.31612E-01
-40.00 -175 -0.80895E-02
-35.00 -175 0.31900E-01
-30.00 -175 0.17263E-01
-25.00 -175 -0.92170E-01
-20.00 -175 -0.26003
-15.00 -175 -0.38829
-10.00 -175 -0.38778
-5.00 -175 -0.25120
0.00 -175 -0.68859E-01
5.00 -175 0.30011E-01
10.00 -175 -0.30813E-01
15.00 -175 -0.21773
20.00 -175 -0.40787
25.00 -175 -0.47102
30.00 -175 -0.35293
35.00 -175 -0.10256
40.00 -175 0.16910
45.00 -175 0.36227
-65.00 -170 0.14918
-60.00 -170 0.13670
-55.00 -170 0.82043E-01
-50.00 -170 0.78262E-02
-45.00 -170 -0.46070E-01
-40.00 -170 -0.65880E-01
-35.00 -170 -0.85706E-01
-30.00 -170 -0.16302
-25.00 -170 -0.32342
-20.00 -170 -0.52125
-15.00 -170 -0.65616
-10.00 -170 -0.64219
-5.00 -170 -0.47983
0.00 -170 -0.27156
5.00 -170 -0.16029
10.00 -170 -0.22991
15.00 -170 -0.44056
20.00 -170 -0.64887
25.00 -170 -0.70154
30.00 -170 -0.53559
35.00 -170 -0.21476
40.00 -170 0.11968
45.00 -170 0.34295
50.00 -170 0.41626
55.00 -170 0.38857
60.00 -170 0.34149
65.00 -170 0.32743
-70.00 -165 0.14848
-45.00 -165 -0.62679E-01
-40.00 -165 -0.13369
-35.00 -165 -0.21925
-30.00 -165 -0.35642
-25.00 -165 -0.55473
-20.00 -165 -0.76794
-15.00 -165 -0.90886
-10.00 -165 -0.90560
-5.00 -165 -0.76071
0.00 -165 -0.56476
5.00 -165 -0.44425
10.00 -165 -0.47460
15.00 -165 -0.62066
20.00 -165 -0.75296
25.00 -165 -0.73372
30.00 -165 -0.51247
35.00 -165 -0.16182
40.00 -165 0.17244
45.00 -165 0.36851
70.00 -165 0.33449
-75.00 -160 0.16586
-65.00 -160 0.17079
-60.00 -160 0.15986
-55.00 -160 0.11058
-50.00 -160 0.29447E-01
-45.00 -160 -0.67892E-01
-40.00 -160 -0.17586
-35.00 -160 -0.30552
-30.00 -160 -0.47171
-25.00 -160 -0.66972
-20.00 -160 -0.86127
-15.00 -160 -0.98560
-10.00 -160 -0.99482
-5.00 -160 -0.89124
0.00 -160 -0.73664
5.00 -160 -0.61849
10.00 -160 -0.59039
15.00 -160 -0.62855
20.00 -160 -0.64182
25.00 -160 -0.53514
30.00 -160 -0.28348
35.00 -160 0.40385E-01
40.00 -160 0.30938
45.00 -160 0.42725
50.00 -160 0.39173
55.00 -160 0.28836
60.00 -160 0.22214
65.00 -160 0.24275
75.00 -160 0.38589
-45.00 -155 -0.58750E-01
-40.00 -155 -0.17808
-35.00 -155 -0.32034
-30.00 -155 -0.48115
-25.00 -155 -0.64328
-20.00 -155 -0.77804
-15.00 -155 -0.85485
-10.00 -155 -0.85533
-5.00 -155 -0.78560
0.00 -155 -0.67782
5.00 -155 -0.57488
10.00 -155 -0.50250
15.00 -155 -0.44715
20.00 -155 -0.36068
25.00 -155 -0.19682
30.00 -155 0.43475E-01
35.00 -155 0.29513
40.00 -155 0.46205
45.00 -155 0.48221
-80.00 -150 0.22438
-70.00 -150 0.18905
-65.00 -150 0.18566
-60.00 -150 0.15836
-55.00 -150 0.10675
-50.00 -150 0.39087E-01
-45.00 -150 -0.44200E-01
-40.00 -150 -0.15093
-35.00 -150 -0.28283
-30.00 -150 -0.42369
-25.00 -150 -0.54357
-20.00 -150 -0.61551
-15.00 -150 -0.62978
-10.00 -150 -0.59508
-5.00 -150 -0.52937
0.00 -150 -0.44988
5.00 -150 -0.36751
10.00 -150 -0.28354
15.00 -150 -0.18736
20.00 -150 -0.60230E-01
25.00 -150 0.10932
30.00 -150 0.30430
35.00 -150 0.47168
40.00 -150 0.54498
45.00 -150 0.48997
50.00 -150 0.33989
55.00 -150 0.18592
60.00 -150 0.12088
65.00 -150 0.17553
70.00 -150 0.29822
80.00 -150 0.41467
-45.00 -145 -0.37852E-01
-40.00 -145 -0.11597
-35.00 -145 -0.22882
-30.00 -145 -0.35880
-25.00 -145 -0.46270
-20.00 -145 -0.50151
-15.00 -145 -0.46752
-10.00 -145 -0.38602
-5.00 -145 -0.29359
0.00 -145 -0.21389
5.00 -145 -0.14878
10.00 -145 -0.85363E-01
15.00 -145 -0.73747E-02
20.00 -145 0.96902E-01
25.00 -145 0.22805
30.00 -145 0.36740
35.00 -145 0.47428
40.00 -145 0.50086
45.00 -145 0.42471
-85.00 -140 0.30356
-75.00 -140 0.22192
-65.00 -140 0.18397
-60.00 -140 0.10897
-55.00 -140 0.28142E-01
-50.00 -140 -0.23260E-01
-45.00 -140 -0.48334E-01
-40.00 -140 -0.87630E-01
-35.00 -140 -0.17827
-30.00 -140 -0.31269
-25.00 -140 -0.43634
-20.00 -140 -0.48669
-15.00 -140 -0.43903
-10.00 -140 -0.32124
-5.00 -140 -0.18976
0.00 -140 -0.91009E-01
5.00 -140 -0.38629E-01
10.00 -140 -0.16859E-01
15.00 -140 0.19147E-02
20.00 -140 0.41455E-01
25.00 -140 0.11255
30.00 -140 0.20674
35.00 -140 0.29377
40.00 -140 0.33168
45.00 -140 0.29341
50.00 -140 0.19504
55.00 -140 0.98585E-01
60.00 -140 0.76043E-01
65.00 -140 0.15574
75.00 -140 0.40730
85.00 -140 0.36579
-70.00 -135 0.23496
-45.00 -135 -0.74413E-01
-40.00 -135 -0.65666E-01
-35.00 -135 -0.12441
-30.00 -135 -0.26260
-25.00 -135 -0.42066
-20.00 -135 -0.51060
-15.00 -135 -0.48115
-10.00 -135 -0.35180
-5.00 -135 -0.19363
0.00 -135 -0.79208E-01
5.00 -135 -0.42286E-01
10.00 -135 -0.70597E-01
15.00 -135 -0.12458
20.00 -135 -0.16121
25.00 -135 -0.15063
30.00 -135 -0.86128E-01
35.00 -135 0.10889E-01
40.00 -135 0.97464E-01
45.00 -135 0.13316
70.00 -135 0.29982
-65.00 -130 0.17743
-60.00 -130 0.35861E-01
-55.00 -130 -0.99739E-01
-50.00 -130 -0.15079
-45.00 -130 -0.10739
-40.00 -130 -0.42415E-01
-35.00 -130 -0.51346E-01
-30.00 -130 -0.17046
-25.00 -130 -0.34428
-20.00 -130 -0.46836
-15.00 -130 -0.46871
-10.00 -130 -0.35286
-5.00 -130 -0.19725
0.00 -130 -0.90107E-01
5.00 -130 -0.78452E-01
10.00 -130 -0.15268
15.00 -130 -0.26579
20.00 -130 -0.36248
25.00 -130 -0.39974
30.00 -130 -0.35839
35.00 -130 -0.25022
40.00 -130 -0.11636
45.00 -130 -0.80976E-02
50.00 -130 0.46161E-01
55.00 -130 0.63763E-01
60.00 -130 0.95526E-01
65.00 -130 0.18090
-45.00 -125 -0.13723
-40.00 -125 -0.15795E-01
-35.00 -125 0.38501E-01
-30.00 -125 -0.33197E-01
-25.00 -125 -0.18719
-20.00 -125 -0.31695
-15.00 -125 -0.33904
-10.00 -125 -0.25253
-5.00 -125 -0.12965
0.00 -125 -0.56335E-01
5.00 -125 -0.76434E-01
10.00 -125 -0.17744
15.00 -125 -0.31320
20.00 -125 -0.43324
25.00 -125 -0.49803
30.00 -125 -0.48386
35.00 -125 -0.38952
40.00 -125 -0.24344
45.00 -125 -0.95914E-01
-80.00 -120 0.26644
-75.00 -120 0.28730
-70.00 -120 0.28945
-65.00 -120 0.19299
-60.00 -120 0.31644E-02
-55.00 -120 -0.18105
-50.00 -120 -0.24513
-45.00 -120 -0.15653
-40.00 -120 0.56698E-02
-35.00 -120 0.11494
-30.00 -120 0.97957E-01
-25.00 -120 -0.14638E-01
-20.00 -120 -0.12534
-15.00 -120 -0.15521
-10.00 -120 -0.10180
-5.00 -120 -0.27241E-01
0.00 -120 0.74482E-03
5.00 -120 -0.42601E-01
10.00 -120 -0.13649
15.00 -120 -0.24485
20.00 -120 -0.34122
25.00 -120 -0.40834
30.00 -120 -0.42695
35.00 -120 -0.37892
40.00 -120 -0.26669
45.00 -120 -0.12452
50.00 -120 0.21106E-04
55.00 -120 0.82953E-01
60.00 -120 0.14264
65.00 -120 0.21669
70.00 -120 0.31640
75.00 -120 0.40397
80.00 -120 0.42609
-45.00 -115 -0.15937
-40.00 -115 0.11667E-01
-35.00 -115 0.14009
-30.00 -115 0.15050
-25.00 -115 0.67566E-01
-20.00 -115 -0.21868E-01
-15.00 -115 -0.50891E-01
-10.00 -115 -0.22219E-01
-5.00 -115 0.11618E-01
0.00 -115 0.68346E-02
5.00 -115 -0.35337E-01
10.00 -115 -0.84026E-01
15.00 -115 -0.11951
20.00 -115 -0.15137
25.00 -115 -0.19657
30.00 -115 -0.24660
35.00 -115 -0.26446
40.00 -115 -0.21809
45.00 -115 -0.11478
-65.00 -110 0.24574
-60.00 -110 0.59239E-01
-55.00 -110 -0.13062
-50.00 -110 -0.20786
-45.00 -110 -0.13778
-40.00 -110 0.51187E-02
-35.00 -110 0.10278
-30.00 -110 0.90890E-01
-25.00 -110 0.10283E-02
-20.00 -110 -0.83181E-01
-15.00 -110 -0.10648
-10.00 -110 -0.81932E-01
-5.00 -110 -0.60007E-01
0.00 -110 -0.67499E-01
5.00 -110 -0.81737E-01
10.00 -110 -0.63397E-01
15.00 -110 -0.84574E-02
20.00 -110 0.38849E-01
25.00 -110 0.27703E-01
30.00 -110 -0.45507E-01
35.00 -110 -0.12718
40.00 -110 -0.15174
45.00 -110 -0.97610E-01
50.00 -110 0.53798E-03
55.00 -110 0.92146E-01
60.00 -110 0.15926
65.00 -110 0.22272
-70.00 -105 0.34840
-45.00 -105 -0.81349E-01
-40.00 -105 0.87369E-02
-35.00 -105 0.37396E-01
-30.00 -105 -0.38590E-01
-25.00 -105 -0.16834
-20.00 -105 -0.26093
-15.00 -105 -0.26835
-10.00 -105 -0.21809
-5.00 -105 -0.17049
0.00 -105 -0.15082
5.00 -105 -0.12687
10.00 -105 -0.53167E-01
15.00 -105 0.67341E-01
20.00 -105 0.17057
25.00 -105 0.18419
30.00 -105 0.95591E-01
35.00 -105 -0.31617E-01
40.00 -105 -0.10908
45.00 -105 -0.93911E-01
70.00 -105 0.28462
-75.00 -100 0.32298
-65.00 -100 0.31853
-60.00 -100 0.18767
-55.00 -100 0.49128E-01
-50.00 -100 -0.10858E-01
-45.00 -100 0.17038E-01
-40.00 -100 0.54297E-01
-35.00 -100 0.81066E-02
-30.00 -100 -0.14012
-25.00 -100 -0.31459
-20.00 -100 -0.41096
-15.00 -100 -0.38485
-10.00 -100 -0.28079
-5.00 -100 -0.17960
0.00 -100 -0.12024
5.00 -100 -0.73118E-01
10.00 -100 0.12642E-01
15.00 -100 0.14033
20.00 -100 0.24738
25.00 -100 0.25801
30.00 -100 0.15589
35.00 -100 0.55438E-02
40.00 -100 -0.98023E-01
45.00 -100 -0.10354
50.00 -100 -0.33020E-01
55.00 -100 0.54819E-01
60.00 -100 0.12440
65.00 -100 0.18534
75.00 -100 0.33998
-45.00 -95 0.15238
-40.00 -95 0.16012
-35.00 -95 0.66853E-01
-30.00 -95 -0.12544
-25.00 -95 -0.32044
-20.00 -95 -0.40238
-15.00 -95 -0.32957
-10.00 -95 -0.16253
-5.00 -95 -0.50371E-02
0.00 -95 0.83507E-01
5.00 -95 0.12335
10.00 -95 0.17087
15.00 -95 0.24607
20.00 -95 0.30522
25.00 -95 0.28425
30.00 -95 0.16737
35.00 -95 0.11670E-01
40.00 -95 -0.96219E-01
45.00 -95 -0.10885
-80.00 -90 0.27755
-70.00 -90 0.37183
-65.00 -90 0.37275
-60.00 -90 0.31508
-55.00 -90 0.25770
-50.00 -90 0.25771
-45.00 -90 0.30285
-40.00 -90 0.31319
-35.00 -90 0.21572
-30.00 -90 0.22974E-01
-25.00 -90 -0.16078
-20.00 -90 -0.21684
-15.00 -90 -0.10624
-10.00 -90 0.10185
-5.00 -90 0.28972
0.00 -90 0.38261
5.00 -90 0.39133
10.00 -90 0.37590
15.00 -90 0.37403
20.00 -90 0.36595
25.00 -90 0.30510
30.00 -90 0.17773
35.00 -90 0.28558E-01
40.00 -90 -0.72731E-01
45.00 -90 -0.89216E-01
50.00 -90 -0.41554E-01
55.00 -90 0.21456E-01
60.00 -90 0.72605E-01
65.00 -90 0.12430
70.00 -90 0.19872
80.00 -90 0.34791
-85.00 -85 0.31336
-45.00 -85 0.43482
-40.00 -85 0.47040
-35.00 -85 0.40187
-30.00 -85 0.24041
-25.00 -85 0.83080E-01
-20.00 -85 0.41518E-01
-15.00 -85 0.15354
-10.00 -85 0.35434
-5.00 -85 0.53013
0.00 -85 0.60439
5.00 -85 0.58219
10.00 -85 0.52148
15.00 -85 0.46791
20.00 -85 0.41752
25.00 -85 0.33721
30.00 -85 0.21422
35.00 -85 0.80543E-01
40.00 -85 -0.11731E-01
45.00 -85 -0.36243E-01
85.00 -85 0.33400
-75.00 -80 0.29860
-65.00 -80 0.38329
-60.00 -80 0.37595
-55.00 -80 0.37541
-50.00 -80 0.42593
-45.00 -80 0.51676
-40.00 -80 0.58001
-35.00 -80 0.54914
-30.00 -80 0.42494
-25.00 -80 0.28576
-20.00 -80 0.22918
-15.00 -80 0.29507
-10.00 -80 0.43676
-5.00 -80 0.56289
0.00 -80 0.60964
5.00 -80 0.57996
10.00 -80 0.52169
15.00 -80 0.47341
20.00 -80 0.43216
25.00 -80 0.36932
30.00 -80 0.27135
35.00 -80 0.16074
40.00 -80 0.76859E-01
45.00 -80 0.39629E-01
50.00 -80 0.35168E-01
55.00 -80 0.37550E-01
60.00 -80 0.41290E-01
65.00 -80 0.67768E-01
75.00 -80 0.23420
-70.00 -75 0.33904
-45.00 -75 0.53434
-40.00 -75 0.60963
-35.00 -75 0.60340
-30.00 -75 0.50329
-25.00 -75 0.36457
-20.00 -75 0.26815
-15.00 -75 0.25804
-10.00 -75 0.31316
-5.00 -75 0.37467
0.00 -75 0.39960
5.00 -75 0.39068
10.00 -75 0.37968
15.00 -75 0.38672
20.00 -75 0.39808
25.00 -75 0.38216
30.00 -75 0.32381
35.00 -75 0.24039
40.00 -75 0.16470
45.00 -75 0.11466
70.00 -75 0.11043
-65.00 -70 0.36359
-60.00 -70 0.37587
-55.00 -70 0.38350
-50.00 -70 0.42295
-45.00 -70 0.49728
-40.00 -70 0.56237
-35.00 -70 0.56037
-30.00 -70 0.46951
-25.00 -70 0.32452
-20.00 -70 0.18985
-15.00 -70 0.11152
-10.00 -70 0.90738E-01
-5.00 -70 0.98684E-01
0.00 -70 0.11260
5.00 -70 0.13583
10.00 -70 0.18462
15.00 -70 0.25947
20.00 -70 0.33313
25.00 -70 0.36873
30.00 -70 0.34961
35.00 -70 0.29106
40.00 -70 0.22338
45.00 -70 0.16507
50.00 -70 0.11403
55.00 -70 0.64160E-01
60.00 -70 0.26464E-01
65.00 -70 0.28359E-01
-45.00 -65 0.43380
-40.00 -65 0.47165
-35.00 -65 0.45947
-30.00 -65 0.37367
-25.00 -65 0.23474
-20.00 -65 0.91659E-01
-15.00 -65 -0.14109E-01
-10.00 -65 -0.71339E-01
-5.00 -65 -0.91288E-01
0.00 -65 -0.83229E-01
5.00 -65 -0.41602E-01
10.00 -65 0.42160E-01
15.00 -65 0.15781
20.00 -65 0.27028
25.00 -65 0.33900
30.00 -65 0.34543
35.00 -65 0.30305
40.00 -65 0.24102
45.00 -65 0.17934
-80.00 -60 0.26063
-75.00 -60 0.25288
-70.00 -60 0.29762
-65.00 -60 0.35177
-60.00 -60 0.37904
-55.00 -60 0.37768
-50.00 -60 0.37121
-45.00 -60 0.37597
-40.00 -60 0.37993
-35.00 -60 0.35306
-30.00 -60 0.27721
-25.00 -60 0.16532
-20.00 -60 0.52029E-01
-15.00 -60 -0.33179E-01
-10.00 -60 -0.83418E-01
-5.00 -60 -0.10735
0.00 -60 -0.10879
5.00 -60 -0.77172E-01
10.00 -60 -0.27110E-03
15.00 -60 0.11411
20.00 -60 0.23166
25.00 -60 0.30987
30.00 -60 0.32587
35.00 -60 0.28883
40.00 -60 0.22675
45.00 -60 0.16240
50.00 -60 0.10217
55.00 -60 0.46348E-01
60.00 -60 0.60067E-02
65.00 -60 0.43729E-02
70.00 -60 0.57593E-01
75.00 -60 0.15225
80.00 -60 0.24660
-45.00 -55 0.34471
-40.00 -55 0.31640
-35.00 -55 0.27544
-30.00 -55 0.21293
-25.00 -55 0.13907
-20.00 -55 0.76534E-01
-15.00 -55 0.39491E-01
-10.00 -55 0.21535E-01
-5.00 -55 0.60834E-02
0.00 -55 -0.11326E-01
5.00 -55 -0.13015E-01
10.00 -55 0.25960E-01
15.00 -55 0.11082
20.00 -55 0.21417
25.00 -55 0.29104
30.00 -55 0.30962
35.00 -55 0.27084
40.00 -55 0.20137
45.00 -55 0.12968
-65.00 -50 0.37055
-60.00 -50 0.42703
-55.00 -50 0.43325
-50.00 -50 0.39686
-45.00 -50 0.34253
-40.00 -50 0.28695
-35.00 -50 0.23192
-30.00 -50 0.17699
-25.00 -50 0.13200
-20.00 -50 0.11203
-15.00 -50 0.11949
-10.00 -50 0.13476
-5.00 -50 0.12993
0.00 -50 0.95857E-01
5.00 -50 0.56045E-01
10.00 -50 0.50889E-01
15.00 -50 0.10313
20.00 -50 0.19474
25.00 -50 0.27652
30.00 -50 0.30294
35.00 -50 0.26271
40.00 -50 0.18099
45.00 -50 0.95522E-01
50.00 -50 0.30738E-01
55.00 -50 -0.82488E-02
60.00 -50 -0.22692E-01
65.00 -50 -0.74090E-02
-70.00 -45 0.29594
-45.00 -45 0.35637
-40.00 -45 0.27928
-35.00 -45 0.20950
-30.00 -45 0.15041
-25.00 -45 0.11129
-20.00 -45 0.10519
-15.00 -45 0.13166
-10.00 -45 0.16536
-5.00 -45 0.16932
0.00 -45 0.12637
5.00 -45 0.60256E-01
10.00 -45 0.22859E-01
15.00 -45 0.53839E-01
20.00 -45 0.14571
25.00 -45 0.24522
30.00 -45 0.29104
35.00 -45 0.25673
40.00 -45 0.16472
45.00 -45 0.63576E-01
70.00 -45 0.45047E-01
-75.00 -40 0.24682
-65.00 -40 0.40491
-60.00 -40 0.48910
-55.00 -40 0.50650
-50.00 -40 0.45494
-45.00 -40 0.36680
-40.00 -40 0.27556
-35.00 -40 0.19478
-30.00 -40 0.12480
-25.00 -40 0.71360E-01
-20.00 -40 0.49452E-01
-15.00 -40 0.65540E-01
-10.00 -40 0.99037E-01
-5.00 -40 0.10908
0.00 -40 0.67814E-01
5.00 -40 -0.88631E-02
10.00 -40 -0.65368E-01
15.00 -40 -0.48165E-01
20.00 -40 0.48055E-01
25.00 -40 0.17029
30.00 -40 0.24389
35.00 -40 0.22637
40.00 -40 0.13446
45.00 -40 0.25230E-01
50.00 -40 -0.48340E-01
55.00 -40 -0.68471E-01
60.00 -40 -0.48777E-01
65.00 -40 -0.80301E-02
75.00 -40 0.12256
-45.00 -35 0.35727
-40.00 -35 0.26222
-35.00 -35 0.18276
-30.00 -35 0.10884
-25.00 -35 0.36796E-01
-20.00 -35 -0.16768E-01
-15.00 -35 -0.32229E-01
-10.00 -35 -0.15983E-01
-5.00 -35 -0.59351E-02
0.00 -35 -0.40741E-01
5.00 -35 -0.11903
10.00 -35 -0.19005
15.00 -35 -0.19075
20.00 -35 -0.10053
25.00 -35 0.35150E-01
30.00 -35 0.13529
35.00 -35 0.14352
40.00 -35 0.67564E-01
45.00 -35 -0.33054E-01
-85.00 -30 0.36070
-80.00 -30 0.28707
-70.00 -30 0.31433
-65.00 -30 0.42140
-60.00 -30 0.50416
-55.00 -30 0.50485
-50.00 -30 0.42614
-45.00 -30 0.31886
-40.00 -30 0.23153
-35.00 -30 0.17157
-30.00 -30 0.11250
-25.00 -30 0.33723E-01
-20.00 -30 -0.51535E-01
-15.00 -30 -0.10970
-10.00 -30 -0.12640
-5.00 -30 -0.12816
0.00 -30 -0.15978
5.00 -30 -0.23685
10.00 -30 -0.32103
15.00 -30 -0.34682
20.00 -30 -0.27911
25.00 -30 -0.14922
30.00 -30 -0.34771E-01
35.00 -30 0.45024E-03
40.00 -30 -0.45674E-01
45.00 -30 -0.11820
50.00 -30 -0.15412
55.00 -30 -0.12966
60.00 -30 -0.66377E-01
65.00 -30 0.15086E-02
70.00 -30 0.61248E-01
80.00 -30 0.19463
85.00 -30 0.25948
-45.00 -25 0.25038
-40.00 -25 0.17772
-35.00 -25 0.15146
-30.00 -25 0.12608
-25.00 -25 0.58061E-01
-20.00 -25 -0.49911E-01
-15.00 -25 -0.15405
-10.00 -25 -0.21608
-5.00 -25 -0.24224
0.00 -25 -0.27458
5.00 -25 -0.34344
10.00 -25 -0.42963
15.00 -25 -0.47614
20.00 -25 -0.44032
25.00 -25 -0.33679
30.00 -25 -0.22929
35.00 -25 -0.17802
40.00 -25 -0.19090
45.00 -25 -0.22225
-75.00 -20 0.27531
-65.00 -20 0.40365
-60.00 -20 0.45362
-55.00 -20 0.40866
-50.00 -20 0.28427
-45.00 -20 0.15644
-40.00 -20 0.94328E-01
-35.00 -20 0.10087
-30.00 -20 0.11467
-25.00 -20 0.68654E-01
-20.00 -20 -0.50244E-01
-15.00 -20 -0.19420
-10.00 -20 -0.30232
-5.00 -20 -0.35451
0.00 -20 -0.38077
5.00 -20 -0.42162
10.00 -20 -0.48259
15.00 -20 -0.52849
20.00 -20 -0.52108
25.00 -20 -0.46021
30.00 -20 -0.38630
35.00 -20 -0.34220
40.00 -20 -0.33285
45.00 -20 -0.32276
50.00 -20 -0.27234
55.00 -20 -0.17621
60.00 -20 -0.66124E-01
65.00 -20 0.21704E-01
75.00 -20 0.12934
-70.00 -15 0.31501
-45.00 -15 0.46227E-01
-40.00 -15 -0.22927E-01
-35.00 -15 -0.42371E-02
-30.00 -15 0.34759E-01
-25.00 -15 0.10732E-01
-20.00 -15 -0.10554
-15.00 -15 -0.26918
-10.00 -15 -0.40375
-5.00 -15 -0.46381
0.00 -15 -0.46237
5.00 -15 -0.44569
10.00 -15 -0.44694
15.00 -15 -0.46349
20.00 -15 -0.47335
25.00 -15 -0.46576
30.00 -15 -0.45119
35.00 -15 -0.44249
40.00 -15 -0.43184
45.00 -15 -0.39203
70.00 -15 0.90481E-01
-65.00 -10 0.36405
-60.00 -10 0.37718
-55.00 -10 0.28968
-50.00 -10 0.11458
-45.00 -10 -0.66753E-01
-40.00 -10 -0.16937
-35.00 -10 -0.17345
-30.00 -10 -0.13790
-25.00 -10 -0.14840
-20.00 -10 -0.24593
-15.00 -10 -0.39573
-10.00 -10 -0.51858
-5.00 -10 -0.55316
0.00 -10 -0.49709
5.00 -10 -0.39890
10.00 -10 -0.31718
15.00 -10 -0.28484
20.00 -10 -0.30219
25.00 -10 -0.35149
30.00 -10 -0.41098
35.00 -10 -0.45709
40.00 -10 -0.46350
45.00 -10 -0.40966
50.00 -10 -0.29706
55.00 -10 -0.15594
60.00 -10 -0.29748E-01
65.00 -10 0.53940E-01
-45.00 -5 -0.16566
-40.00 -5 -0.32680
-35.00 -5 -0.38939
-30.00 -5 -0.38835
-25.00 -5 -0.39611
-20.00 -5 -0.45913
-15.00 -5 -0.55962
-10.00 -5 -0.63091
-5.00 -5 -0.61022
0.00 -5 -0.48568
5.00 -5 -0.30445
10.00 -5 -0.14232
15.00 -5 -0.61087E-01
20.00 -5 -0.81277E-01
25.00 -5 -0.18000
30.00 -5 -0.30656
35.00 -5 -0.40406
40.00 -5 -0.42993
45.00 -5 -0.37128
90.00 0.00 0.28533
-90.00 0.00 0.40388
