-85.00 0.00 0.39041
-80.00 0.00 0.30400
-75.00 0.00 0.19290
-70.00 0.00 0.11110
-65.00 0.00 0.88273E-01
-60.00 0.00 0.94998E-01
-55.00 0.00 0.61002E-01
-50.00 0.00 -0.69368E-01
-45.00 0.00 -0.28985
-40.00 0.00 -0.53452
-35.00 0.00 -0.72771
-30.00 0.00 -0.83826
-25.00 0.00 -0.89201
-20.00 0.00 -0.93534
-15.00 0.00 -0.98578
-10.00 0.00 -1.0156
-5.00 0.00 -0.98180
0.00 0.00 -0.87242
5.00 0.00 -0.72650
10.00 0.00 -0.60817
15.00 0.00 -0.55830
20.00 0.00 -0.56465
25.00 0.00 -0.57402
30.00 0.00 -0.53321
35.00 0.00 -0.42455
40.00 0.00 -0.27128
45.00 0.00 -0.11530
50.00 0.00 0.10063E-01
55.00 0.00 0.93172E-01
60.00 0.00 0.14099
65.00 0.00 0.16993
70.00 0.00 0.19891
75.00 0.00 0.24479
80.00 0.00 0.31206
85.00 0.00 0.38900
-45.00 5.00 -0.39184
-40.00 5.00 -0.67443
-35.00 5.00 -0.90063
-30.00 5.00 -1.0185
-25.00 5.00 -1.0439
-20.00 5.00 -1.0340
-15.00 5.00 -1.0316
-10.00 5.00 -1.0288
-5.00 5.00 -0.98101
0.00 5.00 -0.85587
5.00 5.00 -0.67240
10.00 5.00 -0.49500
15.00 5.00 -0.38723
20.00 5.00 -0.36448
25.00 5.00 -0.38391
30.00 5.00 -0.37790
35.00 5.00 -0.30263
40.00 5.00 -0.16438
45.00 5.00 -0.81585E-02
-65.00 10.00 0.49177E-01
-60.00 10.00 0.33371E-01
-55.00 10.00 -0.19305E-01
-50.00 10.00 -0.17737
-45.00 10.00 -0.44648
-40.00 10.00 -0.75333
-35.00 10.00 -0.99111
-30.00 10.00 -1.0931
-25.00 10.00 -1.0758
-20.00 10.00 -1.0168
-15.00 10.00 -0.98668
-10.00 10.00 -0.99291
-5.00 10.00 -0.98111
0.00 10.00 -0.89090
5.00 10.00 -0.71578
10.00 10.00 -0.51522
15.00 10.00 -0.36927
20.00 10.00 -0.31528
25.00 10.00 -0.32012
30.00 10.00 -0.30920
35.00 10.00 -0.22583
40.00 10.00 -0.72007E-01
45.00 10.00 0.98889E-01
50.00 10.00 0.22564
55.00 10.00 0.28083
60.00 10.00 0.28058
65.00 10.00 0.26287
-70.00 15.00 0.11182
-45.00 15.00 -0.44271
-40.00 15.00 -0.75571
-35.00 15.00 -0.98301
-30.00 15.00 -1.0516
-25.00 15.00 -0.98810
-20.00 15.00 -0.89406
-15.00 15.00 -0.86388
-10.00 15.00 -0.91167
-5.00 15.00 -0.96718
0.00 15.00 -0.94169
5.00 15.00 -0.80584
10.00 15.00 -0.61350
15.00 15.00 -0.45402
20.00 15.00 -0.37698
25.00 15.00 -0.35460
30.00 15.00 -0.31121
35.00 15.00 -0.19063
40.00 15.00 -0.25670E-02
45.00 15.00 0.18806
70.00 15.00 0.28951
-75.00 20.00 0.23688
-65.00 20.00 0.93937E-01
-60.00 20.00 0.90856E-01
-55.00 20.00 0.47909E-01
-50.00 20.00 -0.11102
-45.00 20.00 -0.38794
-40.00 20.00 -0.69111
-35.00 20.00 -0.89208
-30.00 20.00 -0.91972
-25.00 20.00 -0.81547
-20.00 20.00 -0.70173
-15.00 20.00 -0.68643
-10.00 20.00 -0.78121
-5.00 20.00 -0.89943
0.00 20.00 -0.93286
5.00 20.00 -0.84008
10.00 20.00 -0.67283
15.00 20.00 -0.52266
20.00 20.00 -0.43972
25.00 20.00 -0.39511
30.00 20.00 -0.31598
35.00 20.00 -0.15685
40.00 20.00 0.57722E-01
45.00 20.00 0.25340
50.00 20.00 0.36612
55.00 20.00 0.38691
60.00 20.00 0.35694
65.00 20.00 0.32597
75.00 20.00 0.32536
-45.00 25.00 -0.30570
-40.00 25.00 -0.58905
-35.00 25.00 -0.75635
-30.00 25.00 -0.74391
-25.00 25.00 -0.60771
-20.00 25.00 -0.48228
-15.00 25.00 -0.47747
-10.00 25.00 -0.59697
-5.00 25.00 -0.74418
0.00 25.00 -0.80651
5.00 25.00 -0.74397
10.00 25.00 -0.60869
15.00 25.00 -0.48582
20.00 25.00 -0.41459
25.00 25.00 -0.36057
30.00 25.00 -0.25880
35.00 25.00 -0.82441E-01
40.00 25.00 0.12755
45.00 25.00 0.29573
-80.00 30.00 0.38913
-70.00 30.00 0.20521
-65.00 30.00 0.18696
-60.00 30.00 0.20631
-55.00 30.00 0.17832
-50.00 30.00 0.29822E-01
-45.00 30.00 -0.22724
-40.00 30.00 -0.48644
-35.00 30.00 -0.61848
-30.00 30.00 -0.56997
-25.00 30.00 -0.40759
-20.00 30.00 -0.26829
-15.00 30.00 -0.25526
-10.00 30.00 -0.36488
-5.00 30.00 -0.50225
0.00 30.00 -0.56600
5.00 30.00 -0.52622
10.00 30.00 -0.43151
15.00 30.00 -0.34857
20.00 30.00 -0.29652
25.00 30.00 -0.23683
30.00 30.00 -0.12248
35.00 30.00 0.46121E-01
40.00 30.00 0.21354
45.00 30.00 0.31606
50.00 30.00 0.33601
55.00 30.00 0.31234
60.00 30.00 0.30038
65.00 30.00 0.32243
70.00 30.00 0.35695
80.00 30.00 0.36749
-45.00 35.00 -0.18099
-40.00 35.00 -0.41383
-35.00 35.00 -0.50948
-30.00 35.00 -0.42641
-25.00 35.00 -0.23782
-20.00 35.00 -0.75841E-01
-15.00 35.00 -0.33571E-01
-10.00 35.00 -0.10577
-5.00 35.00 -0.21191
0.00 35.00 -0.27249
5.00 35.00 -0.26751
10.00 35.00 -0.23043
15.00 35.00 -0.19507
20.00 35.00 -0.15482
25.00 35.00 -0.74966E-01
30.00 35.00 0.58469E-01
35.00 35.00 0.20754
40.00 35.00 0.30520
45.00 35.00 0.31307
-75.00 40.00 0.34263
-65.00 40.00 0.25734
-60.00 40.00 0.26417
-55.00 40.00 0.21420
-50.00 40.00 0.53597E-01
-45.00 40.00 -0.18394
-40.00 40.00 -0.38608
-35.00 40.00 -0.44048
-30.00 40.00 -0.31957
-25.00 40.00 -0.10101
-20.00 40.00 0.91546E-01
-15.00 40.00 0.17494
-10.00 40.00 0.14965
-5.00 40.00 0.72872E-01
0.00 40.00 -0.16121E-02
5.00 40.00 -0.57287E-01
10.00 40.00 -0.98306E-01
15.00 40.00 -0.11325
20.00 40.00 -0.68236E-01
25.00 40.00 0.57193E-01
30.00 40.00 0.22899
35.00 40.00 0.36286
40.00 40.00 0.38266
45.00 40.00 0.28561
50.00 40.00 0.15304
55.00 40.00 0.90500E-01
60.00 40.00 0.14570
65.00 40.00 0.27451
75.00 40.00 0.41565
-70.00 45.00 0.29682
-45.00 45.00 -0.23754
-40.00 45.00 -0.40027
-35.00 45.00 -0.40418
-30.00 45.00 -0.23954
-25.00 45.00 0.11005E-01
-20.00 45.00 0.23354
-15.00 45.00 0.35511
-10.00 45.00 0.36945
-5.00 45.00 0.30821
0.00 45.00 0.20065
5.00 45.00 0.65696E-01
10.00 45.00 -0.63722E-01
15.00 45.00 -0.12645
20.00 45.00 -0.63254E-01
25.00 45.00 0.12518
30.00 45.00 0.35015
35.00 45.00 0.47901
40.00 45.00 0.42917
45.00 45.00 0.23702
70.00 45.00 0.40062
-65.00 50.00 0.25290
-60.00 50.00 0.19038
-55.00 50.00 0.69961E-01
-50.00 50.00 -0.12341
-45.00 50.00 -0.32871
-40.00 50.00 -0.44001
-35.00 50.00 -0.38295
-30.00 50.00 -0.17086
-25.00 50.00 0.10641
-20.00 50.00 0.34589
-15.00 50.00 0.48860
-10.00 50.00 0.52656
-5.00 50.00 0.47098
0.00 50.00 0.32963
5.00 50.00 0.12318
10.00 50.00 -0.83341E-01
15.00 50.00 -0.18592
20.00 50.00 -0.10447
25.00 50.00 0.14064
30.00 50.00 0.41342
35.00 50.00 0.54132
40.00 50.00 0.43892
45.00 50.00 0.17729
50.00 50.00 -0.63106E-01
55.00 50.00 -0.12386
60.00 50.00 0.19375E-01
65.00 50.00 0.25222
-85.00 55.00 0.49163
-45.00 55.00 -0.43457
-40.00 55.00 -0.48276
-35.00 55.00 -0.35803
-30.00 55.00 -0.10146
-25.00 55.00 0.18810
-20.00 55.00 0.42088
-15.00 55.00 0.55892
-10.00 55.00 0.60320
-5.00 55.00 0.55437
0.00 55.00 0.40179
5.00 55.00 0.15979
10.00 55.00 -0.91423E-01
15.00 55.00 -0.22181
20.00 55.00 -0.13636
25.00 55.00 0.13482
30.00 55.00 0.42867
35.00 55.00 0.55070
40.00 55.00 0.41687
45.00 55.00 0.12145
85.00 55.00 0.37514
-80.00 60.00 0.50434
-75.00 60.00 0.43223
-70.00 60.00 0.31635
-65.00 60.00 0.18028
-60.00 60.00 0.15960E-01
-55.00 60.00 -0.18664
-50.00 60.00 -0.39522
-45.00 60.00 -0.52875
-40.00 60.00 -0.50715
-35.00 60.00 -0.31622
-30.00 60.00 -0.26329E-01
-25.00 60.00 0.25512
-20.00 60.00 0.45452
-15.00 60.00 0.56173
-10.00 60.00 0.59751
-5.00 60.00 0.56265
0.00 60.00 0.43101
5.00 60.00 0.20013
10.00 60.00 -0.55827E-01
15.00 60.00 -0.20132
20.00 60.00 -0.13255
25.00 60.00 0.12439
30.00 60.00 0.40523
35.00 60.00 0.51506
40.00 60.00 0.37465
45.00 60.00 0.85753E-01
50.00 60.00 -0.14321
55.00 60.00 -0.15379
60.00 60.00 0.49512E-01
65.00 60.00 0.31768
70.00 60.00 0.48363
75.00 60.00 0.48960
80.00 60.00 0.40966
-45.00 65.00 -0.58745
-40.00 65.00 -0.49786
-35.00 65.00 -0.25241
-30.00 65.00 0.53099E-01
-25.00 65.00 0.30688
-20.00 65.00 0.45375
-15.00 65.00 0.51342
-10.00 65.00 0.53115
-5.00 65.00 0.51465
0.00 65.00 0.42583
5.00 65.00 0.23948
10.00 65.00 0.81717E-02
15.00 65.00 -0.14350
20.00 65.00 -0.10836
25.00 65.00 0.10296
30.00 65.00 0.34702
35.00 65.00 0.44626
40.00 65.00 0.32748
45.00 65.00 0.83974E-01
-65.00 70.00 0.99190E-01
-60.00 70.00 -0.14627
-55.00 70.00 -0.38822
-50.00 70.00 -0.56243
-45.00 70.00 -0.59410
-40.00 70.00 -0.44793
-35.00 70.00 -0.16908
-30.00 70.00 0.13122
-25.00 70.00 0.34489
-20.00 70.00 0.43603
-15.00 70.00 0.44899
-10.00 70.00 0.44827
-5.00 70.00 0.44849
0.00 70.00 0.40364
5.00 70.00 0.26826
10.00 70.00 0.69861E-01
15.00 70.00 -0.85372E-01
20.00 70.00 -0.91008E-01
25.00 70.00 0.62590E-01
30.00 70.00 0.26451
35.00 70.00 0.36418
40.00 70.00 0.29352
45.00 70.00 0.12502
50.00 70.00 0.12996E-01
55.00 70.00 0.66600E-01
60.00 70.00 0.26229
65.00 70.00 0.46843
-70.00 75.00 0.31568
-45.00 75.00 -0.54224
-40.00 75.00 -0.35890
-35.00 75.00 -0.74104E-01
-30.00 75.00 0.20008
-25.00 75.00 0.37031
-20.00 75.00 0.41970
-15.00 75.00 0.40589
-10.00 75.00 0.39865
-5.00 75.00 0.41247
0.00 75.00 0.39709
5.00 75.00 0.29667
10.00 75.00 0.12160
15.00 75.00 -0.38811E-01
20.00 75.00 -0.82019E-01
25.00 75.00 0.19155E-01
30.00 75.00 0.18684
35.00 75.00 0.29921
40.00 75.00 0.29193
45.00 75.00 0.21085
70.00 75.00 0.58582
-75.00 80.00 0.50534
-65.00 80.00 0.77267E-01
-60.00 80.00 -0.18921
-55.00 80.00 -0.40157
-50.00 80.00 -0.49598
-45.00 80.00 -0.43658
-40.00 80.00 -0.23969
-35.00 80.00 0.21970E-01
-30.00 80.00 0.25108
-25.00 80.00 0.38056
-20.00 80.00 0.41188
-15.00 80.00 0.40276
-10.00 80.00 0.41066
-5.00 80.00 0.43929
0.00 80.00 0.43664
5.00 80.00 0.34907
10.00 80.00 0.18343
15.00 80.00 0.18317E-01
20.00 80.00 -0.50910E-01
25.00 80.00 0.12179E-01
30.00 80.00 0.15563
35.00 80.00 0.28357
40.00 80.00 0.33610
45.00 80.00 0.33403
50.00 80.00 0.34943
55.00 80.00 0.43049
60.00 80.00 0.55047
65.00 80.00 0.62814
75.00 80.00 0.48724
-45.00 85.00 -0.29229
-40.00 85.00 -0.10474
-35.00 85.00 0.10861
-30.00 85.00 0.27749
-25.00 85.00 0.36981
-20.00 85.00 0.40453
-15.00 85.00 0.42873
-10.00 85.00 0.47317
-5.00 85.00 0.52156
0.00 85.00 0.52181
5.00 85.00 0.43334
10.00 85.00 0.27180
15.00 85.00 0.11057
20.00 85.00 0.33385E-01
25.00 85.00 0.75071E-01
30.00 85.00 0.19950
35.00 85.00 0.33310
40.00 85.00 0.42410
45.00 85.00 0.47591
-80.00 90.00 0.60190
-70.00 90.00 0.38698
-65.00 90.00 0.14399
-60.00 90.00 -0.88772E-01
-55.00 90.00 -0.22941
-50.00 90.00 -0.23807
-45.00 90.00 -0.13228
-40.00 90.00 0.28306E-01
-35.00 90.00 0.17752
-30.00 90.00 0.27778
-25.00 90.00 0.33466
-20.00 90.00 0.38289
-15.00 90.00 0.45320
-10.00 90.00 0.54296
-5.00 90.00 0.61239
0.00 90.00 0.61147
5.00 90.00 0.51956
10.00 90.00 0.36825
15.00 90.00 0.22778
20.00 90.00 0.16479
25.00 90.00 0.20191
30.00 90.00 0.30921
35.00 90.00 0.43246
40.00 90.00 0.53337
45.00 90.00 0.60838
50.00 90.00 0.67262
55.00 90.00 0.72782
60.00 90.00 0.74769
65.00 90.00 0.69808
70.00 90.00 0.57582
80.00 90.00 0.33377
-45.00 95.00 0.17315E-01
-40.00 95.00 0.14156
-35.00 95.00 0.22395
-30.00 95.00 0.25744
-25.00 95.00 0.28063
-20.00 95.00 0.34014
-15.00 95.00 0.44957
-10.00 95.00 0.57491
-5.00 95.00 0.65621
0.00 95.00 0.64892
5.00 95.00 0.55528
10.00 95.00 0.42446
15.00 95.00 0.32261
20.00 95.00 0.29452
25.00 95.00 0.34288
30.00 95.00 0.43658
35.00 95.00 0.53804
40.00 95.00 0.62668
45.00 95.00 0.70123
-75.00 100.00 0.61428
-65.00 100.00 0.27911
-60.00 100.00 0.92310E-01
-55.00 100.00 0.39918E-02
-50.00 100.00 0.34410E-01
-45.00 100.00 0.13322
-40.00 100.00 0.22051
-35.00 100.00 0.24708
-30.00 100.00 0.22781
-25.00 100.00 0.22320
-20.00 100.00 0.28577
-15.00 100.00 0.41441
-10.00 100.00 0.55212
-5.00 100.00 0.62713
0.00 100.00 0.60430
5.00 100.00 0.50812
10.00 100.00 0.40288
15.00 100.00 0.34857
20.00 100.00 0.36644
25.00 100.00 0.43649
30.00 100.00 0.52252
35.00 100.00 0.60071
40.00 100.00 0.66902
45.00 100.00 0.73349
50.00 100.00 0.78745
55.00 100.00 0.80459
60.00 100.00 0.75465
65.00 100.00 0.63110
75.00 100.00 0.33162
-70.00 105.00 0.53946
-45.00 105.00 0.20121
-40.00 105.00 0.25798
-35.00 105.00 0.25006
-30.00 105.00 0.20196
-25.00 105.00 0.18162
-20.00 105.00 0.24027
-15.00 105.00 0.36645
-10.00 105.00 0.49180
-5.00 105.00 0.54302
0.00 105.00 0.49713
5.00 105.00 0.39653
10.00 105.00 0.31485
15.00 105.00 0.30386
20.00 105.00 0.36346
25.00 105.00 0.45414
30.00 105.00 0.53531
35.00 105.00 0.59467
40.00 105.00 0.64621
45.00 105.00 0.70319
70.00 105.00 0.39205
-85.00 110.00 0.54355
-65.00 110.00 0.43801
-60.00 110.00 0.27160
-55.00 110.00 0.17343
-50.00 110.00 0.16954
-45.00 110.00 0.22049
-40.00 110.00 0.25730
-35.00 110.00 0.24017
-30.00 110.00 0.19062
-25.00 110.00 0.16964
-20.00 110.00 0.22081
-15.00 110.00 0.32789
-10.00 110.00 0.42375
-5.00 110.00 0.44354
0.00 110.00 0.37711
5.00 110.00 0.27710
10.00 110.00 0.21748
15.00 110.00 0.23858
20.00 110.00 0.32333
25.00 110.00 0.42049
30.00 110.00 0.49040
35.00 110.00 0.53249
40.00 110.00 0.57325
45.00 110.00 0.62961
50.00 110.00 0.68296
55.00 110.00 0.68846
60.00 110.00 0.61233
65.00 110.00 0.46620
85.00 110.00 0.32642
-45.00 115.00 0.20411
-40.00 115.00 0.23250
-35.00 115.00 0.22857
-30.00 115.00 0.20021
-25.00 115.00 0.19013
-20.00 115.00 0.23018
-15.00 115.00 0.30546
-10.00 115.00 0.36201
-5.00 115.00 0.35251
0.00 115.00 0.27944
5.00 115.00 0.19670
10.00 115.00 0.16751
15.00 115.00 0.21511
20.00 115.00 0.30825
25.00 115.00 0.39232
30.00 115.00 0.43661
35.00 115.00 0.45548
40.00 115.00 0.48617
45.00 115.00 0.54528
-80.00 120.00 0.65303
-75.00 120.00 0.72182
-70.00 120.00 0.70068
-65.00 120.00 0.58356
-60.00 120.00 0.41356
-55.00 120.00 0.26161
-50.00 120.00 0.18073
-45.00 120.00 0.17442
-40.00 120.00 0.20417
-35.00 120.00 0.22761
-30.00 120.00 0.23232
-25.00 120.00 0.23610
-20.00 120.00 0.25742
-15.00 120.00 0.28783
-10.00 120.00 0.29583
-5.00 120.00 0.25935
0.00 120.00 0.19470
5.00 120.00 0.15100
10.00 120.00 0.17123
15.00 120.00 0.25411
20.00 120.00 0.35267
25.00 120.00 0.41297
30.00 120.00 0.41952
35.00 120.00 0.40621
40.00 120.00 0.42203
45.00 120.00 0.48151
50.00 120.00 0.54470
55.00 120.00 0.54646
60.00 120.00 0.45216
65.00 120.00 0.29334
70.00 120.00 0.15260
75.00 120.00 0.10896
80.00 120.00 0.18229
-45.00 125.00 0.15456
-40.00 125.00 0.19119
-35.00 125.00 0.24507
-30.00 125.00 0.28205
-25.00 125.00 0.29420
-20.00 125.00 0.28669
-15.00 125.00 0.25930
-10.00 125.00 0.20644
-5.00 125.00 0.13571
0.00 125.00 0.80932E-01
5.00 125.00 0.87373E-01
10.00 125.00 0.17508
15.00 125.00 0.31302
20.00 125.00 0.43309
25.00 125.00 0.47892
30.00 125.00 0.45029
35.00 125.00 0.40283
40.00 125.00 0.39979
45.00 125.00 0.45502
-65.00 130.00 0.69454
-60.00 130.00 0.52811
-55.00 130.00 0.33743
-50.00 130.00 0.20036
-45.00 130.00 0.15950
-40.00 130.00 0.20181
-35.00 130.00 0.27706
-30.00 130.00 0.33428
-25.00 130.00 0.34521
-20.00 130.00 0.30345
-15.00 130.00 0.21367
-10.00 130.00 0.90870E-01
-5.00 130.00 -0.29873E-01
0.00 130.00 -0.93241E-01
5.00 130.00 -0.49260E-01
10.00 130.00 0.10698
15.00 130.00 0.31657
20.00 130.00 0.48503
25.00 130.00 0.54450
30.00 130.00 0.50219
35.00 130.00 0.43227
40.00 130.00 0.41352
45.00 130.00 0.46262
50.00 130.00 0.51961
55.00 130.00 0.49973
60.00 130.00 0.36916
65.00 130.00 0.18128
-70.00 135.00 0.78801
-45.00 135.00 0.19088
-40.00 135.00 0.22940
-35.00 135.00 0.30546
-30.00 135.00 0.36200
-25.00 135.00 0.36212
-20.00 135.00 0.29187
-15.00 135.00 0.15338
-10.00 135.00 -0.32137E-01
-5.00 135.00 -0.21356
0.00 135.00 -0.31406
5.00 135.00 -0.26685
10.00 135.00 -0.65340E-01
15.00 135.00 0.21501
20.00 135.00 0.45312
25.00 135.00 0.55941
30.00 135.00 0.53540
35.00 135.00 0.46491
40.00 135.00 0.44071
45.00 135.00 0.48609
70.00 135.00 0.10762E-01
-75.00 140.00 0.72855
-65.00 140.00 0.75426
-60.00 140.00 0.61847
-55.00 140.00 0.43966
-50.00 140.00 0.29682
-45.00 140.00 0.23840
-40.00 140.00 0.25656
-35.00 140.00 0.30444
-30.00 140.00 0.33311
-25.00 140.00 0.31313
-20.00 140.00 0.23020
-15.00 140.00 0.76180E-01
-10.00 140.00 -0.14070
-5.00 140.00 -0.37245
0.00 140.00 -0.52813
5.00 140.00 -0.51539
10.00 140.00 -0.30689
15.00 140.00 0.23089E-01
20.00 140.00 0.33374
25.00 140.00 0.50786
30.00 140.00 0.52840
35.00 140.00 0.47765
40.00 140.00 0.45831
45.00 140.00 0.50321
50.00 140.00 0.55146
55.00 140.00 0.51054
60.00 140.00 0.34862
65.00 140.00 0.13511
75.00 140.00 0.66535E-02
-45.00 145.00 0.28687
-40.00 145.00 0.26626
-35.00 145.00 0.25565
-30.00 145.00 0.22741
-25.00 145.00 0.17583
-20.00 145.00 0.96201E-01
-15.00 145.00 -0.33276E-01
-10.00 145.00 -0.23355
-5.00 145.00 -0.48039
0.00 145.00 -0.68274
5.00 145.00 -0.72277
10.00 145.00 -0.53989
15.00 145.00 -0.19026
20.00 145.00 0.17713
25.00 145.00 0.41864
30.00 145.00 0.49150
35.00 145.00 0.46752
40.00 145.00 0.45489
45.00 145.00 0.49796
-80.00 150.00 0.57560
-70.00 150.00 0.75126
-65.00 150.00 0.74681
-60.00 150.00 0.65708
-55.00 150.00 0.52550
-50.00 150.00 0.40777
-45.00 150.00 0.32469
-40.00 150.00 0.25343
-35.00 150.00 0.16344
-30.00 150.00 0.55271E-01
-25.00 150.00 -0.42198E-01
-20.00 150.00 -0.11421
-15.00 150.00 -0.19269
-10.00 150.00 -0.33351
-5.00 150.00 -0.54964
0.00 150.00 -0.76498
5.00 150.00 -0.84584
10.00 150.00 -0.69812
15.00 150.00 -0.35115
20.00 150.00 0.49178E-01
25.00 150.00 0.34005
30.00 150.00 0.45352
35.00 150.00 0.44724
40.00 150.00 0.43202
45.00 150.00 0.46496
50.00 150.00 0.50475
55.00 150.00 0.46542
60.00 150.00 0.31365
65.00 150.00 0.11657
70.00 150.00 -0.46621E-02
80.00 150.00 0.18432
-45.00 155.00 0.34834
-40.00 155.00 0.22864
-35.00 155.00 0.57941E-01
-30.00 155.00 -0.13731
-25.00 155.00 -0.29298
-20.00 155.00 -0.36923
-15.00 155.00 -0.39891
-10.00 155.00 -0.46520
-5.00 155.00 -0.61825
0.00 155.00 -0.80644
5.00 155.00 -0.89486
10.00 155.00 -0.76751
15.00 155.00 -0.42919
20.00 155.00 -0.15798E-01
25.00 155.00 0.30075
30.00 155.00 0.43401
35.00 155.00 0.42860
40.00 155.00 0.39641
45.00 155.00 0.40754
-75.00 160.00 0.59783
-65.00 160.00 0.67220
-60.00 160.00 0.62048
-55.00 160.00 0.53813
-50.00 160.00 0.45513
-45.00 160.00 0.36047
-40.00 160.00 0.20998
-35.00 160.00 -0.19845E-01
-30.00 160.00 -0.28735
-25.00 160.00 -0.50353
-20.00 160.00 -0.60521
-15.00 160.00 -0.61563
-10.00 160.00 -0.62774
-5.00 160.00 -0.71558
0.00 160.00 -0.85225
5.00 160.00 -0.91531
10.00 160.00 -0.78445
15.00 160.00 -0.45004
20.00 160.00 -0.35814E-01
25.00 160.00 0.28744
30.00 160.00 0.42409
35.00 160.00 0.40842
40.00 160.00 0.35107
45.00 160.00 0.33306
50.00 160.00 0.34513
55.00 160.00 0.32110
60.00 160.00 0.22401
65.00 160.00 0.97473E-01
75.00 160.00 0.90857E-01
-85.00 165.00 0.45064
-70.00 165.00 0.60621
-45.00 165.00 0.36341
-40.00 165.00 0.20792
-35.00 165.00 -0.44298E-01
-30.00 165.00 -0.35071
-25.00 165.00 -0.61479
-20.00 165.00 -0.75892
-15.00 165.00 -0.78965
-10.00 165.00 -0.78993
-5.00 165.00 -0.83786
0.00 165.00 -0.92409
5.00 165.00 -0.94738
10.00 165.00 -0.79954
15.00 165.00 -0.46782
20.00 165.00 -0.62846E-01
25.00 165.00 0.25536
30.00 165.00 0.39090
35.00 165.00 0.36894
40.00 165.00 0.29325
45.00 165.00 0.24992
70.00 165.00 0.65002E-01
85.00 165.00 0.40270
-65.00 170.00 0.55939
-60.00 170.00 0.52878
-55.00 170.00 0.47772
-50.00 170.00 0.42543
-45.00 170.00 0.35387
-40.00 170.00 0.21399
-35.00 170.00 -0.25358E-01
-30.00 170.00 -0.33230
-25.00 170.00 -0.61999
-20.00 170.00 -0.80867
-15.00 170.00 -0.88717
-10.00 170.00 -0.91436
-5.00 170.00 -0.95512
0.00 170.00 -1.0087
5.00 170.00 -0.99875
10.00 170.00 -0.83982
15.00 170.00 -0.52286
20.00 170.00 -0.14236
25.00 170.00 0.16225
30.00 170.00 0.30233
35.00 170.00 0.29253
40.00 170.00 0.22055
45.00 170.00 0.16785
50.00 170.00 0.15394
55.00 170.00 0.14725
60.00 170.00 0.12066
65.00 170.00 0.91213E-01
-45.00 175.00 0.32343
-40.00 175.00 0.20285
-35.00 175.00 -0.63953E-02
-30.00 175.00 -0.28695
-25.00 175.00 -0.57217
-20.00 175.00 -0.79117
-15.00 175.00 -0.91955
-10.00 175.00 -0.98806
-5.00 175.00 -1.0400
0.00 175.00 -1.0774
5.00 175.00 -1.0496
10.00 175.00 -0.89765
15.00 175.00 -0.61731
20.00 175.00 -0.28140
25.00 175.00 0.67335E-03
30.00 175.00 0.15376
35.00 175.00 0.17960
40.00 175.00 0.13971
45.00 175.00 0.99628E-01
-80.00 180.00 0.39963
-75.00 180.00 0.41258
-70.00 180.00 0.44013
-65.00 180.00 0.45407
-60.00 180.00 0.43666
-55.00 180.00 0.39367
-50.00 180.00 0.33812
-45.00 180.00 0.26527
-40.00 180.00 0.14820
-35.00 180.00 -0.37938E-01
-30.00 180.00 -0.28568
-25.00 180.00 -0.54997
-20.00 180.00 -0.77558
-15.00 180.00 -0.93305
-10.00 180.00 -1.0304
-5.00 180.00 -1.0901
0.00 180.00 -1.1156
5.00 180.00 -1.0795
10.00 180.00 -0.94870
15.00 180.00 -0.72181
20.00 180.00 -0.44566
25.00 180.00 -0.19350
30.00 180.00 -0.22404E-01
35.00 180.00 0.55790E-01
40.00 180.00 0.69928E-01
45.00 180.00 0.60769E-01
50.00 180.00 0.55395E-01
55.00 180.00 0.63192E-01
60.00 180.00 0.88107E-01
65.00 180.00 0.13775
70.00 180.00 0.21758
75.00 180.00 0.31770
80.00 180.00 0.40877
-45.00 -175 0.18224
-40.00 -175 0.42449E-01
-35.00 -175 -0.14343
-30.00 -175 -0.36805
-25.00 -175 -0.60277
-20.00 -175 -0.81103
-15.00 -175 -0.96818
-10.00 -175 -1.0702
-5.00 -175 -1.1245
0.00 -175 -1.1339
5.00 -175 -1.0893
10.00 -175 -0.97838
15.00 -175 -0.80209
20.00 -175 -0.58334
25.00 -175 -0.36048
30.00 -175 -0.17114
35.00 -175 -0.37926E-01
40.00 -175 0.36302E-01
45.00 -175 0.64910E-01
-65.00 -170 0.38747
-60.00 -170 0.38682
-55.00 -170 0.33799
-50.00 -170 0.23689
-45.00 -170 0.89572E-01
-40.00 -170 -0.93967E-01
-35.00 -170 -0.30088
-30.00 -170 -0.51442
-25.00 -170 -0.71575
-20.00 -170 -0.88866
-15.00 -170 -1.0232
-10.00 -170 -1.1147
-5.00 -170 -1.1601
0.00 -170 -1.1560
5.00 -170 -1.0999
10.00 -170 -0.99321
15.00 -170 -0.84188
20.00 -170 -0.65583
25.00 -170 -0.44948
30.00 -170 -0.24406
35.00 -170 -0.67044E-01
40.00 -170 0.56096E-01
45.00 -170 0.11635
50.00 -170 0.13121
55.00 -170 0.13918
60.00 -170 0.17812
65.00 -170 0.26114
-70.00 -165 0.33247
-45.00 -165 0.90490E-02
-40.00 -165 -0.22141
-35.00 -165 -0.45441
-30.00 -165 -0.65914
-25.00 -165 -0.82258
-20.00 -165 -0.95060
-15.00 -165 -1.0558
-10.00 -165 -1.1411
-5.00 -165 -1.1939
0.00 -165 -1.1941
5.00 -165 -1.1307
10.00 -165 -1.0095
15.00 -165 -0.84623
20.00 -165 -0.65497
25.00 -165 -0.44410
30.00 -165 -0.22544
35.00 -165 -0.24196E-01
40.00 -165 0.12589
45.00 -165 0.20397
70.00 -165 0.45255
-75.00 -160 0.28567
-65.00 -160 0.35446
-60.00 -160 0.37086
-55.00 -160 0.31913
-50.00 -160 0.17822
-45.00 -160 -0.42395E-01
-40.00 -160 -0.30291
-35.00 -160 -0.54840
-30.00 -160 -0.73585
-25.00 -160 -0.85720
-20.00 -160 -0.94011
-15.00 -160 -1.0224
-10.00 -160 -1.1186
-5.00 -160 -1.2046
0.00 -160 -1.2351
5.00 -160 -1.1767
10.00 -160 -1.0307
15.00 -160 -0.82695
20.00 -160 -0.59897
25.00 -160 -0.36666
30.00 -160 -0.14017
35.00 -160 0.63954E-01
40.00 -160 0.21814
45.00 -160 0.30118
50.00 -160 0.32223
55.00 -160 0.32431
60.00 -160 0.35683
65.00 -160 0.43738
75.00 -160 0.60077
-45.00 -155 -0.62196E-01
-40.00 -155 -0.32447
-35.00 -155 -0.56037
-30.00 -155 -0.72150
-25.00 -155 -0.80413
-20.00 -155 -0.85174
-15.00 -155 -0.92196
-10.00 -155 -1.0391
-5.00 -155 -1.1700
0.00 -155 -1.2436
5.00 -155 -1.2007
10.00 -155 -1.0335
15.00 -155 -0.78515
20.00 -155 -0.51482
25.00 -155 -0.26230
30.00 -155 -0.40157E-01
35.00 -155 0.14804
40.00 -155 0.29059
45.00 -155 0.37351
-80.00 -150 0.27665
-70.00 -150 0.28067
-65.00 -150 0.32311
-60.00 -150 0.33567
-55.00 -150 0.28133
-50.00 -150 0.14436
-45.00 -150 -0.63121E-01
-40.00 -150 -0.30029
-35.00 -150 -0.50996
-30.00 -150 -0.64688
-25.00 -150 -0.70791
-20.00 -150 -0.73837
-15.00 -150 -0.80122
-10.00 -150 -0.92629
-5.00 -150 -1.0791
0.00 -150 -1.1776
5.00 -150 -1.1478
10.00 -150 -0.97408
15.00 -150 -0.70653
20.00 -150 -0.42187
25.00 -150 -0.17468
30.00 -150 0.22210E-01
35.00 -150 0.17985
40.00 -150 0.30476
45.00 -150 0.39154
50.00 -150 0.44005
55.00 -150 0.47188
60.00 -150 0.52044
65.00 -150 0.59957
70.00 -150 0.68219
80.00 -150 0.67064
-45.00 -145 -0.64851E-01
-40.00 -145 -0.26016
-35.00 -145 -0.43946
-30.00 -145 -0.56775
-25.00 -145 -0.63510
-20.00 -145 -0.66897
-15.00 -145 -0.71806
-10.00 -145 -0.81250
-5.00 -145 -0.93110
0.00 -145 -1.0073
5.00 -145 -0.97421
10.00 -145 -0.81459
15.00 -145 -0.57397
20.00 -145 -0.32705
25.00 -145 -0.12714
30.00 -145 0.19232E-01
35.00 -145 0.13632
40.00 -145 0.24459
45.00 -145 0.34336
-85.00 -140 0.33245
-75.00 -140 0.23789
-65.00 -140 0.26976
-60.00 -140 0.24118
-55.00 -140 0.16359
-50.00 -140 0.51191E-01
-45.00 -140 -0.81807E-01
-40.00 -140 -0.22921
-35.00 -140 -0.38270
-30.00 -140 -0.52182
-25.00 -140 -0.62165
-20.00 -140 -0.67336
-15.00 -140 -0.69395
-10.00 -140 -0.71058
-5.00 -140 -0.73147
0.00 -140 -0.73285
5.00 -140 -0.67826
10.00 -140 -0.55423
15.00 -140 -0.38840
20.00 -140 -0.23117
25.00 -140 -0.11683
30.00 -140 -0.40023E-01
35.00 -140 0.32012E-01
40.00 -140 0.12583
45.00 -140 0.24062
50.00 -140 0.35775
55.00 -140 0.46597
60.00 -140 0.57088
65.00 -140 0.67701
75.00 -140 0.78795
85.00 -140 0.58392
-70.00 -135 0.24560
-45.00 -135 -0.11520
-40.00 -135 -0.21466
-35.00 -135 -0.34649
-30.00 -135 -0.50619
-25.00 -135 -0.64952
-20.00 -135 -0.72203
-15.00 -135 -0.70081
-10.00 -135 -0.60986
-5.00 -135 -0.49707
0.00 -135 -0.39731
5.00 -135 -0.31621
10.00 -135 -0.24442
15.00 -135 -0.18088
20.00 -135 -0.13740
25.00 -135 -0.12073
30.00 -135 -0.11481
35.00 -135 -0.86016E-01
40.00 -135 -0.87031E-02
45.00 -135 0.11478
70.00 -135 0.77188
-65.00 -130 0.20608
-60.00 -130 0.11587
-55.00 -130 -0.31661E-02
-50.00 -130 -0.98787E-01
-45.00 -130 -0.15393
-40.00 -130 -0.20766
-35.00 -130 -0.31651
-30.00 -130 -0.49136
-25.00 -130 -0.67061
-20.00 -130 -0.75801
-15.00 -130 -0.69452
-10.00 -130 -0.50290
-5.00 -130 -0.26972
0.00 -130 -0.84710E-01
5.00 -130 0.10215E-01
10.00 -130 0.26281E-01
15.00 -130 -0.30802E-02
20.00 -130 -0.52227E-01
25.00 -130 -0.10710
30.00 -130 -0.15098
35.00 -130 -0.15806
40.00 -130 -0.10632
45.00 -130 0.50692E-02
50.00 -130 0.15517
55.00 -130 0.31914
60.00 -130 0.48309
65.00 -130 0.63747
-45.00 -125 -0.18240
-40.00 -125 -0.19596
-35.00 -125 -0.27930
-30.00 -125 -0.45618
-25.00 -125 -0.65470
-20.00 -125 -0.75114
-15.00 -125 -0.66300
-10.00 -125 -0.41353
-5.00 -125 -0.11554
0.00 -125 0.10780
5.00 -125 0.19783
10.00 -125 0.17598
15.00 -125 0.10206
20.00 -125 0.22652E-01
25.00 -125 -0.46778E-01
30.00 -125 -0.10398
35.00 -125 -0.13751
40.00 -125 -0.12627
45.00 -125 -0.56708E-01
-80.00 -120 0.24776
-75.00 -120 0.23337
-70.00 -120 0.22773
-65.00 -120 0.16806
-60.00 -120 0.39358E-01
-55.00 -120 -0.10378
-50.00 -120 -0.18639
-45.00 -120 -0.18906
-40.00 -120 -0.17553
-35.00 -120 -0.23896
-30.00 -120 -0.41110
-25.00 -120 -0.61754
-20.00 -120 -0.72443
-15.00 -120 -0.64079
-10.00 -120 -0.39028
-5.00 -120 -0.93378E-01
0.00 -120 0.12133
5.00 -120 0.20046
10.00 -120 0.17999
15.00 -120 0.13179
20.00 -120 0.99380E-01
25.00 -120 0.77690E-01
30.00 -120 0.42251E-01
35.00 -120 -0.11331E-01
40.00 -120 -0.56720E-01
45.00 -120 -0.57852E-01
50.00 -120 0.58417E-02
55.00 -120 0.13285
60.00 -120 0.30730
65.00 -120 0.50207
70.00 -120 0.67336
75.00 -120 0.76396
80.00 -120 0.73394
-45.00 -115 -0.16993
-40.00 -115 -0.15129
-35.00 -115 -0.21339
-30.00 -115 -0.38843
-25.00 -115 -0.60335
-20.00 -115 -0.72733
-15.00 -115 -0.67229
-10.00 -115 -0.46090
-5.00 -115 -0.20508
0.00 -115 -0.17367E-01
5.00 -115 0.67030E-01
10.00 -115 0.94916E-01
15.00 -115 0.13311
20.00 -115 0.20236
25.00 -115 0.26472
30.00 -115 0.26694
35.00 -115 0.19325
40.00 -115 0.80766E-01
45.00 -115 -0.78313E-02
-65.00 -110 0.17702
-60.00 -110 0.63254E-01
-55.00 -110 -0.58411E-01
-50.00 -110 -0.12456
-45.00 -110 -0.12619
-40.00 -110 -0.12774
-35.00 -110 -0.21384
-30.00 -110 -0.40783
-25.00 -110 -0.63679
-20.00 -110 -0.77890
-15.00 -110 -0.75510
-10.00 -110 -0.58635
-5.00 -110 -0.36869
0.00 -110 -0.19160
5.00 -110 -0.73249E-01
10.00 -110 0.33666E-01
15.00 -110 0.17817
20.00 -110 0.35215
25.00 -110 0.48915
30.00 -110 0.51762
35.00 -110 0.41864
40.00 -110 0.24082
45.00 -110 0.68091E-01
50.00 -110 -0.26362E-01
55.00 -110 -0.64762E-02
60.00 -110 0.12448
65.00 -110 0.32973
-70.00 -105 0.23591
-45.00 -105 -0.59793E-01
-40.00 -105 -0.99092E-01
-35.00 -105 -0.22648
-30.00 -105 -0.44813
-25.00 -105 -0.68765
-20.00 -105 -0.83349
-15.00 -105 -0.81833
-10.00 -105 -0.66319
-5.00 -105 -0.45030
0.00 -105 -0.25219
5.00 -105 -0.81075E-01
10.00 -105 0.99450E-01
15.00 -105 0.31704
20.00 -105 0.54407
25.00 -105 0.70465
30.00 -105 0.72767
35.00 -105 0.59918
40.00 -105 0.37345
45.00 -105 0.14113
70.00 -105 0.47645
-75.00 -100 0.23762
-65.00 -100 0.21531
-60.00 -100 0.15978
-55.00 -100 0.99898E-01
-50.00 -100 0.60611E-01
-45.00 -100 0.27948E-01
-40.00 -100 -0.49225E-01
-35.00 -100 -0.21419
-30.00 -100 -0.45212
-25.00 -100 -0.68206
-20.00 -100 -0.80387
-15.00 -100 -0.76403
-10.00 -100 -0.58675
-5.00 -100 -0.34661
0.00 -100 -0.10963
5.00 -100 0.10586
10.00 -100 0.31837
15.00 -100 0.53912
20.00 -100 0.73890
25.00 -100 0.85663
30.00 -100 0.84060
35.00 -100 0.68650
40.00 -100 0.44369
45.00 -100 0.19097
50.00 -100 0.46133E-02
55.00 -100 -0.63095E-01
60.00 -100 0.56994E-02
65.00 -100 0.18720
75.00 -100 0.59499
-45.00 -95 0.13344
-40.00 -95 0.36943E-01
-35.00 -95 -0.13984
-30.00 -95 -0.36409
-25.00 -95 -0.55494
-20.00 -95 -0.62750
-15.00 -95 -0.54390
-10.00 -95 -0.33244
-5.00 -95 -0.62625E-01
0.00 -95 0.20077
5.00 -95 0.42756
10.00 -95 0.61726
15.00 -95 0.77215
20.00 -95 0.87706
25.00 -95 0.90357
30.00 -95 0.83136
35.00 -95 0.66639
40.00 -95 0.44279
45.00 -95 0.21173
-80.00 -90 0.25058
-70.00 -90 0.23640
-65.00 -90 0.24282
-60.00 -90 0.25014
-55.00 -90 0.26250
-50.00 -90 0.27081
-45.00 -90 0.24640
-40.00 -90 0.15885
-35.00 -90 0.56014E-02
-30.00 -90 -0.17203
-25.00 -90 -0.30284
-20.00 -90 -0.32268
-15.00 -90 -0.20885
-10.00 -90 0.10964E-01
-5.00 -90 0.27792
0.00 -90 0.53233
5.00 -90 0.73413
10.00 -90 0.86554
15.00 -90 0.92305
20.00 -90 0.91031
25.00 -90 0.83626
30.00 -90 0.71442
35.00 -90 0.55980
40.00 -90 0.38621
45.00 -90 0.20978
50.00 -90 0.57655E-01
55.00 -90 -0.29440E-01
60.00 -90 -0.12103E-01
65.00 -90 0.11881
70.00 -90 0.32040
80.00 -90 0.59897
-85.00 -85 0.31410
-45.00 -85 0.34882
-40.00 -85 0.29419
-35.00 -85 0.19139
-30.00 -85 0.77987E-01
-25.00 -85 0.51239E-02
-20.00 -85 0.12772E-01
-15.00 -85 0.11317
-10.00 -85 0.28962
-5.00 -85 0.50574
0.00 -85 0.71661
5.00 -85 0.87774
10.00 -85 0.95453
15.00 -85 0.93352
20.00 -85 0.82991
25.00 -85 0.68247
30.00 -85 0.53394
35.00 -85 0.40801
40.00 -85 0.30078
45.00 -85 0.19567
85.00 -85 0.55191
-75.00 -80 0.22271
-65.00 -80 0.23632
-60.00 -80 0.27724
-55.00 -80 0.33587
-50.00 -80 0.39186
-45.00 -80 0.41990
-40.00 -80 0.40693
-35.00 -80 0.36127
-30.00 -80 0.30657
-25.00 -80 0.26769
-20.00 -80 0.26166
-15.00 -80 0.29837
-10.00 -80 0.38351
-5.00 -80 0.51428
0.00 -80 0.66874
5.00 -80 0.80182
10.00 -80 0.86018
15.00 -80 0.81198
20.00 -80 0.67081
25.00 -80 0.49224
30.00 -80 0.34098
35.00 -80 0.25107
40.00 -80 0.20945
45.00 -80 0.17607
50.00 -80 0.12444
55.00 -80 0.69124E-01
60.00 -80 0.56891E-01
65.00 -80 0.12736
75.00 -80 0.43838
-70.00 -75 0.20787
-45.00 -75 0.44456
-40.00 -75 0.46473
-35.00 -75 0.46357
-30.00 -75 0.44658
-25.00 -75 0.41258
-20.00 -75 0.36092
-15.00 -75 0.30643
-10.00 -75 0.28320
-5.00 -75 0.32517
0.00 -75 0.43477
5.00 -75 0.56684
10.00 -75 0.64773
15.00 -75 0.62144
20.00 -75 0.48953
25.00 -75 0.31288
30.00 -75 0.17156
35.00 -75 0.11230
40.00 -75 0.12277
45.00 -75 0.15076
70.00 -75 0.26567
-65.00 -70 0.21151
-60.00 -70 0.25344
-55.00 -70 0.31333
-50.00 -70 0.37313
-45.00 -70 0.42042
-40.00 -70 0.45437
-35.00 -70 0.47663
-30.00 -70 0.47706
-25.00 -70 0.43367
-20.00 -70 0.33364
-15.00 -70 0.19876
-10.00 -70 0.87876E-01
-5.00 -70 0.64776E-01
0.00 -70 0.15080
5.00 -70 0.29999
10.00 -70 0.42139
15.00 -70 0.43693
20.00 -70 0.33363
25.00 -70 0.17112
30.00 -70 0.39244E-01
35.00 -70 -0.23059E-02
40.00 -70 0.41804E-01
45.00 -70 0.11654
50.00 -70 0.16395
55.00 -70 0.16642
60.00 -70 0.15472
65.00 -70 0.17837
-45.00 -65 0.35887
-40.00 -65 0.38585
-35.00 -65 0.41403
-30.00 -65 0.42443
-25.00 -65 0.38063
-20.00 -65 0.25982
-15.00 -65 0.85659E-01
-10.00 -65 -0.69807E-01
-5.00 -65 -0.12602
0.00 -65 -0.50436E-01
5.00 -65 0.11171
10.00 -65 0.26095
15.00 -65 0.30683
20.00 -65 0.22604
25.00 -65 0.74283E-01
30.00 -65 -0.54715E-01
35.00 -65 -0.91672E-01
40.00 -65 -0.31385E-01
45.00 -65 0.74511E-01
-80.00 -60 0.25484
-75.00 -60 0.20862
-70.00 -60 0.19151
-65.00 -60 0.20638
-60.00 -60 0.24122
-55.00 -60 0.27255
-50.00 -60 0.28342
-45.00 -60 0.27975
-40.00 -60 0.28434
-35.00 -60 0.30990
-30.00 -60 0.33586
-25.00 -60 0.31539
-20.00 -60 0.21359
-15.00 -60 0.47007E-01
-10.00 -60 -0.11243
-5.00 -60 -0.17936
0.00 -60 -0.11504
5.00 -60 0.40443E-01
10.00 -60 0.19030
15.00 -60 0.24323
20.00 -60 0.17157
25.00 -60 0.25227E-01
30.00 -60 -0.10501
35.00 -60 -0.14647
40.00 -60 -0.85249E-01
45.00 -60 0.34584E-01
50.00 -60 0.14718
55.00 -60 0.20892
60.00 -60 0.22208
65.00 -60 0.22588
70.00 -60 0.26359
75.00 -60 0.34654
80.00 -60 0.44141
-45.00 -55 0.20318
-40.00 -55 0.17693
-35.00 -55 0.19780
-30.00 -55 0.24816
-25.00 -55 0.27152
-20.00 -55 0.21701
-15.00 -55 0.86716E-01
-10.00 -55 -0.55516E-01
-5.00 -55 -0.12508
0.00 -55 -0.77780E-01
5.00 -55 0.55788E-01
10.00 -55 0.18906
15.00 -55 0.23712
20.00 -55 0.17105
25.00 -55 0.32493E-01
30.00 -55 -0.97229E-01
35.00 -55 -0.14847
40.00 -55 -0.10093
45.00 -55 0.12441E-01
-65.00 -50 0.24167
-60.00 -50 0.28587
-55.00 -50 0.29047
-50.00 -50 0.23331
-45.00 -50 0.14334
-40.00 -50 0.83161E-01
-35.00 -50 0.98129E-01
-30.00 -50 0.17448
-25.00 -50 0.24491
-20.00 -50 0.24065
-15.00 -50 0.14826
-10.00 -50 0.23938E-01
-5.00 -50 -0.47227E-01
0.00 -50 -0.14730E-01
5.00 -50 0.10056
10.00 -50 0.22243
15.00 -50 0.27281
20.00 -50 0.22165
25.00 -50 0.10058
30.00 -50 -0.22650E-01
35.00 -50 -0.86276E-01
40.00 -50 -0.65794E-01
45.00 -50 0.19675E-01
50.00 -50 0.12394
55.00 -50 0.20173
60.00 -50 0.23412
65.00 -50 0.23831
-70.00 -45 0.21733
-45.00 -45 0.10638
-40.00 -45 0.12997E-01
-35.00 -45 0.18891E-01
-30.00 -45 0.11233
-25.00 -45 0.21453
-20.00 -45 0.24111
-15.00 -45 0.16870
-10.00 -45 0.52461E-01
-5.00 -45 -0.18108E-01
0.00 -45 0.12606E-01
5.00 -45 0.12804
10.00 -45 0.25644
15.00 -45 0.32365
20.00 -45 0.29909
25.00 -45 0.20582
30.00 -45 0.97252E-01
35.00 -45 0.23821E-01
40.00 -45 0.10842E-01
45.00 -45 0.53354E-01
70.00 -45 0.24190
-75.00 -40 0.21692
-65.00 -40 0.29651
-60.00 -40 0.36690
-55.00 -40 0.36399
-50.00 -40 0.25616
-45.00 -40 0.91767E-01
-40.00 -40 -0.30271E-01
-35.00 -40 -0.36875E-01
-30.00 -40 0.59391E-01
-25.00 -40 0.16934
-20.00 -40 0.19885
-15.00 -40 0.12341
-10.00 -40 0.45764E-02
-5.00 -40 -0.61927E-01
0.00 -40 -0.20222E-01
5.00 -40 0.10911
10.00 -40 0.25243
15.00 -40 0.33901
20.00 -40 0.34246
25.00 -40 0.28278
30.00 -40 0.20045
35.00 -40 0.13059
40.00 -40 0.92981E-01
45.00 -40 0.93017E-01
50.00 -40 0.12298
55.00 -40 0.16359
60.00 -40 0.19378
65.00 -40 0.20818
75.00 -40 0.27640
-45.00 -35 0.94152E-01
-40.00 -35 -0.47756E-01
-35.00 -35 -0.67244E-01
-30.00 -35 0.19800E-01
-25.00 -35 0.11654
-20.00 -35 0.12606
-15.00 -35 0.30100E-01
-10.00 -35 -0.99846E-01
-5.00 -35 -0.16421
0.00 -35 -0.11351
5.00 -35 0.21302E-01
10.00 -35 0.16333
15.00 -35 0.25046
20.00 -35 0.26956
25.00 -35 0.24507
30.00 -35 0.20595
35.00 -35 0.16643
40.00 -35 0.13148
45.00 -35 0.10904
-85.00 -30 0.35086
-80.00 -30 0.27192
-70.00 -30 0.23454
-65.00 -30 0.32230
-60.00 -30 0.41449
-55.00 -30 0.41909
-50.00 -30 0.29695
-45.00 -30 0.10417
-40.00 -30 -0.46261E-01
-35.00 -30 -0.75507E-01
-30.00 -30 -0.40706E-02
-25.00 -30 0.67298E-01
-20.00 -30 0.44600E-01
-15.00 -30 -0.80841E-01
-10.00 -30 -0.22915
-5.00 -30 -0.30219
0.00 -30 -0.26204
5.00 -30 -0.15114
10.00 -30 -0.45086E-01
15.00 -30 0.11276E-01
20.00 -30 0.27324E-01
25.00 -30 0.38016E-01
30.00 -30 0.61248E-01
35.00 -30 0.85004E-01
40.00 -30 0.90419E-01
45.00 -30 0.78834E-01
50.00 -30 0.71597E-01
55.00 -30 0.85861E-01
60.00 -30 0.11742
65.00 -30 0.15163
70.00 -30 0.18835
80.00 -30 0.33501
85.00 -30 0.42422
-45.00 -25 0.10856
-40.00 -25 -0.40930E-01
-35.00 -25 -0.77123E-01
-30.00 -25 -0.24585E-01
-25.00 -25 0.16459E-01
-20.00 -25 -0.41173E-01
-15.00 -25 -0.19706
-10.00 -25 -0.36776
-5.00 -25 -0.46188
0.00 -25 -0.45468
5.00 -25 -0.39663
10.00 -25 -0.35573
15.00 -25 -0.35358
20.00 -25 -0.35444
25.00 -25 -0.31080
30.00 -25 -0.21490
35.00 -25 -0.10572
40.00 -25 -0.29649E-01
45.00 -25 0.13626E-02
-75.00 -20 0.21059
-65.00 -20 0.28282
-60.00 -20 0.37016
-55.00 -20 0.38008
-50.00 -20 0.27087
-45.00 -20 0.91923E-01
-40.00 -20 -0.54351E-01
-35.00 -20 -0.10032
-30.00 -20 -0.71651E-01
-25.00 -20 -0.62651E-01
-20.00 -20 -0.15092
-15.00 -20 -0.32945
-10.00 -20 -0.51668
-5.00 -20 -0.63145
0.00 -20 -0.66062
5.00 -20 -0.65821
10.00 -20 -0.68211
15.00 -20 -0.73299
20.00 -20 -0.75365
25.00 -20 -0.68611
30.00 -20 -0.52876
35.00 -20 -0.33983
40.00 -20 -0.18782
45.00 -20 -0.99441E-01
50.00 -20 -0.51859E-01
55.00 -20 -0.81091E-02
60.00 -20 0.46747E-01
65.00 -20 0.10451
75.00 -20 0.22662
-70.00 -15 0.18536
-45.00 -15 0.41263E-01
-40.00 -15 -0.10923
-35.00 -15 -0.17557
-30.00 -15 -0.17894
-25.00 -15 -0.20149
-20.00 -15 -0.30925
-15.00 -15 -0.49204
-10.00 -15 -0.67514
-5.00 -15 -0.78890
0.00 -15 -0.82873
5.00 -15 -0.84942
10.00 -15 -0.90249
15.00 -15 -0.97903
20.00 -15 -1.0129
25.00 -15 -0.94015
30.00 -15 -0.75733
35.00 -15 -0.52588
40.00 -15 -0.32261
45.00 -15 -0.18522
70.00 -15 0.15651
-65.00 -10 0.18696
-60.00 -10 0.23881
-55.00 -10 0.23474
-50.00 -10 0.12945
-45.00 -10 -0.47632E-01
-40.00 -10 -0.21696
-35.00 -10 -0.31832
-30.00 -10 -0.36116
-25.00 -10 -0.40978
-20.00 -10 -0.51849
-15.00 -10 -0.67873
-10.00 -10 -0.82721
-5.00 -10 -0.90570
0.00 -10 -0.91404
5.00 -10 -0.90630
10.00 -10 -0.93493
15.00 -10 -0.99704
20.00 -10 -1.0332
25.00 -10 -0.97848
30.00 -10 -0.81786
35.00 -10 -0.59700
40.00 -10 -0.38418
45.00 -10 -0.22184
50.00 -10 -0.10988
55.00 -10 -0.26182E-01
60.00 -10 0.44962E-01
65.00 -10 0.10628
-45.00 -5 -0.16547
-40.00 -5 -0.36860
-35.00 -5 -0.51588
-30.00 -5 -0.59826
-25.00 -5 -0.65951
-20.00 -5 -0.74592
-15.00 -5 -0.85756
-10.00 -5 -0.94718
-5.00 -5 -0.96620
0.00 -5 -0.91300
5.00 -5 -0.83764
10.00 -5 -0.79872
15.00 -5 -0.81238
20.00 -5 -0.83916
25.00 -5 -0.81796
30.00 -5 -0.71508
35.00 -5 -0.54632
40.00 -5 -0.35885
45.00 -5 -0.19516
90.00 0.00 0.44751
-90.00 0.00 0.42120
