-85.00 0.00 0.83275
-80.00 0.00 0.95556
-75.00 0.00 0.93421
-70.00 0.00 0.76229
-65.00 0.00 0.45645
-60.00 0.00 0.76133E-01
-55.00 0.00 -0.28145
-50.00 0.00 -0.52099
-45.00 0.00 -0.59461
-40.00 0.00 -0.52217
-35.00 0.00 -0.37523
-30.00 0.00 -0.23717
-25.00 0.00 -0.16115
-20.00 0.00 -0.14305
-15.00 0.00 -0.11913
-10.00 0.00 0.68734E-02
-5.00 0.00 0.31005
0.00 0.00 0.78389
5.00 0.00 1.3102
10.00 0.00 1.6932
15.00 0.00 1.7558
20.00 0.00 1.4479
25.00 0.00 0.89259
30.00 0.00 0.32675
35.00 0.00 -0.34059E-01
40.00 0.00 -0.11926
45.00 0.00 -0.29900E-01
50.00 0.00 0.49157E-01
55.00 0.00 -0.14021E-01
60.00 0.00 -0.21124
65.00 0.00 -0.41355
70.00 0.00 -0.47410
75.00 0.00 -0.32819
80.00 0.00 -0.34790E-01
85.00 0.00 0.27848
-45.00 5.00 -0.44793
-40.00 5.00 -0.37682
-35.00 5.00 -0.25488
-30.00 5.00 -0.15798
-25.00 5.00 -0.95382E-01
-20.00 5.00 -0.13190E-01
-15.00 5.00 0.15441
-10.00 5.00 0.43101
-5.00 5.00 0.77952
0.00 5.00 1.1221
5.00 5.00 1.3733
10.00 5.00 1.4638
15.00 5.00 1.3550
20.00 5.00 1.0566
25.00 5.00 0.64392
30.00 5.00 0.25012
35.00 5.00 0.16065E-01
40.00 5.00 0.11575E-01
45.00 5.00 0.18231
-65.00 10.00 0.73364
-60.00 10.00 0.37795
-55.00 10.00 0.16660E-01
-50.00 10.00 -0.22578
-45.00 10.00 -0.28807
-40.00 10.00 -0.21460
-35.00 10.00 -0.11035
-30.00 10.00 -0.43036E-01
-25.00 10.00 0.18310E-01
-20.00 10.00 0.16917
-15.00 10.00 0.46875
-10.00 10.00 0.86538
-5.00 10.00 1.2181
0.00 10.00 1.3958
5.00 10.00 1.3641
10.00 10.00 1.1879
15.00 10.00 0.95735
20.00 10.00 0.71812
25.00 10.00 0.47239
30.00 10.00 0.23814
35.00 10.00 0.89394E-01
40.00 10.00 0.11745
45.00 10.00 0.33777
50.00 10.00 0.63441
55.00 10.00 0.81277
60.00 10.00 0.73486
65.00 10.00 0.42952
-70.00 15.00 1.0813
-45.00 15.00 -0.16184
-40.00 15.00 -0.62929E-01
-35.00 15.00 0.59768E-01
-30.00 15.00 0.13187
-25.00 15.00 0.20260
-20.00 15.00 0.39231
-15.00 15.00 0.75490
-10.00 15.00 1.1863
-5.00 15.00 1.4761
0.00 15.00 1.4675
5.00 15.00 1.1844
10.00 15.00 0.80928
15.00 15.00 0.53168
20.00 15.00 0.40680
25.00 15.00 0.35096
30.00 15.00 0.26878
35.00 15.00 0.17883
40.00 15.00 0.20746
45.00 15.00 0.45124
70.00 15.00 0.37833
-75.00 20.00 1.2148
-65.00 20.00 0.94812
-60.00 20.00 0.58052
-55.00 20.00 0.18196
-50.00 20.00 -0.79444E-01
-45.00 20.00 -0.10590
-40.00 20.00 0.52419E-01
-35.00 20.00 0.24741
-30.00 20.00 0.37320
-25.00 20.00 0.46220
-20.00 20.00 0.63568
-15.00 20.00 0.94924
-10.00 20.00 1.2863
-5.00 20.00 1.4193
0.00 20.00 1.2006
5.00 20.00 0.71043
10.00 20.00 0.21675
15.00 20.00 -0.30419E-01
20.00 20.00 0.11165E-01
25.00 20.00 0.17279
30.00 20.00 0.25828
35.00 20.00 0.23922
40.00 20.00 0.27524
45.00 20.00 0.53863
50.00 20.00 1.0100
55.00 20.00 1.4439
60.00 20.00 1.5488
65.00 20.00 1.2267
75.00 20.00 0.18954
-45.00 25.00 -0.14296
-40.00 25.00 0.10173
-35.00 25.00 0.41624
-30.00 25.00 0.63928
-25.00 25.00 0.75084
-20.00 25.00 0.84906
-15.00 25.00 1.0006
-10.00 25.00 1.1209
-5.00 25.00 1.0198
0.00 25.00 0.58925
5.00 25.00 -0.46412E-01
10.00 25.00 -0.57718
15.00 25.00 -0.73391
20.00 25.00 -0.49969
25.00 25.00 -0.11078
30.00 25.00 0.16060
35.00 25.00 0.24640
40.00 25.00 0.32422
45.00 25.00 0.62059
-80.00 30.00 1.2003
-70.00 30.00 1.2654
-65.00 30.00 1.0052
-60.00 30.00 0.54902
-55.00 30.00 0.40473E-01
-50.00 30.00 -0.29088
-45.00 30.00 -0.27772
-40.00 30.00 0.55226E-01
-35.00 30.00 0.50434
-30.00 30.00 0.84142
-25.00 30.00 0.97247
-20.00 30.00 0.95739
-15.00 30.00 0.88376
-10.00 30.00 0.73434
-5.00 30.00 0.39646
0.00 30.00 -0.18531
5.00 30.00 -0.86966
10.00 30.00 -1.3551
15.00 30.00 -1.3918
20.00 30.00 -0.98776
25.00 30.00 -0.41151
30.00 30.00 0.27880E-01
35.00 30.00 0.23474
40.00 30.00 0.38369
45.00 30.00 0.72369
50.00 30.00 1.3067
55.00 30.00 1.8924
60.00 30.00 2.1233
65.00 30.00 1.8204
70.00 30.00 1.1414
80.00 30.00 0.12968
-45.00 35.00 -0.49213
-40.00 35.00 -0.10105
-35.00 35.00 0.45381
-30.00 35.00 0.88536
-25.00 35.00 1.0264
-20.00 35.00 0.89744
-15.00 35.00 0.61350
-10.00 35.00 0.24161
-5.00 35.00 -0.23987
0.00 35.00 -0.84235
5.00 35.00 -1.4457
10.00 35.00 -1.8074
15.00 35.00 -1.7273
20.00 35.00 -1.2266
25.00 35.00 -0.55965
30.00 35.00 -0.23264E-01
35.00 35.00 0.27797
40.00 35.00 0.49709
45.00 35.00 0.87190
-75.00 40.00 1.3710
-65.00 40.00 0.92523
-60.00 40.00 0.35308
-55.00 40.00 -0.28117
-50.00 40.00 -0.71800
-45.00 40.00 -0.74403
-40.00 40.00 -0.34753
-35.00 40.00 0.25008
-30.00 40.00 0.72867
-25.00 40.00 0.86944
-20.00 40.00 0.66259
-15.00 40.00 0.24939
-10.00 40.00 -0.22534
-5.00 40.00 -0.70385
0.00 40.00 -1.1758
5.00 40.00 -1.5770
10.00 40.00 -1.7596
15.00 40.00 -1.5904
20.00 40.00 -1.0872
25.00 40.00 -0.44699
30.00 40.00 0.90019E-01
35.00 40.00 0.42958
40.00 40.00 0.69035
45.00 40.00 1.0718
50.00 40.00 1.6332
55.00 40.00 2.1871
60.00 40.00 2.4174
65.00 40.00 2.1329
75.00 40.00 0.68577
-70.00 45.00 1.2559
-45.00 45.00 -0.97493
-40.00 45.00 -0.62718
-35.00 45.00 -0.58405E-01
-30.00 45.00 0.41321
-25.00 45.00 0.54893
-20.00 45.00 0.31968
-15.00 45.00 -0.12004
-10.00 45.00 -0.57421
-5.00 45.00 -0.93224
0.00 45.00 -1.1816
5.00 45.00 -1.3266
10.00 45.00 -1.3222
15.00 45.00 -1.1010
20.00 45.00 -0.66507
25.00 45.00 -0.13051
30.00 45.00 0.34125
35.00 45.00 0.67521
40.00 45.00 0.94741
45.00 45.00 1.3035
70.00 45.00 1.5167
-65.00 50.00 0.79953
-60.00 50.00 0.16700
-55.00 50.00 -0.50676
-50.00 50.00 -0.99974
-45.00 50.00 -1.1282
-40.00 50.00 -0.86430
-35.00 50.00 -0.37835
-30.00 50.00 0.45799E-01
-25.00 50.00 0.17875
-20.00 50.00 -0.22137E-01
-15.00 50.00 -0.41193
-10.00 50.00 -0.78031
-5.00 50.00 -0.99191
0.00 50.00 -1.0364
5.00 50.00 -0.96974
10.00 50.00 -0.82490
15.00 50.00 -0.58408
20.00 50.00 -0.22912
25.00 50.00 0.19917
30.00 50.00 0.60995
35.00 50.00 0.93953
40.00 50.00 1.2152
45.00 50.00 1.5265
50.00 50.00 1.9137
55.00 50.00 2.2788
60.00 50.00 2.4162
65.00 50.00 2.1635
-85.00 55.00 0.99001
-45.00 55.00 -1.1716
-40.00 55.00 -0.99875
-35.00 55.00 -0.61961
-30.00 55.00 -0.26293
-25.00 55.00 -0.12947
-20.00 55.00 -0.27498
-15.00 55.00 -0.58758
-10.00 55.00 -0.87662
-5.00 55.00 -1.0026
0.00 55.00 -0.94787
5.00 55.00 -0.78321
10.00 55.00 -0.57671
15.00 55.00 -0.33482
20.00 55.00 -0.23736E-01
25.00 55.00 0.36421
30.00 55.00 0.77731
35.00 55.00 1.1430
40.00 55.00 1.4361
45.00 55.00 1.6980
85.00 55.00 0.22757
-80.00 60.00 1.3131
-75.00 60.00 1.3977
-70.00 60.00 1.1802
-65.00 60.00 0.70401
-60.00 60.00 0.90125E-01
-55.00 60.00 -0.50590
-50.00 60.00 -0.93860
-45.00 60.00 -1.1120
-40.00 60.00 -1.0156
-35.00 60.00 -0.74222
-30.00 60.00 -0.45979
-25.00 60.00 -0.33144
-20.00 60.00 -0.42427
-15.00 60.00 -0.67122
-10.00 60.00 -0.92087
-5.00 60.00 -1.0414
0.00 60.00 -0.99741
5.00 60.00 -0.84217
10.00 60.00 -0.64058
15.00 60.00 -0.40156
20.00 60.00 -0.83094E-01
25.00 60.00 0.34033
30.00 60.00 0.82188
35.00 60.00 1.2610
40.00 60.00 1.5821
45.00 60.00 1.7932
50.00 60.00 1.9584
55.00 60.00 2.1048
60.00 60.00 2.1585
65.00 60.00 1.9880
70.00 60.00 1.5351
75.00 60.00 0.91878
80.00 60.00 0.40264
-45.00 65.00 -0.99268
-40.00 65.00 -0.95057
-35.00 65.00 -0.77094
-30.00 65.00 -0.56787
-25.00 65.00 -0.46431
-20.00 65.00 -0.52905
-15.00 65.00 -0.73194
-10.00 65.00 -0.96133
-5.00 65.00 -1.0995
0.00 65.00 -1.0971
5.00 65.00 -0.98258
10.00 65.00 -0.80378
15.00 65.00 -0.56224
20.00 65.00 -0.21196
25.00 65.00 0.27326
30.00 65.00 0.83374
35.00 65.00 1.3359
40.00 65.00 1.6645
45.00 65.00 1.8116
-65.00 70.00 0.65940
-60.00 70.00 0.85174E-01
-55.00 70.00 -0.40768
-50.00 70.00 -0.73108
-45.00 70.00 -0.87338
-40.00 70.00 -0.86729
-35.00 70.00 -0.76831
-30.00 70.00 -0.65155
-25.00 70.00 -0.60010
-20.00 70.00 -0.66682
-15.00 70.00 -0.83396
-10.00 70.00 -1.0153
-5.00 70.00 -1.1127
0.00 70.00 -1.0832
5.00 70.00 -0.95283
10.00 70.00 -0.76433
15.00 70.00 -0.51414
20.00 70.00 -0.15054
25.00 70.00 0.35508
30.00 70.00 0.93435
35.00 70.00 1.4325
40.00 70.00 1.7133
45.00 70.00 1.7691
50.00 70.00 1.7254
55.00 70.00 1.7220
60.00 70.00 1.7724
65.00 70.00 1.7412
-70.00 75.00 1.1509
-45.00 75.00 -0.80131
-40.00 75.00 -0.81946
-35.00 75.00 -0.78679
-30.00 75.00 -0.75677
-25.00 75.00 -0.77590
-20.00 75.00 -0.86347
-15.00 75.00 -0.98589
-10.00 75.00 -1.0640
-5.00 75.00 -1.0252
0.00 75.00 -0.86002
5.00 75.00 -0.62487
10.00 75.00 -0.38011
15.00 75.00 -0.12296
20.00 75.00 0.21005
25.00 75.00 0.66127
30.00 75.00 1.1685
35.00 75.00 1.5749
40.00 75.00 1.7439
45.00 75.00 1.6819
70.00 75.00 1.4557
-75.00 80.00 1.3902
-65.00 80.00 0.66018
-60.00 80.00 0.88991E-01
-55.00 80.00 -0.38032
-50.00 80.00 -0.66636
-45.00 80.00 -0.78980
-40.00 80.00 -0.82208
-35.00 80.00 -0.83393
-30.00 80.00 -0.87284
-25.00 80.00 -0.95656
-20.00 80.00 -1.0632
-15.00 80.00 -1.1269
-10.00 80.00 -1.0645
-5.00 80.00 -0.83344
0.00 80.00 -0.47554
5.00 80.00 -0.96118E-01
10.00 80.00 0.21732
15.00 80.00 0.46743
20.00 80.00 0.73481
25.00 80.00 1.0813
30.00 80.00 1.4582
35.00 80.00 1.7186
40.00 80.00 1.7412
45.00 80.00 1.5566
50.00 80.00 1.3474
55.00 80.00 1.3007
60.00 80.00 1.4341
65.00 80.00 1.5621
75.00 80.00 1.0434
-45.00 85.00 -0.81442
-40.00 85.00 -0.84756
-35.00 85.00 -0.87274
-30.00 85.00 -0.94288
-25.00 85.00 -1.0589
-20.00 85.00 -1.1647
-15.00 85.00 -1.1648
-10.00 85.00 -0.97444
-5.00 85.00 -0.58274
0.00 85.00 -0.80122E-01
5.00 85.00 0.38934
10.00 85.00 0.72646
15.00 85.00 0.94567
20.00 85.00 1.1455
25.00 85.00 1.3975
30.00 85.00 1.6556
35.00 85.00 1.7805
40.00 85.00 1.6724
45.00 85.00 1.3928
-80.00 90.00 1.2389
-70.00 90.00 1.1746
-65.00 90.00 0.70513
-60.00 90.00 0.12413
-55.00 90.00 -0.38098
-50.00 90.00 -0.69868
-45.00 90.00 -0.82748
-40.00 90.00 -0.84571
-35.00 90.00 -0.85185
-30.00 90.00 -0.90969
-25.00 90.00 -1.0154
-20.00 90.00 -1.0953
-15.00 90.00 -1.0417
-10.00 90.00 -0.78009
-5.00 90.00 -0.33014
0.00 90.00 0.18823
5.00 90.00 0.62537
10.00 90.00 0.90384
15.00 90.00 1.0679
20.00 90.00 1.2287
25.00 90.00 1.4460
30.00 90.00 1.6524
35.00 90.00 1.7028
40.00 90.00 1.5185
45.00 90.00 1.1950
50.00 90.00 0.95988
55.00 90.00 0.99475
60.00 90.00 1.2660
65.00 90.00 1.5243
70.00 90.00 1.4952
80.00 90.00 0.60055
-45.00 95.00 -0.78180
-40.00 95.00 -0.77224
-35.00 95.00 -0.73920
-30.00 95.00 -0.75672
-25.00 95.00 -0.82307
-20.00 95.00 -0.86228
-15.00 95.00 -0.77381
-10.00 95.00 -0.50642
-5.00 95.00 -0.10741
0.00 95.00 0.29666
5.00 95.00 0.58524
10.00 95.00 0.73355
15.00 95.00 0.82854
20.00 95.00 0.98580
25.00 95.00 1.2313
30.00 95.00 1.4556
35.00 95.00 1.4975
40.00 95.00 1.2965
45.00 95.00 0.98124
-75.00 100.00 1.2943
-65.00 100.00 0.77122
-60.00 100.00 0.23986
-55.00 100.00 -0.24691
-50.00 100.00 -0.55424
-45.00 100.00 -0.65166
-40.00 100.00 -0.60828
-35.00 100.00 -0.53513
-30.00 100.00 -0.51125
-25.00 100.00 -0.53615
-20.00 100.00 -0.53769
-15.00 100.00 -0.43225
-10.00 100.00 -0.19807
-5.00 100.00 0.94103E-01
0.00 100.00 0.32494
5.00 100.00 0.41948
10.00 100.00 0.41567
15.00 100.00 0.44243
20.00 100.00 0.61140
25.00 100.00 0.90676
30.00 100.00 1.1744
35.00 100.00 1.2375
40.00 100.00 1.0543
45.00 100.00 0.78110
50.00 100.00 0.66973
55.00 100.00 0.86603
60.00 100.00 1.2721
65.00 100.00 1.5971
75.00 100.00 1.1687
-70.00 105.00 1.1314
-45.00 105.00 -0.44303
-40.00 105.00 -0.36425
-35.00 105.00 -0.26168
-30.00 105.00 -0.21270
-25.00 105.00 -0.21268
-20.00 105.00 -0.19096
-15.00 105.00 -0.79344E-01
-10.00 105.00 0.11823
-5.00 105.00 0.31309
0.00 105.00 0.39520
5.00 105.00 0.32893
10.00 105.00 0.20082
15.00 105.00 0.16770
20.00 105.00 0.33298
25.00 105.00 0.64832
30.00 105.00 0.93170
35.00 105.00 1.0043
40.00 105.00 0.84366
45.00 105.00 0.62348
70.00 105.00 1.5989
-85.00 110.00 0.77077
-65.00 110.00 0.76895
-60.00 110.00 0.36372
-55.00 110.00 0.31077E-02
-50.00 110.00 -0.19062
-45.00 110.00 -0.19200
-40.00 110.00 -0.73389E-01
-35.00 110.00 0.54051E-01
-30.00 110.00 0.11891
-25.00 110.00 0.13283
-20.00 110.00 0.16739
-15.00 110.00 0.28117
-10.00 110.00 0.45463
-5.00 110.00 0.58957
0.00 110.00 0.58278
5.00 110.00 0.42012
10.00 110.00 0.21075
15.00 110.00 0.12065
20.00 110.00 0.24601
25.00 110.00 0.52653
30.00 110.00 0.77857
35.00 110.00 0.83620
40.00 110.00 0.69303
45.00 110.00 0.52430
50.00 110.00 0.55671
55.00 110.00 0.87926
60.00 110.00 1.3468
65.00 110.00 1.6651
85.00 110.00 0.36029
-45.00 115.00 0.44946E-01
-40.00 115.00 0.21567
-35.00 115.00 0.38284
-30.00 115.00 0.48070
-25.00 115.00 0.52240
-20.00 115.00 0.57449
-15.00 115.00 0.68738
-10.00 115.00 0.83678
-5.00 115.00 0.92774
0.00 115.00 0.86629
5.00 115.00 0.64632
10.00 115.00 0.37790
15.00 115.00 0.22209
20.00 115.00 0.27300
25.00 115.00 0.47922
30.00 115.00 0.67656
35.00 115.00 0.71780
40.00 115.00 0.60027
45.00 115.00 0.48233
-80.00 120.00 0.82119
-75.00 120.00 0.88276
-70.00 120.00 0.79414
-65.00 120.00 0.56584
-60.00 120.00 0.29042
-55.00 120.00 0.93773E-01
-50.00 120.00 0.63858E-01
-45.00 120.00 0.20500
-40.00 120.00 0.44392
-35.00 120.00 0.68089
-30.00 120.00 0.85112
-25.00 120.00 0.95540
-20.00 120.00 1.0402
-15.00 120.00 1.1427
-10.00 120.00 1.2431
-5.00 120.00 1.2662
0.00 120.00 1.1384
5.00 120.00 0.85950
10.00 120.00 0.52977
15.00 120.00 0.29864
20.00 120.00 0.26338
25.00 120.00 0.39486
30.00 120.00 0.55672
35.00 120.00 0.61384
40.00 120.00 0.54850
45.00 120.00 0.48479
50.00 120.00 0.58903
55.00 120.00 0.91732
60.00 120.00 1.3365
65.00 120.00 1.5960
70.00 120.00 1.5092
75.00 120.00 1.1050
80.00 120.00 0.62839
-45.00 125.00 0.23525
-40.00 125.00 0.54977
-35.00 125.00 0.88041
-30.00 125.00 1.1570
-25.00 125.00 1.3525
-20.00 125.00 1.4773
-15.00 125.00 1.5493
-10.00 125.00 1.5626
-5.00 125.00 1.4798
0.00 125.00 1.2620
5.00 125.00 0.91809
10.00 125.00 0.53308
15.00 125.00 0.23931
20.00 125.00 0.13819
25.00 125.00 0.22734
30.00 125.00 0.39734
35.00 125.00 0.51385
40.00 125.00 0.52702
45.00 125.00 0.51575
-65.00 130.00 0.90067E-01
-60.00 130.00 -0.13422
-55.00 130.00 -0.23173
-50.00 130.00 -0.14833
-45.00 130.00 0.10892
-40.00 130.00 0.48554
-35.00 130.00 0.90382
-30.00 130.00 1.2845
-25.00 130.00 1.5646
-20.00 130.00 1.7116
-15.00 130.00 1.7261
-10.00 130.00 1.6272
-5.00 130.00 1.4301
0.00 130.00 1.1393
5.00 130.00 0.77046
10.00 130.00 0.38202
15.00 130.00 0.77630E-01
20.00 130.00 -0.43324E-01
25.00 130.00 0.42396E-01
30.00 130.00 0.25132
35.00 130.00 0.44544
40.00 130.00 0.53714
45.00 130.00 0.55926
50.00 130.00 0.63065
55.00 130.00 0.83589
60.00 130.00 1.1224
65.00 130.00 1.3161
-70.00 135.00 0.62205E-01
-45.00 135.00 -0.16263
-40.00 135.00 0.23989
-35.00 135.00 0.70260
-30.00 135.00 1.1395
-25.00 135.00 1.4565
-20.00 135.00 1.5861
-15.00 135.00 1.5220
-10.00 135.00 1.3189
-5.00 135.00 1.0512
0.00 135.00 0.76443
5.00 135.00 0.46839
10.00 135.00 0.17616
15.00 135.00 -0.56173E-01
20.00 135.00 -0.14360
25.00 135.00 -0.40512E-01
30.00 135.00 0.19991
35.00 135.00 0.44457
40.00 135.00 0.57783
45.00 135.00 0.59587
70.00 135.00 1.0839
-75.00 140.00 0.10038
-65.00 140.00 -0.58045
-60.00 140.00 -0.82927
-55.00 140.00 -0.90501
-50.00 140.00 -0.79492
-45.00 140.00 -0.52824
-40.00 140.00 -0.14682
-35.00 140.00 0.29615
-30.00 140.00 0.71772
-25.00 140.00 1.0093
-20.00 140.00 1.0854
-15.00 140.00 0.94427
-10.00 140.00 0.67907
-5.00 140.00 0.41723
0.00 140.00 0.23427
5.00 140.00 0.11967
10.00 140.00 0.24706E-01
15.00 140.00 -0.58886E-01
20.00 140.00 -0.74003E-01
25.00 140.00 0.42203E-01
30.00 140.00 0.27367
35.00 140.00 0.50930
40.00 140.00 0.62601
45.00 140.00 0.59886
50.00 140.00 0.52865
55.00 140.00 0.54927
60.00 140.00 0.69583
65.00 140.00 0.86131
75.00 140.00 0.73904
-45.00 145.00 -0.90966
-40.00 145.00 -0.58819
-35.00 145.00 -0.22075
-30.00 145.00 0.12810
-25.00 145.00 0.35661
-20.00 145.00 0.37742
-15.00 145.00 0.19442
-10.00 145.00 -0.74342E-01
-5.00 145.00 -0.26684
0.00 145.00 -0.29017
5.00 145.00 -0.17767
10.00 145.00 -0.37868E-01
15.00 145.00 0.54691E-01
20.00 145.00 0.12070
25.00 145.00 0.23166
30.00 145.00 0.40965
35.00 145.00 0.58000
40.00 145.00 0.63323
45.00 145.00 0.53865
-80.00 150.00 0.92836E-01
-70.00 150.00 -0.80275
-65.00 150.00 -1.2410
-60.00 150.00 -1.5062
-55.00 150.00 -1.5541
-50.00 150.00 -1.4334
-45.00 150.00 -1.2257
-40.00 150.00 -0.98087
-35.00 150.00 -0.71385
-30.00 150.00 -0.45460
-25.00 150.00 -0.27977
-20.00 150.00 -0.27206
-15.00 150.00 -0.43576
-10.00 150.00 -0.65707
-5.00 150.00 -0.76623
0.00 150.00 -0.66019
5.00 150.00 -0.37873
10.00 150.00 -0.63070E-01
15.00 150.00 0.16484
20.00 150.00 0.28969
25.00 150.00 0.37931
30.00 150.00 0.48389
35.00 150.00 0.56788
40.00 150.00 0.54790
45.00 150.00 0.39733
50.00 150.00 0.20408
55.00 150.00 0.11129
60.00 150.00 0.19093
65.00 150.00 0.37456
70.00 150.00 0.51557
80.00 150.00 0.46020
-45.00 155.00 -1.4181
-40.00 155.00 -1.2430
-35.00 155.00 -1.0684
-30.00 155.00 -0.87842
-25.00 155.00 -0.71484
-20.00 155.00 -0.65814
-15.00 155.00 -0.74191
-10.00 155.00 -0.88977
-5.00 155.00 -0.95063
0.00 155.00 -0.81280
5.00 155.00 -0.49507
10.00 155.00 -0.12983
15.00 155.00 0.14600
20.00 155.00 0.28959
25.00 155.00 0.35266
30.00 155.00 0.39583
35.00 155.00 0.41367
40.00 155.00 0.35016
45.00 155.00 0.18506
-75.00 160.00 -0.65941
-65.00 160.00 -1.6827
-60.00 160.00 -1.8870
-55.00 160.00 -1.8385
-50.00 160.00 -1.6522
-45.00 160.00 -1.4669
-40.00 160.00 -1.3407
-35.00 160.00 -1.2330
-30.00 160.00 -1.0820
-25.00 160.00 -0.89391
-20.00 160.00 -0.75070
-15.00 160.00 -0.72757
-10.00 160.00 -0.80495
-5.00 160.00 -0.86712
0.00 160.00 -0.79482
5.00 160.00 -0.56609
10.00 160.00 -0.27153
15.00 160.00 -0.33485E-01
20.00 160.00 0.90242E-01
25.00 160.00 0.12911
30.00 160.00 0.13900
35.00 160.00 0.13192
40.00 160.00 0.73172E-01
45.00 160.00 -0.54833E-01
50.00 160.00 -0.19837
55.00 160.00 -0.25602
60.00 160.00 -0.16465
65.00 160.00 0.38682E-01
75.00 160.00 0.37429
-85.00 165.00 0.24392
-70.00 165.00 -1.3646
-45.00 165.00 -1.3900
-40.00 165.00 -1.2891
-35.00 165.00 -1.2233
-30.00 165.00 -1.0976
-25.00 165.00 -0.88995
-20.00 165.00 -0.68039
-15.00 165.00 -0.57582
-10.00 165.00 -0.60649
-5.00 165.00 -0.69378
0.00 165.00 -0.71829
5.00 165.00 -0.62163
10.00 165.00 -0.44746
15.00 165.00 -0.29054
20.00 165.00 -0.21076
25.00 165.00 -0.19556
30.00 165.00 -0.19718
35.00 165.00 -0.19416
40.00 165.00 -0.20783
45.00 165.00 -0.25968
70.00 165.00 0.17647
85.00 165.00 0.48264
-65.00 170.00 -1.8091
-60.00 170.00 -1.8900
-55.00 170.00 -1.7174
-50.00 170.00 -1.4434
-45.00 170.00 -1.2287
-40.00 170.00 -1.1321
-35.00 170.00 -1.0901
-30.00 170.00 -0.99806
-25.00 170.00 -0.81830
-20.00 170.00 -0.61643
-15.00 170.00 -0.49862
-10.00 170.00 -0.51285
-5.00 170.00 -0.60688
0.00 170.00 -0.67764
5.00 170.00 -0.66092
10.00 170.00 -0.57730
15.00 170.00 -0.49804
20.00 170.00 -0.47215
25.00 170.00 -0.48705
30.00 170.00 -0.49431
35.00 170.00 -0.46507
40.00 170.00 -0.41479
45.00 170.00 -0.37555
50.00 170.00 -0.35110
55.00 170.00 -0.30617
60.00 170.00 -0.20138
65.00 170.00 -0.34830E-01
-45.00 175.00 -1.0302
-40.00 175.00 -0.91902
-35.00 175.00 -0.88369
-30.00 175.00 -0.83919
-25.00 175.00 -0.74671
-20.00 175.00 -0.64138
-15.00 175.00 -0.58697
-10.00 175.00 -0.60767
-5.00 175.00 -0.66363
0.00 175.00 -0.69055
5.00 175.00 -0.66110
10.00 175.00 -0.60775
15.00 175.00 -0.58674
20.00 175.00 -0.62047
25.00 175.00 -0.67419
30.00 175.00 -0.68716
35.00 175.00 -0.62593
40.00 175.00 -0.50915
45.00 175.00 -0.38437
-80.00 180.00 -0.39259
-75.00 180.00 -0.96215
-70.00 180.00 -1.4256
-65.00 180.00 -1.6600
-60.00 180.00 -1.6254
-55.00 180.00 -1.3895
-50.00 180.00 -1.0856
-45.00 180.00 -0.83499
-40.00 180.00 -0.69169
-35.00 180.00 -0.64151
-30.00 180.00 -0.64430
-25.00 180.00 -0.67364
-20.00 180.00 -0.72198
-15.00 180.00 -0.77816
-10.00 180.00 -0.81193
-5.00 180.00 -0.78933
0.00 180.00 -0.70680
5.00 180.00 -0.60770
10.00 180.00 -0.55807
15.00 180.00 -0.59635
20.00 180.00 -0.69865
25.00 180.00 -0.79049
30.00 180.00 -0.79698
35.00 180.00 -0.69194
40.00 180.00 -0.50947
45.00 180.00 -0.31405
50.00 180.00 -0.15665
55.00 180.00 -0.49358E-01
60.00 180.00 0.30023E-01
65.00 180.00 0.11519
70.00 180.00 0.22897
75.00 180.00 0.36742
80.00 180.00 0.49647
-45.00 -175 -0.67235
-40.00 -175 -0.48553
-35.00 -175 -0.39955
-30.00 -175 -0.43317
-25.00 -175 -0.58010
-20.00 -175 -0.78544
-15.00 -175 -0.95136
-10.00 -175 -0.98659
-5.00 -175 -0.86959
0.00 -175 -0.67294
5.00 -175 -0.52131
10.00 -175 -0.50887
15.00 -175 -0.63658
20.00 -175 -0.81479
25.00 -175 -0.92521
30.00 -175 -0.89342
35.00 -175 -0.72240
40.00 -175 -0.47438
45.00 -175 -0.22593
-65.00 -170 -1.3551
-60.00 -170 -1.2641
-55.00 -170 -1.0622
-50.00 -170 -0.81525
-45.00 -170 -0.55895
-40.00 -170 -0.33178
-35.00 -170 -0.20430
-30.00 -170 -0.25361
-25.00 -170 -0.49168
-20.00 -170 -0.81704
-15.00 -170 -1.0537
-10.00 -170 -1.0657
-5.00 -170 -0.86083
0.00 -170 -0.59312
5.00 -170 -0.45533
10.00 -170 -0.54222
15.00 -170 -0.79060
20.00 -170 -1.0354
25.00 -170 -1.1276
30.00 -170 -1.0200
35.00 -170 -0.76763
40.00 -170 -0.46525
45.00 -170 -0.18742
50.00 -170 0.30637E-01
55.00 -170 0.18087
60.00 -170 0.27202
65.00 -170 0.33167
-70.00 -165 -1.1394
-45.00 -165 -0.49748
-40.00 -165 -0.25095
-35.00 -165 -0.10207
-30.00 -165 -0.17270
-25.00 -165 -0.48132
-20.00 -165 -0.88195
-15.00 -165 -1.1400
-10.00 -165 -1.1022
-5.00 -165 -0.82285
0.00 -165 -0.53158
5.00 -165 -0.46211
10.00 -165 -0.67867
15.00 -165 -1.0388
20.00 -165 -1.3119
25.00 -165 -1.3461
30.00 -165 -1.1478
35.00 -165 -0.83264
40.00 -165 -0.51587
45.00 -165 -0.24582
70.00 -165 0.49916
-75.00 -160 -0.82324
-65.00 -160 -1.0239
-60.00 -160 -0.93348
-55.00 -160 -0.81986
-50.00 -160 -0.67889
-45.00 -160 -0.47479
-40.00 -160 -0.23954
-35.00 -160 -0.10819
-30.00 -160 -0.22693
-25.00 -160 -0.60409
-20.00 -160 -1.0513
-15.00 -160 -1.2969
-10.00 -160 -1.1946
-5.00 -160 -0.85216
0.00 -160 -0.55685
5.00 -160 -0.55403
10.00 -160 -0.86028
15.00 -160 -1.2644
20.00 -160 -1.5036
25.00 -160 -1.4567
30.00 -160 -1.1970
35.00 -160 -0.88608
40.00 -160 -0.62799
45.00 -160 -0.41555
50.00 -160 -0.19246
55.00 -160 0.58165E-01
60.00 -160 0.29516
65.00 -160 0.47459
75.00 -160 0.69475
-45.00 -155 -0.46497
-40.00 -155 -0.26422
-35.00 -155 -0.18477
-30.00 -155 -0.37726
-25.00 -155 -0.82660
-20.00 -155 -1.3080
-15.00 -155 -1.5323
-10.00 -155 -1.3743
-5.00 -155 -0.98546
0.00 -155 -0.68149
5.00 -155 -0.69379
10.00 -155 -0.99427
15.00 -155 -1.3392
20.00 -155 -1.4821
25.00 -155 -1.3623
30.00 -155 -1.1128
35.00 -155 -0.90473
40.00 -155 -0.78980
45.00 -155 -0.68088
-80.00 -150 -0.37372
-70.00 -150 -0.79333
-65.00 -150 -0.76222
-60.00 -150 -0.69965
-55.00 -150 -0.65457
-50.00 -150 -0.58477
-45.00 -150 -0.44059
-40.00 -150 -0.27602
-35.00 -150 -0.25534
-30.00 -150 -0.51960
-25.00 -150 -1.0270
-20.00 -150 -1.5306
-15.00 -150 -1.7435
-10.00 -150 -1.5648
-5.00 -150 -1.1657
0.00 -150 -0.85352
5.00 -150 -0.82500
10.00 -150 -1.0243
15.00 -150 -1.2232
20.00 -150 -1.2386
25.00 -150 -1.0855
30.00 -150 -0.93182
35.00 -150 -0.91379
40.00 -150 -0.99633
45.00 -150 -1.0057
50.00 -150 -0.79262
55.00 -150 -0.36409
60.00 -150 0.13343
65.00 -150 0.54310
70.00 -150 0.80109
80.00 -150 0.92682
-45.00 -145 -0.38839
-40.00 -145 -0.24098
-35.00 -145 -0.25522
-30.00 -145 -0.55551
-25.00 -145 -1.0807
-20.00 -145 -1.5840
-15.00 -145 -1.8010
-10.00 -145 -1.6521
-5.00 -145 -1.2993
0.00 -145 -1.0051
5.00 -145 -0.91711
10.00 -145 -0.97284
15.00 -145 -0.99999
20.00 -145 -0.90770
25.00 -145 -0.78008
30.00 -145 -0.78413
35.00 -145 -0.98506
40.00 -145 -1.2509
45.00 -145 -1.3406
-85.00 -140 0.10279
-75.00 -140 -0.54273
-65.00 -140 -0.61452
-60.00 -140 -0.59066
-55.00 -140 -0.56288
-50.00 -140 -0.47978
-45.00 -140 -0.31921
-40.00 -140 -0.16611
-35.00 -140 -0.18170
-30.00 -140 -0.47100
-25.00 -140 -0.96551
-20.00 -140 -1.4411
-15.00 -140 -1.6727
-10.00 -140 -1.5978
-5.00 -140 -1.3454
0.00 -140 -1.1090
5.00 -140 -0.98389
10.00 -140 -0.91945
15.00 -140 -0.82074
20.00 -140 -0.68788
25.00 -140 -0.64455
30.00 -140 -0.81867
35.00 -140 -1.1879
40.00 -140 -1.5442
45.00 -140 -1.6245
50.00 -140 -1.2989
55.00 -140 -0.65750
60.00 -140 0.68108E-01
65.00 -140 0.66469
75.00 -140 1.1809
85.00 -140 0.86155
-70.00 -135 -0.56255
-45.00 -135 -0.26251
-40.00 -135 -0.97961E-01
-35.00 -135 -0.10114
-30.00 -135 -0.35498
-25.00 -135 -0.79122
-20.00 -135 -1.2219
-15.00 -135 -1.4690
-10.00 -135 -1.4828
-5.00 -135 -1.3490
0.00 -135 -1.1895
5.00 -135 -1.0589
10.00 -135 -0.93457
15.00 -135 -0.79877
20.00 -135 -0.71386
25.00 -135 -0.79673
30.00 -135 -1.1023
35.00 -135 -1.5258
40.00 -135 -1.8292
45.00 -135 -1.7868
70.00 -135 1.1757
-65.00 -130 -0.56455
-60.00 -130 -0.59182
-55.00 -130 -0.56252
-50.00 -130 -0.43926
-45.00 -130 -0.24605
-40.00 -130 -0.89689E-01
-35.00 -130 -0.10013
-30.00 -130 -0.33302
-25.00 -130 -0.71862
-20.00 -130 -1.1044
-15.00 -130 -1.3566
-10.00 -130 -1.4352
-5.00 -130 -1.3873
0.00 -130 -1.2810
5.00 -130 -1.1542
10.00 -130 -1.0252
15.00 -130 -0.93815
20.00 -130 -0.97452
25.00 -130 -1.1959
30.00 -130 -1.5618
35.00 -130 -1.9064
40.00 -130 -2.0160
45.00 -130 -1.7580
50.00 -130 -1.1616
55.00 -130 -0.39072
60.00 -130 0.36021
65.00 -130 0.95491
-45.00 -125 -0.27309
-40.00 -125 -0.15763
-35.00 -125 -0.21372
-30.00 -125 -0.46283
-25.00 -125 -0.82512
-20.00 -125 -1.1737
-15.00 -125 -1.4108
-10.00 -125 -1.5067
-5.00 -125 -1.4839
0.00 -125 -1.3822
5.00 -125 -1.2465
10.00 -125 -1.1406
15.00 -125 -1.1482
20.00 -125 -1.3315
25.00 -125 -1.6651
30.00 -125 -2.0105
35.00 -125 -2.1703
40.00 -125 -1.9996
45.00 -125 -1.4923
-80.00 -120 -0.95034E-01
-75.00 -120 -0.27362
-70.00 -120 -0.41459
-65.00 -120 -0.54247
-60.00 -120 -0.62169
-55.00 -120 -0.59724
-50.00 -120 -0.46710
-45.00 -120 -0.31365
-40.00 -120 -0.26017
-35.00 -120 -0.38648
-30.00 -120 -0.67484
-25.00 -120 -1.0281
-20.00 -120 -1.3370
-15.00 -120 -1.5363
-10.00 -120 -1.6118
-5.00 -120 -1.5759
0.00 -120 -1.4558
5.00 -120 -1.3083
10.00 -120 -1.2310
15.00 -120 -1.3253
20.00 -120 -1.6159
25.00 -120 -1.9929
30.00 -120 -2.2422
35.00 -120 -2.1662
40.00 -120 -1.7102
45.00 -120 -0.99396
50.00 -120 -0.22225
55.00 -120 0.44856
60.00 -120 0.97575
65.00 -120 1.3814
70.00 -120 1.6541
75.00 -120 1.7118
80.00 -120 1.4771
-45.00 -115 -0.31853
-40.00 -115 -0.31791
-35.00 -115 -0.50053
-30.00 -115 -0.81052
-25.00 -115 -1.1349
-20.00 -115 -1.3848
-15.00 -115 -1.5336
-10.00 -115 -1.5923
-5.00 -115 -1.5698
0.00 -115 -1.4738
5.00 -115 -1.3505
10.00 -115 -1.3012
15.00 -115 -1.4269
20.00 -115 -1.7258
25.00 -115 -2.0416
30.00 -115 -2.1321
35.00 -115 -1.8276
40.00 -115 -1.1570
45.00 -115 -0.33144
-65.00 -110 -0.46541
-60.00 -110 -0.56843
-55.00 -110 -0.52987
-50.00 -110 -0.38053
-45.00 -110 -0.24884
-40.00 -110 -0.26393
-35.00 -110 -0.45424
-30.00 -110 -0.73427
-25.00 -110 -0.98617
-20.00 -110 -1.1536
-15.00 -110 -1.2608
-10.00 -110 -1.3527
-5.00 -110 -1.4298
0.00 -110 -1.4559
5.00 -110 -1.4243
10.00 -110 -1.4012
15.00 -110 -1.4765
20.00 -110 -1.6549
25.00 -110 -1.7962
30.00 -110 -1.6878
35.00 -110 -1.2077
40.00 -110 -0.43915
45.00 -110 0.37163
50.00 -110 0.99127
55.00 -110 1.3560
60.00 -110 1.5727
65.00 -110 1.7683
-70.00 -105 -0.20999
-45.00 -105 -0.10189
-40.00 -105 -0.89771E-01
-35.00 -105 -0.23459
-30.00 -105 -0.43491
-25.00 -105 -0.58194
-20.00 -105 -0.66207
-15.00 -105 -0.75714
-10.00 -105 -0.94649
-5.00 -105 -1.2133
0.00 -105 -1.4517
5.00 -105 -1.5658
10.00 -105 -1.5564
15.00 -105 -1.5019
20.00 -105 -1.4504
25.00 -105 -1.3382
30.00 -105 -1.0302
35.00 -105 -0.45704
40.00 -105 0.28362
45.00 -105 0.97066
70.00 -105 2.0337
-75.00 -100 0.36495E-01
-65.00 -100 -0.29407
-60.00 -100 -0.38872
-55.00 -100 -0.31533
-50.00 -100 -0.11096
-45.00 -100 0.84287E-01
-40.00 -100 0.14622
-35.00 -100 0.71006E-01
-30.00 -100 -0.37967E-01
-25.00 -100 -0.88704E-01
-20.00 -100 -0.10701
-15.00 -100 -0.22184
-10.00 -100 -0.53784
-5.00 -100 -1.0156
0.00 -100 -1.4760
5.00 -100 -1.7282
10.00 -100 -1.7031
15.00 -100 -1.4738
20.00 -100 -1.1541
25.00 -100 -0.78635
30.00 -100 -0.33120
35.00 -100 0.23856
40.00 -100 0.84880
45.00 -100 1.3470
50.00 -100 1.6263
55.00 -100 1.7261
60.00 -100 1.7961
65.00 -100 1.9411
75.00 -100 2.0578
-45.00 -95 0.25176
-40.00 -95 0.35461
-35.00 -95 0.33262
-30.00 -95 0.28103
-25.00 -95 0.27785
-20.00 -95 0.27823
-15.00 -95 0.13385
-10.00 -95 -0.26865
-5.00 -95 -0.87447
0.00 -95 -1.4599
5.00 -95 -1.7731
10.00 -95 -1.6995
15.00 -95 -1.3130
20.00 -95 -0.78565
25.00 -95 -0.25188
30.00 -95 0.25003
35.00 -95 0.72636
40.00 -95 1.1488
45.00 -95 1.4486
-80.00 -90 0.26459
-70.00 -90 0.10019
-65.00 -90 -0.52843E-01
-60.00 -90 -0.14000
-55.00 -90 -0.70152E-01
-50.00 -90 0.13609
-45.00 -90 0.35592
-40.00 -90 0.47021
-35.00 -90 0.46303
-30.00 -90 0.41637
-25.00 -90 0.40392
-20.00 -90 0.39012
-15.00 -90 0.24144
-10.00 -90 -0.14784
-5.00 -90 -0.72677
0.00 -90 -1.2787
5.00 -90 -1.5515
10.00 -90 -1.4228
15.00 -90 -0.96613
20.00 -90 -0.37557
25.00 -90 0.17359
30.00 -90 0.60762
35.00 -90 0.93277
40.00 -90 1.1660
45.00 -90 1.3070
50.00 -90 1.3744
55.00 -90 1.4424
60.00 -90 1.6032
65.00 -90 1.8664
70.00 -90 2.0957
80.00 -90 1.6896
-85.00 -85 0.37923
-45.00 -85 0.38995
-40.00 -85 0.48917
-35.00 -85 0.46888
-30.00 -85 0.39572
-25.00 -85 0.34679
-20.00 -85 0.31695
-15.00 -85 0.21256
-10.00 -85 -0.55189E-01
-5.00 -85 -0.46132
0.00 -85 -0.84749
5.00 -85 -1.0182
10.00 -85 -0.87544
15.00 -85 -0.48008
20.00 -85 0.29458E-02
25.00 -85 0.42019
30.00 -85 0.70670
35.00 -85 0.87766
40.00 -85 0.97279
45.00 -85 1.0246
85.00 -85 1.0401
-75.00 -80 0.37959
-65.00 -80 0.20434
-60.00 -80 0.10753
-55.00 -80 0.11590
-50.00 -80 0.23610
-45.00 -80 0.38620
-40.00 -80 0.46450
-35.00 -80 0.43383
-30.00 -80 0.34406
-25.00 -80 0.27465
-20.00 -80 0.25442
-15.00 -80 0.23586
-10.00 -80 0.14807
-5.00 -80 -0.22987E-01
0.00 -80 -0.20445
5.00 -80 -0.28639
10.00 -80 -0.20662
15.00 -80 0.45778E-02
20.00 -80 0.25460
25.00 -80 0.45911
30.00 -80 0.58846
35.00 -80 0.65952
40.00 -80 0.70040
45.00 -80 0.73588
50.00 -80 0.80391
55.00 -80 0.96408
60.00 -80 1.2580
65.00 -80 1.6385
75.00 -80 1.9646
-70.00 -75 0.42210
-45.00 -75 0.39517
-40.00 -75 0.46638
-35.00 -75 0.45113
-30.00 -75 0.38154
-25.00 -75 0.33095
-20.00 -75 0.34930
-15.00 -75 0.42454
-10.00 -75 0.49992
-5.00 -75 0.52519
0.00 -75 0.49327
5.00 -75 0.43423
10.00 -75 0.38157
15.00 -75 0.34831
20.00 -75 0.33197
25.00 -75 0.33338
30.00 -75 0.36124
35.00 -75 0.41751
40.00 -75 0.48734
45.00 -75 0.55678
70.00 -75 1.8111
-65.00 -70 0.43267
-60.00 -70 0.34265
-55.00 -70 0.30851
-50.00 -70 0.35830
-45.00 -70 0.45660
-40.00 -70 0.53671
-35.00 -70 0.55728
-30.00 -70 0.53538
-25.00 -70 0.53056
-20.00 -70 0.59618
-15.00 -70 0.73787
-10.00 -70 0.90857
-5.00 -70 1.0371
0.00 -70 1.0650
5.00 -70 0.96966
10.00 -70 0.76928
15.00 -70 0.51752
20.00 -70 0.29033
25.00 -70 0.16087
30.00 -70 0.16496
35.00 -70 0.27720
40.00 -70 0.42464
45.00 -70 0.54104
50.00 -70 0.62516
55.00 -70 0.74813
60.00 -70 0.98764
65.00 -70 1.3323
-45.00 -65 0.57958
-40.00 -65 0.66723
-35.00 -65 0.71277
-30.00 -65 0.72836
-25.00 -65 0.76216
-20.00 -65 0.86016
-15.00 -65 1.0299
-10.00 -65 1.2294
-5.00 -65 1.3832
0.00 -65 1.4142
5.00 -65 1.2763
10.00 -65 0.98000
15.00 -65 0.60078
20.00 -65 0.26086
25.00 -65 0.78842E-01
30.00 -65 0.10674
35.00 -65 0.29439
40.00 -65 0.51688
45.00 -65 0.65899
-80.00 -60 0.56619
-75.00 -60 0.61764
-70.00 -60 0.62859
-65.00 -60 0.59582
-60.00 -60 0.56161
-55.00 -60 0.57453
-50.00 -60 0.64561
-45.00 -60 0.74043
-40.00 -60 0.81073
-35.00 -60 0.83665
-30.00 -60 0.84384
-25.00 -60 0.88351
-20.00 -60 0.99397
-15.00 -60 1.1728
-10.00 -60 1.3743
-5.00 -60 1.5271
0.00 -60 1.5585
5.00 -60 1.4200
10.00 -60 1.1139
15.00 -60 0.71181
20.00 -60 0.34492
25.00 -60 0.15076
30.00 -60 0.19541
35.00 -60 0.42222
40.00 -60 0.67712
45.00 -60 0.80933
50.00 -60 0.78065
55.00 -60 0.69483
60.00 -60 0.71212
65.00 -60 0.90744
70.00 -60 1.1872
75.00 -60 1.3465
80.00 -60 1.2272
-45.00 -55 0.89515
-40.00 -55 0.91150
-35.00 -55 0.86303
-30.00 -55 0.81072
-25.00 -55 0.82805
-20.00 -55 0.94883
-15.00 -55 1.1478
-10.00 -55 1.3608
-5.00 -55 1.5182
0.00 -55 1.5651
5.00 -55 1.4662
10.00 -55 1.2164
15.00 -55 0.86244
20.00 -55 0.51346
25.00 -55 0.30568
30.00 -55 0.32318
35.00 -55 0.52742
40.00 -55 0.76374
45.00 -55 0.86174
-65.00 -50 0.65218
-60.00 -50 0.69017
-55.00 -50 0.80103
-50.00 -50 0.93418
-45.00 -50 0.99666
-40.00 -50 0.93186
-35.00 -50 0.77696
-30.00 -50 0.64474
-25.00 -50 0.64242
-20.00 -50 0.79563
-15.00 -50 1.0388
-10.00 -50 1.2710
-5.00 -50 1.4200
0.00 -50 1.4615
5.00 -50 1.3931
10.00 -50 1.2111
15.00 -50 0.92824
20.00 -50 0.60991
25.00 -50 0.37427
30.00 -50 0.32475
35.00 -50 0.46008
40.00 -50 0.64890
45.00 -50 0.71496
50.00 -50 0.57866
55.00 -50 0.33545
60.00 -50 0.19054
65.00 -50 0.29071
-70.00 -45 0.65236
-45.00 -45 1.0080
-40.00 -45 0.86036
-35.00 -45 0.60987
-30.00 -45 0.42354
-25.00 -45 0.43689
-20.00 -45 0.65256
-15.00 -45 0.94606
-10.00 -45 1.1681
-5.00 -45 1.2483
0.00 -45 1.2127
5.00 -45 1.1159
10.00 -45 0.97169
15.00 -45 0.75624
20.00 -45 0.47619
25.00 -45 0.21516
30.00 -45 0.90284E-01
35.00 -45 0.14561
40.00 -45 0.28797
45.00 -45 0.34565
70.00 -45 0.26419
-75.00 -40 0.68568
-65.00 -40 0.57652
-60.00 -40 0.62162
-55.00 -40 0.76875
-50.00 -40 0.91307
-45.00 -40 0.90941
-40.00 -40 0.70430
-35.00 -40 0.40752
-30.00 -40 0.22511
-25.00 -40 0.29883
-20.00 -40 0.58848
-15.00 -40 0.90201
-10.00 -40 1.0481
-5.00 -40 0.97644
0.00 -40 0.78608
5.00 -40 0.60712
10.00 -40 0.47761
15.00 -40 0.33328
20.00 -40 0.10996
25.00 -40 -0.15612
30.00 -40 -0.34164
35.00 -40 -0.35631
40.00 -40 -0.24790
45.00 -40 -0.17583
50.00 -40 -0.26383
55.00 -40 -0.46760
60.00 -40 -0.59182
65.00 -40 -0.45527
75.00 -40 0.39175
-45.00 -35 0.70136
-40.00 -35 0.47951
-35.00 -35 0.20078
-30.00 -35 0.81238E-01
-25.00 -35 0.23937
-20.00 -35 0.57984
-15.00 -35 0.85523
-10.00 -35 0.86080
-5.00 -35 0.59386
0.00 -35 0.23855
5.00 -35 -0.55717E-02
10.00 -35 -0.91221E-01
15.00 -35 -0.13669
20.00 -35 -0.28333
25.00 -35 -0.54291
30.00 -35 -0.78451
35.00 -35 -0.86991
40.00 -35 -0.79837
45.00 -35 -0.71204
-85.00 -30 0.68822
-80.00 -30 0.74307
-70.00 -30 0.55743
-65.00 -30 0.40860
-60.00 -30 0.34996
-55.00 -30 0.40022
-50.00 -30 0.46213
-45.00 -30 0.40625
-40.00 -30 0.20765
-35.00 -30 0.25968E-03
-30.00 -30 -0.23514E-01
-25.00 -30 0.20697
-20.00 -30 0.54610
-15.00 -30 0.72614
-10.00 -30 0.57270
-5.00 -30 0.15467
0.00 -30 -0.26995
5.00 -30 -0.46978
10.00 -30 -0.42784
15.00 -30 -0.33600
20.00 -30 -0.40755
25.00 -30 -0.68389
30.00 -30 -1.0107
35.00 -30 -1.1956
40.00 -30 -1.1892
45.00 -30 -1.1159
50.00 -30 -1.1295
55.00 -30 -1.2409
60.00 -30 -1.2893
65.00 -30 -1.0885
70.00 -30 -0.61164
80.00 -30 0.38500
85.00 -30 0.53662
-45.00 -25 0.67279E-01
-40.00 -25 -0.80173E-01
-35.00 -25 -0.18868
-30.00 -25 -0.11770
-25.00 -25 0.14466
-20.00 -25 0.42458
-15.00 -25 0.48087
-10.00 -25 0.21195
-5.00 -25 -0.23406
0.00 -25 -0.56069
5.00 -25 -0.56322
10.00 -25 -0.30229
15.00 -25 -0.55758E-01
20.00 -25 -0.87629E-01
25.00 -25 -0.43523
30.00 -25 -0.89710
35.00 -25 -1.2212
40.00 -25 -1.3153
45.00 -25 -1.2906
-75.00 -20 0.73074
-65.00 -20 0.26428
-60.00 -20 0.39190E-01
-55.00 -20 -0.97420E-01
-50.00 -20 -0.17694
-45.00 -20 -0.25841
-40.00 -20 -0.34232
-35.00 -20 -0.35046
-30.00 -20 -0.20941
-25.00 -20 0.38509E-01
-20.00 -20 0.22127
-15.00 -20 0.16460
-10.00 -20 -0.13733
-5.00 -20 -0.47161
0.00 -20 -0.55077
5.00 -20 -0.25015
10.00 -20 0.26351
15.00 -20 0.63568
20.00 -20 0.58661
25.00 -20 0.11793
30.00 -20 -0.50644
35.00 -20 -0.98054
40.00 -20 -1.1833
45.00 -20 -1.2225
50.00 -20 -1.2791
55.00 -20 -1.4087
60.00 -20 -1.4866
65.00 -20 -1.3346
75.00 -20 -0.32542
-70.00 -15 0.54696
-45.00 -15 -0.51356
-40.00 -15 -0.53514
-35.00 -15 -0.45984
-30.00 -15 -0.28095
-25.00 -15 -0.78616E-01
-20.00 -15 0.33618E-02
-15.00 -15 -0.12401
-10.00 -15 -0.37786
-5.00 -15 -0.51437
0.00 -15 -0.29728
5.00 -15 0.29441
10.00 -15 0.99822
15.00 -15 1.4201
20.00 -15 1.3042
25.00 -15 0.71013
30.00 -15 -0.43623E-01
35.00 -15 -0.62072
40.00 -15 -0.89259
45.00 -15 -0.97295
70.00 -15 -0.91588
-65.00 -10 0.26875
-60.00 -10 -0.82434E-01
-55.00 -10 -0.37860
-50.00 -10 -0.57427
-45.00 -10 -0.65745
-40.00 -10 -0.62839
-35.00 -10 -0.49728
-30.00 -10 -0.30991
-25.00 -10 -0.16125
-20.00 -10 -0.15062
-15.00 -10 -0.28941
-10.00 -10 -0.44114
-5.00 -10 -0.37603
0.00 -10 0.65580E-01
5.00 -10 0.81553
10.00 -10 1.5654
15.00 -10 1.9389
20.00 -10 1.7371
25.00 -10 1.0716
30.00 -10 0.28132
35.00 -10 -0.30429
40.00 -10 -0.57036
45.00 -10 -0.63895
50.00 -10 -0.71196
55.00 -10 -0.88043
60.00 -10 -1.0580
65.00 -10 -1.0766
-45.00 -5 -0.67818
-40.00 -5 -0.61727
-35.00 -5 -0.46293
-30.00 -5 -0.29114
-25.00 -5 -0.18679
-20.00 -5 -0.19803
-15.00 -5 -0.28417
-10.00 -5 -0.30521
-5.00 -5 -0.90838E-01
0.00 -5 0.43390
5.00 -5 1.1527
10.00 -5 1.7816
15.00 -5 2.0218
20.00 -5 1.7489
25.00 -5 1.0989
30.00 -5 0.38250
35.00 -5 -0.11555
40.00 -5 -0.30512
45.00 -5 -0.30784
90.00 0.00 0.49306
-90.00 0.00 0.56371
