-85.00 0.00 0.15249
-80.00 0.00 0.49464E-01
-75.00 0.00 -0.10267
-70.00 0.00 -0.21664
-65.00 0.00 -0.23701
-60.00 0.00 -0.18630
-55.00 0.00 -0.13925
-50.00 0.00 -0.14689
-45.00 0.00 -0.18696
-40.00 0.00 -0.19052
-35.00 0.00 -0.11940
-30.00 0.00 -0.16619E-01
-25.00 0.00 0.24358E-01
-20.00 0.00 -0.52770E-01
-15.00 0.00 -0.20507
-10.00 0.00 -0.31594
-5.00 0.00 -0.28981
0.00 0.00 -0.13237
5.00 0.00 0.54956E-01
10.00 0.00 0.15985
15.00 0.00 0.14626
20.00 0.00 0.69417E-01
25.00 0.00 0.13413E-01
30.00 0.00 0.15600E-01
35.00 0.00 0.46625E-01
40.00 0.00 0.55883E-01
45.00 0.00 0.29395E-01
50.00 0.00 0.11357E-02
55.00 0.00 0.10987E-01
60.00 0.00 0.57505E-01
65.00 0.00 0.96615E-01
70.00 0.00 0.87832E-01
75.00 0.00 0.39280E-01
80.00 0.00 0.52038E-02
85.00 0.00 0.33819E-01
-45.00 5.00 -0.16159
-40.00 5.00 -0.20367
-35.00 5.00 -0.17667
-30.00 5.00 -0.95528E-01
-25.00 5.00 -0.39531E-01
-20.00 5.00 -0.75169E-01
-15.00 5.00 -0.18591
-10.00 5.00 -0.27806
-5.00 5.00 -0.26033
0.00 5.00 -0.12478
5.00 5.00 0.45154E-01
10.00 5.00 0.14602
15.00 5.00 0.13904
20.00 5.00 0.72911E-01
25.00 5.00 0.29542E-01
30.00 5.00 0.48561E-01
35.00 5.00 0.10066
40.00 5.00 0.12828
45.00 5.00 0.10718
-65.00 10.00 -0.27050
-60.00 10.00 -0.19010
-55.00 10.00 -0.96778E-01
-50.00 10.00 -0.79248E-01
-45.00 10.00 -0.14951
-40.00 10.00 -0.23839
-35.00 10.00 -0.26554
-30.00 10.00 -0.21620
-25.00 10.00 -0.15216
-20.00 10.00 -0.14810
-15.00 10.00 -0.21627
-10.00 10.00 -0.29216
-5.00 10.00 -0.29452
0.00 10.00 -0.20159
5.00 10.00 -0.71074E-01
10.00 10.00 0.13865E-01
15.00 10.00 0.19865E-01
20.00 10.00 -0.11213E-01
25.00 10.00 -0.80455E-02
30.00 10.00 0.59870E-01
35.00 10.00 0.15493
40.00 10.00 0.21040
45.00 10.00 0.19449
50.00 10.00 0.13701
55.00 10.00 0.95415E-01
60.00 10.00 0.97579E-01
65.00 10.00 0.11896
-70.00 15.00 -0.24977
-45.00 15.00 -0.15767
-40.00 15.00 -0.29456
-35.00 15.00 -0.37959
-30.00 15.00 -0.37155
-25.00 15.00 -0.31312
-20.00 15.00 -0.28193
-15.00 15.00 -0.31448
-10.00 15.00 -0.37525
-5.00 15.00 -0.39666
0.00 15.00 -0.34654
5.00 15.00 -0.25618
10.00 15.00 -0.18375
15.00 15.00 -0.15288
20.00 15.00 -0.12913
25.00 15.00 -0.58064E-01
30.00 15.00 0.73630E-01
35.00 15.00 0.21558
40.00 15.00 0.29349
45.00 15.00 0.27394
70.00 15.00 0.11597
-75.00 20.00 -0.10146
-65.00 20.00 -0.26852
-60.00 20.00 -0.18604
-55.00 20.00 -0.84223E-01
-50.00 20.00 -0.71319E-01
-45.00 20.00 -0.18433
-40.00 20.00 -0.36170
-35.00 20.00 -0.49874
-30.00 20.00 -0.53398
-25.00 20.00 -0.49068
-20.00 20.00 -0.44250
-15.00 20.00 -0.44199
-10.00 20.00 -0.47951
-5.00 20.00 -0.50508
0.00 20.00 -0.48332
5.00 20.00 -0.42373
10.00 20.00 -0.35907
15.00 20.00 -0.30002
20.00 20.00 -0.21820
25.00 20.00 -0.78712E-01
30.00 20.00 0.11041
35.00 20.00 0.28494
40.00 20.00 0.36726
45.00 20.00 0.32934
50.00 20.00 0.21785
55.00 20.00 0.11648
60.00 20.00 0.79098E-01
65.00 20.00 0.93803E-01
75.00 20.00 0.87924E-01
-45.00 25.00 -0.22205
-40.00 25.00 -0.42448
-35.00 25.00 -0.59701
-30.00 25.00 -0.66518
-25.00 25.00 -0.63391
-20.00 25.00 -0.56720
-15.00 25.00 -0.52634
-10.00 25.00 -0.52521
-5.00 25.00 -0.53627
0.00 25.00 -0.52928
5.00 25.00 -0.49750
10.00 25.00 -0.44758
15.00 25.00 -0.37255
20.00 25.00 -0.24641
25.00 25.00 -0.53889E-01
30.00 25.00 0.17349
35.00 25.00 0.35771
40.00 25.00 0.42226
45.00 25.00 0.35116
-80.00 30.00 0.87685E-01
-70.00 30.00 -0.19824
-65.00 30.00 -0.24447
-60.00 30.00 -0.19408
-55.00 30.00 -0.12315
-50.00 30.00 -0.13142
-45.00 30.00 -0.26285
-40.00 30.00 -0.47107
-35.00 30.00 -0.65574
-30.00 30.00 -0.73626
-25.00 30.00 -0.70208
-20.00 30.00 -0.60530
-15.00 30.00 -0.51219
-10.00 30.00 -0.45954
-5.00 30.00 -0.44641
0.00 30.00 -0.45337
5.00 30.00 -0.45991
10.00 30.00 -0.44373
15.00 30.00 -0.37447
20.00 30.00 -0.22431
25.00 30.00 0.26029E-02
30.00 30.00 0.24930
35.00 30.00 0.42366
40.00 30.00 0.45358
45.00 30.00 0.33991
50.00 30.00 0.16151
55.00 30.00 0.22700E-01
60.00 30.00 -0.17512E-01
65.00 30.00 0.21753E-01
70.00 30.00 0.73163E-01
80.00 30.00 0.65831E-01
-45.00 35.00 -0.30180
-40.00 35.00 -0.49841
-35.00 35.00 -0.67215
-30.00 35.00 -0.74219
-25.00 35.00 -0.68719
-20.00 35.00 -0.54895
-15.00 35.00 -0.39805
-10.00 35.00 -0.29342
-5.00 35.00 -0.26095
0.00 35.00 -0.29256
5.00 35.00 -0.35320
10.00 35.00 -0.38893
15.00 35.00 -0.34275
20.00 35.00 -0.18328
25.00 35.00 0.65552E-01
30.00 35.00 0.32018
35.00 35.00 0.47459
40.00 35.00 0.46318
45.00 35.00 0.30597
-75.00 40.00 -0.59592E-02
-65.00 40.00 -0.20159
-60.00 40.00 -0.20145
-55.00 40.00 -0.18266
-50.00 40.00 -0.21652
-45.00 40.00 -0.33686
-40.00 40.00 -0.51029
-35.00 40.00 -0.65622
-30.00 40.00 -0.69865
-25.00 40.00 -0.61170
-20.00 40.00 -0.43106
-15.00 40.00 -0.23155
-10.00 40.00 -0.89964E-01
-5.00 40.00 -0.53021E-01
0.00 40.00 -0.11954
5.00 40.00 -0.23892
10.00 40.00 -0.32800
15.00 40.00 -0.30677
20.00 40.00 -0.14266
25.00 40.00 0.12102
30.00 40.00 0.37688
35.00 40.00 0.50842
40.00 40.00 0.45839
45.00 40.00 0.26512
50.00 40.00 0.38886E-01
55.00 40.00 -0.10755
60.00 40.00 -0.12627
65.00 40.00 -0.52707E-01
75.00 40.00 0.75940E-01
-70.00 45.00 -0.95523E-01
-45.00 45.00 -0.36577
-40.00 45.00 -0.51021
-35.00 45.00 -0.61866
-30.00 45.00 -0.62475
-25.00 45.00 -0.50541
-20.00 45.00 -0.29543
-15.00 45.00 -0.71989E-01
-10.00 45.00 0.79921E-01
-5.00 45.00 0.10525
0.00 45.00 0.58490E-02
5.00 45.00 -0.15469
10.00 45.00 -0.27506
15.00 45.00 -0.26475
20.00 45.00 -0.95825E-01
25.00 45.00 0.17269
30.00 45.00 0.41944
35.00 45.00 0.52615
40.00 45.00 0.44621
45.00 45.00 0.23150
70.00 45.00 0.21852E-01
-65.00 50.00 -0.14340
-60.00 50.00 -0.18978
-55.00 50.00 -0.22318
-50.00 50.00 -0.28275
-45.00 50.00 -0.38303
-40.00 50.00 -0.49506
-35.00 50.00 -0.56041
-30.00 50.00 -0.52708
-25.00 50.00 -0.38287
-20.00 50.00 -0.16676
-15.00 50.00 0.46022E-01
-10.00 50.00 0.17662
-5.00 50.00 0.17853
0.00 50.00 0.62454E-01
5.00 50.00 -0.10231
10.00 50.00 -0.21551
15.00 50.00 -0.19520
20.00 50.00 -0.25185E-01
25.00 50.00 0.22836
30.00 50.00 0.44708
35.00 50.00 0.52463
40.00 50.00 0.42719
45.00 50.00 0.21163
50.00 50.00 -0.11066E-01
55.00 50.00 -0.14251
60.00 50.00 -0.14988
65.00 50.00 -0.72386E-01
-85.00 55.00 0.18539
-45.00 55.00 -0.38029
-40.00 55.00 -0.45566
-35.00 55.00 -0.47307
-30.00 55.00 -0.39945
-25.00 55.00 -0.24097
-20.00 55.00 -0.44961E-01
-15.00 55.00 0.12099
-10.00 55.00 0.19984
-5.00 55.00 0.17089
0.00 55.00 0.60441E-01
5.00 55.00 -0.66685E-01
10.00 55.00 -0.13349
15.00 55.00 -0.86852E-01
20.00 55.00 0.72263E-01
25.00 55.00 0.28266
30.00 55.00 0.44952
35.00 55.00 0.49342
40.00 55.00 0.39437
45.00 55.00 0.20296
85.00 55.00 0.86460E-01
-80.00 60.00 0.17004
-75.00 60.00 0.10332
-70.00 60.00 0.92455E-02
-65.00 60.00 -0.81534E-01
-60.00 60.00 -0.15432
-55.00 60.00 -0.21751
-50.00 60.00 -0.28461
-45.00 60.00 -0.35030
-40.00 60.00 -0.38424
-35.00 60.00 -0.35065
-30.00 60.00 -0.23849
-25.00 60.00 -0.77096E-01
-20.00 60.00 0.75945E-01
-15.00 60.00 0.16611
-10.00 60.00 0.17065
-5.00 60.00 0.10722
0.00 60.00 0.21208E-01
5.00 60.00 -0.37018E-01
10.00 60.00 -0.31956E-01
15.00 60.00 0.45709E-01
20.00 60.00 0.17622
25.00 60.00 0.31587
30.00 60.00 0.41131
35.00 60.00 0.42167
40.00 60.00 0.33957
45.00 60.00 0.19801
50.00 60.00 0.55306E-01
55.00 60.00 -0.35333E-01
60.00 60.00 -0.53252E-01
65.00 60.00 -0.16868E-01
70.00 60.00 0.34354E-01
75.00 60.00 0.68061E-01
80.00 60.00 0.80216E-01
-45.00 65.00 -0.29191
-40.00 65.00 -0.28320
-35.00 65.00 -0.20268
-30.00 65.00 -0.60945E-01
-25.00 65.00 0.90358E-01
-20.00 65.00 0.18545
-15.00 65.00 0.18694
-10.00 65.00 0.11139
-5.00 65.00 0.17842E-01
0.00 65.00 -0.31350E-01
5.00 65.00 -0.75738E-02
10.00 65.00 0.74377E-01
15.00 65.00 0.17545
20.00 65.00 0.26023
25.00 65.00 0.31184
30.00 65.00 0.32825
35.00 65.00 0.31146
40.00 65.00 0.26341
45.00 65.00 0.19134
-65.00 70.00 -0.32318E-01
-60.00 70.00 -0.10575
-55.00 70.00 -0.16221
-50.00 70.00 -0.20193
-45.00 70.00 -0.21214
-40.00 70.00 -0.16799
-35.00 70.00 -0.56999E-01
-30.00 70.00 0.94019E-01
-25.00 70.00 0.21959
-20.00 70.00 0.25313
-15.00 70.00 0.17641
-10.00 70.00 0.40386E-01
-5.00 70.00 -0.64077E-01
0.00 70.00 -0.66750E-01
5.00 70.00 0.35346E-01
10.00 70.00 0.18023
15.00 70.00 0.28823
20.00 70.00 0.31609
25.00 70.00 0.27762
30.00 70.00 0.22091
35.00 70.00 0.18654
40.00 70.00 0.18140
45.00 70.00 0.18465
50.00 70.00 0.17335
55.00 70.00 0.14267
60.00 70.00 0.10587
65.00 70.00 0.79451E-01
-70.00 75.00 0.66452E-01
-45.00 75.00 -0.12353
-40.00 75.00 -0.60655E-01
-35.00 75.00 0.52315E-01
-30.00 75.00 0.18273
-25.00 75.00 0.26668
-20.00 75.00 0.24844
-15.00 75.00 0.12841
-10.00 75.00 -0.22580E-01
-5.00 75.00 -0.10288
0.00 75.00 -0.49492E-01
5.00 75.00 0.11486
10.00 75.00 0.29526
15.00 75.00 0.38999
20.00 75.00 0.35873
25.00 75.00 0.24343
30.00 75.00 0.13033
35.00 75.00 0.86586E-01
40.00 75.00 0.11997
45.00 75.00 0.18624
70.00 75.00 0.86818E-01
-75.00 80.00 0.14566
-65.00 80.00 -0.60111E-02
-60.00 80.00 -0.60263E-01
-55.00 80.00 -0.80801E-01
-50.00 80.00 -0.71975E-01
-45.00 80.00 -0.38267E-01
-40.00 80.00 0.21920E-01
-35.00 80.00 0.10464
-30.00 80.00 0.18416
-25.00 80.00 0.21600
-20.00 80.00 0.16743
-15.00 80.00 0.53877E-01
-10.00 80.00 -0.54463E-01
-5.00 80.00 -0.71765E-01
0.00 80.00 0.41466E-01
5.00 80.00 0.24149
10.00 80.00 0.42266
15.00 80.00 0.48583
20.00 80.00 0.40434
25.00 80.00 0.23939
30.00 80.00 0.94948E-01
35.00 80.00 0.47803E-01
40.00 80.00 0.10358
45.00 80.00 0.20519
50.00 80.00 0.27991
55.00 80.00 0.28665
60.00 80.00 0.23277
65.00 80.00 0.15712
75.00 80.00 0.77058E-01
-45.00 85.00 0.36987E-01
-40.00 85.00 0.77159E-01
-35.00 85.00 0.10655
-30.00 85.00 0.11697
-25.00 85.00 0.97013E-01
-20.00 85.00 0.44424E-01
-15.00 85.00 -0.17052E-01
-10.00 85.00 -0.38072E-01
-5.00 85.00 0.28532E-01
0.00 85.00 0.18838
5.00 85.00 0.38696
10.00 85.00 0.53317
15.00 85.00 0.55422
20.00 85.00 0.44390
25.00 85.00 0.26859
30.00 85.00 0.12540
35.00 85.00 0.82230E-01
40.00 85.00 0.14070
45.00 85.00 0.24424
-80.00 90.00 0.17978
-70.00 90.00 0.67668E-01
-65.00 90.00 0.20106E-02
-60.00 90.00 -0.24688E-01
-55.00 90.00 -0.12606E-02
-50.00 90.00 0.52956E-01
-45.00 90.00 0.10208
-40.00 90.00 0.11672
-35.00 90.00 0.89153E-01
-30.00 90.00 0.33057E-01
-25.00 90.00 -0.26374E-01
-20.00 90.00 -0.61947E-01
-15.00 90.00 -0.49795E-01
-10.00 90.00 0.25525E-01
-5.00 90.00 0.16223
0.00 90.00 0.33293
5.00 90.00 0.48689
10.00 90.00 0.56919
15.00 90.00 0.54941
20.00 90.00 0.44197
25.00 90.00 0.30211
30.00 90.00 0.19725
35.00 90.00 0.17038
40.00 90.00 0.21814
45.00 90.00 0.29656
50.00 90.00 0.34934
55.00 90.00 0.34052
60.00 90.00 0.27224
65.00 90.00 0.17914
70.00 90.00 0.10477
80.00 90.00 0.87554E-01
-45.00 95.00 0.15971
-40.00 95.00 0.15694
-35.00 95.00 0.89881E-01
-30.00 95.00 -0.99320E-02
-25.00 95.00 -0.88959E-01
-20.00 95.00 -0.10006
-15.00 95.00 -0.26021E-01
-10.00 95.00 0.11378
-5.00 95.00 0.27474
0.00 95.00 0.40839
5.00 95.00 0.48178
10.00 95.00 0.48707
15.00 95.00 0.43946
20.00 95.00 0.36770
25.00 95.00 0.30272
30.00 95.00 0.26795
35.00 95.00 0.27240
40.00 95.00 0.30735
45.00 95.00 0.34838
-75.00 100.00 0.12095
-65.00 100.00 0.97668E-02
-60.00 100.00 0.93571E-02
-55.00 100.00 0.64698E-01
-50.00 100.00 0.14843
-45.00 100.00 0.21012
-40.00 100.00 0.20627
-35.00 100.00 0.12988
-30.00 100.00 0.19679E-01
-25.00 100.00 -0.59399E-01
-20.00 100.00 -0.54156E-01
-15.00 100.00 0.43880E-01
-10.00 100.00 0.19233
-5.00 100.00 0.32340
0.00 100.00 0.38446
5.00 100.00 0.36679
10.00 100.00 0.30472
15.00 100.00 0.24843
20.00 100.00 0.23179
25.00 100.00 0.25729
30.00 100.00 0.30443
35.00 100.00 0.34943
40.00 100.00 0.37832
45.00 100.00 0.38580
50.00 100.00 0.36746
55.00 100.00 0.31827
60.00 100.00 0.24101
65.00 100.00 0.15481
75.00 100.00 0.70922E-01
-70.00 105.00 0.56115E-01
-45.00 105.00 0.24803
-40.00 105.00 0.25811
-35.00 105.00 0.20161
-30.00 105.00 0.11125
-25.00 105.00 0.44273E-01
-20.00 105.00 0.47321E-01
-15.00 105.00 0.12420
-10.00 105.00 0.23004
-5.00 105.00 0.29880
0.00 105.00 0.28729
5.00 105.00 0.20489
10.00 105.00 0.10746
15.00 105.00 0.59460E-01
20.00 105.00 0.92316E-01
25.00 105.00 0.18844
30.00 105.00 0.29933
35.00 105.00 0.37997
40.00 105.00 0.41183
45.00 105.00 0.40092
70.00 105.00 0.81125E-01
-85.00 110.00 0.16723
-65.00 110.00 0.35981E-01
-60.00 110.00 0.55013E-01
-55.00 110.00 0.11483
-50.00 110.00 0.19520
-45.00 110.00 0.26443
-40.00 110.00 0.29409
-35.00 110.00 0.27417
-30.00 110.00 0.22053
-25.00 110.00 0.16785
-20.00 110.00 0.14888
-15.00 110.00 0.17140
-10.00 110.00 0.20991
-5.00 110.00 0.22134
0.00 110.00 0.17673
5.00 110.00 0.86282E-01
10.00 110.00 -0.24075E-02
15.00 110.00 -0.34075E-01
20.00 110.00 0.17685E-01
25.00 110.00 0.13390
30.00 110.00 0.26477
35.00 110.00 0.36203
40.00 110.00 0.40341
45.00 110.00 0.39379
50.00 110.00 0.34897
55.00 110.00 0.28148
60.00 110.00 0.20106
65.00 110.00 0.12382
85.00 110.00 0.13134
-45.00 115.00 0.25202
-40.00 115.00 0.29528
-35.00 115.00 0.31241
-30.00 115.00 0.29699
-25.00 115.00 0.25387
-20.00 115.00 0.20036
-15.00 115.00 0.15704
-10.00 115.00 0.13342
-5.00 115.00 0.12086
0.00 115.00 0.10109
5.00 115.00 0.64609E-01
10.00 115.00 0.23380E-01
15.00 115.00 0.53986E-02
20.00 115.00 0.34495E-01
25.00 115.00 0.11164
30.00 115.00 0.21282
35.00 115.00 0.30391
40.00 115.00 0.35926
45.00 115.00 0.36982
-80.00 120.00 0.12759
-75.00 120.00 0.92015E-01
-70.00 120.00 0.74605E-01
-65.00 120.00 0.85307E-01
-60.00 120.00 0.11509
-55.00 120.00 0.14791
-50.00 120.00 0.17738
-45.00 120.00 0.21060
-40.00 120.00 0.25412
-35.00 120.00 0.29724
-30.00 120.00 0.31181
-25.00 120.00 0.27312
-20.00 120.00 0.18488
-15.00 120.00 0.84578E-01
-10.00 120.00 0.21065E-01
-5.00 120.00 0.20556E-01
0.00 120.00 0.68601E-01
5.00 120.00 0.12279
10.00 120.00 0.14559
15.00 120.00 0.13093
20.00 120.00 0.10484
25.00 120.00 0.10266
30.00 120.00 0.14257
35.00 120.00 0.21466
40.00 120.00 0.28941
45.00 120.00 0.33526
50.00 120.00 0.33296
55.00 120.00 0.28194
60.00 120.00 0.20017
65.00 120.00 0.11906
70.00 120.00 0.71571E-01
75.00 120.00 0.73607E-01
80.00 120.00 0.11144
-45.00 125.00 0.14875
-40.00 125.00 0.17933
-35.00 125.00 0.23452
-30.00 125.00 0.26950
-25.00 125.00 0.23546
-20.00 125.00 0.12491
-15.00 125.00 -0.10797E-01
-10.00 125.00 -0.91129E-01
-5.00 125.00 -0.63450E-01
0.00 125.00 0.56823E-01
5.00 125.00 0.19514
10.00 125.00 0.26941
15.00 125.00 0.24515
20.00 125.00 0.15430
25.00 125.00 0.67793E-01
30.00 125.00 0.45935E-01
35.00 125.00 0.10269
40.00 125.00 0.20400
45.00 125.00 0.29419
-65.00 130.00 0.14306
-60.00 130.00 0.17550
-55.00 130.00 0.16562
-50.00 130.00 0.11957
-45.00 130.00 0.80781E-01
-40.00 130.00 0.91302E-01
-35.00 130.00 0.14844
-30.00 130.00 0.19782
-25.00 130.00 0.17475
-20.00 130.00 0.62499E-01
-15.00 130.00 -0.82410E-01
-10.00 130.00 -0.16387
-5.00 130.00 -0.11622
0.00 130.00 0.43385E-01
5.00 130.00 0.22207
10.00 130.00 0.31357
15.00 130.00 0.26943
20.00 130.00 0.12799
25.00 130.00 -0.15976E-01
30.00 130.00 -0.74749E-01
35.00 130.00 -0.18993E-01
40.00 130.00 0.11340
45.00 130.00 0.24849
50.00 130.00 0.32152
55.00 130.00 0.30863
60.00 130.00 0.23210
65.00 130.00 0.14237
-70.00 135.00 0.11351
-45.00 135.00 0.20853E-01
-40.00 135.00 0.11856E-01
-35.00 135.00 0.65871E-01
-30.00 135.00 0.12590
-25.00 135.00 0.12075
-20.00 135.00 0.27224E-01
-15.00 135.00 -0.10278
-10.00 135.00 -0.17594
-5.00 135.00 -0.12806
0.00 135.00 0.23507E-01
5.00 135.00 0.18700
10.00 135.00 0.25821
15.00 135.00 0.19124
20.00 135.00 0.27781E-01
25.00 135.00 -0.13258
30.00 135.00 -0.19627
35.00 135.00 -0.12949
40.00 135.00 0.29456E-01
45.00 135.00 0.19976
70.00 135.00 0.10206
-75.00 140.00 0.85440E-01
-65.00 140.00 0.18457
-60.00 140.00 0.21124
-55.00 140.00 0.16632
-50.00 140.00 0.67712E-01
-45.00 140.00 -0.21760E-01
-40.00 140.00 -0.44575E-01
-35.00 140.00 0.31714E-02
-30.00 140.00 0.67171E-01
-25.00 140.00 0.79384E-01
-20.00 140.00 0.15247E-01
-15.00 140.00 -0.83916E-01
-10.00 140.00 -0.14219
-5.00 140.00 -0.10918
0.00 140.00 -0.12863E-02
5.00 140.00 0.10726
10.00 140.00 0.13608
15.00 140.00 0.54233E-01
20.00 140.00 -0.98808E-01
25.00 140.00 -0.23795
30.00 140.00 -0.28352
35.00 140.00 -0.20526
40.00 140.00 -0.35563E-01
45.00 140.00 0.15144
50.00 140.00 0.28012
55.00 140.00 0.31105
60.00 140.00 0.25763
65.00 140.00 0.17356
75.00 140.00 0.11768
-45.00 145.00 -0.43853E-01
-40.00 145.00 -0.73344E-01
-35.00 145.00 -0.36341E-01
-30.00 145.00 0.18612E-01
-25.00 145.00 0.35509E-01
-20.00 145.00 -0.40250E-02
-15.00 145.00 -0.69307E-01
-10.00 145.00 -0.10931
-5.00 145.00 -0.95345E-01
0.00 145.00 -0.43407E-01
5.00 145.00 -0.13135E-02
10.00 145.00 -0.13739E-01
15.00 145.00 -0.91497E-01
20.00 145.00 -0.20385
25.00 145.00 -0.29484
30.00 145.00 -0.31176
35.00 145.00 -0.23124
40.00 145.00 -0.72309E-01
45.00 145.00 0.10961
-80.00 150.00 0.87404E-01
-70.00 150.00 0.13421
-65.00 150.00 0.19417
-60.00 150.00 0.20621
-55.00 150.00 0.14519
-50.00 150.00 0.41184E-01
-45.00 150.00 -0.46053E-01
-40.00 150.00 -0.75880E-01
-35.00 150.00 -0.55489E-01
-30.00 150.00 -0.26541E-01
-25.00 150.00 -0.26130E-01
-20.00 150.00 -0.58471E-01
-15.00 150.00 -0.99330E-01
-10.00 150.00 -0.12341
-5.00 150.00 -0.12682
0.00 150.00 -0.12635
5.00 150.00 -0.14146
10.00 150.00 -0.17842
15.00 150.00 -0.22845
20.00 150.00 -0.27507
25.00 150.00 -0.29973
30.00 150.00 -0.28286
35.00 150.00 -0.20847
40.00 150.00 -0.77025E-01
45.00 150.00 0.82274E-01
50.00 150.00 0.21685
55.00 150.00 0.27915
60.00 150.00 0.25999
65.00 150.00 0.19782
70.00 150.00 0.15077
80.00 150.00 0.17827
-45.00 155.00 -0.29706E-01
-40.00 155.00 -0.54609E-01
-35.00 155.00 -0.55215E-01
-30.00 155.00 -0.66172E-01
-25.00 155.00 -0.10154
-20.00 155.00 -0.14566
-15.00 155.00 -0.17599
-10.00 155.00 -0.19054
-5.00 155.00 -0.20993
0.00 155.00 -0.25289
5.00 155.00 -0.31237
10.00 155.00 -0.35839
15.00 155.00 -0.36480
20.00 155.00 -0.33144
25.00 155.00 -0.27874
30.00 155.00 -0.22146
35.00 155.00 -0.15169
40.00 155.00 -0.51389E-01
45.00 155.00 0.77557E-01
-75.00 160.00 0.85788E-01
-65.00 160.00 0.17892
-60.00 160.00 0.17378
-55.00 160.00 0.11654
-50.00 160.00 0.47082E-01
-45.00 160.00 0.43981E-02
-40.00 160.00 -0.11260E-01
-35.00 160.00 -0.33435E-01
-30.00 160.00 -0.89359E-01
-25.00 160.00 -0.16837
-20.00 160.00 -0.23256
-15.00 160.00 -0.25849
-10.00 160.00 -0.26518
-5.00 160.00 -0.29709
0.00 160.00 -0.37678
5.00 160.00 -0.47480
10.00 160.00 -0.52874
15.00 160.00 -0.49555
20.00 160.00 -0.38766
25.00 160.00 -0.25891
30.00 160.00 -0.15535
35.00 160.00 -0.79350E-01
40.00 160.00 -0.54245E-03
45.00 160.00 0.10072
50.00 160.00 0.20416
55.00 160.00 0.26554
60.00 160.00 0.26160
65.00 160.00 0.21660
75.00 160.00 0.18573
-85.00 165.00 0.12211
-70.00 165.00 0.13284
-45.00 165.00 0.54718E-01
-40.00 165.00 0.50622E-01
-35.00 165.00 0.87832E-02
-30.00 165.00 -0.89223E-01
-25.00 165.00 -0.20744
-20.00 165.00 -0.28556
-15.00 165.00 -0.29838
-10.00 165.00 -0.28487
-5.00 165.00 -0.31414
0.00 165.00 -0.41752
5.00 165.00 -0.55089
10.00 165.00 -0.62525
15.00 165.00 -0.57917
20.00 165.00 -0.42761
25.00 165.00 -0.24453
30.00 165.00 -0.98980E-01
35.00 165.00 -0.56832E-02
40.00 165.00 0.67533E-01
45.00 165.00 0.15052
70.00 165.00 0.19535
85.00 165.00 0.20076
-65.00 170.00 0.16226
-60.00 170.00 0.14909
-55.00 170.00 0.11402
-50.00 170.00 0.99695E-01
-45.00 170.00 0.11661
-40.00 170.00 0.12242
-35.00 170.00 0.60935E-01
-30.00 170.00 -0.75524E-01
-25.00 170.00 -0.22532
-20.00 170.00 -0.30546
-15.00 170.00 -0.28731
-10.00 170.00 -0.22783
-5.00 170.00 -0.22264
0.00 170.00 -0.32033
5.00 170.00 -0.47548
10.00 170.00 -0.58289
15.00 170.00 -0.56212
20.00 170.00 -0.41702
25.00 170.00 -0.22195
30.00 170.00 -0.54759E-01
35.00 170.00 0.58286E-01
40.00 170.00 0.13996
45.00 170.00 0.21620
50.00 170.00 0.28053
55.00 170.00 0.30470
60.00 170.00 0.27858
65.00 170.00 0.23118
-45.00 175.00 0.18128
-40.00 175.00 0.19072
-35.00 175.00 0.10478
-30.00 175.00 -0.72543E-01
-25.00 175.00 -0.25430
-20.00 175.00 -0.33356
-15.00 175.00 -0.27359
-10.00 175.00 -0.14368
-5.00 175.00 -0.65426E-01
0.00 175.00 -0.11424
5.00 175.00 -0.26068
10.00 175.00 -0.39919
15.00 175.00 -0.43395
20.00 175.00 -0.34555
25.00 175.00 -0.18744
30.00 175.00 -0.28528E-01
35.00 175.00 0.98024E-01
40.00 175.00 0.19721
45.00 175.00 0.27791
-80.00 180.00 0.83849E-01
-75.00 180.00 0.98023E-01
-70.00 180.00 0.13901
-65.00 180.00 0.16070
-60.00 180.00 0.15092
-55.00 180.00 0.14474
-50.00 180.00 0.17936
-45.00 180.00 0.23706
-40.00 180.00 0.24196
-35.00 180.00 0.12483
-30.00 180.00 -0.10054
-25.00 180.00 -0.32501
-20.00 180.00 -0.41741
-15.00 180.00 -0.32622
-10.00 180.00 -0.12286
-5.00 180.00 0.51172E-01
0.00 180.00 0.88898E-01
5.00 180.00 -0.11624E-01
10.00 180.00 -0.16193
15.00 180.00 -0.25942
20.00 180.00 -0.25574
25.00 180.00 -0.16777
30.00 180.00 -0.40079E-01
35.00 180.00 0.93691E-01
40.00 180.00 0.21679
45.00 180.00 0.31241
50.00 180.00 0.35708
55.00 180.00 0.33896
60.00 180.00 0.27969
65.00 180.00 0.22765
70.00 180.00 0.21976
75.00 180.00 0.24715
80.00 180.00 0.26055
-45.00 -175 0.27232
-40.00 -175 0.26806
-35.00 -175 0.11934
-30.00 -175 -0.15548
-25.00 -175 -0.43300
-20.00 -175 -0.56193
-15.00 -175 -0.47143
-10.00 -175 -0.22311
-5.00 -175 0.33888E-01
0.00 -175 0.16559
5.00 -175 0.13281
10.00 -175 -0.51032E-02
15.00 -175 -0.14903
20.00 -175 -0.22464
25.00 -175 -0.20802
30.00 -175 -0.11286
35.00 -175 0.30693E-01
40.00 -175 0.18426
45.00 -175 0.30337
-65.00 -170 0.16785
-60.00 -170 0.15690
-55.00 -170 0.16023
-50.00 -170 0.21123
-45.00 -170 0.27808
-40.00 -170 0.26814
-35.00 -170 0.10161
-30.00 -170 -0.20630
-25.00 -170 -0.53053
-20.00 -170 -0.71021
-15.00 -170 -0.65694
-10.00 -170 -0.41374
-5.00 -170 -0.12249
0.00 -170 0.69875E-01
5.00 -170 0.94333E-01
10.00 -170 -0.19679E-01
15.00 -170 -0.18345
20.00 -170 -0.30598
25.00 -170 -0.33117
30.00 -170 -0.24734
35.00 -170 -0.82443E-01
40.00 -170 0.10614
45.00 -170 0.25127
50.00 -170 0.30757
55.00 -170 0.27933
60.00 -170 0.21953
65.00 -170 0.19167
-70.00 -165 0.15736
-45.00 -165 0.24942
-40.00 -165 0.24526
-35.00 -165 0.88629E-01
-30.00 -165 -0.21604
-25.00 -165 -0.55657
-20.00 -165 -0.77745
-15.00 -165 -0.78119
-10.00 -165 -0.59024
-5.00 -165 -0.32701
0.00 -165 -0.13344
5.00 -165 -0.90992E-01
10.00 -165 -0.18965
15.00 -165 -0.35152
20.00 -165 -0.48011
25.00 -165 -0.50406
30.00 -165 -0.40141
35.00 -165 -0.20437
40.00 -165 0.14795E-01
45.00 -165 0.17676
70.00 -165 0.21760
-75.00 -160 0.12426
-65.00 -160 0.16474
-60.00 -160 0.12887
-55.00 -160 0.10107
-50.00 -160 0.12568
-45.00 -160 0.18634
-40.00 -160 0.20157
-35.00 -160 0.86089E-01
-30.00 -160 -0.17187
-25.00 -160 -0.48464
-20.00 -160 -0.71587
-15.00 -160 -0.76997
-10.00 -160 -0.65281
-5.00 -160 -0.46205
0.00 -160 -0.32063
5.00 -160 -0.30398
10.00 -160 -0.40601
15.00 -160 -0.55462
20.00 -160 -0.65649
25.00 -160 -0.64323
30.00 -160 -0.50052
35.00 -160 -0.27284
40.00 -160 -0.42199E-01
45.00 -160 0.11319
50.00 -160 0.16196
55.00 -160 0.13683
60.00 -160 0.10955
65.00 -160 0.13665
75.00 -160 0.29085
-45.00 -155 0.94940E-01
-40.00 -155 0.13741
-35.00 -155 0.82827E-01
-30.00 -155 -0.98737E-01
-25.00 -155 -0.34903
-20.00 -155 -0.55744
-15.00 -155 -0.63741
-10.00 -155 -0.58413
-5.00 -155 -0.47250
0.00 -155 -0.40201
5.00 -155 -0.43149
10.00 -155 -0.54686
15.00 -155 -0.67564
20.00 -155 -0.73208
25.00 -155 -0.66384
30.00 -155 -0.47794
35.00 -155 -0.23660
40.00 -155 -0.25577E-01
45.00 -155 0.90899E-01
-80.00 -150 0.10703
-70.00 -150 0.16608
-65.00 -150 0.14496
-60.00 -150 0.64159E-01
-55.00 -150 -0.24844E-01
-50.00 -150 -0.55890E-01
-45.00 -150 -0.11139E-01
-40.00 -150 0.56104E-01
-35.00 -150 0.61106E-01
-30.00 -150 -0.42857E-01
-25.00 -150 -0.22410
-20.00 -150 -0.39477
-15.00 -150 -0.47682
-10.00 -150 -0.45842
-5.00 -150 -0.39816
0.00 -150 -0.37736
5.00 -150 -0.43912
10.00 -150 -0.55810
15.00 -150 -0.65812
20.00 -150 -0.66166
25.00 -150 -0.53755
30.00 -150 -0.31970
35.00 -150 -0.88692E-01
40.00 -150 0.71957E-01
45.00 -150 0.12114
50.00 -150 0.81973E-01
55.00 -150 0.25715E-01
60.00 -150 0.24971E-01
65.00 -150 0.10464
70.00 -150 0.22481
80.00 -150 0.30743
-45.00 -145 -0.11106
-40.00 -145 -0.29896E-01
-35.00 -145 0.14949E-01
-30.00 -145 -0.36182E-01
-25.00 -145 -0.16989
-20.00 -145 -0.31146
-15.00 -145 -0.38512
-10.00 -145 -0.37263
-5.00 -145 -0.32355
0.00 -145 -0.31130
5.00 -145 -0.37189
10.00 -145 -0.47288
15.00 -145 -0.53465
20.00 -145 -0.48626
25.00 -145 -0.31570
30.00 -145 -0.81175E-01
35.00 -145 0.12208
40.00 -145 0.21717
45.00 -145 0.18908
-85.00 -140 0.12558
-75.00 -140 0.14297
-65.00 -140 0.12448
-60.00 -140 0.10344E-01
-55.00 -140 -0.12473
-50.00 -140 -0.20173
-45.00 -140 -0.18107
-40.00 -140 -0.98588E-01
-35.00 -140 -0.39555E-01
-30.00 -140 -0.70854E-01
-25.00 -140 -0.18764
-20.00 -140 -0.31858
-15.00 -140 -0.38443
-10.00 -140 -0.36099
-5.00 -140 -0.29474
0.00 -140 -0.26006
5.00 -140 -0.29444
10.00 -140 -0.36432
15.00 -140 -0.38842
20.00 -140 -0.29969
25.00 -140 -0.98861E-01
30.00 -140 0.13957
35.00 -140 0.31205
40.00 -140 0.34995
45.00 -140 0.26045
50.00 -140 0.11948
55.00 -140 0.23524E-01
60.00 -140 0.31449E-01
65.00 -140 0.13226
75.00 -140 0.32822
85.00 -140 0.21757
-70.00 -135 0.16374
-45.00 -135 -0.20245
-40.00 -135 -0.12718
-35.00 -135 -0.72731E-01
-30.00 -135 -0.10603
-25.00 -135 -0.22300
-20.00 -135 -0.35148
-15.00 -135 -0.40954
-10.00 -135 -0.37077
-5.00 -135 -0.28249
0.00 -135 -0.22292
5.00 -135 -0.23336
10.00 -135 -0.28167
15.00 -135 -0.28637
20.00 -135 -0.18203
25.00 -135 0.25490E-01
30.00 -135 0.25590
35.00 -135 0.40516
40.00 -135 0.41270
45.00 -135 0.29867
70.00 -135 0.28146
-65.00 -130 0.12370
-60.00 -130 0.18697E-01
-55.00 -130 -0.10578
-50.00 -130 -0.18035
-45.00 -130 -0.16974
-40.00 -130 -0.10551
-35.00 -130 -0.63594E-01
-30.00 -130 -0.10281
-25.00 -130 -0.21527
-20.00 -130 -0.33084
-15.00 -130 -0.37331
-10.00 -130 -0.32160
-5.00 -130 -0.22550
0.00 -130 -0.16279
5.00 -130 -0.17353
10.00 -130 -0.22560
15.00 -130 -0.23936
20.00 -130 -0.15137
25.00 -130 0.33140E-01
30.00 -130 0.23914
35.00 -130 0.37167
40.00 -130 0.37877
45.00 -130 0.28310
50.00 -130 0.16283
55.00 -130 0.98998E-01
60.00 -130 0.12618
65.00 -130 0.21717
-45.00 -125 -0.94001E-01
-40.00 -125 -0.44225E-01
-35.00 -125 -0.18095E-01
-30.00 -125 -0.58389E-01
-25.00 -125 -0.15126
-20.00 -125 -0.23546
-15.00 -125 -0.25199
-10.00 -125 -0.19307
-5.00 -125 -0.10935
0.00 -125 -0.69007E-01
5.00 -125 -0.10197
10.00 -125 -0.17453
15.00 -125 -0.21441
20.00 -125 -0.16582
25.00 -125 -0.31634E-01
30.00 -125 0.12846
35.00 -125 0.24013
40.00 -125 0.26415
45.00 -125 0.21845
-80.00 -120 0.12757
-75.00 -120 0.14619
-70.00 -120 0.16178
-65.00 -120 0.14297
-60.00 -120 0.86687E-01
-55.00 -120 0.23149E-01
-50.00 -120 -0.92937E-02
-45.00 -120 0.15366E-02
-40.00 -120 0.29614E-01
-35.00 -120 0.32750E-01
-30.00 -120 -0.97952E-02
-25.00 -120 -0.77159E-01
-20.00 -120 -0.12260
-15.00 -120 -0.11255
-10.00 -120 -0.56048E-01
-5.00 -120 0.34430E-03
0.00 -120 0.84093E-02
5.00 -120 -0.44174E-01
10.00 -120 -0.12409
15.00 -120 -0.17693
20.00 -120 -0.16570
25.00 -120 -0.94017E-01
30.00 -120 0.96421E-03
35.00 -120 0.77486E-01
40.00 -120 0.11683
45.00 -120 0.13103
50.00 -120 0.14845
55.00 -120 0.19030
60.00 -120 0.25466
65.00 -120 0.31753
70.00 -120 0.34807
75.00 -120 0.32872
80.00 -120 0.26588
-45.00 -115 0.91577E-01
-40.00 -115 0.87698E-01
-35.00 -115 0.54900E-01
-30.00 -115 -0.30981E-02
-25.00 -115 -0.57527E-01
-20.00 -115 -0.77178E-01
-15.00 -115 -0.54692E-01
-10.00 -115 -0.13493E-01
-5.00 -115 0.10468E-01
0.00 -115 -0.37506E-02
5.00 -115 -0.48138E-01
10.00 -115 -0.95190E-01
15.00 -115 -0.12039
20.00 -115 -0.11801
25.00 -115 -0.98840E-01
30.00 -115 -0.75219E-01
35.00 -115 -0.48336E-01
40.00 -115 -0.82968E-02
45.00 -115 0.55001E-01
-65.00 -110 0.16077
-60.00 -110 0.15783
-55.00 -110 0.15969
-50.00 -110 0.16606
-45.00 -110 0.15868
-40.00 -110 0.11605
-35.00 -110 0.36498E-01
-30.00 -110 -0.53562E-01
-25.00 -110 -0.11680
-20.00 -110 -0.13387
-15.00 -110 -0.11793
-10.00 -110 -0.10108
-5.00 -110 -0.10496
0.00 -110 -0.12255
5.00 -110 -0.12778
10.00 -110 -0.10341
15.00 -110 -0.60608E-01
20.00 -110 -0.31157E-01
25.00 -110 -0.38679E-01
30.00 -110 -0.74520E-01
35.00 -110 -0.10007
40.00 -110 -0.74174E-01
45.00 -110 0.16613E-01
50.00 -110 0.14826
55.00 -110 0.27519
60.00 -110 0.35743
65.00 -110 0.37903
-70.00 -105 0.15327
-45.00 -105 0.19731
-40.00 -105 0.11981
-35.00 -105 -0.42451E-02
-30.00 -105 -0.13097
-25.00 -105 -0.21462
-20.00 -105 -0.24171
-15.00 -105 -0.23779
-10.00 -105 -0.23965
-5.00 -105 -0.25799
0.00 -105 -0.26571
5.00 -105 -0.22436
10.00 -105 -0.12559
15.00 -105 -0.89236E-02
20.00 -105 0.63053E-01
25.00 -105 0.53492E-01
30.00 -105 -0.16662E-01
35.00 -105 -0.80710E-01
40.00 -105 -0.73261E-01
45.00 -105 0.24535E-01
70.00 -105 0.32741
-75.00 -100 0.14118
-65.00 -100 0.15702
-60.00 -100 0.17791
-55.00 -100 0.21173
-50.00 -100 0.23538
-45.00 -100 0.21055
-40.00 -100 0.11428
-35.00 -100 -0.35019E-01
-30.00 -100 -0.18318
-25.00 -100 -0.27729
-20.00 -100 -0.30383
-15.00 -100 -0.29376
-10.00 -100 -0.28908
-5.00 -100 -0.30057
0.00 -100 -0.29637
5.00 -100 -0.23333
10.00 -100 -0.10403
15.00 -100 0.44074E-01
20.00 -100 0.13793
25.00 -100 0.13446
30.00 -100 0.56649E-01
35.00 -100 -0.20418E-01
40.00 -100 -0.23099E-01
45.00 -100 0.69601E-01
50.00 -100 0.21504
55.00 -100 0.34052
60.00 -100 0.39236
65.00 -100 0.36431
75.00 -100 0.21484
-45.00 -95 0.20352
-40.00 -95 0.11016
-35.00 -95 -0.36030E-01
-30.00 -95 -0.17822
-25.00 -95 -0.25850
-20.00 -95 -0.25874
-15.00 -95 -0.21013
-10.00 -95 -0.16281
-5.00 -95 -0.14183
0.00 -95 -0.12861
5.00 -95 -0.83979E-01
10.00 -95 0.82416E-02
15.00 -95 0.11776
20.00 -95 0.18721
25.00 -95 0.17937
30.00 -95 0.11148
35.00 -95 0.46689E-01
40.00 -95 0.48035E-01
45.00 -95 0.13190
-80.00 -90 0.13961
-70.00 -90 0.13895
-65.00 -90 0.13664
-60.00 -90 0.14537
-55.00 -90 0.16998
-50.00 -90 0.19278
-45.00 -90 0.17921
-40.00 -90 0.10526
-35.00 -90 -0.15108E-01
-30.00 -90 -0.12913
-25.00 -90 -0.17678
-20.00 -90 -0.13224
-15.00 -90 -0.22197E-01
-10.00 -90 0.94473E-01
-5.00 -90 0.16909
0.00 -90 0.19324
5.00 -90 0.19373
10.00 -90 0.20023
15.00 -90 0.21644
20.00 -90 0.22035
25.00 -90 0.19154
30.00 -90 0.13868
35.00 -90 0.10016
40.00 -90 0.11527
45.00 -90 0.18999
50.00 -90 0.28704
55.00 -90 0.34977
60.00 -90 0.34147
65.00 -90 0.26976
70.00 -90 0.17830
80.00 -90 0.96761E-01
-85.00 -85 0.14738
-45.00 -85 0.13991
-40.00 -85 0.89072E-01
-35.00 -85 0.10622E-02
-30.00 -85 -0.80550E-01
-25.00 -85 -0.97138E-01
-20.00 -85 -0.14347E-01
-15.00 -85 0.15046
-10.00 -85 0.33478
-5.00 -85 0.46800
0.00 -85 0.51179
5.00 -85 0.47532
10.00 -85 0.39784
15.00 -85 0.31682
20.00 -85 0.24846
25.00 -85 0.19261
30.00 -85 0.15100
35.00 -85 0.13675
40.00 -85 0.16396
45.00 -85 0.22762
85.00 -85 0.96337E-01
-75.00 -80 0.14412
-65.00 -80 0.12884
-60.00 -80 0.11247
-55.00 -80 0.10293
-50.00 -80 0.10120
-45.00 -80 0.92078E-01
-40.00 -80 0.55943E-01
-35.00 -80 -0.82895E-02
-30.00 -80 -0.69062E-01
-25.00 -80 -0.73575E-01
-20.00 -80 0.18383E-01
-15.00 -80 0.20149
-10.00 -80 0.41903
-5.00 -80 0.59159
0.00 -80 0.66125
5.00 -80 0.62086
10.00 -80 0.50935
15.00 -80 0.38114
20.00 -80 0.27506
25.00 -80 0.20424
30.00 -80 0.16716
35.00 -80 0.16211
40.00 -80 0.18860
45.00 -80 0.23625
50.00 -80 0.27752
55.00 -80 0.27825
60.00 -80 0.22197
65.00 -80 0.12740
75.00 -80 0.47738E-02
-70.00 -75 0.14926
-45.00 -75 0.49229E-01
-40.00 -75 0.14906E-01
-35.00 -75 -0.38551E-01
-30.00 -75 -0.91688E-01
-25.00 -75 -0.10264
-20.00 -75 -0.32582E-01
-15.00 -75 0.12266
-10.00 -75 0.32050
-5.00 -75 0.49134
0.00 -75 0.57798
5.00 -75 0.56628
10.00 -75 0.48590
15.00 -75 0.38422
20.00 -75 0.29642
25.00 -75 0.23418
30.00 -75 0.19556
35.00 -75 0.17956
40.00 -75 0.18808
45.00 -75 0.21452
70.00 -75 -0.25527E-01
-65.00 -70 0.16033
-60.00 -70 0.14013
-55.00 -70 0.10525
-50.00 -70 0.66446E-01
-45.00 -70 0.28610E-01
-40.00 -70 -0.12856E-01
-35.00 -70 -0.62196E-01
-30.00 -70 -0.10945
-25.00 -70 -0.12829
-20.00 -70 -0.91757E-01
-15.00 -70 0.52035E-02
-10.00 -70 0.13615
-5.00 -70 0.25693
0.00 -70 0.33294
5.00 -70 0.35798
10.00 -70 0.35014
15.00 -70 0.33069
20.00 -70 0.30680
25.00 -70 0.27319
30.00 -70 0.22819
35.00 -70 0.18483
40.00 -70 0.16268
45.00 -70 0.16683
50.00 -70 0.17599
55.00 -70 0.15530
60.00 -70 0.86730E-01
65.00 -70 -0.93889E-02
-45.00 -65 0.42654E-01
-40.00 -65 -0.78405E-02
-35.00 -65 -0.51160E-01
-30.00 -65 -0.82401E-01
-25.00 -65 -0.92942E-01
-20.00 -65 -0.77054E-01
-15.00 -65 -0.40084E-01
-10.00 -65 0.26798E-02
-5.00 -65 0.38458E-01
0.00 -65 0.69460E-01
5.00 -65 0.11118
10.00 -65 0.17486
15.00 -65 0.24940
20.00 -65 0.30208
25.00 -65 0.30180
30.00 -65 0.24650
35.00 -65 0.16935
40.00 -65 0.11473
45.00 -65 0.10235
-80.00 -60 0.14181
-75.00 -60 0.15344
-70.00 -60 0.18757
-65.00 -60 0.22371
-60.00 -60 0.23633
-55.00 -60 0.21221
-50.00 -60 0.15726
-45.00 -60 0.90560E-01
-40.00 -60 0.33090E-01
-35.00 -60 -0.51991E-03
-30.00 -60 -0.56846E-02
-25.00 -60 0.10384E-01
-20.00 -60 0.29038E-01
-15.00 -60 0.27169E-01
-10.00 -60 -0.75456E-02
-5.00 -60 -0.61568E-01
0.00 -60 -0.95657E-01
5.00 -60 -0.67677E-01
10.00 -60 0.33963E-01
15.00 -60 0.17251
20.00 -60 0.27992
25.00 -60 0.30118
30.00 -60 0.23348
35.00 -60 0.12810
40.00 -60 0.51178E-01
45.00 -60 0.33782E-01
50.00 -60 0.51584E-01
55.00 -60 0.50489E-01
60.00 -60 -0.36661E-02
65.00 -60 -0.93275E-01
70.00 -60 -0.16115
75.00 -60 -0.15643
80.00 -60 -0.74322E-01
-45.00 -55 0.15601
-40.00 -55 0.92372E-01
-35.00 -55 0.65806E-01
-30.00 -55 0.83883E-01
-25.00 -55 0.12941
-20.00 -55 0.16513
-15.00 -55 0.15172
-10.00 -55 0.73971E-01
-5.00 -55 -0.40926E-01
0.00 -55 -0.13072
5.00 -55 -0.13427
10.00 -55 -0.35670E-01
15.00 -55 0.11717
20.00 -55 0.23857
25.00 -55 0.26153
30.00 -55 0.18347
35.00 -55 0.65457E-01
40.00 -55 -0.15693E-01
45.00 -55 -0.25044E-01
-65.00 -50 0.27181
-60.00 -50 0.33145
-55.00 -50 0.34063
-50.00 -50 0.29308
-45.00 -50 0.21311
-40.00 -50 0.14101
-35.00 -50 0.11148
-30.00 -50 0.13565
-25.00 -50 0.19385
-20.00 -50 0.24275
-15.00 -50 0.23717
-10.00 -50 0.15853
-5.00 -50 0.33146E-01
0.00 -50 -0.76215E-01
5.00 -50 -0.10696
10.00 -50 -0.40238E-01
15.00 -50 0.80823E-01
20.00 -50 0.17641
25.00 -50 0.18434
30.00 -50 0.10388
35.00 -50 -0.56511E-02
40.00 -50 -0.71472E-01
45.00 -50 -0.63091E-01
50.00 -50 -0.12834E-01
55.00 -50 0.14478E-01
60.00 -50 -0.22971E-01
65.00 -50 -0.10878
-70.00 -45 0.18476
-45.00 -45 0.23729
-40.00 -45 0.15465
-35.00 -45 0.11263
-30.00 -45 0.12348
-25.00 -45 0.17039
-20.00 -45 0.21712
-15.00 -45 0.22648
-10.00 -45 0.18072
-5.00 -45 0.94117E-01
0.00 -45 0.81062E-02
5.00 -45 -0.32694E-01
10.00 -45 -0.10963E-01
15.00 -45 0.48173E-01
20.00 -45 0.92148E-01
25.00 -45 0.78820E-01
30.00 -45 0.95141E-02
35.00 -45 -0.70222E-01
40.00 -45 -0.10548
45.00 -45 -0.76190E-01
70.00 -45 -0.17172
-75.00 -40 0.11261
-65.00 -40 0.25047
-60.00 -40 0.33117
-55.00 -40 0.35453
-50.00 -40 0.30686
-45.00 -40 0.21527
-40.00 -40 0.12545
-35.00 -40 0.72089E-01
-30.00 -40 0.63461E-01
-25.00 -40 0.85733E-01
-20.00 -40 0.11704
-15.00 -40 0.13879
-10.00 -40 0.14011
-5.00 -40 0.11894
0.00 -40 0.82434E-01
5.00 -40 0.44366E-01
10.00 -40 0.17037E-01
15.00 -40 0.15737E-02
20.00 -40 -0.13889E-01
25.00 -40 -0.43072E-01
30.00 -40 -0.85031E-01
35.00 -40 -0.11835
40.00 -40 -0.11556
45.00 -40 -0.68895E-01
50.00 -40 -0.47699E-02
55.00 -40 0.29766E-01
60.00 -40 0.21368E-02
65.00 -40 -0.76317E-01
75.00 -40 -0.16807
-45.00 -35 0.14921
-40.00 -35 0.63131E-01
-35.00 -35 0.13747E-01
-30.00 -35 -0.11693E-02
-25.00 -35 0.17760E-02
-20.00 -35 0.13721E-01
-15.00 -35 0.38358E-01
-10.00 -35 0.77517E-01
-5.00 -35 0.11657
0.00 -35 0.12819
5.00 -35 0.93042E-01
10.00 -35 0.17406E-01
15.00 -35 -0.69480E-01
20.00 -35 -0.13612
25.00 -35 -0.16796
30.00 -35 -0.16889
35.00 -35 -0.14788
40.00 -35 -0.10830
45.00 -35 -0.52498E-01
-85.00 -30 0.15043
-80.00 -30 0.99298E-01
-70.00 -30 0.78169E-01
-65.00 -30 0.14409
-60.00 -30 0.20578
-55.00 -30 0.20946
-50.00 -30 0.14568
-45.00 -30 0.54304E-01
-40.00 -30 -0.13089E-01
-35.00 -30 -0.35889E-01
-30.00 -30 -0.32893E-01
-25.00 -30 -0.32584E-01
-20.00 -30 -0.38665E-01
-15.00 -30 -0.27219E-01
-10.00 -30 0.21749E-01
-5.00 -30 0.91642E-01
0.00 -30 0.13132
5.00 -30 0.94227E-01
10.00 -30 -0.19987E-01
15.00 -30 -0.15976
20.00 -30 -0.25794
25.00 -30 -0.27829
30.00 -30 -0.23302
35.00 -30 -0.16138
40.00 -30 -0.94397E-01
45.00 -30 -0.39636E-01
50.00 -30 0.51864E-02
55.00 -30 0.31918E-01
60.00 -30 0.22186E-01
65.00 -30 -0.29586E-01
70.00 -30 -0.96079E-01
80.00 -30 -0.86293E-01
85.00 -30 0.15068E-01
-45.00 -25 -0.47699E-01
-40.00 -25 -0.84648E-01
-35.00 -25 -0.63527E-01
-30.00 -25 -0.23284E-01
-25.00 -25 -0.12255E-01
-20.00 -25 -0.38022E-01
-15.00 -25 -0.60468E-01
-10.00 -25 -0.35985E-01
-5.00 -25 0.30697E-01
0.00 -25 0.79893E-01
5.00 -25 0.45879E-01
10.00 -25 -0.82085E-01
15.00 -25 -0.24318
20.00 -25 -0.34923
25.00 -25 -0.35063
30.00 -25 -0.26717
35.00 -25 -0.16094
40.00 -25 -0.82074E-01
45.00 -25 -0.38034E-01
-75.00 -20 -0.18185E-02
-65.00 -20 -0.95364E-02
-60.00 -20 0.20909E-01
-55.00 -20 0.29774E-02
-50.00 -20 -0.67436E-01
-45.00 -20 -0.13561
-40.00 -20 -0.13960
-35.00 -20 -0.72055E-01
-30.00 -20 0.87535E-02
-25.00 -20 0.31705E-01
-20.00 -20 -0.20333E-01
-15.00 -20 -0.94398E-01
-10.00 -20 -0.11907
-5.00 -20 -0.75282E-01
0.00 -20 -0.18185E-01
5.00 -20 -0.27541E-01
10.00 -20 -0.13221
15.00 -20 -0.27895
20.00 -20 -0.37448
25.00 -20 -0.36168
30.00 -20 -0.26137
35.00 -20 -0.14557
40.00 -20 -0.72698E-01
45.00 -20 -0.46623E-01
50.00 -20 -0.32684E-01
55.00 -20 -0.63188E-02
60.00 -20 0.19216E-01
65.00 -20 0.13164E-01
75.00 -20 -0.70459E-01
-70.00 -15 -0.89631E-01
-45.00 -15 -0.19433
-40.00 -15 -0.17344
-35.00 -15 -0.72588E-01
-30.00 -15 0.36779E-01
-25.00 -15 0.64309E-01
-20.00 -15 -0.17914E-01
-15.00 -15 -0.14735
-10.00 -15 -0.22487
-5.00 -15 -0.20232
0.00 -15 -0.12324
5.00 -15 -0.79794E-01
10.00 -15 -0.12697
15.00 -15 -0.23358
20.00 -15 -0.31309
25.00 -15 -0.30224
30.00 -15 -0.21306
35.00 -15 -0.11346
40.00 -15 -0.61026E-01
45.00 -15 -0.55979E-01
70.00 -15 0.37604E-02
-65.00 -10 -0.14964
-60.00 -10 -0.12504
-55.00 -10 -0.12807
-50.00 -10 -0.17571
-45.00 -10 -0.21808
-40.00 -10 -0.18781
-35.00 -10 -0.75603E-01
-30.00 -10 0.44480E-01
-25.00 -10 0.71358E-01
-20.00 -10 -0.32562E-01
-15.00 -10 -0.20095
-10.00 -10 -0.31416
-5.00 -10 -0.29804
0.00 -10 -0.18304
5.00 -10 -0.71972E-01
10.00 -10 -0.48337E-01
15.00 -10 -0.10928
20.00 -10 -0.18016
25.00 -10 -0.19009
30.00 -10 -0.13402
35.00 -10 -0.66191E-01
40.00 -10 -0.39103E-01
45.00 -10 -0.52727E-01
50.00 -10 -0.62578E-01
55.00 -10 -0.33097E-01
60.00 -10 0.22057E-01
65.00 -10 0.54722E-01
-45.00 -5 -0.21134
-40.00 -5 -0.18966
-35.00 -5 -0.88662E-01
-30.00 -5 0.27506E-01
-25.00 -5 0.57193E-01
-20.00 -5 -0.46209E-01
-15.00 -5 -0.22228
-10.00 -5 -0.34471
-5.00 -5 -0.32289
0.00 -5 -0.17494
5.00 -5 -0.83574E-02
10.00 -5 0.71715E-01
15.00 -5 0.43444E-01
20.00 -5 -0.29691E-01
25.00 -5 -0.68578E-01
30.00 -5 -0.49127E-01
35.00 -5 -0.10205E-01
40.00 -5 -0.75924E-03
45.00 -5 -0.25632E-01
90.00 0.00 0.12264
-90.00 0.00 0.16421
