-85.00 0.00 0.28133
-80.00 0.00 0.15688
-75.00 0.00 0.18002E-01
-70.00 0.00 -0.68243E-01
-65.00 0.00 -0.73533E-01
-60.00 0.00 -0.37624E-01
-55.00 0.00 -0.35092E-01
-50.00 0.00 -0.11384
-45.00 0.00 -0.25873
-40.00 0.00 -0.41182
-35.00 0.00 -0.52736
-30.00 0.00 -0.60904
-25.00 0.00 -0.69629
-20.00 0.00 -0.81544
-15.00 0.00 -0.94436
-10.00 0.00 -1.0251
-5.00 0.00 -1.0136
0.00 0.00 -0.92071
5.00 0.00 -0.80794
10.00 0.00 -0.74107
15.00 0.00 -0.74097
20.00 0.00 -0.77131
25.00 0.00 -0.76950
30.00 0.00 -0.69339
35.00 0.00 -0.54776
40.00 0.00 -0.37586
45.00 0.00 -0.22846
50.00 0.00 -0.13499
55.00 0.00 -0.92778E-01
60.00 0.00 -0.74816E-01
65.00 0.00 -0.46796E-01
70.00 0.00 0.16078E-01
75.00 0.00 0.11905
80.00 0.00 0.24415
85.00 0.00 0.36459
-45.00 5.00 -0.35401
-40.00 5.00 -0.53408
-35.00 5.00 -0.67528
-30.00 5.00 -0.75532
-25.00 5.00 -0.79963
-20.00 5.00 -0.84881
-15.00 5.00 -0.91586
-10.00 5.00 -0.97110
-5.00 5.00 -0.96710
0.00 5.00 -0.88142
5.00 5.00 -0.74063
10.00 5.00 -0.60540
15.00 5.00 -0.52814
20.00 5.00 -0.51589
25.00 5.00 -0.52649
30.00 5.00 -0.50000
35.00 5.00 -0.40185
40.00 5.00 -0.24678
45.00 5.00 -0.87761E-01
-65.00 10.00 -0.16089
-60.00 10.00 -0.14737
-55.00 10.00 -0.14874
-50.00 10.00 -0.23010
-45.00 10.00 -0.40036
-40.00 10.00 -0.60343
-35.00 10.00 -0.75920
-30.00 10.00 -0.82266
-25.00 10.00 -0.81455
-20.00 10.00 -0.79934
-15.00 10.00 -0.82858
-10.00 10.00 -0.89594
-5.00 10.00 -0.94120
0.00 10.00 -0.90044
5.00 10.00 -0.76183
10.00 10.00 -0.58049
15.00 10.00 -0.43884
20.00 10.00 -0.38355
25.00 10.00 -0.38974
30.00 10.00 -0.38192
35.00 10.00 -0.29502
40.00 10.00 -0.12666
45.00 10.00 0.60800E-01
50.00 10.00 0.18842
55.00 10.00 0.21927
60.00 10.00 0.18093
65.00 10.00 0.13791
-70.00 15.00 -0.11483
-45.00 15.00 -0.38449
-40.00 15.00 -0.60208
-35.00 15.00 -0.76042
-30.00 15.00 -0.79840
-25.00 15.00 -0.74057
-20.00 15.00 -0.67883
-15.00 15.00 -0.69830
-10.00 15.00 -0.80576
-5.00 15.00 -0.92034
0.00 15.00 -0.93693
5.00 15.00 -0.81185
10.00 15.00 -0.60009
15.00 15.00 -0.41220
20.00 15.00 -0.32580
25.00 15.00 -0.32542
30.00 15.00 -0.32020
35.00 15.00 -0.22345
40.00 15.00 -0.26509E-01
45.00 15.00 0.19402
70.00 15.00 0.20623
-75.00 20.00 0.26592E-01
-65.00 20.00 -0.12117
-60.00 20.00 -0.85111E-01
-55.00 20.00 -0.60512E-01
-50.00 20.00 -0.12955
-45.00 20.00 -0.31090
-40.00 20.00 -0.53496
-35.00 20.00 -0.68882
-30.00 20.00 -0.70263
-25.00 20.00 -0.60900
-20.00 20.00 -0.52257
-15.00 20.00 -0.54940
-10.00 20.00 -0.69740
-5.00 20.00 -0.86352
0.00 20.00 -0.91253
5.00 20.00 -0.78513
10.00 20.00 -0.54581
15.00 20.00 -0.32981
20.00 20.00 -0.23368
25.00 20.00 -0.24118
30.00 20.00 -0.24556
35.00 20.00 -0.14597
40.00 20.00 0.65847E-01
45.00 20.00 0.30061
50.00 20.00 0.44700
55.00 20.00 0.45860
60.00 20.00 0.37971
65.00 20.00 0.29656
75.00 20.00 0.28598
-45.00 25.00 -0.20229
-40.00 25.00 -0.42856
-35.00 25.00 -0.57806
-30.00 25.00 -0.57828
-25.00 25.00 -0.46875
-20.00 25.00 -0.37528
-15.00 25.00 -0.40899
-10.00 25.00 -0.57059
-5.00 25.00 -0.74214
0.00 25.00 -0.77809
5.00 25.00 -0.62289
10.00 25.00 -0.35671
15.00 25.00 -0.13040
20.00 25.00 -0.44631E-01
25.00 25.00 -0.74929E-01
30.00 25.00 -0.10321
35.00 25.00 -0.24206E-01
40.00 25.00 0.16680
45.00 25.00 0.37677
-80.00 30.00 0.22191
-70.00 30.00 0.76551E-02
-65.00 30.00 0.16628E-01
-60.00 30.00 0.92401E-01
-55.00 30.00 0.14631
-50.00 30.00 0.89668E-01
-45.00 30.00 -0.92918E-01
-40.00 30.00 -0.32026
-35.00 30.00 -0.46876
-30.00 30.00 -0.46780
-25.00 30.00 -0.35917
-20.00 30.00 -0.26613
-15.00 30.00 -0.29159
-10.00 30.00 -0.42821
-5.00 30.00 -0.55854
0.00 30.00 -0.54913
5.00 30.00 -0.36147
10.00 30.00 -0.85889E-01
15.00 30.00 0.13014
20.00 30.00 0.19813
25.00 30.00 0.15100
30.00 30.00 0.10278
35.00 30.00 0.14631
40.00 30.00 0.27967
45.00 30.00 0.42031
50.00 30.00 0.48512
55.00 30.00 0.45927
60.00 30.00 0.39560
65.00 30.00 0.35553
70.00 30.00 0.35537
80.00 30.00 0.37027
-45.00 35.00 -0.18057E-01
-40.00 35.00 -0.24379
-35.00 35.00 -0.38981
-30.00 35.00 -0.39148
-25.00 35.00 -0.28858
-20.00 35.00 -0.19124
-15.00 35.00 -0.18729
-10.00 35.00 -0.26783
-5.00 35.00 -0.33489
0.00 35.00 -0.28533
5.00 35.00 -0.99334E-01
10.00 35.00 0.14177
15.00 35.00 0.32176
20.00 35.00 0.38043
25.00 35.00 0.35105
30.00 35.00 0.31755
35.00 35.00 0.33581
40.00 35.00 0.39178
45.00 35.00 0.42907
-75.00 40.00 0.18102
-65.00 40.00 0.16359
-60.00 40.00 0.23789
-55.00 40.00 0.26949
-50.00 40.00 0.18742
-45.00 40.00 -0.37114E-02
-40.00 40.00 -0.21846
-35.00 40.00 -0.34875
-30.00 40.00 -0.34160
-25.00 40.00 -0.23445
-20.00 40.00 -0.11971
-15.00 40.00 -0.69095E-01
-10.00 40.00 -0.81045E-01
-5.00 40.00 -0.92722E-01
0.00 40.00 -0.41281E-01
5.00 40.00 0.81934E-01
10.00 40.00 0.22995
15.00 40.00 0.34646
20.00 40.00 0.41233
25.00 40.00 0.44920
30.00 40.00 0.48235
35.00 40.00 0.50527
40.00 40.00 0.48503
45.00 40.00 0.40391
50.00 40.00 0.29316
55.00 40.00 0.21963
60.00 40.00 0.23204
65.00 40.00 0.31602
75.00 40.00 0.43306
-70.00 45.00 0.19020
-45.00 45.00 -0.60224E-01
-40.00 45.00 -0.24606
-35.00 45.00 -0.33519
-30.00 45.00 -0.29480
-25.00 45.00 -0.16497
-20.00 45.00 -0.21131E-01
-15.00 45.00 0.80713E-01
-10.00 45.00 0.13104
-5.00 45.00 0.15167
0.00 45.00 0.16344
5.00 45.00 0.17229
10.00 45.00 0.18306
15.00 45.00 0.21676
20.00 45.00 0.30169
25.00 45.00 0.43894
30.00 45.00 0.57717
35.00 45.00 0.63224
40.00 45.00 0.54821
45.00 45.00 0.35214
70.00 45.00 0.41981
-65.00 50.00 0.23498
-60.00 50.00 0.22676
-55.00 50.00 0.15636
-50.00 50.00 0.47397E-02
-45.00 50.00 -0.18079
-40.00 50.00 -0.31450
-35.00 50.00 -0.33208
-30.00 50.00 -0.23160
-25.00 50.00 -0.64575E-01
-20.00 50.00 0.10732
-15.00 50.00 0.24685
-10.00 50.00 0.34018
-5.00 50.00 0.37497
0.00 50.00 0.33437
5.00 50.00 0.22243
10.00 50.00 0.93924E-01
15.00 50.00 0.44134E-01
20.00 50.00 0.14655
25.00 50.00 0.38173
30.00 50.00 0.62434
35.00 50.00 0.71629
40.00 50.00 0.58064
45.00 50.00 0.28731
50.00 50.00 0.12337E-01
55.00 50.00 -0.83935E-01
60.00 50.00 0.32963E-01
65.00 50.00 0.25797
-85.00 55.00 0.38285
-45.00 55.00 -0.34389
-40.00 55.00 -0.40390
-35.00 55.00 -0.32565
-30.00 55.00 -0.14822
-25.00 55.00 0.56369E-01
-20.00 55.00 0.23761
-15.00 55.00 0.38454
-10.00 55.00 0.49534
-5.00 55.00 0.54088
0.00 55.00 0.47418
5.00 55.00 0.28843
10.00 55.00 0.65906E-01
15.00 55.00 -0.47265E-01
20.00 55.00 0.57536E-01
25.00 55.00 0.35030
30.00 55.00 0.65555
35.00 55.00 0.76417
40.00 55.00 0.58642
45.00 55.00 0.22517
85.00 55.00 0.39035
-80.00 60.00 0.40326
-75.00 60.00 0.36827
-70.00 60.00 0.30583
-65.00 60.00 0.21133
-60.00 60.00 0.58643E-01
-55.00 60.00 -0.15682
-50.00 60.00 -0.38140
-45.00 60.00 -0.51805
-40.00 60.00 -0.49156
-35.00 60.00 -0.30852
-30.00 60.00 -0.54384E-01
-25.00 60.00 0.17341
-20.00 60.00 0.33460
-15.00 60.00 0.45266
-10.00 60.00 0.55586
-5.00 60.00 0.61860
0.00 60.00 0.57255
5.00 60.00 0.38690
10.00 60.00 0.13931
15.00 60.00 -0.69532E-02
20.00 60.00 0.77883E-01
25.00 60.00 0.36891
30.00 60.00 0.67640
35.00 60.00 0.77346
40.00 60.00 0.56801
45.00 60.00 0.17960
50.00 60.00 -0.14530
55.00 60.00 -0.21360
60.00 60.00 -0.18070E-01
65.00 60.00 0.27823
70.00 60.00 0.48133
75.00 60.00 0.51114
80.00 60.00 0.43475
-45.00 65.00 -0.66794
-40.00 65.00 -0.55504
-35.00 65.00 -0.27720
-30.00 65.00 0.37254E-01
-25.00 65.00 0.26796
-20.00 65.00 0.38533
-15.00 65.00 0.44968
-10.00 65.00 0.52850
-5.00 65.00 0.61365
0.00 65.00 0.62389
5.00 65.00 0.49634
10.00 65.00 0.27858
15.00 65.00 0.12194
20.00 65.00 0.16465
25.00 65.00 0.40151
30.00 65.00 0.66241
35.00 65.00 0.73343
40.00 65.00 0.52754
45.00 65.00 0.16162
-65.00 70.00 0.14764
-60.00 70.00 -0.14235
-55.00 70.00 -0.46518
-50.00 70.00 -0.71036
-45.00 70.00 -0.76130
-40.00 70.00 -0.57521
-35.00 70.00 -0.22935
-30.00 70.00 0.11854
-25.00 70.00 0.33642
-20.00 70.00 0.40644
-15.00 70.00 0.41832
-10.00 70.00 0.47187
-5.00 70.00 0.57739
0.00 70.00 0.64760
5.00 70.00 0.59096
10.00 70.00 0.41800
15.00 70.00 0.25455
20.00 70.00 0.23932
25.00 70.00 0.39443
30.00 70.00 0.58989
35.00 70.00 0.64355
40.00 70.00 0.47525
45.00 70.00 0.18122
50.00 70.00 -0.38361E-01
55.00 70.00 -0.37787E-01
60.00 70.00 0.16396
65.00 70.00 0.41048
-70.00 75.00 0.37027
-45.00 75.00 -0.77618
-40.00 75.00 -0.54011
-35.00 75.00 -0.16454
-30.00 75.00 0.18459
-25.00 75.00 0.38170
-20.00 75.00 0.42257
-15.00 75.00 0.41045
-10.00 75.00 0.45592
-5.00 75.00 0.57569
0.00 75.00 0.68088
5.00 75.00 0.66582
10.00 75.00 0.51633
15.00 75.00 0.33541
20.00 75.00 0.25847
25.00 75.00 0.33278
30.00 75.00 0.47217
35.00 75.00 0.53131
40.00 75.00 0.43517
45.00 75.00 0.24765
70.00 75.00 0.56777
-75.00 80.00 0.53291
-65.00 80.00 0.12606
-60.00 80.00 -0.23028
-55.00 80.00 -0.56297
-50.00 80.00 -0.74891
-45.00 80.00 -0.70679
-40.00 80.00 -0.44901
-35.00 80.00 -0.86887E-01
-30.00 80.00 0.22863
-25.00 80.00 0.39912
-20.00 80.00 0.43711
-15.00 80.00 0.44161
-10.00 80.00 0.50663
-5.00 80.00 0.63712
0.00 80.00 0.74481
5.00 80.00 0.72930
10.00 80.00 0.57372
15.00 80.00 0.36921
20.00 80.00 0.24425
25.00 80.00 0.26022
30.00 80.00 0.36559
35.00 80.00 0.44844
40.00 80.00 0.43831
45.00 80.00 0.36484
50.00 80.00 0.32219
55.00 80.00 0.37533
60.00 80.00 0.49673
65.00 80.00 0.59092
75.00 80.00 0.48363
-45.00 85.00 -0.56599
-40.00 85.00 -0.31415
-35.00 85.00 -0.57060E-02
-30.00 85.00 0.24185
-25.00 85.00 0.37448
-20.00 85.00 0.42558
-15.00 85.00 0.47711
-10.00 85.00 0.58509
-5.00 85.00 0.72739
0.00 85.00 0.81789
5.00 85.00 0.77809
10.00 85.00 0.60781
15.00 85.00 0.39497
20.00 85.00 0.25419
25.00 85.00 0.24467
30.00 85.00 0.33508
35.00 85.00 0.44193
40.00 85.00 0.50355
45.00 85.00 0.52320
-80.00 90.00 0.59042
-70.00 90.00 0.48691
-65.00 90.00 0.19600
-60.00 90.00 -0.15028
-55.00 90.00 -0.41364
-50.00 90.00 -0.49415
-45.00 90.00 -0.38293
-40.00 90.00 -0.15849
-35.00 90.00 0.67937E-01
-30.00 90.00 0.22108
-25.00 90.00 0.29969
-20.00 90.00 0.36107
-15.00 90.00 0.46573
-10.00 90.00 0.62311
-5.00 90.00 0.77818
0.00 90.00 0.84919
5.00 90.00 0.78883
10.00 90.00 0.62293
15.00 90.00 0.43728
20.00 90.00 0.32264
25.00 90.00 0.31980
30.00 90.00 0.40458
35.00 90.00 0.51922
40.00 90.00 0.61903
45.00 90.00 0.69430
50.00 90.00 0.75382
55.00 90.00 0.79308
60.00 90.00 0.78404
65.00 90.00 0.70034
70.00 90.00 0.55420
80.00 90.00 0.33028
-45.00 95.00 -0.19586
-40.00 95.00 -0.10013E-01
-35.00 95.00 0.12607
-30.00 95.00 0.17709
-25.00 95.00 0.19144
-20.00 95.00 0.24935
-15.00 95.00 0.39203
-10.00 95.00 0.58641
-5.00 95.00 0.74866
0.00 95.00 0.80455
5.00 95.00 0.73973
10.00 95.00 0.60559
15.00 95.00 0.48169
20.00 95.00 0.42661
25.00 95.00 0.45211
30.00 95.00 0.53286
35.00 95.00 0.63559
40.00 95.00 0.73991
45.00 95.00 0.83582
-75.00 100.00 0.71782
-65.00 100.00 0.35179
-60.00 100.00 0.41614E-01
-55.00 100.00 -0.15938
-50.00 100.00 -0.17211
-45.00 100.00 -0.42056E-01
-40.00 100.00 0.10529
-35.00 100.00 0.16588
-30.00 100.00 0.13336
-25.00 100.00 0.92023E-01
-20.00 100.00 0.13825
-15.00 100.00 0.29822
-10.00 100.00 0.50761
-5.00 100.00 0.66373
0.00 100.00 0.70273
5.00 100.00 0.63968
10.00 100.00 0.54623
15.00 100.00 0.49257
20.00 100.00 0.50406
25.00 100.00 0.56201
30.00 100.00 0.63698
35.00 100.00 0.71765
40.00 100.00 0.80926
45.00 100.00 0.90783
50.00 100.00 0.98035
55.00 100.00 0.97533
60.00 100.00 0.85997
65.00 100.00 0.65457
75.00 100.00 0.28654
-70.00 105.00 0.69502
-45.00 105.00 0.52400E-01
-40.00 105.00 0.16973
-35.00 105.00 0.18759
-30.00 105.00 0.11307
-25.00 105.00 0.46022E-01
-20.00 105.00 0.87352E-01
-15.00 105.00 0.25160
-10.00 105.00 0.45613
-5.00 105.00 0.59045
0.00 105.00 0.60244
5.00 105.00 0.52998
10.00 105.00 0.45883
15.00 105.00 0.45098
20.00 105.00 0.50627
25.00 105.00 0.58317
30.00 105.00 0.64939
35.00 105.00 0.71054
40.00 105.00 0.79160
45.00 105.00 0.89328
70.00 105.00 0.34487
-85.00 110.00 0.48631
-65.00 110.00 0.55578
-60.00 110.00 0.25938
-55.00 110.00 0.42051E-01
-50.00 110.00 -0.58343E-02
-45.00 110.00 0.79783E-01
-40.00 110.00 0.17823
-35.00 110.00 0.19134
-30.00 110.00 0.12373
-25.00 110.00 0.69381E-01
-20.00 110.00 0.12087
-15.00 110.00 0.28366
-10.00 110.00 0.46949
-5.00 110.00 0.57055
0.00 110.00 0.54654
5.00 110.00 0.44993
10.00 110.00 0.37392
15.00 110.00 0.37504
20.00 110.00 0.43916
25.00 110.00 0.51371
30.00 110.00 0.56733
35.00 110.00 0.61688
40.00 110.00 0.69780
45.00 110.00 0.81016
50.00 110.00 0.89642
55.00 110.00 0.87743
60.00 110.00 0.71889
65.00 110.00 0.47126
85.00 110.00 0.33836
-45.00 115.00 0.52434E-01
-40.00 115.00 0.14003
-35.00 115.00 0.17713
-30.00 115.00 0.15269
-25.00 115.00 0.13713
-20.00 115.00 0.20476
-15.00 115.00 0.35580
-10.00 115.00 0.50928
-5.00 115.00 0.57105
0.00 115.00 0.51355
5.00 115.00 0.39576
10.00 115.00 0.30956
15.00 115.00 0.30462
20.00 115.00 0.35954
25.00 115.00 0.41955
30.00 115.00 0.45792
35.00 115.00 0.49936
40.00 115.00 0.58343
45.00 115.00 0.70608
-80.00 120.00 0.69891
-75.00 120.00 0.88840
-70.00 120.00 0.92985
-65.00 120.00 0.76838
-60.00 120.00 0.46688
-55.00 120.00 0.17043
-50.00 120.00 0.53990E-02
-45.00 120.00 -0.19489E-02
-40.00 120.00 0.76701E-01
-35.00 120.00 0.14830
-30.00 120.00 0.17771
-25.00 120.00 0.20120
-20.00 120.00 0.27023
-15.00 120.00 0.38537
-10.00 120.00 0.48565
-5.00 120.00 0.50253
0.00 120.00 0.42507
5.00 120.00 0.31360
10.00 120.00 0.24884
15.00 120.00 0.26526
20.00 120.00 0.33049
25.00 120.00 0.38724
30.00 120.00 0.41393
35.00 120.00 0.44306
40.00 120.00 0.51887
45.00 120.00 0.63599
50.00 120.00 0.72204
55.00 120.00 0.68809
60.00 120.00 0.50739
65.00 120.00 0.25324
70.00 120.00 0.58319E-01
75.00 120.00 0.24738E-01
80.00 120.00 0.15052
-45.00 125.00 -0.50303E-01
-40.00 125.00 0.15747E-01
-35.00 125.00 0.11408
-30.00 125.00 0.18341
-25.00 125.00 0.22395
-20.00 125.00 0.26491
-15.00 125.00 0.31210
-10.00 125.00 0.33323
-5.00 125.00 0.29481
0.00 125.00 0.20923
5.00 125.00 0.13886
10.00 125.00 0.14750
15.00 125.00 0.24367
20.00 125.00 0.37160
25.00 125.00 0.46124
30.00 125.00 0.49083
35.00 125.00 0.50164
40.00 125.00 0.54878
45.00 125.00 0.63441
-65.00 130.00 0.95008
-60.00 130.00 0.66469
-55.00 130.00 0.30848
-50.00 130.00 0.35977E-01
-45.00 130.00 -0.65997E-01
-40.00 130.00 -0.19073E-01
-35.00 130.00 0.86706E-01
-30.00 130.00 0.16910
-25.00 130.00 0.19913
-20.00 130.00 0.18813
-15.00 130.00 0.14757
-10.00 130.00 0.72543E-01
-5.00 130.00 -0.34329E-01
0.00 130.00 -0.13192
5.00 130.00 -0.14814
10.00 130.00 -0.31888E-01
15.00 130.00 0.19547
20.00 130.00 0.44264
25.00 130.00 0.61151
30.00 130.00 0.66903
35.00 130.00 0.66298
40.00 130.00 0.66582
45.00 130.00 0.69785
50.00 130.00 0.70226
55.00 130.00 0.59901
60.00 130.00 0.37083
65.00 130.00 0.10236
-70.00 135.00 1.0675
-45.00 135.00 -0.37625E-01
-40.00 135.00 -0.16483E-01
-35.00 135.00 0.73984E-01
-30.00 135.00 0.14233
-25.00 135.00 0.14457
-20.00 135.00 0.81196E-01
-15.00 135.00 -0.35974E-01
-10.00 135.00 -0.19829
-5.00 135.00 -0.37903
0.00 135.00 -0.50944
5.00 135.00 -0.49664
10.00 135.00 -0.28649
15.00 135.00 0.79628E-01
20.00 135.00 0.47265
25.00 135.00 0.75440
30.00 135.00 0.86682
35.00 135.00 0.85669
40.00 135.00 0.81514
45.00 135.00 0.78756
70.00 135.00 -0.98173E-01
-75.00 140.00 0.90109
-65.00 140.00 1.0495
-60.00 140.00 0.82098
-55.00 140.00 0.48133
-50.00 140.00 0.18265
-45.00 140.00 0.29088E-01
-40.00 140.00 0.19580E-01
-35.00 140.00 0.74020E-01
-30.00 140.00 0.10663
-25.00 140.00 0.76946E-01
-20.00 140.00 -0.15923E-01
-15.00 140.00 -0.16741
-10.00 140.00 -0.37701
-5.00 140.00 -0.61723
0.00 140.00 -0.80255
5.00 140.00 -0.81165
10.00 140.00 -0.56636
15.00 140.00 -0.10637
20.00 140.00 0.41290
25.00 140.00 0.81105
30.00 140.00 0.99435
35.00 140.00 0.99786
40.00 140.00 0.92626
45.00 140.00 0.85079
50.00 140.00 0.75654
55.00 140.00 0.58410
60.00 140.00 0.32036
65.00 140.00 0.46854E-01
75.00 140.00 -0.59226E-01
-45.00 145.00 0.11676
-40.00 145.00 0.75377E-01
-35.00 145.00 0.78187E-01
-30.00 145.00 0.57750E-01
-25.00 145.00 -0.49687E-02
-20.00 145.00 -0.10042
-15.00 145.00 -0.23461
-10.00 145.00 -0.43418
-5.00 145.00 -0.69645
0.00 145.00 -0.93791
5.00 145.00 -1.0110
10.00 145.00 -0.79887
15.00 145.00 -0.31632
20.00 145.00 0.27489
25.00 145.00 0.76108
30.00 145.00 1.0103
35.00 145.00 1.0373
40.00 145.00 0.95214
45.00 145.00 0.84793
-80.00 150.00 0.59932
-70.00 150.00 0.99091
-65.00 150.00 1.0172
-60.00 150.00 0.86132
-55.00 150.00 0.59888
-50.00 150.00 0.35444
-45.00 150.00 0.20563
-40.00 150.00 0.13717
-35.00 150.00 0.80861E-01
-30.00 150.00 -0.71279E-02
-25.00 150.00 -0.11259
-20.00 150.00 -0.20302
-15.00 150.00 -0.28907
-10.00 150.00 -0.43018
-5.00 150.00 -0.66479
0.00 150.00 -0.93141
5.00 150.00 -1.0703
10.00 150.00 -0.92676
15.00 150.00 -0.47849
20.00 150.00 0.12520
25.00 150.00 0.65336
30.00 150.00 0.94274
35.00 150.00 0.98556
40.00 150.00 0.89132
45.00 150.00 0.77034
50.00 150.00 0.64931
55.00 150.00 0.48842
60.00 150.00 0.26780
65.00 150.00 0.47539E-01
70.00 150.00 -0.63211E-01
80.00 150.00 0.19253
-45.00 155.00 0.28095
-40.00 155.00 0.19785
-35.00 155.00 0.86366E-01
-30.00 155.00 -0.77893E-01
-25.00 155.00 -0.24558
-20.00 155.00 -0.35150
-15.00 155.00 -0.39660
-10.00 155.00 -0.46179
-5.00 155.00 -0.62661
0.00 155.00 -0.86528
5.00 155.00 -1.0271
10.00 155.00 -0.93691
15.00 155.00 -0.53924
20.00 155.00 0.39068E-01
25.00 155.00 0.56614
30.00 155.00 0.86043
35.00 155.00 0.89635
40.00 155.00 0.78121
45.00 155.00 0.64004
-75.00 160.00 0.67739
-65.00 160.00 0.84859
-60.00 160.00 0.74617
-55.00 160.00 0.57290
-50.00 160.00 0.42345
-45.00 160.00 0.33466
-40.00 160.00 0.25478
-35.00 160.00 0.10400
-30.00 160.00 -0.13368
-25.00 160.00 -0.38169
-20.00 160.00 -0.53909
-15.00 160.00 -0.58083
-10.00 160.00 -0.58726
-5.00 160.00 -0.66455
0.00 160.00 -0.82605
5.00 160.00 -0.95021
10.00 160.00 -0.86620
15.00 160.00 -0.50051
20.00 160.00 0.43442E-01
25.00 160.00 0.54515
30.00 160.00 0.81774
35.00 160.00 0.82419
40.00 160.00 0.66988
45.00 160.00 0.49401
50.00 160.00 0.36485
55.00 160.00 0.26488
60.00 160.00 0.15861
65.00 160.00 0.60495E-01
75.00 160.00 0.11430
-85.00 165.00 0.39337
-70.00 165.00 0.70833
-45.00 165.00 0.36199
-40.00 165.00 0.30097
-35.00 165.00 0.13259
-30.00 165.00 -0.16229
-25.00 165.00 -0.49328
-20.00 165.00 -0.72887
-15.00 165.00 -0.80850
-10.00 165.00 -0.79127
-5.00 165.00 -0.79088
0.00 165.00 -0.85458
5.00 165.00 -0.90152
10.00 165.00 -0.78473
15.00 165.00 -0.42695
20.00 165.00 0.90044E-01
25.00 165.00 0.56469
30.00 165.00 0.81248
35.00 165.00 0.78641
40.00 165.00 0.58656
45.00 165.00 0.36441
70.00 165.00 0.92380E-01
85.00 165.00 0.43790
-65.00 170.00 0.60894
-60.00 170.00 0.53651
-55.00 170.00 0.43279
-50.00 170.00 0.36983
-45.00 170.00 0.35780
-40.00 170.00 0.31840
-35.00 170.00 0.14812
-30.00 170.00 -0.18072
-25.00 170.00 -0.57638
-20.00 170.00 -0.88848
-15.00 170.00 -1.0234
-10.00 170.00 -1.0107
-5.00 170.00 -0.95842
0.00 170.00 -0.93934
5.00 170.00 -0.91385
10.00 170.00 -0.76453
15.00 170.00 -0.41387
20.00 170.00 0.80629E-01
25.00 170.00 0.54163
30.00 170.00 0.78805
35.00 170.00 0.75622
40.00 170.00 0.53024
45.00 170.00 0.26701
50.00 170.00 0.87592E-01
55.00 170.00 0.21862E-01
60.00 170.00 0.33996E-01
65.00 170.00 0.83923E-01
-45.00 175.00 0.31717
-40.00 175.00 0.28249
-35.00 175.00 0.10953
-30.00 175.00 -0.23384
-25.00 175.00 -0.66130
-20.00 175.00 -1.0180
-15.00 175.00 -1.1915
-10.00 175.00 -1.1882
-5.00 175.00 -1.1088
0.00 175.00 -1.0444
5.00 175.00 -0.98868
10.00 175.00 -0.84621
15.00 175.00 -0.53111
20.00 175.00 -0.68074E-01
25.00 175.00 0.39522
30.00 175.00 0.67862
35.00 175.00 0.69004
40.00 175.00 0.48137
45.00 175.00 0.20266
-80.00 180.00 0.34585
-75.00 180.00 0.36666
-70.00 180.00 0.39791
-65.00 180.00 0.40175
-60.00 180.00 0.35995
-55.00 180.00 0.29887
-50.00 180.00 0.25941
-45.00 180.00 0.24082
-40.00 180.00 0.17775
-35.00 180.00 -0.15342E-01
-30.00 180.00 -0.36356
-25.00 180.00 -0.78700
-20.00 180.00 -1.1406
-15.00 180.00 -1.3131
-10.00 180.00 -1.3042
-5.00 180.00 -1.2122
0.00 180.00 -1.1406
5.00 180.00 -1.1046
10.00 180.00 -1.0181
15.00 180.00 -0.77596
20.00 180.00 -0.36156
25.00 180.00 0.11210
30.00 180.00 0.46483
35.00 180.00 0.56754
40.00 180.00 0.42550
45.00 180.00 0.16765
50.00 180.00 -0.42562E-01
55.00 180.00 -0.10367
60.00 180.00 -0.15307E-01
65.00 180.00 0.15218
70.00 180.00 0.31881
75.00 180.00 0.43749
80.00 180.00 0.49606
-45.00 -175 0.14040
-40.00 -175 0.14062E-01
-35.00 -175 -0.22037
-30.00 -175 -0.56851
-25.00 -175 -0.95653
-20.00 -175 -1.2626
-15.00 -175 -1.3970
-10.00 -175 -1.3675
-5.00 -175 -1.2724
0.00 -175 -1.2184
5.00 -175 -1.2295
10.00 -175 -1.2208
15.00 -175 -1.0669
20.00 -175 -0.71107
25.00 -175 -0.23043
30.00 -175 0.19913
35.00 -175 0.41418
40.00 -175 0.36963
45.00 -175 0.16281
-65.00 -170 0.30066
-60.00 -170 0.30799
-55.00 -170 0.27005
-50.00 -170 0.18083
-45.00 -170 0.37603E-01
-40.00 -170 -0.17064
-35.00 -170 -0.45273
-30.00 -170 -0.78856
-25.00 -170 -1.1146
-20.00 -170 -1.3460
-15.00 -170 -1.4297
-10.00 -170 -1.3873
-5.00 -170 -1.3077
0.00 -170 -1.2836
5.00 -170 -1.3344
10.00 -170 -1.3789
15.00 -170 -1.2866
20.00 -170 -0.97866
25.00 -170 -0.50231
30.00 -170 -0.19640E-01
35.00 -170 0.28878
40.00 -170 0.33885
45.00 -170 0.19411
50.00 -170 0.17665E-01
55.00 -170 -0.37998E-01
60.00 -170 0.76937E-01
65.00 -170 0.29644
-70.00 -165 0.24040
-45.00 -165 -0.45209E-01
-40.00 -165 -0.32718
-35.00 -165 -0.63756
-30.00 -165 -0.93435
-25.00 -165 -1.1752
-20.00 -165 -1.3263
-15.00 -165 -1.3790
-10.00 -165 -1.3621
-5.00 -165 -1.3342
0.00 -165 -1.3483
5.00 -165 -1.4068
10.00 -165 -1.4422
15.00 -165 -1.3490
20.00 -165 -1.0570
25.00 -165 -0.59736
30.00 -165 -0.10689
35.00 -165 0.24389
40.00 -165 0.35565
45.00 -165 0.26437
70.00 -165 0.59945
-75.00 -160 0.19864
-65.00 -160 0.30278
-60.00 -160 0.36184
-55.00 -160 0.33301
-50.00 -160 0.17507
-45.00 -160 -0.97762E-01
-40.00 -160 -0.42268
-35.00 -160 -0.72276
-30.00 -160 -0.94636
-25.00 -160 -1.0863
-20.00 -160 -1.1696
-15.00 -160 -1.2315
-10.00 -160 -1.2941
-5.00 -160 -1.3611
0.00 -160 -1.4218
5.00 -160 -1.4517
10.00 -160 -1.4095
15.00 -160 -1.2455
20.00 -160 -0.93151
25.00 -160 -0.49836
30.00 -160 -0.47868E-01
35.00 -160 0.28675
40.00 -160 0.41753
45.00 -160 0.36317
50.00 -160 0.24313
55.00 -160 0.19990
60.00 -160 0.30308
65.00 -160 0.50713
75.00 -160 0.76426
-45.00 -155 -0.12888
-40.00 -155 -0.45991
-35.00 -155 -0.71282
-30.00 -155 -0.84102
-25.00 -155 -0.88109
-20.00 -155 -0.92000
-15.00 -155 -1.0276
-10.00 -155 -1.2060
-5.00 -155 -1.3907
0.00 -155 -1.4981
5.00 -155 -1.4750
10.00 -155 -1.3148
15.00 -155 -1.0408
20.00 -155 -0.68497
25.00 -155 -0.28754
30.00 -155 0.89844E-01
35.00 -155 0.36849
40.00 -155 0.49007
45.00 -155 0.46391
-80.00 -150 0.21389
-70.00 -150 0.23993
-65.00 -150 0.34370
-60.00 -150 0.41603
-55.00 -150 0.36685
-50.00 -150 0.15795
-45.00 -150 -0.16120
-40.00 -150 -0.47337
-35.00 -150 -0.66536
-30.00 -150 -0.70592
-25.00 -150 -0.67083
-20.00 -150 -0.69009
-15.00 -150 -0.85146
-10.00 -150 -1.1318
-5.00 -150 -1.4086
0.00 -150 -1.5411
5.00 -150 -1.4585
10.00 -150 -1.1892
15.00 -150 -0.82238
20.00 -150 -0.44255
25.00 -150 -0.96200E-01
30.00 -150 0.19578
35.00 -150 0.41057
40.00 -150 0.52228
45.00 -150 0.53195
50.00 -150 0.49187
55.00 -150 0.48581
60.00 -150 0.56971
65.00 -150 0.72232
70.00 -150 0.85469
80.00 -150 0.77202
-45.00 -145 -0.21538
-40.00 -145 -0.50316
-35.00 -145 -0.65037
-30.00 -145 -0.64304
-25.00 -145 -0.57670
-20.00 -145 -0.59318
-15.00 -145 -0.77703
-10.00 -145 -1.0869
-5.00 -145 -1.3759
0.00 -145 -1.4872
5.00 -145 -1.3544
10.00 -145 -1.0326
15.00 -145 -0.64544
20.00 -145 -0.29808
25.00 -145 -0.27309E-01
30.00 -145 0.18305
35.00 -145 0.35245
40.00 -145 0.47560
45.00 -145 0.54015
-85.00 -140 0.27895
-75.00 -140 0.20441
-65.00 -140 0.35822
-60.00 -140 0.38369
-55.00 -140 0.27426
-50.00 -140 0.24055E-01
-45.00 -140 -0.29377
-40.00 -140 -0.56426
-35.00 -140 -0.70005
-30.00 -140 -0.69919
-25.00 -140 -0.64895
-20.00 -140 -0.66657
-15.00 -140 -0.81405
-10.00 -140 -1.0478
-5.00 -140 -1.2434
0.00 -140 -1.2787
5.00 -140 -1.1166
10.00 -140 -0.82290
15.00 -140 -0.51271
20.00 -140 -0.26899
25.00 -140 -0.99581E-01
30.00 -140 0.40477E-01
35.00 -140 0.19086
40.00 -140 0.34877
45.00 -140 0.48279
50.00 -140 0.57622
55.00 -140 0.65041
60.00 -140 0.74145
65.00 -140 0.85337
75.00 -140 0.92987
85.00 -140 0.61548
-70.00 -135 0.28170
-45.00 -135 -0.37515
-40.00 -135 -0.63347
-35.00 -135 -0.78580
-30.00 -135 -0.83451
-25.00 -135 -0.83349
-20.00 -135 -0.84663
-15.00 -135 -0.90168
-10.00 -135 -0.97076
-5.00 -135 -0.99199
0.00 -135 -0.91765
5.00 -135 -0.75331
10.00 -135 -0.55699
15.00 -135 -0.39726
20.00 -135 -0.30273
25.00 -135 -0.24348
30.00 -135 -0.15972
35.00 -135 -0.13151E-01
40.00 -135 0.18288
45.00 -135 0.37926
70.00 -135 0.94018
-65.00 -130 0.32861
-60.00 -130 0.27724
-55.00 -130 0.10763
-50.00 -130 -0.14843
-45.00 -130 -0.42504
-40.00 -130 -0.66391
-35.00 -130 -0.83910
-30.00 -130 -0.95219
-25.00 -130 -1.0112
-20.00 -130 -1.0156
-15.00 -130 -0.95788
-10.00 -130 -0.83750
-5.00 -130 -0.67191
0.00 -130 -0.49705
5.00 -130 -0.35610
10.00 -130 -0.28182
15.00 -130 -0.27947
20.00 -130 -0.31900
25.00 -130 -0.34437
30.00 -130 -0.30024
35.00 -130 -0.16336
40.00 -130 0.43040E-01
45.00 -130 0.26531
50.00 -130 0.45636
55.00 -130 0.60416
60.00 -130 0.72657
65.00 -130 0.83691
-45.00 -125 -0.41568
-40.00 -125 -0.61745
-35.00 -125 -0.80121
-30.00 -125 -0.96699
-25.00 -125 -1.0799
-20.00 -125 -1.0829
-15.00 -125 -0.94190
-10.00 -125 -0.68437
-5.00 -125 -0.39455
0.00 -125 -0.16859
5.00 -125 -0.63768E-01
10.00 -125 -0.77199E-01
15.00 -125 -0.16082
20.00 -125 -0.25285
25.00 -125 -0.30221
30.00 -125 -0.27884
35.00 -125 -0.17652
40.00 -125 -0.13065E-01
45.00 -125 0.17642
-80.00 -120 0.24033
-75.00 -120 0.25881
-70.00 -120 0.29286
-65.00 -120 0.27785
-60.00 -120 0.17448
-55.00 -120 0.25854E-02
-50.00 -120 -0.18209
-45.00 -120 -0.34282
-40.00 -120 -0.49218
-35.00 -120 -0.66531
-30.00 -120 -0.86185
-25.00 -120 -1.0170
-20.00 -120 -1.0374
-15.00 -120 -0.87587
-10.00 -120 -0.57946
-5.00 -120 -0.26661
0.00 -120 -0.50766E-01
5.00 -120 0.26833E-01
10.00 -120 0.49436E-02
15.00 -120 -0.45302E-01
20.00 -120 -0.75102E-01
25.00 -120 -0.75824E-01
30.00 -120 -0.57934E-01
35.00 -120 -0.23751E-01
40.00 -120 0.37190E-01
45.00 -120 0.13278
50.00 -120 0.25694
55.00 -120 0.39580
60.00 -120 0.53925
65.00 -120 0.67810
70.00 -120 0.78834
75.00 -120 0.82725
80.00 -120 0.76115
-45.00 -115 -0.22817
-40.00 -115 -0.32543
-35.00 -115 -0.48093
-30.00 -115 -0.69259
-25.00 -115 -0.87935
-20.00 -115 -0.93384
-15.00 -115 -0.80889
-10.00 -115 -0.56057
-5.00 -115 -0.30712
0.00 -115 -0.13933
5.00 -115 -0.60529E-01
10.00 -115 -0.55700E-02
15.00 -115 0.85122E-01
20.00 -115 0.20766
25.00 -115 0.30321
30.00 -115 0.31807
35.00 -115 0.25515
40.00 -115 0.17176
45.00 -115 0.13320
-65.00 -110 0.22862
-60.00 -110 0.12260
-55.00 -110 0.77934E-02
-50.00 -110 -0.67152E-01
-45.00 -110 -0.10643
-40.00 -110 -0.17059
-35.00 -110 -0.31878
-30.00 -110 -0.54084
-25.00 -110 -0.74699
-20.00 -110 -0.83193
-15.00 -110 -0.75919
-10.00 -110 -0.58811
-5.00 -110 -0.41712
0.00 -110 -0.29498
5.00 -110 -0.18310
10.00 -110 -0.45849E-02
15.00 -110 0.26608
20.00 -110 0.55747
25.00 -110 0.74414
30.00 -110 0.74131
35.00 -110 0.56928
40.00 -110 0.33602
45.00 -110 0.16041
50.00 -110 0.10423
55.00 -110 0.16111
60.00 -110 0.29084
65.00 -110 0.45189
-70.00 -105 0.26405
-45.00 -105 -0.54970E-02
-40.00 -105 -0.64117E-01
-35.00 -105 -0.22244
-30.00 -105 -0.45289
-25.00 -105 -0.65796
-20.00 -105 -0.74278
-15.00 -105 -0.68909
-10.00 -105 -0.56155
-5.00 -105 -0.43852
0.00 -105 -0.33169
5.00 -105 -0.17330
10.00 -105 0.11183
15.00 -105 0.51296
20.00 -105 0.90670
25.00 -105 1.1280
30.00 -105 1.0835
35.00 -105 0.81578
40.00 -105 0.46903
45.00 -105 0.19326
70.00 -105 0.50892
-75.00 -100 0.26881
-65.00 -100 0.18120
-60.00 -100 0.10476
-55.00 -100 0.62579E-01
-50.00 -100 0.65688E-01
-45.00 -100 0.67013E-01
-40.00 -100 -0.53903E-02
-35.00 -100 -0.18166
-30.00 -100 -0.40992
-25.00 -100 -0.58479
-20.00 -100 -0.62567
-15.00 -100 -0.53697
-10.00 -100 -0.39428
-5.00 -100 -0.26685
0.00 -100 -0.14781
5.00 -100 0.39866E-01
10.00 -100 0.36139
15.00 -100 0.78406
20.00 -100 1.1676
25.00 -100 1.3472
30.00 -100 1.2451
35.00 -100 0.92160
40.00 -100 0.52992
45.00 -100 0.21824
50.00 -100 0.57335E-01
55.00 -100 0.38423E-01
60.00 -100 0.11854
65.00 -100 0.25807
75.00 -100 0.55745
-45.00 -95 0.12304
-40.00 -95 0.37618E-01
-35.00 -95 -0.14457
-30.00 -95 -0.34858
-25.00 -95 -0.46569
-20.00 -95 -0.43300
-15.00 -95 -0.27803
-10.00 -95 -0.88483E-01
-5.00 -95 0.67419E-01
0.00 -95 0.19906
5.00 -95 0.37644
10.00 -95 0.65144
15.00 -95 0.98732
20.00 -95 1.2617
25.00 -95 1.3451
30.00 -95 1.1915
35.00 -95 0.86923
40.00 -95 0.51154
45.00 -95 0.23362
-80.00 -90 0.26800
-70.00 -90 0.20030
-65.00 -90 0.12817
-60.00 -90 0.87090E-01
-55.00 -90 0.10816
-50.00 -90 0.16370
-45.00 -90 0.18092
-40.00 -90 0.10227
-35.00 -90 -0.58169E-01
-30.00 -90 -0.21308
-25.00 -90 -0.26139
-20.00 -90 -0.16180
-15.00 -90 0.40056E-01
-10.00 -90 0.25316
-5.00 -90 0.41481
0.00 -90 0.53322
5.00 -90 0.66370
10.00 -90 0.84226
15.00 -90 1.0371
20.00 -90 1.1619
25.00 -90 1.1397
30.00 -90 0.96198
35.00 -90 0.69585
40.00 -90 0.43556
45.00 -90 0.24454
50.00 -90 0.13396
55.00 -90 0.86582E-01
60.00 -90 0.92648E-01
65.00 -90 0.15859
70.00 -90 0.28226
80.00 -90 0.52754
-85.00 -85 0.28192
-45.00 -85 0.24965
-40.00 -85 0.20336
-35.00 -85 0.92438E-01
-30.00 -85 0.52130E-03
-25.00 -85 0.77751E-02
-20.00 -85 0.13153
-15.00 -85 0.31854
-10.00 -85 0.49189
-5.00 -85 0.60984
0.00 -85 0.68659
5.00 -85 0.76160
10.00 -85 0.84969
15.00 -85 0.91913
20.00 -85 0.91694
25.00 -85 0.81694
30.00 -85 0.64649
35.00 -85 0.46814
40.00 -85 0.33397
45.00 -85 0.25329
85.00 -85 0.51718
-75.00 -80 0.22910
-65.00 -80 0.77626E-01
-60.00 -80 0.64394E-01
-55.00 -80 0.13489
-50.00 -80 0.24508
-45.00 -80 0.32113
-40.00 -80 0.32195
-35.00 -80 0.27223
-30.00 -80 0.23819
-25.00 -80 0.27008
-20.00 -80 0.36322
-15.00 -80 0.46946
-10.00 -80 0.54385
-5.00 -80 0.58139
0.00 -80 0.61102
5.00 -80 0.65642
10.00 -80 0.70341
15.00 -80 0.70691
20.00 -80 0.63185
25.00 -80 0.49057
30.00 -80 0.34133
35.00 -80 0.24705
40.00 -80 0.22860
45.00 -80 0.25202
50.00 -80 0.26052
55.00 -80 0.22409
60.00 -80 0.16578
65.00 -80 0.14292
75.00 -80 0.32051
-70.00 -75 0.13530
-45.00 -75 0.37497
-40.00 -75 0.41679
-35.00 -75 0.41759
-30.00 -75 0.42080
-25.00 -75 0.44641
-20.00 -75 0.47377
-15.00 -75 0.46926
-10.00 -75 0.42844
-5.00 -75 0.38813
0.00 -75 0.39387
5.00 -75 0.45228
10.00 -75 0.51472
15.00 -75 0.51138
20.00 -75 0.40952
25.00 -75 0.24626
30.00 -75 0.10658
35.00 -75 0.62631E-01
40.00 -75 0.12189
45.00 -75 0.22418
70.00 -75 0.17109
-65.00 -70 0.56389E-01
-60.00 -70 0.63079E-01
-55.00 -70 0.15459
-50.00 -70 0.28437
-45.00 -70 0.39156
-40.00 -70 0.44950
-35.00 -70 0.47438
-30.00 -70 0.49113
-25.00 -70 0.49659
-20.00 -70 0.46076
-15.00 -70 0.36592
-10.00 -70 0.24256
-5.00 -70 0.16052
0.00 -70 0.17582
5.00 -70 0.27773
10.00 -70 0.38543
15.00 -70 0.40329
20.00 -70 0.29319
25.00 -70 0.10659
30.00 -70 -0.49561E-01
35.00 -70 -0.87108E-01
40.00 -70 0.42927E-02
45.00 -70 0.15496
50.00 -70 0.26756
55.00 -70 0.28400
60.00 -70 0.22053
65.00 -70 0.15030
-45.00 -65 0.36456
-40.00 -65 0.40665
-35.00 -65 0.42769
-30.00 -65 0.44390
-25.00 -65 0.43799
-20.00 -65 0.37332
-15.00 -65 0.24059
-10.00 -65 0.89131E-01
-5.00 -65 0.51637E-02
0.00 -65 0.47266E-01
5.00 -65 0.19183
10.00 -65 0.33788
15.00 -65 0.37340
20.00 -65 0.25482
25.00 -65 0.39651E-01
30.00 -65 -0.15154
35.00 -65 -0.21481
40.00 -65 -0.12743
45.00 -65 0.44664E-01
-80.00 -60 0.24793
-75.00 -60 0.19507
-70.00 -60 0.12708
-65.00 -60 0.90424E-01
-60.00 -60 0.11828
-55.00 -60 0.19502
-50.00 -60 0.27000
-45.00 -60 0.30508
-40.00 -60 0.30603
-35.00 -60 0.30653
-30.00 -60 0.32303
-25.00 -60 0.32902
-20.00 -60 0.27825
-15.00 -60 0.15765
-10.00 -60 0.18147E-01
-5.00 -60 -0.51751E-01
0.00 -60 0.61331E-02
5.00 -60 0.16545
10.00 -60 0.32217
15.00 -60 0.36160
20.00 -60 0.23706
25.00 -60 0.30387E-02
30.00 -60 -0.21926
35.00 -60 -0.31786
40.00 -60 -0.25546
45.00 -60 -0.84593E-01
50.00 -60 0.92130E-01
55.00 -60 0.18776
60.00 -60 0.18173
65.00 -60 0.12624
70.00 -60 0.10583
75.00 -60 0.17488
80.00 -60 0.31342
-45.00 -55 0.23587
-40.00 -55 0.18549
-35.00 -55 0.16447
-30.00 -55 0.19278
-25.00 -55 0.23327
-20.00 -55 0.22367
-15.00 -55 0.13745
-10.00 -55 0.17671E-01
-5.00 -55 -0.49559E-01
0.00 -55 -0.31556E-02
5.00 -55 0.13880
10.00 -55 0.28337
15.00 -55 0.32339
20.00 -55 0.20978
25.00 -55 -0.15377E-01
30.00 -55 -0.24482
35.00 -55 -0.37029
40.00 -55 -0.34296
45.00 -55 -0.19540
-65.00 -50 0.17709
-60.00 -50 0.23829
-55.00 -50 0.28705
-50.00 -50 0.26813
-45.00 -50 0.17998
-40.00 -50 0.83281E-01
-35.00 -50 0.51060E-01
-30.00 -50 0.10367
-25.00 -50 0.18795
-20.00 -50 0.22094
-15.00 -50 0.16108
-10.00 -50 0.45415E-01
-5.00 -50 -0.38507E-01
0.00 -50 -0.22257E-01
5.00 -50 0.88888E-01
10.00 -50 0.21763
15.00 -50 0.26794
20.00 -50 0.18848
25.00 -50 0.34158E-02
30.00 -50 -0.20447
35.00 -50 -0.34204
40.00 -50 -0.35503
45.00 -50 -0.25326
50.00 -50 -0.10105
55.00 -50 0.21842E-01
60.00 -50 0.69015E-01
65.00 -50 0.57098E-01
-70.00 -45 0.17591
-45.00 -45 0.15075
-40.00 -45 0.21995E-01
-35.00 -45 -0.86213E-02
-30.00 -45 0.72899E-01
-25.00 -45 0.19273
-20.00 -45 0.24866
-15.00 -45 0.19184
-10.00 -45 0.63180E-01
-5.00 -45 -0.42420E-01
0.00 -45 -0.50480E-01
5.00 -45 0.40254E-01
10.00 -45 0.16266
15.00 -45 0.23147
20.00 -45 0.19715
25.00 -45 0.69036E-01
30.00 -45 -0.97370E-01
35.00 -45 -0.23259
40.00 -45 -0.28579
45.00 -45 -0.24645
70.00 -45 0.22151E-01
-75.00 -40 0.17828
-65.00 -40 0.27211
-60.00 -40 0.37550
-55.00 -40 0.40963
-50.00 -40 0.32060
-45.00 -40 0.14805
-40.00 -40 0.34095E-02
-35.00 -40 -0.17637E-01
-30.00 -40 0.85981E-01
-25.00 -40 0.21952
-20.00 -40 0.26965
-15.00 -40 0.19367
-10.00 -40 0.47403E-01
-5.00 -40 -0.65339E-01
0.00 -40 -0.73524E-01
5.00 -40 0.16068E-01
10.00 -40 0.13654
15.00 -40 0.21460
20.00 -40 0.21325
25.00 -40 0.13899
30.00 -40 0.24340E-01
35.00 -40 -0.91101E-01
40.00 -40 -0.17165
45.00 -40 -0.19496
50.00 -40 -0.16345
55.00 -40 -0.10667
60.00 -40 -0.61685E-01
65.00 -40 -0.39628E-01
75.00 -40 0.76917E-01
-45.00 -35 0.16090
-40.00 -35 0.13639E-01
-35.00 -35 0.28127E-02
-30.00 -35 0.11281
-25.00 -35 0.23258
-20.00 -35 0.24947
-15.00 -35 0.13984
-10.00 -35 -0.19097E-01
-5.00 -35 -0.11924
0.00 -35 -0.10669
5.00 -35 -0.11177E-01
10.00 -35 0.93665E-01
15.00 -35 0.15214
20.00 -35 0.15489
25.00 -35 0.12120
30.00 -35 0.67600E-01
35.00 -35 -0.12695E-02
40.00 -35 -0.77991E-01
45.00 -35 -0.14124
-85.00 -30 0.27480
-80.00 -30 0.20273
-70.00 -30 0.18813
-65.00 -30 0.30909
-60.00 -30 0.44184
-55.00 -30 0.47633
-50.00 -30 0.36492
-45.00 -30 0.17344
-40.00 -30 0.32361E-01
-35.00 -30 0.26972E-01
-30.00 -30 0.12471
-25.00 -30 0.20578
-20.00 -30 0.16900
-15.00 -30 0.17260E-01
-10.00 -30 -0.15116
-5.00 -30 -0.23160
0.00 -30 -0.19788
5.00 -30 -0.11003
10.00 -30 -0.48387E-01
15.00 -30 -0.43234E-01
20.00 -30 -0.63905E-01
25.00 -30 -0.66824E-01
30.00 -30 -0.45911E-01
35.00 -30 -0.34617E-01
40.00 -30 -0.64175E-01
45.00 -30 -0.12709
50.00 -30 -0.18405
55.00 -30 -0.20242
60.00 -30 -0.18106
65.00 -30 -0.13566
70.00 -30 -0.66277E-01
80.00 -30 0.21028
85.00 -30 0.37588
-45.00 -25 0.17025
-40.00 -25 0.39934E-01
-35.00 -25 0.33025E-01
-30.00 -25 0.10295
-25.00 -25 0.12923
-20.00 -25 0.28807E-01
-15.00 -25 -0.16869
-10.00 -25 -0.34966
-5.00 -25 -0.41941
0.00 -25 -0.38169
5.00 -25 -0.32384
10.00 -25 -0.32762
15.00 -25 -0.39372
20.00 -25 -0.44904
25.00 -25 -0.42343
30.00 -25 -0.31807
35.00 -25 -0.20230
40.00 -25 -0.14818
45.00 -25 -0.16981
-75.00 -20 0.11390
-65.00 -20 0.24396
-60.00 -20 0.37128
-55.00 -20 0.40566
-50.00 -20 0.30628
-45.00 -20 0.13968
-40.00 -20 0.20433E-01
-35.00 -20 0.48137E-02
-30.00 -20 0.37856E-01
-25.00 -20 0.58528E-02
-20.00 -20 -0.15422
-15.00 -20 -0.39193
-10.00 -20 -0.58690
-5.00 -20 -0.65737
0.00 -20 -0.63092
5.00 -20 -0.61191
10.00 -20 -0.67816
15.00 -20 -0.80525
20.00 -20 -0.88806
25.00 -20 -0.83662
30.00 -20 -0.65614
35.00 -20 -0.44093
40.00 -20 -0.29441
45.00 -20 -0.25224
50.00 -20 -0.27250
55.00 -20 -0.28810
60.00 -20 -0.26159
65.00 -20 -0.19369
75.00 -20 0.39691E-01
-70.00 -15 0.85304E-01
-45.00 -15 0.75576E-01
-40.00 -15 -0.37106E-01
-35.00 -15 -0.68726E-01
-30.00 -15 -0.74644E-01
-25.00 -15 -0.15517
-20.00 -15 -0.35496
-15.00 -15 -0.61248
-10.00 -15 -0.81007
-5.00 -15 -0.87883
0.00 -15 -0.85951
5.00 -15 -0.86133
10.00 -15 -0.95671
15.00 -15 -1.1096
20.00 -15 -1.2028
25.00 -15 -1.1382
30.00 -15 -0.91941
35.00 -15 -0.64606
40.00 -15 -0.43363
45.00 -15 -0.33235
70.00 -15 -0.88940E-01
-65.00 -10 0.91779E-01
-60.00 -10 0.17811
-55.00 -10 0.20012
-50.00 -10 0.11866
-45.00 -10 -0.20810E-01
-40.00 -10 -0.13612
-35.00 -10 -0.19119
-30.00 -10 -0.23229
-25.00 -10 -0.34089
-20.00 -10 -0.54758
-15.00 -10 -0.79143
-10.00 -10 -0.96689
-5.00 -10 -1.0165
0.00 -10 -0.98265
5.00 -10 -0.96853
10.00 -10 -1.0433
15.00 -10 -1.1768
20.00 -10 -1.2628
25.00 -10 -1.2069
30.00 -10 -1.0028
35.00 -10 -0.73298
40.00 -10 -0.50236
45.00 -10 -0.36622
50.00 -10 -0.30985
55.00 -10 -0.28218
60.00 -10 -0.24103
65.00 -10 -0.17042
-45.00 -5 -0.13895
-40.00 -5 -0.26841
-35.00 -5 -0.35294
-30.00 -5 -0.42070
-25.00 -5 -0.53137
-20.00 -5 -0.70848
-15.00 -5 -0.90434
-10.00 -5 -1.0342
-5.00 -5 -1.0494
0.00 -5 -0.98271
5.00 -5 -0.92141
10.00 -5 -0.93344
15.00 -5 -1.0100
20.00 -5 -1.0742
25.00 -5 -1.0448
30.00 -5 -0.89877
35.00 -5 -0.68354
40.00 -5 -0.47610
45.00 -5 -0.32998
90.00 0.00 0.45468
-90.00 0.00 0.34296
