-85.00 0.00 0.51879
-80.00 0.00 0.58548
-75.00 0.00 0.52943
-70.00 0.00 0.37755
-65.00 0.00 0.15251
-60.00 0.00 -0.13074
-55.00 0.00 -0.43669
-50.00 0.00 -0.68643
-45.00 0.00 -0.77979
-40.00 0.00 -0.66170
-35.00 0.00 -0.37972
-30.00 0.00 -0.71721E-01
-25.00 0.00 0.12340
-20.00 0.00 0.16748
-15.00 0.00 0.15101
-10.00 0.00 0.21614
-5.00 0.00 0.43330
0.00 0.00 0.73386
5.00 0.00 0.95740
10.00 0.00 0.97652
15.00 0.00 0.79589
20.00 0.00 0.54512
25.00 0.00 0.37418
30.00 0.00 0.33958
35.00 0.00 0.37142
40.00 0.00 0.34007
45.00 0.00 0.16126
50.00 0.00 -0.14379
55.00 0.00 -0.47009
60.00 0.00 -0.70216
65.00 0.00 -0.77820
70.00 0.00 -0.70769
75.00 0.00 -0.54456
80.00 0.00 -0.35603
85.00 0.00 -0.19275
-45.00 5.00 -0.60447
-40.00 5.00 -0.40852
-35.00 5.00 -0.85786E-01
-30.00 5.00 0.22098
-25.00 5.00 0.39924
-20.00 5.00 0.44301
-15.00 5.00 0.44462
-10.00 5.00 0.50557
-5.00 5.00 0.64184
0.00 5.00 0.76667
5.00 5.00 0.76678
10.00 5.00 0.60591
15.00 5.00 0.36488
20.00 5.00 0.18311
25.00 5.00 0.15119
30.00 5.00 0.24399
35.00 5.00 0.34546
40.00 5.00 0.33815
45.00 5.00 0.18229
-65.00 10.00 0.16588
-60.00 10.00 -0.10385
-55.00 10.00 -0.34675
-50.00 10.00 -0.46725
-45.00 10.00 -0.38785
-40.00 10.00 -0.11473
-35.00 10.00 0.24393
-30.00 10.00 0.53881
-25.00 10.00 0.67998
-20.00 10.00 0.69437
-15.00 10.00 0.68767
-10.00 10.00 0.74116
-5.00 10.00 0.83400
0.00 10.00 0.86117
5.00 10.00 0.73239
10.00 10.00 0.46370
15.00 10.00 0.17925
20.00 10.00 0.20211E-01
25.00 10.00 0.38840E-01
30.00 10.00 0.16585
35.00 10.00 0.27214
40.00 10.00 0.26588
45.00 10.00 0.14396
50.00 10.00 -0.32755E-01
55.00 10.00 -0.20197
60.00 10.00 -0.33770
65.00 10.00 -0.43840
-70.00 15.00 0.39019
-45.00 15.00 -0.20463
-40.00 15.00 0.12888
-35.00 15.00 0.51397
-30.00 15.00 0.79215
-25.00 15.00 0.88614
-20.00 15.00 0.84905
-15.00 15.00 0.80752
-10.00 15.00 0.84458
-5.00 15.00 0.92493
0.00 15.00 0.92939
5.00 15.00 0.76815
10.00 15.00 0.47068
15.00 15.00 0.17198
20.00 15.00 0.81272E-02
25.00 15.00 0.14176E-01
30.00 15.00 0.11044
35.00 15.00 0.18046
40.00 15.00 0.16385
45.00 15.00 0.83407E-01
70.00 15.00 -0.38414
-75.00 20.00 0.54585
-65.00 20.00 0.14401
-60.00 20.00 -0.91589E-01
-55.00 20.00 -0.26992
-50.00 20.00 -0.29861
-45.00 20.00 -0.11499
-40.00 20.00 0.24572
-35.00 20.00 0.64198
-30.00 20.00 0.90632
-25.00 20.00 0.95984
-20.00 20.00 0.86426
-15.00 20.00 0.76140
-10.00 20.00 0.74894
-5.00 20.00 0.80000
0.00 20.00 0.79704
5.00 20.00 0.64717
10.00 20.00 0.37340
15.00 20.00 0.10021
20.00 20.00 -0.49486E-01
25.00 20.00 -0.50035E-01
30.00 20.00 0.22375E-01
35.00 20.00 0.71042E-01
40.00 20.00 0.62550E-01
45.00 20.00 0.35330E-01
50.00 20.00 0.34852E-01
55.00 20.00 0.49730E-01
60.00 20.00 0.17662E-01
65.00 20.00 -0.10477
75.00 20.00 -0.41066
-45.00 25.00 -0.14077
-40.00 25.00 0.20368
-35.00 25.00 0.59014
-30.00 25.00 0.84752
-25.00 25.00 0.88255
-20.00 25.00 0.74237
-15.00 25.00 0.56642
-10.00 25.00 0.46683
-5.00 25.00 0.44181
0.00 25.00 0.39686
5.00 25.00 0.24922
10.00 25.00 0.15665E-01
15.00 25.00 -0.19714
20.00 25.00 -0.28644
25.00 25.00 -0.23966
30.00 25.00 -0.13337
35.00 25.00 -0.52941E-01
40.00 25.00 -0.16666E-01
45.00 25.00 0.21267E-01
-80.00 30.00 0.61643
-70.00 30.00 0.30159
-65.00 30.00 0.82976E-01
-60.00 30.00 -0.12961
-55.00 30.00 -0.30237
-50.00 30.00 -0.36783
-45.00 30.00 -0.25743
-40.00 30.00 0.27294E-01
-35.00 30.00 0.37842
-30.00 30.00 0.63208
-25.00 30.00 0.67641
-20.00 30.00 0.52686
-15.00 30.00 0.30127
-10.00 30.00 0.11627
-5.00 30.00 -0.15235E-02
0.00 30.00 -0.11175
5.00 30.00 -0.27514
10.00 30.00 -0.47422
15.00 30.00 -0.61803
20.00 30.00 -0.62406
25.00 30.00 -0.49454
30.00 30.00 -0.31203
35.00 30.00 -0.16122
40.00 30.00 -0.57580E-01
45.00 30.00 0.45205E-01
50.00 30.00 0.17923
55.00 30.00 0.30028
60.00 30.00 0.31069
65.00 30.00 0.15251
70.00 30.00 -0.11793
80.00 30.00 -0.41879
-45.00 35.00 -0.40597
-40.00 35.00 -0.21393
-35.00 35.00 0.74276E-01
-30.00 35.00 0.31583
-25.00 35.00 0.38793
-20.00 35.00 0.27269
-15.00 35.00 0.57089E-01
-10.00 35.00 -0.14984
-5.00 35.00 -0.30424
0.00 35.00 -0.43960
5.00 35.00 -0.60038
10.00 35.00 -0.77007
15.00 35.00 -0.86942
20.00 35.00 -0.82664
25.00 35.00 -0.64756
30.00 35.00 -0.41362
35.00 35.00 -0.20943
40.00 35.00 -0.54106E-01
45.00 35.00 0.93164E-01
-75.00 40.00 0.43484
-65.00 40.00 0.23949E-01
-60.00 40.00 -0.14737
-55.00 40.00 -0.31496
-50.00 40.00 -0.46130
-45.00 40.00 -0.51985
-40.00 40.00 -0.43566
-35.00 40.00 -0.23504
-30.00 40.00 -0.28213E-01
-25.00 40.00 0.66914E-01
-20.00 40.00 0.12825E-01
-15.00 40.00 -0.12892
-10.00 40.00 -0.26351
-5.00 40.00 -0.34780
0.00 40.00 -0.41360
5.00 40.00 -0.51224
10.00 40.00 -0.64211
15.00 40.00 -0.73533
20.00 40.00 -0.71696
25.00 40.00 -0.57543
30.00 40.00 -0.37177
35.00 40.00 -0.17966
40.00 40.00 -0.20509E-01
45.00 40.00 0.13714
50.00 40.00 0.31303
55.00 40.00 0.45699
60.00 40.00 0.46820
65.00 40.00 0.28611
75.00 40.00 -0.32114
-70.00 45.00 0.18404
-45.00 45.00 -0.55507
-40.00 45.00 -0.57364
-35.00 45.00 -0.47453
-30.00 45.00 -0.33139
-25.00 45.00 -0.24274
-20.00 45.00 -0.24656
-15.00 45.00 -0.29224
-10.00 45.00 -0.29709
-5.00 45.00 -0.23094
0.00 45.00 -0.14575
5.00 45.00 -0.12260
10.00 45.00 -0.19034
15.00 45.00 -0.29625
20.00 45.00 -0.35465
25.00 45.00 -0.32174
30.00 45.00 -0.22211
35.00 45.00 -0.10621
40.00 45.00 0.86388E-02
45.00 45.00 0.14565
70.00 45.00 -0.15122E-01
-65.00 50.00 0.29867E-02
-60.00 50.00 -0.89554E-01
-55.00 50.00 -0.19212
-50.00 50.00 -0.34495
-45.00 50.00 -0.50962
-40.00 50.00 -0.60840
-35.00 50.00 -0.60546
-30.00 50.00 -0.54354
-25.00 50.00 -0.49792
-20.00 50.00 -0.49592
-15.00 50.00 -0.48580
-10.00 50.00 -0.38945
-5.00 50.00 -0.18790
0.00 50.00 0.45294E-01
5.00 50.00 0.19740
10.00 50.00 0.20716
15.00 50.00 0.10862
20.00 50.00 -0.79174E-02
25.00 50.00 -0.73447E-01
30.00 50.00 -0.80278E-01
35.00 50.00 -0.54194E-01
40.00 50.00 -0.19141E-02
45.00 50.00 0.99689E-01
50.00 50.00 0.25688
55.00 50.00 0.40953
60.00 50.00 0.44675
65.00 50.00 0.29245
-85.00 55.00 0.55598
-45.00 55.00 -0.42388
-40.00 55.00 -0.56989
-35.00 55.00 -0.63407
-30.00 55.00 -0.64136
-25.00 55.00 -0.65337
-20.00 55.00 -0.69102
-15.00 55.00 -0.70085
-10.00 55.00 -0.60323
-5.00 55.00 -0.37687
0.00 55.00 -0.95432E-01
5.00 55.00 0.12165
10.00 55.00 0.19921
15.00 55.00 0.15459
20.00 55.00 0.65180E-01
25.00 55.00 -0.45238E-02
30.00 55.00 -0.42339E-01
35.00 55.00 -0.63077E-01
40.00 55.00 -0.59333E-01
45.00 55.00 0.60805E-02
85.00 55.00 -0.33328
-80.00 60.00 0.52610
-75.00 60.00 0.33173
-70.00 60.00 0.12379
-65.00 60.00 0.11803E-01
-60.00 60.00 -0.17909E-01
-55.00 60.00 -0.59111E-01
-50.00 60.00 -0.18066
-45.00 60.00 -0.36136
-40.00 60.00 -0.52060
-35.00 60.00 -0.60413
-30.00 60.00 -0.63442
-25.00 60.00 -0.67727
-20.00 60.00 -0.76337
-15.00 60.00 -0.84784
-10.00 60.00 -0.84968
-5.00 60.00 -0.73084
0.00 60.00 -0.53582
5.00 60.00 -0.35387
10.00 60.00 -0.24382
15.00 60.00 -0.19603
20.00 60.00 -0.16375
25.00 60.00 -0.12330
30.00 60.00 -0.95191E-01
35.00 60.00 -0.10455
40.00 60.00 -0.12924
45.00 60.00 -0.10219
50.00 60.00 0.21729E-01
55.00 60.00 0.19825
60.00 60.00 0.30308
65.00 60.00 0.22689
70.00 60.00 -0.21354E-01
75.00 60.00 -0.30000
80.00 60.00 -0.43182
-45.00 65.00 -0.37835
-40.00 65.00 -0.52448
-35.00 65.00 -0.57571
-30.00 65.00 -0.56512
-25.00 65.00 -0.57980
-20.00 65.00 -0.67607
-15.00 65.00 -0.82902
-10.00 65.00 -0.96073
-5.00 65.00 -1.0116
0.00 65.00 -0.98140
5.00 65.00 -0.90556
10.00 65.00 -0.80332
15.00 65.00 -0.66059
20.00 65.00 -0.46709
25.00 65.00 -0.26109
30.00 65.00 -0.12079
35.00 65.00 -0.97392E-01
40.00 65.00 -0.15420
45.00 65.00 -0.18247
-65.00 70.00 0.27291E-01
-60.00 70.00 -0.25204E-01
-55.00 70.00 -0.11793
-50.00 70.00 -0.29439
-45.00 70.00 -0.49606
-40.00 70.00 -0.61487
-35.00 70.00 -0.59650
-30.00 70.00 -0.49429
-25.00 70.00 -0.42554
-20.00 70.00 -0.47589
-15.00 70.00 -0.64040
-10.00 70.00 -0.84604
-5.00 70.00 -1.0187
0.00 70.00 -1.1236
5.00 70.00 -1.1491
10.00 70.00 -1.0735
15.00 70.00 -0.86917
20.00 70.00 -0.55191
25.00 70.00 -0.21580
30.00 70.00 0.34909E-02
35.00 70.00 0.26620E-01
40.00 70.00 -0.94945E-01
45.00 70.00 -0.20730
50.00 70.00 -0.17672
55.00 70.00 -0.54508E-02
60.00 70.00 0.16526
65.00 70.00 0.17521
-70.00 75.00 0.15243
-45.00 75.00 -0.68815
-40.00 75.00 -0.77618
-35.00 75.00 -0.67697
-30.00 75.00 -0.47139
-25.00 75.00 -0.30588
-20.00 75.00 -0.28276
-15.00 75.00 -0.40051
-10.00 75.00 -0.58432
-5.00 75.00 -0.75882
0.00 75.00 -0.88541
5.00 75.00 -0.93979
10.00 75.00 -0.87921
15.00 75.00 -0.65993
20.00 75.00 -0.30176
25.00 75.00 0.73184E-01
30.00 75.00 0.29300
35.00 75.00 0.25914
40.00 75.00 0.36774E-01
45.00 75.00 -0.18055
70.00 75.00 0.95611E-02
-75.00 80.00 0.33823
-65.00 80.00 0.64317E-01
-60.00 80.00 -0.79699E-01
-55.00 80.00 -0.31981
-50.00 80.00 -0.63360
-45.00 80.00 -0.89012
-40.00 80.00 -0.94918
-35.00 80.00 -0.78282
-30.00 80.00 -0.50490
-25.00 80.00 -0.28220
-20.00 80.00 -0.21050
-15.00 80.00 -0.26509
-10.00 80.00 -0.35655
-5.00 80.00 -0.42084
0.00 80.00 -0.45076
5.00 80.00 -0.45035
10.00 80.00 -0.38238
15.00 80.00 -0.18665
20.00 80.00 0.13673
25.00 80.00 0.47028
30.00 80.00 0.63104
35.00 80.00 0.51052
40.00 80.00 0.18236
45.00 80.00 -0.13237
50.00 80.00 -0.23036
55.00 80.00 -0.86860E-01
60.00 80.00 0.12884
65.00 80.00 0.20007
75.00 80.00 -0.21879
-45.00 85.00 -1.0266
-40.00 85.00 -1.0590
-35.00 85.00 -0.85319
-30.00 85.00 -0.55683
-25.00 85.00 -0.34400
-20.00 85.00 -0.28071
-15.00 85.00 -0.29705
-10.00 85.00 -0.28043
-5.00 85.00 -0.18856
0.00 85.00 -0.70059E-01
5.00 85.00 0.17414E-01
10.00 85.00 0.92504E-01
15.00 85.00 0.23679
20.00 85.00 0.48827
25.00 85.00 0.75508
30.00 85.00 0.85616
35.00 85.00 0.67321
40.00 85.00 0.27801
45.00 85.00 -0.94952E-01
-80.00 90.00 0.47266
-70.00 90.00 0.27782
-65.00 90.00 0.16590
-60.00 90.00 -0.40037E-01
-55.00 90.00 -0.38291
-50.00 90.00 -0.77693
-45.00 90.00 -1.0435
-40.00 90.00 -1.0523
-35.00 90.00 -0.83708
-30.00 90.00 -0.57143
-25.00 90.00 -0.42086
-20.00 90.00 -0.40736
-15.00 90.00 -0.41133
-10.00 90.00 -0.30374
-5.00 90.00 -0.75936E-01
0.00 90.00 0.15963
5.00 90.00 0.29316
10.00 90.00 0.33494
15.00 90.00 0.40118
20.00 90.00 0.57793
25.00 90.00 0.80196
30.00 90.00 0.88998
35.00 90.00 0.70448
40.00 90.00 0.30345
45.00 90.00 -0.76518E-01
50.00 90.00 -0.20386
55.00 90.00 -0.44184E-01
60.00 90.00 0.21208
65.00 90.00 0.31322
70.00 90.00 0.15674
80.00 90.00 -0.33799
-45.00 95.00 -0.92864
-40.00 95.00 -0.92244
-35.00 95.00 -0.72555
-30.00 95.00 -0.51881
-25.00 95.00 -0.44175
-20.00 95.00 -0.46980
-15.00 95.00 -0.44973
-10.00 95.00 -0.26020
-5.00 95.00 0.58800E-01
0.00 95.00 0.33643
5.00 95.00 0.43399
10.00 95.00 0.38046
15.00 95.00 0.34318
20.00 95.00 0.45655
25.00 95.00 0.67477
30.00 95.00 0.79862
35.00 95.00 0.66095
40.00 95.00 0.29917
45.00 95.00 -0.53211E-01
-75.00 100.00 0.41415
-65.00 100.00 0.33263
-60.00 100.00 0.16238
-55.00 100.00 -0.14852
-50.00 100.00 -0.49591
-45.00 100.00 -0.71218
-40.00 100.00 -0.70846
-35.00 100.00 -0.55563
-30.00 100.00 -0.41687
-25.00 100.00 -0.38956
-20.00 100.00 -0.40973
-15.00 100.00 -0.31880
-10.00 100.00 -0.34206E-01
-5.00 100.00 0.34305
0.00 100.00 0.59828
5.00 100.00 0.59478
10.00 100.00 0.40693
15.00 100.00 0.26069
20.00 100.00 0.32754
25.00 100.00 0.56164
30.00 100.00 0.73673
35.00 100.00 0.65498
40.00 100.00 0.33677
45.00 100.00 0.13947E-01
50.00 100.00 -0.71105E-01
55.00 100.00 0.12099
60.00 100.00 0.39307
65.00 100.00 0.48520
75.00 100.00 -0.39926E-01
-70.00 105.00 0.43017
-45.00 105.00 -0.44749
-40.00 105.00 -0.46800
-35.00 105.00 -0.38080
-30.00 105.00 -0.30951
-25.00 105.00 -0.30062
-20.00 105.00 -0.26415
-15.00 105.00 -0.63459E-01
-10.00 105.00 0.32423
-5.00 105.00 0.73817
0.00 105.00 0.94234
5.00 105.00 0.82822
10.00 105.00 0.52568
15.00 105.00 0.30703
20.00 105.00 0.35719
25.00 105.00 0.61316
30.00 105.00 0.82141
35.00 105.00 0.76597
40.00 105.00 0.46339
45.00 105.00 0.14860
70.00 105.00 0.36426
-85.00 110.00 0.40753
-65.00 110.00 0.48177
-60.00 110.00 0.41405
-55.00 110.00 0.22544
-50.00 110.00 -0.12347E-01
-45.00 110.00 -0.18661
-40.00 110.00 -0.24422
-35.00 110.00 -0.22992
-30.00 110.00 -0.21856
-25.00 110.00 -0.21045
-20.00 110.00 -0.10724
-15.00 110.00 0.18935
-10.00 110.00 0.64347
-5.00 110.00 1.0575
0.00 110.00 1.2044
5.00 110.00 1.0197
10.00 110.00 0.67693
15.00 110.00 0.46218
20.00 110.00 0.54190
25.00 110.00 0.82413
30.00 110.00 1.0396
35.00 110.00 0.97607
40.00 110.00 0.66194
45.00 110.00 0.33715
50.00 110.00 0.24062
55.00 110.00 0.40329
60.00 110.00 0.62760
65.00 110.00 0.66434
85.00 110.00 -0.25652
-45.00 115.00 0.35319E-01
-40.00 115.00 -0.50137E-01
-35.00 115.00 -0.89380E-01
-30.00 115.00 -0.11589
-25.00 115.00 -0.10318
-20.00 115.00 0.35191E-01
-15.00 115.00 0.35559
-10.00 115.00 0.78652
-5.00 115.00 1.1340
0.00 115.00 1.2141
5.00 115.00 1.0116
10.00 115.00 0.71609
15.00 115.00 0.58562
20.00 115.00 0.73862
25.00 115.00 1.0521
30.00 115.00 1.2611
35.00 115.00 1.1798
40.00 115.00 0.85713
45.00 115.00 0.53142
-80.00 120.00 0.35371
-75.00 120.00 0.36399
-70.00 120.00 0.42196
-65.00 120.00 0.49248
-60.00 120.00 0.51014
-55.00 120.00 0.44269
-50.00 120.00 0.31925
-45.00 120.00 0.19933
-40.00 120.00 0.11909
-35.00 120.00 0.73423E-01
-30.00 120.00 0.50900E-01
-25.00 120.00 0.77149E-01
-20.00 120.00 0.20738
-15.00 120.00 0.46150
-10.00 120.00 0.76515
-5.00 120.00 0.97112
0.00 120.00 0.96638
5.00 120.00 0.77973
10.00 120.00 0.58526
15.00 120.00 0.57761
20.00 120.00 0.81182
25.00 120.00 1.1453
30.00 120.00 1.3417
35.00 120.00 1.2585
40.00 120.00 0.96266
45.00 120.00 0.67405
50.00 120.00 0.58294
55.00 120.00 0.69485
60.00 120.00 0.83266
65.00 120.00 0.79057
70.00 120.00 0.50792
75.00 120.00 0.11477
80.00 120.00 -0.17289
-45.00 125.00 0.29152
-40.00 125.00 0.25798
-35.00 125.00 0.26209
-30.00 125.00 0.29391
-25.00 125.00 0.35436
-20.00 125.00 0.45498
-15.00 125.00 0.58849
-10.00 125.00 0.70482
-5.00 125.00 0.73163
0.00 125.00 0.63664
5.00 125.00 0.47882
10.00 125.00 0.39002
15.00 125.00 0.48320
20.00 125.00 0.75416
25.00 125.00 1.0638
30.00 125.00 1.2296
35.00 125.00 1.1618
40.00 125.00 0.93475
45.00 125.00 0.72886
-65.00 130.00 0.29393
-60.00 130.00 0.32253
-55.00 130.00 0.32105
-50.00 130.00 0.30086
-45.00 130.00 0.29506
-40.00 130.00 0.33318
-35.00 130.00 0.42115
-30.00 130.00 0.53942
-25.00 130.00 0.65539
-20.00 130.00 0.73687
-15.00 130.00 0.75852
-10.00 130.00 0.70565
-5.00 130.00 0.58341
0.00 130.00 0.42917
5.00 130.00 0.31224
10.00 130.00 0.30650
15.00 130.00 0.44319
20.00 130.00 0.67644
25.00 130.00 0.89631
30.00 130.00 0.99354
35.00 130.00 0.93551
40.00 130.00 0.79416
45.00 130.00 0.69544
50.00 130.00 0.72117
55.00 130.00 0.83770
60.00 130.00 0.91271
65.00 130.00 0.81474
-70.00 135.00 0.12621
-45.00 135.00 0.19538
-40.00 135.00 0.29593
-35.00 135.00 0.45692
-30.00 135.00 0.65267
-25.00 135.00 0.82744
-20.00 135.00 0.91797
-15.00 135.00 0.88692
-10.00 135.00 0.74721
-5.00 135.00 0.56046
0.00 135.00 0.40865
5.00 135.00 0.35470
10.00 135.00 0.41371
15.00 135.00 0.54841
20.00 135.00 0.68936
25.00 135.00 0.76954
30.00 135.00 0.75852
35.00 135.00 0.68051
40.00 135.00 0.60377
45.00 135.00 0.60014
70.00 135.00 0.50238
-75.00 140.00 0.56066E-01
-65.00 140.00 -0.82133E-01
-60.00 140.00 -0.11235
-55.00 140.00 -0.11101
-50.00 140.00 -0.76414E-01
-45.00 140.00 -0.35751E-02
-40.00 140.00 0.11958
-35.00 140.00 0.30209
-30.00 140.00 0.52774
-25.00 140.00 0.74191
-20.00 140.00 0.86957
-15.00 140.00 0.86121
-10.00 140.00 0.73404
-5.00 140.00 0.57163
0.00 140.00 0.47496
5.00 140.00 0.49796
10.00 140.00 0.61467
15.00 140.00 0.74102
20.00 140.00 0.79281
25.00 140.00 0.73748
30.00 140.00 0.60808
35.00 140.00 0.47850
40.00 140.00 0.42147
45.00 140.00 0.47233
50.00 140.00 0.60998
55.00 140.00 0.75992
60.00 140.00 0.82267
65.00 140.00 0.72473
75.00 140.00 0.15213
-45.00 145.00 -0.26528
-40.00 145.00 -0.16529
-35.00 145.00 -0.22038E-01
-30.00 145.00 0.17713
-25.00 145.00 0.40547
-20.00 145.00 0.59306
-15.00 145.00 0.67039
-10.00 145.00 0.62718
-5.00 145.00 0.53258
0.00 145.00 0.49084
5.00 145.00 0.56316
10.00 145.00 0.71855
15.00 145.00 0.85456
20.00 145.00 0.87166
25.00 145.00 0.74317
30.00 145.00 0.53073
35.00 145.00 0.34154
40.00 145.00 0.26413
45.00 145.00 0.32479
-80.00 150.00 0.26991E-01
-70.00 150.00 -0.35016
-65.00 150.00 -0.51979
-60.00 150.00 -0.62344
-55.00 150.00 -0.63878
-50.00 150.00 -0.58881
-45.00 150.00 -0.52305
-40.00 150.00 -0.46789
-35.00 150.00 -0.39632
-30.00 150.00 -0.25377
-25.00 150.00 -0.21173E-01
-20.00 150.00 0.24580
-15.00 150.00 0.44605
-10.00 150.00 0.51213
-5.00 150.00 0.46989
0.00 150.00 0.42179
5.00 150.00 0.46348
10.00 150.00 0.60334
15.00 150.00 0.75289
20.00 150.00 0.79567
25.00 150.00 0.67718
30.00 150.00 0.44577
35.00 150.00 0.21882
40.00 150.00 0.10696
45.00 150.00 0.15225
50.00 150.00 0.31389
55.00 150.00 0.49700
60.00 150.00 0.59999
65.00 150.00 0.55951
70.00 150.00 0.38042
80.00 150.00 -0.52584E-01
-45.00 155.00 -0.70266
-40.00 155.00 -0.67425
-35.00 155.00 -0.66072
-30.00 155.00 -0.56665
-25.00 155.00 -0.32379
-20.00 155.00 0.29580E-01
-15.00 155.00 0.35630
-10.00 155.00 0.51786
-5.00 155.00 0.48201
0.00 155.00 0.34762
5.00 155.00 0.26394
10.00 155.00 0.31159
15.00 155.00 0.44382
20.00 155.00 0.53258
25.00 155.00 0.47620
30.00 155.00 0.27971
35.00 155.00 0.49392E-01
40.00 155.00 -0.84413E-01
45.00 155.00 -0.52218E-01
-75.00 160.00 -0.36742
-65.00 160.00 -0.88762
-60.00 160.00 -1.0191
-55.00 160.00 -1.0021
-50.00 160.00 -0.87938
-45.00 160.00 -0.75402
-40.00 160.00 -0.70334
-35.00 160.00 -0.70123
-30.00 160.00 -0.62896
-25.00 160.00 -0.37928
-20.00 160.00 0.30930E-01
-15.00 160.00 0.44322
-10.00 160.00 0.66197
-5.00 160.00 0.60038
0.00 160.00 0.34723
5.00 160.00 0.97754E-01
10.00 160.00 0.54564E-02
15.00 160.00 0.75592E-01
20.00 160.00 0.18137
25.00 160.00 0.18027
30.00 160.00 0.30511E-01
35.00 160.00 -0.18196
40.00 160.00 -0.31537
45.00 160.00 -0.27676
50.00 160.00 -0.80487E-01
55.00 160.00 0.17064
60.00 160.00 0.35389
65.00 160.00 0.39405
75.00 160.00 0.12597
-85.00 165.00 0.10130
-70.00 165.00 -0.76482
-45.00 165.00 -0.67403
-40.00 165.00 -0.54744
-35.00 165.00 -0.50866
-30.00 165.00 -0.44494
-25.00 165.00 -0.22844
-20.00 165.00 0.15540
-15.00 165.00 0.56419
-10.00 165.00 0.78867
-5.00 165.00 0.70951
0.00 165.00 0.39205
5.00 165.00 0.38635E-01
10.00 165.00 -0.16274
15.00 165.00 -0.16978
20.00 165.00 -0.94512E-01
25.00 165.00 -0.91797E-01
30.00 165.00 -0.22655
35.00 165.00 -0.42615
40.00 165.00 -0.54571
45.00 165.00 -0.48276
70.00 165.00 0.26221
85.00 165.00 -0.65258E-01
-65.00 170.00 -1.1056
-60.00 170.00 -1.2049
-55.00 170.00 -1.1015
-50.00 170.00 -0.82817
-45.00 170.00 -0.50705
-40.00 170.00 -0.27317
-35.00 170.00 -0.17377
-30.00 170.00 -0.13303
-25.00 170.00 -0.22233E-01
-20.00 170.00 0.21786
-15.00 170.00 0.50892
-10.00 170.00 0.68629
-5.00 170.00 0.63074
0.00 170.00 0.36912
5.00 170.00 0.56285E-01
10.00 170.00 -0.14668
15.00 170.00 -0.19409
20.00 170.00 -0.17575
25.00 170.00 -0.22373
30.00 170.00 -0.39009
35.00 170.00 -0.59884
40.00 170.00 -0.70691
45.00 170.00 -0.61724
50.00 170.00 -0.35109
55.00 170.00 -0.29684E-01
60.00 170.00 0.20954
65.00 170.00 0.29344
-45.00 175.00 -0.32368
-40.00 175.00 0.13775E-01
-35.00 175.00 0.16912
-30.00 175.00 0.16108
-25.00 175.00 0.10360
-20.00 175.00 0.10799
-15.00 175.00 0.19489
-10.00 175.00 0.28996
-5.00 175.00 0.30235
0.00 175.00 0.21125
5.00 175.00 0.81285E-01
10.00 175.00 -0.47209E-02
15.00 175.00 -0.29159E-01
20.00 175.00 -0.58552E-01
25.00 175.00 -0.17800
30.00 175.00 -0.40042
35.00 175.00 -0.63424
40.00 175.00 -0.74154
45.00 175.00 -0.63964
-80.00 180.00 -0.33056
-75.00 180.00 -0.67449
-70.00 180.00 -0.96841
-65.00 180.00 -1.1658
-60.00 180.00 -1.2057
-55.00 180.00 -1.0358
-50.00 180.00 -0.66342
-45.00 180.00 -0.18990
-40.00 180.00 0.21615
-35.00 180.00 0.40648
-30.00 180.00 0.34203
-25.00 180.00 0.11410
-20.00 180.00 -0.12083
-15.00 180.00 -0.24225
-10.00 180.00 -0.22584
-5.00 180.00 -0.12565
0.00 180.00 -0.90822E-02
5.00 180.00 0.90306E-01
10.00 180.00 0.16601
15.00 180.00 0.20078
20.00 180.00 0.15152
25.00 180.00 -0.16598E-01
30.00 180.00 -0.27692
35.00 180.00 -0.52679
40.00 180.00 -0.63918
45.00 180.00 -0.54703
50.00 180.00 -0.29277
55.00 180.00 -0.16203E-02
60.00 180.00 0.20047
65.00 180.00 0.26010
70.00 180.00 0.21000
75.00 180.00 0.12109
80.00 180.00 0.46227E-01
-45.00 -175 -0.14223
-40.00 -175 0.27947
-35.00 -175 0.47987
-30.00 -175 0.38163
-25.00 -175 0.55015E-01
-20.00 -175 -0.31935
-15.00 -175 -0.55737
-10.00 -175 -0.57116
-5.00 -175 -0.39478
0.00 -175 -0.13280
5.00 -175 0.11374
10.00 -175 0.28546
15.00 -175 0.35540
20.00 -175 0.30768
25.00 -175 0.14133
30.00 -175 -0.10345
35.00 -175 -0.33518
40.00 -175 -0.44696
45.00 -175 -0.38226
-65.00 -170 -1.1093
-60.00 -170 -1.0907
-55.00 -170 -0.92129
-50.00 -170 -0.59788
-45.00 -170 -0.17834
-40.00 -170 0.20248
-35.00 -170 0.38563
-30.00 -170 0.28687
-25.00 -170 -0.34191E-01
-20.00 -170 -0.39770
-15.00 -170 -0.61106
-10.00 -170 -0.58268
-5.00 -170 -0.35959
0.00 -170 -0.70820E-01
5.00 -170 0.16658
10.00 -170 0.30295
15.00 -170 0.34377
20.00 -170 0.30532
25.00 -170 0.19369
30.00 -170 0.24690E-01
35.00 -170 -0.14921
40.00 -170 -0.24890
45.00 -170 -0.21944
50.00 -170 -0.77002E-01
55.00 -170 0.95912E-01
60.00 -170 0.20899
65.00 -170 0.22661
-70.00 -165 -0.98638
-45.00 -165 -0.26387
-40.00 -165 0.28505E-01
-35.00 -165 0.16077
-30.00 -165 0.71615E-01
-25.00 -165 -0.17453
-20.00 -165 -0.41411
-15.00 -165 -0.49129
-10.00 -165 -0.36352
-5.00 -165 -0.12056
0.00 -165 0.95120E-01
5.00 -165 0.19569
10.00 -165 0.19368
15.00 -165 0.15836
20.00 -165 0.13629
25.00 -165 0.11469
30.00 -165 0.55744E-01
35.00 -165 -0.42573E-01
40.00 -165 -0.12716
45.00 -165 -0.13341
70.00 -165 0.15752
-75.00 -160 -0.79985
-65.00 -160 -0.99695
-60.00 -160 -0.92114
-55.00 -160 -0.77589
-50.00 -160 -0.57537
-45.00 -160 -0.35023
-40.00 -160 -0.17287
-35.00 -160 -0.12656
-30.00 -160 -0.23322
-25.00 -160 -0.40925
-20.00 -160 -0.50709
-15.00 -160 -0.42331
-10.00 -160 -0.18501
-5.00 -160 0.65217E-01
0.00 -160 0.17960
5.00 -160 0.11902
10.00 -160 -0.26288E-01
15.00 -160 -0.12347
20.00 -160 -0.11036
25.00 -160 -0.35436E-01
30.00 -160 0.38409E-02
35.00 -160 -0.40831E-01
40.00 -160 -0.12692
45.00 -160 -0.16858
50.00 -160 -0.12012
55.00 -160 -0.13156E-01
60.00 -160 0.82059E-01
65.00 -160 0.12467
75.00 -160 0.12747
-45.00 -155 -0.39640
-40.00 -155 -0.32932
-35.00 -155 -0.38641
-30.00 -155 -0.55150
-25.00 -155 -0.71545
-20.00 -155 -0.73579
-15.00 -155 -0.54845
-10.00 -155 -0.23593
-5.00 -155 0.19662E-01
0.00 -155 0.71915E-01
5.00 -155 -0.76422E-01
10.00 -155 -0.28001
15.00 -155 -0.37315
20.00 -155 -0.30222
25.00 -155 -0.15584
30.00 -155 -0.73645E-01
35.00 -155 -0.12124
40.00 -155 -0.24239
45.00 -155 -0.32149
-80.00 -150 -0.51187
-70.00 -150 -0.93410
-65.00 -150 -0.89290
-60.00 -150 -0.76730
-55.00 -150 -0.61859
-50.00 -150 -0.48055
-45.00 -150 -0.38778
-40.00 -150 -0.39294
-35.00 -150 -0.53267
-30.00 -150 -0.76771
-25.00 -150 -0.96880
-20.00 -150 -0.98953
-15.00 -150 -0.78169
-10.00 -150 -0.45187
-5.00 -150 -0.19544
0.00 -150 -0.15007
5.00 -150 -0.28971
10.00 -150 -0.45214
15.00 -150 -0.47897
20.00 -150 -0.34699
25.00 -150 -0.17844
30.00 -150 -0.12617
35.00 -150 -0.23948
40.00 -150 -0.42759
45.00 -150 -0.54408
50.00 -150 -0.50746
55.00 -150 -0.35053
60.00 -150 -0.16775
65.00 -150 -0.26612E-01
70.00 -150 0.68023E-01
80.00 -150 0.15985
-45.00 -145 -0.34488
-40.00 -145 -0.36403
-35.00 -145 -0.52666
-30.00 -145 -0.79004
-25.00 -145 -1.0201
-20.00 -145 -1.0687
-15.00 -145 -0.88936
-10.00 -145 -0.58721
-5.00 -145 -0.34735
0.00 -145 -0.29084
5.00 -145 -0.38151
10.00 -145 -0.46731
15.00 -145 -0.42160
20.00 -145 -0.25885
25.00 -145 -0.12151
30.00 -145 -0.15132
35.00 -145 -0.36140
40.00 -145 -0.62162
45.00 -145 -0.76414
-85.00 -140 -0.98398E-01
-75.00 -140 -0.81274
-65.00 -140 -0.84090
-60.00 -140 -0.70970
-55.00 -140 -0.56358
-50.00 -140 -0.42310
-45.00 -140 -0.31558
-40.00 -140 -0.29658
-35.00 -140 -0.41130
-30.00 -140 -0.62925
-25.00 -140 -0.82960
-20.00 -140 -0.87491
-15.00 -140 -0.72125
-10.00 -140 -0.46414
-5.00 -140 -0.26769
0.00 -140 -0.23101
5.00 -140 -0.30969
10.00 -140 -0.36562
15.00 -140 -0.30175
20.00 -140 -0.15877
25.00 -140 -0.83506E-01
30.00 -140 -0.19636
35.00 -140 -0.47746
40.00 -140 -0.77287
45.00 -140 -0.91231
50.00 -140 -0.83189
55.00 -140 -0.59943
60.00 -140 -0.33580
65.00 -140 -0.11859
75.00 -140 0.16106
85.00 -140 0.12490
-70.00 -135 -0.88822
-45.00 -135 -0.35081
-40.00 -135 -0.27325
-35.00 -135 -0.29904
-30.00 -135 -0.41783
-25.00 -135 -0.53439
-20.00 -135 -0.53319
-15.00 -135 -0.37993
-10.00 -135 -0.16347
-5.00 -135 -0.28920E-01
0.00 -135 -0.55127E-01
5.00 -135 -0.18760
10.00 -135 -0.29173
15.00 -135 -0.27994
20.00 -135 -0.19550
25.00 -135 -0.17409
30.00 -135 -0.31709
35.00 -135 -0.59233
40.00 -135 -0.85129
45.00 -135 -0.94460
70.00 -135 0.59473E-01
-65.00 -130 -0.83232
-60.00 -130 -0.76106
-55.00 -130 -0.68949
-50.00 -130 -0.59753
-45.00 -130 -0.47345
-40.00 -130 -0.35580
-35.00 -130 -0.30456
-30.00 -130 -0.33107
-25.00 -130 -0.36734
-20.00 -130 -0.31911
-15.00 -130 -0.15977
-10.00 -130 0.27539E-01
-5.00 -130 0.10964
0.00 -130 0.17047E-01
5.00 -130 -0.19244
10.00 -130 -0.38216
15.00 -130 -0.45494
20.00 -130 -0.43302
25.00 -130 -0.42676
30.00 -130 -0.52371
35.00 -130 -0.70232
40.00 -130 -0.84830
45.00 -130 -0.85328
50.00 -130 -0.70117
55.00 -130 -0.46660
60.00 -130 -0.23918
65.00 -130 -0.55642E-01
-45.00 -125 -0.65796
-40.00 -125 -0.53917
-35.00 -125 -0.46132
-30.00 -125 -0.45657
-25.00 -125 -0.47721
-20.00 -125 -0.43620
-15.00 -125 -0.29835
-10.00 -125 -0.13159
-5.00 -125 -0.61417E-01
0.00 -125 -0.16477
5.00 -125 -0.40018
10.00 -125 -0.63965
15.00 -125 -0.77283
20.00 -125 -0.78773
25.00 -125 -0.75786
30.00 -125 -0.75610
35.00 -125 -0.78219
40.00 -125 -0.77096
45.00 -125 -0.66516
-80.00 -120 -0.48668
-75.00 -120 -0.73693
-70.00 -120 -0.81322
-65.00 -120 -0.80624
-60.00 -120 -0.81533
-55.00 -120 -0.85964
-50.00 -120 -0.88315
-45.00 -120 -0.83628
-40.00 -120 -0.74336
-35.00 -120 -0.68496
-30.00 -120 -0.71437
-25.00 -120 -0.79604
-20.00 -120 -0.83264
-15.00 -120 -0.75871
-10.00 -120 -0.61072
-5.00 -120 -0.50430
0.00 -120 -0.53721
5.00 -120 -0.70690
10.00 -120 -0.91556
15.00 -120 -1.0522
20.00 -120 -1.0727
25.00 -120 -1.0087
30.00 -120 -0.91113
35.00 -120 -0.79447
40.00 -120 -0.63744
45.00 -120 -0.43032
50.00 -120 -0.20826
55.00 -120 -0.29359E-01
60.00 -120 0.79744E-01
65.00 -120 0.14797
70.00 -120 0.22059
75.00 -120 0.29491
80.00 -120 0.30314
-45.00 -115 -0.93092
-40.00 -115 -0.85602
-35.00 -115 -0.82045
-30.00 -115 -0.90109
-25.00 -115 -1.0729
-20.00 -115 -1.2211
-15.00 -115 -1.2389
-10.00 -115 -1.1193
-5.00 -115 -0.96018
0.00 -115 -0.87923
5.00 -115 -0.92059
10.00 -115 -1.0317
15.00 -115 -1.1198
20.00 -115 -1.1251
25.00 -115 -1.0456
30.00 -115 -0.90500
35.00 -115 -0.71476
40.00 -115 -0.47495
45.00 -115 -0.20596
-65.00 -110 -0.70676
-60.00 -110 -0.74599
-55.00 -110 -0.84372
-50.00 -110 -0.91923
-45.00 -110 -0.89770
-40.00 -110 -0.80229
-35.00 -110 -0.74687
-30.00 -110 -0.83438
-25.00 -110 -1.0571
-20.00 -110 -1.2934
-15.00 -110 -1.4038
-10.00 -110 -1.3394
-5.00 -110 -1.1695
0.00 -110 -1.0123
5.00 -110 -0.93965
10.00 -110 -0.93880
15.00 -110 -0.94883
20.00 -110 -0.92180
25.00 -110 -0.84655
30.00 -110 -0.72631
35.00 -110 -0.55285
40.00 -110 -0.31637
45.00 -110 -0.39905E-01
50.00 -110 0.20997
55.00 -110 0.36288
60.00 -110 0.40304
65.00 -110 0.38383
-70.00 -105 -0.65004
-45.00 -105 -0.75127
-40.00 -105 -0.59491
-35.00 -105 -0.46480
-30.00 -105 -0.48906
-25.00 -105 -0.68738
-20.00 -105 -0.95272
-15.00 -105 -1.1385
-10.00 -105 -1.1687
-5.00 -105 -1.0759
0.00 -105 -0.94701
5.00 -105 -0.84203
10.00 -105 -0.76157
15.00 -105 -0.67965
20.00 -105 -0.58985
25.00 -105 -0.50937
30.00 -105 -0.44205
35.00 -105 -0.35269
40.00 -105 -0.19294
45.00 -105 0.41967E-01
70.00 -105 0.44408
-75.00 -100 -0.55761
-65.00 -100 -0.54220
-60.00 -100 -0.55275
-55.00 -100 -0.62326
-50.00 -100 -0.65712
-45.00 -100 -0.55544
-40.00 -100 -0.32716
-35.00 -100 -0.99145E-01
-30.00 -100 -0.17616E-01
-25.00 -100 -0.13351
-20.00 -100 -0.37321
-15.00 -100 -0.61059
-10.00 -100 -0.76363
-5.00 -100 -0.82817
0.00 -100 -0.83459
5.00 -100 -0.79083
10.00 -100 -0.67812
15.00 -100 -0.49778
20.00 -100 -0.30554
25.00 -100 -0.18127
30.00 -100 -0.15597
35.00 -100 -0.17165
40.00 -100 -0.12466
45.00 -100 0.41050E-01
50.00 -100 0.27912
55.00 -100 0.47972
60.00 -100 0.56544
65.00 -100 0.54982
75.00 -100 0.45786
-45.00 -95 -0.38262
-40.00 -95 -0.11072
-35.00 -95 0.18787
-30.00 -95 0.36202
-25.00 -95 0.33787
-20.00 -95 0.15245
-15.00 -95 -0.10366
-10.00 -95 -0.36234
-5.00 -95 -0.59618
0.00 -95 -0.77743
5.00 -95 -0.84580
10.00 -95 -0.74103
15.00 -95 -0.47598
20.00 -95 -0.16688
25.00 -95 0.31970E-01
30.00 -95 0.46054E-01
35.00 -95 -0.55226E-01
40.00 -95 -0.11430
45.00 -95 -0.17455E-01
-80.00 -90 -0.28230
-70.00 -90 -0.44448
-65.00 -90 -0.37099
-60.00 -90 -0.34162
-55.00 -90 -0.37770
-50.00 -90 -0.38913
-45.00 -90 -0.26818
-40.00 -90 -0.70524E-03
-35.00 -90 0.31018
-30.00 -90 0.52364
-25.00 -90 0.56163
-20.00 -90 0.43918
-15.00 -90 0.21410
-10.00 -90 -0.72504E-01
-5.00 -90 -0.39600
0.00 -90 -0.69938
5.00 -90 -0.87251
10.00 -90 -0.81197
15.00 -90 -0.52082
20.00 -90 -0.14588
25.00 -90 0.10717
30.00 -90 0.12533
35.00 -90 -0.23465E-01
40.00 -90 -0.14861
45.00 -90 -0.94858E-01
50.00 -90 0.13769
55.00 -90 0.41262
60.00 -90 0.58589
65.00 -90 0.61730
70.00 -90 0.56562
80.00 -90 0.38323
-85.00 -85 0.45741E-01
-45.00 -85 -0.18951
-40.00 -85 0.39489E-01
-35.00 -85 0.31369
-30.00 -85 0.51348
-25.00 -85 0.57652
-20.00 -85 0.51939
-15.00 -85 0.38335
-10.00 -85 0.17906
-5.00 -85 -0.10084
0.00 -85 -0.41727
5.00 -85 -0.65428
10.00 -85 -0.68207
15.00 -85 -0.47194
20.00 -85 -0.15067
25.00 -85 0.76610E-01
30.00 -85 0.84199E-01
35.00 -85 -0.72268E-01
40.00 -85 -0.20458
45.00 -85 -0.15148
85.00 -85 0.18314
-75.00 -80 -0.33489
-65.00 -80 -0.23285
-60.00 -80 -0.16786
-55.00 -80 -0.16768
-50.00 -80 -0.16944
-45.00 -80 -0.83653E-01
-40.00 -80 0.10887
-35.00 -80 0.33472
-30.00 -80 0.49716
-25.00 -80 0.56051
-20.00 -80 0.56249
-15.00 -80 0.54839
-10.00 -80 0.50616
-5.00 -80 0.37947
0.00 -80 0.14832
5.00 -80 -0.11273
10.00 -80 -0.27357
15.00 -80 -0.25961
20.00 -80 -0.12782
25.00 -80 -0.24308E-01
30.00 -80 -0.53477E-01
35.00 -80 -0.17936
40.00 -80 -0.25518
45.00 -80 -0.15651
50.00 -80 0.10572
55.00 -80 0.39651
60.00 -80 0.57533
65.00 -80 0.60417
75.00 -80 0.46562
-70.00 -75 -0.27303
-45.00 -75 0.10844
-40.00 -75 0.29631
-35.00 -75 0.49439
-30.00 -75 0.62182
-25.00 -75 0.66758
-20.00 -75 0.69776
-15.00 -75 0.77827
-10.00 -75 0.89254
-5.00 -75 0.94198
0.00 -75 0.83429
5.00 -75 0.57410
10.00 -75 0.26618
15.00 -75 0.27678E-01
20.00 -75 -0.10377
25.00 -75 -0.17711
30.00 -75 -0.24909
35.00 -75 -0.30627
40.00 -75 -0.27219
45.00 -75 -0.93412E-01
70.00 -75 0.50001
-65.00 -70 -0.11752
-60.00 -70 0.11565E-01
-55.00 -70 0.11960
-50.00 -70 0.23316
-45.00 -70 0.39991
-40.00 -70 0.61527
-35.00 -70 0.80771
-30.00 -70 0.90357
-25.00 -70 0.90642
-20.00 -70 0.90515
-15.00 -70 0.99333
-10.00 -70 1.1720
-5.00 -70 1.3293
0.00 -70 1.3209
5.00 -70 1.0815
10.00 -70 0.67162
15.00 -70 0.22748
20.00 -70 -0.13166
25.00 -70 -0.35514
30.00 -70 -0.44269
35.00 -70 -0.40024
40.00 -70 -0.23001
45.00 -70 0.37385E-01
50.00 -70 0.31921
55.00 -70 0.51230
60.00 -70 0.56329
65.00 -70 0.50746
-45.00 -65 0.74440
-40.00 -65 0.98917
-35.00 -65 1.1707
-30.00 -65 1.2217
-25.00 -65 1.1519
-20.00 -65 1.0593
-15.00 -65 1.0587
-10.00 -65 1.1828
-5.00 -65 1.3417
0.00 -65 1.3805
5.00 -65 1.1880
10.00 -65 0.77283
15.00 -65 0.25466
20.00 -65 -0.20867
25.00 -65 -0.49631
30.00 -65 -0.55781
35.00 -65 -0.40873
40.00 -65 -0.11593
45.00 -65 0.21603
-80.00 -60 0.17073E-01
-75.00 -60 -0.11637
-70.00 -60 -0.12866
-65.00 -60 -0.24116E-02
-60.00 -60 0.22274
-55.00 -60 0.49400
-50.00 -60 0.77876
-45.00 -60 1.0574
-40.00 -60 1.2939
-35.00 -60 1.4281
-30.00 -60 1.4125
-25.00 -60 1.2619
-20.00 -60 1.0663
-15.00 -60 0.94005
-10.00 -60 0.94119
-5.00 -60 1.0241
0.00 -60 1.0647
5.00 -60 0.94262
10.00 -60 0.62071
15.00 -60 0.17160
20.00 -60 -0.25916
25.00 -60 -0.52370
30.00 -60 -0.53676
35.00 -60 -0.30967
40.00 -60 0.54323E-01
45.00 -60 0.40202
50.00 -60 0.59858
55.00 -60 0.59415
60.00 -60 0.44830
65.00 -60 0.28631
70.00 -60 0.20710
75.00 -60 0.21206
80.00 -60 0.20886
-45.00 -55 1.2571
-40.00 -55 1.4256
-35.00 -55 1.4692
-30.00 -55 1.3822
-25.00 -55 1.1905
-20.00 -55 0.95672
-15.00 -55 0.76018
-10.00 -55 0.65675
-5.00 -55 0.64369
0.00 -55 0.65561
5.00 -55 0.59986
10.00 -55 0.41387
15.00 -55 0.11178
20.00 -55 -0.20912
25.00 -55 -0.41107
30.00 -55 -0.38970
35.00 -55 -0.13987
40.00 -55 0.22790
45.00 -55 0.53919
-65.00 -50 0.10479
-60.00 -50 0.39802
-55.00 -50 0.76670
-50.00 -50 1.0962
-45.00 -50 1.2988
-40.00 -50 1.3502
-35.00 -50 1.2845
-30.00 -50 1.1570
-25.00 -50 1.0079
-20.00 -50 0.85266
-15.00 -50 0.69859
-10.00 -50 0.56344
-5.00 -50 0.47111
0.00 -50 0.42568
5.00 -50 0.39136
10.00 -50 0.30759
15.00 -50 0.13929
20.00 -50 -0.75875E-01
25.00 -50 -0.23002
30.00 -50 -0.21120
35.00 -50 0.77363E-02
40.00 -50 0.32759
45.00 -50 0.57140
50.00 -50 0.59855
55.00 -50 0.40279
60.00 -50 0.11754
65.00 -50 -0.80755E-01
-70.00 -45 0.18980E-01
-45.00 -45 1.1857
-40.00 -45 1.1072
-35.00 -45 0.95418
-30.00 -45 0.84533
-25.00 -45 0.82684
-20.00 -45 0.84989
-15.00 -45 0.82777
-10.00 -45 0.71876
-5.00 -45 0.56022
0.00 -45 0.42583
5.00 -45 0.34994
10.00 -45 0.29425
15.00 -45 0.19210
20.00 -45 0.29749E-01
25.00 -45 -0.11632
30.00 -45 -0.13173
35.00 -45 0.31063E-01
40.00 -45 0.28832
45.00 -45 0.46678
70.00 -45 -0.26975
-75.00 -40 0.11936
-65.00 -40 0.17297
-60.00 -40 0.44010
-55.00 -40 0.75889
-50.00 -40 0.96448
-45.00 -40 0.95505
-40.00 -40 0.77485
-35.00 -40 0.58816
-30.00 -40 0.55561
-25.00 -40 0.70911
-20.00 -40 0.92849
-15.00 -40 1.0400
-10.00 -40 0.95374
-5.00 -40 0.72459
0.00 -40 0.48928
5.00 -40 0.34258
10.00 -40 0.26613
15.00 -40 0.17122
20.00 -40 0.87481E-02
25.00 -40 -0.16341
30.00 -40 -0.22509
35.00 -40 -0.11264
40.00 -40 0.99776E-01
45.00 -40 0.23917
50.00 -40 0.16836
55.00 -40 -0.97160E-01
60.00 -40 -0.39269
65.00 -40 -0.52910
75.00 -40 -0.20970
-45.00 -35 0.65333
-40.00 -35 0.42474
-35.00 -35 0.26434
-30.00 -35 0.33572
-25.00 -35 0.63204
-20.00 -35 0.97102
-15.00 -35 1.1310
-10.00 -35 1.0175
-5.00 -35 0.72223
0.00 -35 0.42975
5.00 -35 0.25946
10.00 -35 0.18283
15.00 -35 0.82909E-01
20.00 -35 -0.10845
25.00 -35 -0.32947
30.00 -35 -0.44131
35.00 -35 -0.36529
40.00 -35 -0.17432
45.00 -35 -0.48046E-01
-85.00 -30 0.37899
-80.00 -30 0.34410
-70.00 -30 0.16119
-65.00 -30 0.18529
-60.00 -30 0.31986
-55.00 -30 0.46243
-50.00 -30 0.47716
-45.00 -30 0.31859
-40.00 -30 0.95655E-01
-35.00 -30 0.41817E-02
-30.00 -30 0.16939
-25.00 -30 0.52903
-20.00 -30 0.86458
-15.00 -30 0.96427
-10.00 -30 0.78443
-5.00 -30 0.47239
0.00 -30 0.23283
5.00 -30 0.15581
10.00 -30 0.15679
15.00 -30 0.76289E-01
20.00 -30 -0.15684
25.00 -30 -0.44985
30.00 -30 -0.62683
35.00 -30 -0.59100
40.00 -30 -0.41942
45.00 -30 -0.30309
50.00 -30 -0.38431
55.00 -30 -0.63358
60.00 -30 -0.87152
65.00 -30 -0.91390
70.00 -30 -0.71515
80.00 -30 -0.13685
85.00 -30 -0.43282E-01
-45.00 -25 -0.22183E-01
-40.00 -25 -0.20280
-35.00 -25 -0.20942
-30.00 -25 0.17270E-01
-25.00 -25 0.35870
-20.00 -25 0.59425
-15.00 -25 0.57461
-10.00 -25 0.34595
-5.00 -25 0.11203
0.00 -25 0.60128E-01
5.00 -25 0.19946
10.00 -25 0.35358
15.00 -25 0.31504
20.00 -25 0.27776E-01
25.00 -25 -0.36188
30.00 -25 -0.62846
35.00 -25 -0.65578
40.00 -25 -0.52728
45.00 -25 -0.44434
-75.00 -20 0.36023
-65.00 -20 0.16172
-60.00 -20 0.10756
-55.00 -20 0.24370E-01
-50.00 -20 -0.13841
-45.00 -20 -0.34395
-40.00 -20 -0.46746
-35.00 -20 -0.39432
-30.00 -20 -0.13715
-25.00 -20 0.14348
-20.00 -20 0.25447
-15.00 -20 0.13496
-10.00 -20 -0.75484E-01
-5.00 -20 -0.13966
0.00 -20 0.77571E-01
5.00 -20 0.48009
10.00 -20 0.79830
15.00 -20 0.79380
20.00 -20 0.44403
25.00 -20 -0.45024E-01
30.00 -20 -0.40529
35.00 -20 -0.51082
40.00 -20 -0.45311
45.00 -20 -0.43639
50.00 -20 -0.59234
55.00 -20 -0.87169
60.00 -20 -1.0934
65.00 -20 -1.0965
75.00 -20 -0.51901
-70.00 -15 0.28532
-45.00 -15 -0.61444
-40.00 -15 -0.68030
-35.00 -15 -0.54121
-30.00 -15 -0.26919
-25.00 -15 -0.44674E-01
-20.00 -15 -0.17884E-01
-15.00 -15 -0.16855
-10.00 -15 -0.29505
-5.00 -15 -0.16405
0.00 -15 0.28997
5.00 -15 0.88198
10.00 -15 1.2901
15.00 -15 1.2839
20.00 -15 0.88684
25.00 -15 0.34623
30.00 -15 -0.59974E-01
35.00 -15 -0.22004
40.00 -15 -0.23649
45.00 -15 -0.30341
70.00 -15 -0.87619
-65.00 -10 0.14358
-60.00 -10 -0.70906E-01
-55.00 -10 -0.33008
-50.00 -10 -0.60223
-45.00 -10 -0.79483
-40.00 -10 -0.80498
-35.00 -10 -0.61241
-30.00 -10 -0.32750
-25.00 -10 -0.12952
-20.00 -10 -0.12522
-15.00 -10 -0.24330
-10.00 -10 -0.26814
-5.00 -10 -0.54915E-02
0.00 -10 0.54595
5.00 -10 1.1615
10.00 -10 1.5339
15.00 -10 1.4863
20.00 -10 1.0894
25.00 -10 0.59344
30.00 -10 0.23697
35.00 -10 0.86525E-01
40.00 -10 0.26091E-01
45.00 -10 -0.11295
50.00 -10 -0.39964
55.00 -10 -0.74992
60.00 -10 -0.99987
65.00 -10 -1.0318
-45.00 -5 -0.85264
-40.00 -5 -0.80345
-35.00 -5 -0.56460
-30.00 -5 -0.26585
-25.00 -5 -0.70329E-01
-20.00 -5 -0.48057E-01
-15.00 -5 -0.10921
-10.00 -5 -0.65470E-01
-5.00 -5 0.21740
0.00 -5 0.69640
5.00 -5 1.1626
10.00 -5 1.3844
15.00 -5 1.2723
20.00 -5 0.93365
25.00 -5 0.58047
30.00 -5 0.36842
35.00 -5 0.29618
40.00 -5 0.23636
45.00 -5 0.59003E-01
90.00 0.00 -0.80190E-01
-90.00 0.00 0.32003
