-85.00 0.00 0.36857
-80.00 0.00 0.28759
-75.00 0.00 0.15612
-70.00 0.00 0.55359E-01
-65.00 0.00 0.23212E-01
-60.00 0.00 0.22669E-01
-55.00 0.00 -0.17954E-01
-50.00 0.00 -0.12965
-45.00 0.00 -0.26660
-40.00 0.00 -0.34632
-35.00 0.00 -0.32910
-30.00 0.00 -0.25981
-25.00 0.00 -0.22992
-20.00 0.00 -0.29266
-15.00 0.00 -0.41013
-10.00 0.00 -0.48219
-5.00 0.00 -0.43176
0.00 0.00 -0.26986
5.00 0.00 -0.84569E-01
10.00 0.00 0.31865E-01
15.00 0.00 0.49811E-01
20.00 0.00 0.71475E-02
25.00 0.00 -0.41723E-01
30.00 0.00 -0.76758E-01
35.00 0.00 -0.11512
40.00 0.00 -0.17162
45.00 0.00 -0.22524
50.00 0.00 -0.23075
55.00 0.00 -0.16400
60.00 0.00 -0.52429E-01
65.00 0.00 0.44035E-01
70.00 0.00 0.86084E-01
75.00 0.00 0.90202E-01
80.00 0.00 0.11102
85.00 0.00 0.18535
-45.00 5.00 -0.25349
-40.00 5.00 -0.38762
-35.00 5.00 -0.43407
-30.00 5.00 -0.40211
-25.00 5.00 -0.36351
-20.00 5.00 -0.38221
-15.00 5.00 -0.45227
-10.00 5.00 -0.50206
-5.00 5.00 -0.46009
0.00 5.00 -0.32087
5.00 5.00 -0.15134
10.00 5.00 -0.35026E-01
15.00 5.00 -0.73578E-02
20.00 5.00 -0.39025E-01
25.00 5.00 -0.75530E-01
30.00 5.00 -0.88929E-01
35.00 5.00 -0.92138E-01
40.00 5.00 -0.10846
45.00 5.00 -0.13445
-65.00 10.00 -0.12795E-01
-60.00 10.00 0.14493E-01
-55.00 10.00 0.24144E-01
-50.00 10.00 -0.59396E-01
-45.00 10.00 -0.23423
-40.00 10.00 -0.42098
-35.00 10.00 -0.53053
-30.00 10.00 -0.53763
-25.00 10.00 -0.49458
-20.00 10.00 -0.47594
-15.00 10.00 -0.50818
-10.00 10.00 -0.54919
-5.00 10.00 -0.53332
0.00 10.00 -0.43649
5.00 10.00 -0.29984
10.00 10.00 -0.19255
15.00 10.00 -0.15185
20.00 10.00 -0.15693
25.00 10.00 -0.15723
30.00 10.00 -0.12331
35.00 10.00 -0.69938E-01
40.00 10.00 -0.32772E-01
45.00 10.00 -0.26737E-01
50.00 10.00 -0.30353E-01
55.00 10.00 -0.10637E-01
60.00 10.00 0.39735E-01
65.00 10.00 0.93606E-01
-70.00 15.00 0.19913E-01
-45.00 15.00 -0.21726
-40.00 15.00 -0.44423
-35.00 15.00 -0.60472
-30.00 15.00 -0.64596
-25.00 15.00 -0.60380
-20.00 15.00 -0.56057
-15.00 15.00 -0.56868
-10.00 15.00 -0.60998
-5.00 15.00 -0.62338
0.00 15.00 -0.56859
5.00 15.00 -0.46384
10.00 15.00 -0.36444
15.00 15.00 -0.30773
20.00 15.00 -0.28001
25.00 15.00 -0.23587
30.00 15.00 -0.14791
35.00 15.00 -0.36119E-01
40.00 15.00 0.50843E-01
45.00 15.00 0.82047E-01
70.00 15.00 0.12719
-75.00 20.00 0.15880
-65.00 20.00 -0.35796E-01
-60.00 20.00 0.39072E-03
-55.00 20.00 0.39371E-01
-50.00 20.00 -0.20913E-01
-45.00 20.00 -0.21088
-40.00 20.00 -0.46016
-35.00 20.00 -0.65263
-30.00 20.00 -0.71736
-25.00 20.00 -0.67735
-20.00 20.00 -0.61770
-15.00 20.00 -0.60705
-10.00 20.00 -0.64429
-5.00 20.00 -0.67356
0.00 20.00 -0.64545
5.00 20.00 -0.56275
10.00 20.00 -0.46965
15.00 20.00 -0.40128
20.00 20.00 -0.34743
25.00 20.00 -0.26690
30.00 20.00 -0.13621
35.00 20.00 0.17945E-01
40.00 20.00 0.13597
45.00 20.00 0.17618
50.00 20.00 0.14991
55.00 20.00 0.10803
60.00 20.00 0.93976E-01
65.00 20.00 0.11016
75.00 20.00 0.13298
-45.00 25.00 -0.22162
-40.00 25.00 -0.47517
-35.00 25.00 -0.67876
-30.00 25.00 -0.75203
-25.00 25.00 -0.70792
-20.00 25.00 -0.62926
-15.00 25.00 -0.59279
-10.00 25.00 -0.61056
-5.00 25.00 -0.63605
0.00 25.00 -0.61970
5.00 25.00 -0.55563
10.00 25.00 -0.47680
15.00 25.00 -0.41053
20.00 25.00 -0.34488
25.00 25.00 -0.24229
30.00 25.00 -0.86364E-01
35.00 25.00 0.87612E-01
40.00 25.00 0.21233
45.00 25.00 0.24249
-80.00 30.00 0.32475
-70.00 30.00 0.18867E-01
-65.00 30.00 -0.61450E-01
-60.00 30.00 -0.50831E-01
-55.00 30.00 -0.21904E-01
-50.00 30.00 -0.75117E-01
-45.00 30.00 -0.25193
-40.00 30.00 -0.49516
-35.00 30.00 -0.69095
-30.00 30.00 -0.75589
-25.00 30.00 -0.69515
-20.00 30.00 -0.58643
-15.00 30.00 -0.51065
-10.00 30.00 -0.49328
-5.00 30.00 -0.50295
0.00 30.00 -0.49688
5.00 30.00 -0.46258
10.00 30.00 -0.41672
15.00 30.00 -0.37055
20.00 30.00 -0.30557
25.00 30.00 -0.18989
30.00 30.00 -0.20084E-01
35.00 30.00 0.15656
40.00 30.00 0.26811
45.00 30.00 0.27332
50.00 30.00 0.19630
55.00 30.00 0.10735
60.00 30.00 0.66772E-01
65.00 30.00 0.82411E-01
70.00 30.00 0.11779
80.00 30.00 0.15302
-45.00 35.00 -0.29823
-40.00 35.00 -0.52111
-35.00 35.00 -0.69409
-30.00 35.00 -0.73525
-25.00 35.00 -0.64473
-20.00 35.00 -0.49521
-15.00 35.00 -0.37141
-10.00 35.00 -0.31393
-5.00 35.00 -0.31010
0.00 35.00 -0.32619
5.00 35.00 -0.34071
10.00 35.00 -0.34722
15.00 35.00 -0.33399
20.00 35.00 -0.27400
25.00 35.00 -0.14518
30.00 35.00 0.36261E-01
35.00 35.00 0.20774
40.00 35.00 0.29554
45.00 35.00 0.26900
-75.00 40.00 0.19575
-65.00 40.00 -0.85630E-01
-60.00 40.00 -0.12175
-55.00 40.00 -0.13202
-50.00 40.00 -0.19680
-45.00 40.00 -0.35099
-40.00 40.00 -0.54703
-35.00 40.00 -0.68649
-30.00 40.00 -0.69289
-25.00 40.00 -0.56550
-20.00 40.00 -0.37433
-15.00 40.00 -0.20791
-10.00 40.00 -0.12042
-5.00 40.00 -0.11567
0.00 40.00 -0.16650
5.00 40.00 -0.23982
10.00 40.00 -0.30397
15.00 40.00 -0.32387
20.00 40.00 -0.26594
25.00 40.00 -0.12147
30.00 40.00 0.71056E-01
35.00 40.00 0.23405
40.00 40.00 0.29522
45.00 40.00 0.23825
50.00 40.00 0.11680
55.00 40.00 0.16502E-01
60.00 40.00 -0.64011E-02
65.00 40.00 0.40441E-01
75.00 40.00 0.14458
-70.00 45.00 0.34506E-01
-45.00 45.00 -0.39720
-40.00 45.00 -0.56178
-35.00 45.00 -0.66076
-30.00 45.00 -0.62755
-25.00 45.00 -0.46628
-20.00 45.00 -0.24728
-15.00 45.00 -0.60195E-01
-10.00 45.00 0.35199E-01
-5.00 45.00 0.27747E-01
0.00 45.00 -0.56810E-01
5.00 45.00 -0.17562
10.00 45.00 -0.27952
15.00 45.00 -0.31896
20.00 45.00 -0.25909
25.00 45.00 -0.10387
30.00 45.00 0.91252E-01
35.00 45.00 0.24004
40.00 45.00 0.27551
45.00 45.00 0.19545
70.00 45.00 0.10594
-65.00 50.00 -0.96011E-01
-60.00 50.00 -0.17204
-55.00 50.00 -0.22076
-50.00 50.00 -0.29859
-45.00 50.00 -0.42463
-40.00 50.00 -0.55421
-35.00 50.00 -0.60901
-30.00 50.00 -0.53733
-25.00 50.00 -0.35448
-20.00 50.00 -0.13352
-15.00 50.00 0.40995E-01
-10.00 50.00 0.11734
-5.00 50.00 0.91015E-01
0.00 50.00 -0.84307E-02
5.00 50.00 -0.13628
10.00 50.00 -0.24286
15.00 50.00 -0.28045
20.00 50.00 -0.21916
25.00 50.00 -0.69433E-01
30.00 50.00 0.10961
35.00 50.00 0.23457
40.00 50.00 0.24747
45.00 50.00 0.15587
50.00 50.00 0.29484E-01
55.00 50.00 -0.48289E-01
60.00 50.00 -0.37643E-01
65.00 50.00 0.36545E-01
-85.00 55.00 0.38946
-45.00 55.00 -0.42587
-40.00 55.00 -0.51884
-35.00 55.00 -0.52955
-30.00 55.00 -0.42511
-25.00 55.00 -0.23738
-20.00 55.00 -0.43257E-01
-15.00 55.00 0.85161E-01
-10.00 55.00 0.11887
-5.00 55.00 0.73944E-01
0.00 55.00 -0.12768E-01
5.00 55.00 -0.10571
10.00 55.00 -0.17478
15.00 55.00 -0.19134
20.00 55.00 -0.13486
25.00 55.00 -0.12444E-01
30.00 55.00 0.12948
35.00 55.00 0.22265
40.00 55.00 0.21986
45.00 55.00 0.13125
85.00 55.00 0.21386
-80.00 60.00 0.34798
-75.00 60.00 0.21992
-70.00 60.00 0.52459E-01
-65.00 60.00 -0.89126E-01
-60.00 60.00 -0.17772
-55.00 60.00 -0.23862
-50.00 60.00 -0.31161
-45.00 60.00 -0.40033
-40.00 60.00 -0.45899
-35.00 60.00 -0.43079
-30.00 60.00 -0.30251
-25.00 60.00 -0.12442
-20.00 60.00 0.22715E-01
-15.00 60.00 0.84215E-01
-10.00 60.00 0.62968E-01
-5.00 60.00 0.37528E-02
0.00 60.00 -0.48560E-01
5.00 60.00 -0.76548E-01
10.00 60.00 -0.83832E-01
15.00 60.00 -0.71504E-01
20.00 60.00 -0.28964E-01
25.00 60.00 0.49431E-01
30.00 60.00 0.14248
35.00 60.00 0.20459
40.00 60.00 0.19808
45.00 60.00 0.12784
50.00 60.00 0.43855E-01
55.00 60.00 0.48705E-02
60.00 60.00 0.33299E-01
65.00 60.00 0.10110
70.00 60.00 0.15886
75.00 60.00 0.18096
80.00 60.00 0.18684
-45.00 65.00 -0.35302
-40.00 65.00 -0.38518
-35.00 65.00 -0.32967
-30.00 65.00 -0.18886
-25.00 65.00 -0.28213E-01
-20.00 65.00 0.69075E-01
-15.00 65.00 0.65504E-01
-10.00 65.00 -0.52970E-02
-5.00 65.00 -0.71652E-01
0.00 65.00 -0.83211E-01
5.00 65.00 -0.43517E-01
10.00 65.00 0.83046E-02
15.00 65.00 0.42238E-01
20.00 65.00 0.62713E-01
25.00 65.00 0.93122E-01
30.00 65.00 0.14092
35.00 65.00 0.18287
40.00 65.00 0.18678
45.00 65.00 0.14690
-65.00 70.00 -0.74704E-01
-60.00 70.00 -0.14563
-55.00 70.00 -0.18598
-50.00 70.00 -0.23439
-45.00 70.00 -0.29090
-40.00 70.00 -0.30958
-35.00 70.00 -0.24451
-30.00 70.00 -0.10483
-25.00 70.00 0.37583E-01
-20.00 70.00 0.10032
-15.00 70.00 0.57733E-01
-10.00 70.00 -0.37738E-01
-5.00 70.00 -0.99720E-01
0.00 70.00 -0.78047E-01
5.00 70.00 0.67584E-02
10.00 70.00 0.91186E-01
15.00 70.00 0.12816
20.00 70.00 0.12240
25.00 70.00 0.11386
30.00 70.00 0.13203
35.00 70.00 0.16856
40.00 70.00 0.19222
45.00 70.00 0.18587
50.00 70.00 0.16516
55.00 70.00 0.16051
60.00 70.00 0.18357
65.00 70.00 0.21480
-70.00 75.00 0.48390E-01
-45.00 75.00 -0.21892
-40.00 75.00 -0.23919
-35.00 75.00 -0.18566
-30.00 75.00 -0.62890E-01
-25.00 75.00 0.63438E-01
-20.00 75.00 0.11687
-15.00 75.00 0.75804E-01
-10.00 75.00 -0.67370E-02
-5.00 75.00 -0.48286E-01
0.00 75.00 -0.63732E-02
5.00 75.00 0.89858E-01
10.00 75.00 0.17137
15.00 75.00 0.19155
20.00 75.00 0.16163
25.00 75.00 0.13115
30.00 75.00 0.13819
35.00 75.00 0.17875
40.00 75.00 0.22023
45.00 75.00 0.23884
70.00 75.00 0.25931
-75.00 80.00 0.19154
-65.00 80.00 -0.65286E-01
-60.00 80.00 -0.97347E-01
-55.00 80.00 -0.90557E-01
-50.00 80.00 -0.98620E-01
-45.00 80.00 -0.13812
-40.00 80.00 -0.17208
-35.00 80.00 -0.14926
-30.00 80.00 -0.59452E-01
-25.00 80.00 0.50446E-01
-20.00 80.00 0.11622
-15.00 80.00 0.11381
-10.00 80.00 0.79419E-01
-5.00 80.00 0.73588E-01
0.00 80.00 0.12433
5.00 80.00 0.20311
10.00 80.00 0.25428
15.00 80.00 0.24756
20.00 80.00 0.20348
25.00 80.00 0.17066
30.00 80.00 0.18071
35.00 80.00 0.22484
40.00 80.00 0.27053
45.00 80.00 0.29621
50.00 80.00 0.30683
55.00 80.00 0.31772
60.00 80.00 0.32938
65.00 80.00 0.32400
75.00 80.00 0.23864
-45.00 85.00 -0.47000E-01
-40.00 85.00 -0.98950E-01
-35.00 85.00 -0.11778
-30.00 85.00 -0.73359E-01
-25.00 85.00 0.14591E-01
-20.00 85.00 0.99526E-01
-15.00 85.00 0.15233
-10.00 85.00 0.18230
-5.00 85.00 0.21736
0.00 85.00 0.26802
5.00 85.00 0.31372
10.00 85.00 0.32491
15.00 85.00 0.29617
20.00 85.00 0.25530
25.00 85.00 0.23900
30.00 85.00 0.26037
35.00 85.00 0.30081
40.00 85.00 0.33248
45.00 85.00 0.34575
-80.00 90.00 0.29420
-70.00 90.00 0.15429E-01
-65.00 90.00 -0.64065E-01
-60.00 90.00 -0.49606E-01
-55.00 90.00 0.18969E-01
-50.00 90.00 0.68850E-01
-45.00 90.00 0.54511E-01
-40.00 90.00 -0.96542E-02
-35.00 90.00 -0.68307E-01
-30.00 90.00 -0.73013E-01
-25.00 90.00 -0.15278E-01
-20.00 90.00 0.78480E-01
-15.00 90.00 0.17575
-10.00 90.00 0.25909
-5.00 90.00 0.32393
0.00 90.00 0.36529
5.00 90.00 0.37479
10.00 90.00 0.35257
15.00 90.00 0.31769
20.00 90.00 0.29965
25.00 90.00 0.31500
30.00 90.00 0.35226
35.00 90.00 0.38257
40.00 90.00 0.38755
45.00 90.00 0.37633
50.00 90.00 0.37331
55.00 90.00 0.38870
60.00 90.00 0.40310
65.00 90.00 0.38499
70.00 90.00 0.32556
80.00 90.00 0.22017
-45.00 95.00 0.16118
-40.00 95.00 0.98814E-01
-35.00 95.00 0.15384E-01
-30.00 95.00 -0.30162E-01
-25.00 95.00 -0.77559E-02
-20.00 95.00 0.74545E-01
-15.00 95.00 0.18541
-10.00 95.00 0.28977
-5.00 95.00 0.36028
0.00 95.00 0.38259
5.00 95.00 0.36062
10.00 95.00 0.31920
15.00 95.00 0.29460
20.00 95.00 0.31213
25.00 95.00 0.36590
30.00 95.00 0.42094
35.00 95.00 0.44079
40.00 95.00 0.41874
45.00 95.00 0.38343
-75.00 100.00 0.12691
-65.00 100.00 -0.62227E-01
-60.00 100.00 -0.95544E-02
-55.00 100.00 0.11159
-50.00 100.00 0.22281
-45.00 100.00 0.26126
-40.00 100.00 0.21760
-35.00 100.00 0.13308
-30.00 100.00 0.65935E-01
-25.00 100.00 0.55691E-01
-20.00 100.00 0.10723
-15.00 100.00 0.19596
-10.00 100.00 0.28349
-5.00 100.00 0.33460
0.00 100.00 0.33257
5.00 100.00 0.28941
10.00 100.00 0.24306
15.00 100.00 0.23645
20.00 100.00 0.28775
25.00 100.00 0.37372
30.00 100.00 0.44389
35.00 100.00 0.45859
40.00 100.00 0.42084
45.00 100.00 0.37292
50.00 100.00 0.35861
55.00 100.00 0.38350
60.00 100.00 0.41041
65.00 100.00 0.39536
75.00 100.00 0.25815
-70.00 105.00 -0.13144E-01
-45.00 105.00 0.33931
-40.00 105.00 0.32767
-35.00 105.00 0.26649
-30.00 105.00 0.20185
-25.00 105.00 0.16885
-20.00 105.00 0.17814
-15.00 105.00 0.21722
-10.00 105.00 0.25962
-5.00 105.00 0.27756
0.00 105.00 0.25702
5.00 105.00 0.20968
10.00 105.00 0.17123
15.00 105.00 0.18030
20.00 105.00 0.24890
25.00 105.00 0.34792
30.00 105.00 0.42429
35.00 105.00 0.44034
40.00 105.00 0.40355
45.00 105.00 0.35929
70.00 105.00 0.32558
-85.00 110.00 0.32646
-65.00 110.00 -0.45449E-01
-60.00 110.00 0.24206E-01
-55.00 110.00 0.15866
-50.00 110.00 0.29444
-45.00 110.00 0.38190
-40.00 110.00 0.40742
-35.00 110.00 0.38702
-30.00 110.00 0.34555
-25.00 110.00 0.30148
-20.00 110.00 0.26456
-15.00 110.00 0.23890
-10.00 110.00 0.22314
-5.00 110.00 0.20942
0.00 110.00 0.18841
5.00 110.00 0.16082
10.00 110.00 0.14411
15.00 110.00 0.16285
20.00 110.00 0.22634
25.00 110.00 0.31354
30.00 110.00 0.38319
35.00 110.00 0.40478
40.00 110.00 0.38409
45.00 110.00 0.35791
50.00 110.00 0.36002
55.00 110.00 0.38888
60.00 110.00 0.40838
65.00 110.00 0.38329
85.00 110.00 0.26327
-45.00 115.00 0.38318
-40.00 115.00 0.44198
-35.00 115.00 0.46877
-30.00 115.00 0.46174
-25.00 115.00 0.41451
-20.00 115.00 0.33127
-15.00 115.00 0.23580
-10.00 115.00 0.16090
-5.00 115.00 0.12646
0.00 115.00 0.12766
5.00 115.00 0.14478
10.00 115.00 0.16437
15.00 115.00 0.18975
20.00 115.00 0.23098
25.00 115.00 0.28664
30.00 115.00 0.33877
35.00 115.00 0.36813
40.00 115.00 0.37392
45.00 115.00 0.37524
-80.00 120.00 0.21066
-75.00 120.00 0.88122E-01
-70.00 120.00 0.32901E-02
-65.00 120.00 -0.42313E-02
-60.00 120.00 0.60569E-01
-55.00 120.00 0.16018
-50.00 120.00 0.25918
-45.00 120.00 0.34698
-40.00 120.00 0.42886
-35.00 120.00 0.49895
-30.00 120.00 0.52754
-25.00 120.00 0.48031
-20.00 120.00 0.35375
-15.00 120.00 0.19194
-10.00 120.00 0.64452E-01
-5.00 120.00 0.20923E-01
0.00 120.00 0.59685E-01
5.00 120.00 0.13592
10.00 120.00 0.19986
15.00 120.00 0.23122
20.00 120.00 0.24320
25.00 120.00 0.25958
30.00 120.00 0.29090
35.00 120.00 0.33074
40.00 120.00 0.36914
45.00 120.00 0.40311
50.00 120.00 0.43196
55.00 120.00 0.44612
60.00 120.00 0.42814
65.00 120.00 0.37079
70.00 120.00 0.29462
75.00 120.00 0.24085
80.00 120.00 0.23956
-45.00 125.00 0.28447
-40.00 125.00 0.37687
-35.00 125.00 0.47979
-30.00 125.00 0.53865
-25.00 125.00 0.49366
-20.00 125.00 0.33396
-15.00 125.00 0.12100
-10.00 125.00 -0.44364E-01
-5.00 125.00 -0.88277E-01
0.00 125.00 -0.11788E-01
5.00 125.00 0.11689
10.00 125.00 0.21645
15.00 125.00 0.24773
20.00 125.00 0.22924
25.00 125.00 0.20906
30.00 125.00 0.22384
35.00 125.00 0.27813
40.00 125.00 0.35232
45.00 125.00 0.42176
-65.00 130.00 0.56313E-01
-60.00 130.00 0.10444
-55.00 130.00 0.14321
-50.00 130.00 0.16698
-45.00 130.00 0.20876
-40.00 130.00 0.29974
-35.00 130.00 0.42199
-30.00 130.00 0.50300
-25.00 130.00 0.46535
-20.00 130.00 0.29356
-15.00 130.00 0.59961E-01
-10.00 130.00 -0.11701
-5.00 130.00 -0.15270
0.00 130.00 -0.52140E-01
5.00 130.00 0.10038
10.00 130.00 0.20639
15.00 130.00 0.22015
20.00 130.00 0.16869
25.00 130.00 0.11871
30.00 130.00 0.12423
35.00 130.00 0.19576
40.00 130.00 0.30525
45.00 130.00 0.41078
50.00 130.00 0.47777
55.00 130.00 0.48749
60.00 130.00 0.43972
65.00 130.00 0.35535
-70.00 135.00 0.60366E-01
-45.00 135.00 0.13021
-40.00 135.00 0.20957
-35.00 135.00 0.33621
-30.00 135.00 0.42927
-25.00 135.00 0.40542
-20.00 135.00 0.24941
-15.00 135.00 0.36310E-01
-10.00 135.00 -0.11677
-5.00 135.00 -0.13300
0.00 135.00 -0.27644E-01
5.00 135.00 0.10929
10.00 135.00 0.18225
15.00 135.00 0.15546
20.00 135.00 0.68068E-01
25.00 135.00 -0.36840E-02
30.00 135.00 -0.93707E-03
35.00 135.00 0.86414E-01
40.00 135.00 0.22467
45.00 135.00 0.36224
70.00 135.00 0.26460
-75.00 140.00 0.94623E-01
-65.00 140.00 0.11486
-60.00 140.00 0.14174
-55.00 140.00 0.12141
-50.00 140.00 0.72187E-01
-45.00 140.00 0.55104E-01
-40.00 140.00 0.11489
-35.00 140.00 0.23040
-30.00 140.00 0.32194
-25.00 140.00 0.31298
-20.00 140.00 0.19473
-15.00 140.00 0.37857E-01
-10.00 140.00 -0.59861E-01
-5.00 140.00 -0.47046E-01
0.00 140.00 0.45678E-01
5.00 140.00 0.13380
10.00 140.00 0.14434
15.00 140.00 0.66110E-01
20.00 140.00 -0.49289E-01
25.00 140.00 -0.12808
30.00 140.00 -0.12067
35.00 140.00 -0.23208E-01
40.00 140.00 0.13004
45.00 140.00 0.28803
50.00 140.00 0.40267
55.00 140.00 0.44340
60.00 140.00 0.40853
65.00 140.00 0.32938
75.00 140.00 0.23620
-45.00 145.00 -0.11963E-01
-40.00 145.00 0.24161E-01
-35.00 145.00 0.11487
-30.00 145.00 0.18816
-25.00 145.00 0.18424
-20.00 145.00 0.10648
-15.00 145.00 0.17408E-01
-10.00 145.00 -0.15483E-01
-5.00 145.00 0.24095E-01
0.00 145.00 0.90219E-01
5.00 145.00 0.11469
10.00 145.00 0.61092E-01
15.00 145.00 -0.50644E-01
20.00 145.00 -0.16281
25.00 145.00 -0.21931
30.00 145.00 -0.19368
35.00 145.00 -0.92220E-01
40.00 145.00 0.57380E-01
45.00 145.00 0.21660
-80.00 150.00 0.16580
-70.00 150.00 0.10990
-65.00 150.00 0.14739
-60.00 150.00 0.14881
-55.00 150.00 0.85073E-01
-50.00 150.00 -0.82251E-02
-45.00 150.00 -0.64799E-01
-40.00 150.00 -0.49767E-01
-35.00 150.00 0.91078E-02
-30.00 150.00 0.49209E-01
-25.00 150.00 0.31753E-01
-20.00 150.00 -0.24570E-01
-15.00 150.00 -0.65230E-01
-10.00 150.00 -0.54012E-01
-5.00 150.00 -0.78110E-02
0.00 150.00 0.19108E-01
5.00 150.00 -0.15740E-01
10.00 150.00 -0.10659
15.00 150.00 -0.20598
20.00 150.00 -0.26284
25.00 150.00 -0.25489
30.00 150.00 -0.19017
35.00 150.00 -0.86770E-01
40.00 150.00 0.41598E-01
45.00 150.00 0.17997
50.00 150.00 0.30016
55.00 150.00 0.36615
60.00 150.00 0.36011
65.00 150.00 0.30464
70.00 150.00 0.25340
80.00 150.00 0.29030
-45.00 155.00 -0.94872E-01
-40.00 155.00 -0.90084E-01
-35.00 155.00 -0.59175E-01
-30.00 155.00 -0.58143E-01
-25.00 155.00 -0.10634
-20.00 155.00 -0.16988
-15.00 155.00 -0.19944
-10.00 155.00 -0.18297
-5.00 155.00 -0.15989
0.00 155.00 -0.18221
5.00 155.00 -0.26118
10.00 155.00 -0.35168
15.00 155.00 -0.38891
20.00 155.00 -0.34171
25.00 155.00 -0.23249
30.00 155.00 -0.10909
35.00 155.00 -0.93127E-03
40.00 155.00 0.96485E-01
45.00 155.00 0.19738
-75.00 160.00 0.10933
-65.00 160.00 0.14732
-60.00 160.00 0.12300
-55.00 160.00 0.40189E-01
-50.00 160.00 -0.51266E-01
-45.00 160.00 -0.94593E-01
-40.00 160.00 -0.83405E-01
-35.00 160.00 -0.66797E-01
-30.00 160.00 -0.98618E-01
-25.00 160.00 -0.18345
-20.00 160.00 -0.27412
-15.00 160.00 -0.32250
-10.00 160.00 -0.33057
-5.00 160.00 -0.34839
0.00 160.00 -0.41892
5.00 160.00 -0.52465
10.00 160.00 -0.59089
15.00 160.00 -0.54604
20.00 160.00 -0.38360
25.00 160.00 -0.16841
30.00 160.00 0.16932E-01
35.00 160.00 0.13411
40.00 160.00 0.20345
45.00 160.00 0.26425
50.00 160.00 0.32646
55.00 160.00 0.36375
60.00 160.00 0.35090
65.00 160.00 0.30197
75.00 160.00 0.27639
-85.00 165.00 0.26131
-70.00 165.00 0.12362
-45.00 165.00 -0.62612E-01
-40.00 165.00 -0.29866E-01
-35.00 165.00 -0.12469E-01
-30.00 165.00 -0.64981E-01
-25.00 165.00 -0.18067
-20.00 165.00 -0.29981
-15.00 165.00 -0.37063
-10.00 165.00 -0.40060
-5.00 165.00 -0.44466
0.00 165.00 -0.54052
5.00 165.00 -0.65549
10.00 165.00 -0.70064
15.00 165.00 -0.60329
20.00 165.00 -0.37198
25.00 165.00 -0.94198E-01
30.00 165.00 0.13017
35.00 165.00 0.25809
40.00 165.00 0.31587
45.00 165.00 0.35239
70.00 165.00 0.27605
85.00 165.00 0.35218
-65.00 170.00 0.13100
-60.00 170.00 0.91619E-01
-55.00 170.00 0.19248E-01
-50.00 170.00 -0.27019E-01
-45.00 170.00 -0.70441E-02
-40.00 170.00 0.52197E-01
-35.00 170.00 0.75261E-01
-30.00 170.00 0.75706E-02
-25.00 170.00 -0.13225
-20.00 170.00 -0.26916
-15.00 170.00 -0.34186
-10.00 170.00 -0.35789
-5.00 170.00 -0.37952
0.00 170.00 -0.45413
5.00 170.00 -0.55726
10.00 170.00 -0.60455
15.00 170.00 -0.52263
20.00 170.00 -0.31329
25.00 170.00 -0.53199E-01
30.00 170.00 0.16693
35.00 170.00 0.30508
40.00 170.00 0.37841
45.00 170.00 0.42231
50.00 170.00 0.44709
55.00 170.00 0.43675
60.00 170.00 0.38450
65.00 170.00 0.31932
-45.00 175.00 0.56328E-01
-40.00 175.00 0.13237
-35.00 175.00 0.14926
-30.00 175.00 0.56194E-01
-25.00 175.00 -0.11227
-20.00 175.00 -0.26046
-15.00 175.00 -0.31118
-10.00 175.00 -0.26869
-5.00 175.00 -0.20873
0.00 175.00 -0.20705
5.00 175.00 -0.27285
10.00 175.00 -0.34486
15.00 175.00 -0.34762
20.00 175.00 -0.25238
25.00 175.00 -0.90428E-01
30.00 175.00 0.83396E-01
35.00 175.00 0.23364
40.00 175.00 0.35347
45.00 175.00 0.44193
-80.00 180.00 0.16476
-75.00 180.00 0.12401
-70.00 180.00 0.12604
-65.00 180.00 0.12129
-60.00 180.00 0.82627E-01
-55.00 180.00 0.38550E-01
-50.00 180.00 0.42984E-01
-45.00 180.00 0.11022
-40.00 180.00 0.18263
-35.00 180.00 0.16988
-30.00 180.00 0.29567E-01
-25.00 180.00 -0.18409
-20.00 180.00 -0.35121
-15.00 180.00 -0.37474
-10.00 180.00 -0.25303
-5.00 180.00 -0.78009E-01
0.00 180.00 0.35506E-01
5.00 180.00 0.28901E-01
10.00 180.00 -0.72230E-01
15.00 180.00 -0.19106
20.00 180.00 -0.25517
25.00 180.00 -0.23023
30.00 180.00 -0.11950
35.00 180.00 0.51220E-01
40.00 180.00 0.24213
45.00 180.00 0.40268
50.00 180.00 0.48545
55.00 180.00 0.47324
60.00 180.00 0.39803
65.00 180.00 0.32601
70.00 180.00 0.31091
75.00 180.00 0.35185
80.00 180.00 0.39493
-45.00 -175 0.14245
-40.00 -175 0.19081
-35.00 -175 0.12854
-30.00 -175 -0.75460E-01
-25.00 -175 -0.34810
-20.00 -175 -0.54879
-15.00 -175 -0.56313
-10.00 -175 -0.38229
-5.00 -175 -0.10935
0.00 -175 0.10771
5.00 -175 0.16414
10.00 -175 0.49059E-01
15.00 -175 -0.16328
20.00 -175 -0.36165
25.00 -175 -0.45036
30.00 -175 -0.38404
35.00 -175 -0.18025
40.00 -175 0.88580E-01
45.00 -175 0.32471
-65.00 -170 0.12691
-60.00 -170 0.93738E-01
-55.00 -170 0.69771E-01
-50.00 -170 0.92262E-01
-45.00 -170 0.14872
-40.00 -170 0.16380
-35.00 -170 0.51035E-01
-30.00 -170 -0.20910
-25.00 -170 -0.53188
-20.00 -170 -0.76856
-15.00 -170 -0.79876
-10.00 -170 -0.60866
-5.00 -170 -0.30126
0.00 -170 -0.35760E-01
5.00 -170 0.60204E-01
10.00 -170 -0.47695E-01
15.00 -170 -0.29231
20.00 -170 -0.54436
25.00 -170 -0.67419
30.00 -170 -0.60907
35.00 -170 -0.36468
40.00 -170 -0.36695E-01
45.00 -170 0.24765
50.00 -170 0.39702
55.00 -170 0.40367
60.00 -170 0.33872
65.00 -170 0.29560
-70.00 -165 0.14784
-45.00 -165 0.13064
-40.00 -165 0.11854
-35.00 -165 -0.22530E-01
-30.00 -165 -0.30266
-25.00 -165 -0.63680
-20.00 -165 -0.88617
-15.00 -165 -0.94185
-10.00 -165 -0.79174
-5.00 -165 -0.52751
0.00 -165 -0.29146
5.00 -165 -0.20042
10.00 -165 -0.28955
15.00 -165 -0.50024
20.00 -165 -0.71148
25.00 -165 -0.79809
30.00 -165 -0.69108
35.00 -165 -0.41326
40.00 -165 -0.69208E-01
45.00 -165 0.21092
70.00 -165 0.32377
-75.00 -160 0.16472
-65.00 -160 0.13949
-60.00 -160 0.96790E-01
-55.00 -160 0.63261E-01
-50.00 -160 0.67623E-01
-45.00 -160 0.91506E-01
-40.00 -160 0.68458E-01
-35.00 -160 -0.66527E-01
-30.00 -160 -0.31747
-25.00 -160 -0.60939
-20.00 -160 -0.82915
-15.00 -160 -0.89519
-10.00 -160 -0.80597
-5.00 -160 -0.63662
0.00 -160 -0.49202
5.00 -160 -0.44952
10.00 -160 -0.52249
15.00 -160 -0.65760
20.00 -160 -0.76187
25.00 -160 -0.74743
30.00 -160 -0.57713
35.00 -160 -0.28926
40.00 -160 0.16693E-01
45.00 -160 0.23320
50.00 -160 0.30803
55.00 -160 0.27469
60.00 -160 0.22450
65.00 -160 0.23769
75.00 -160 0.42669
-45.00 -155 0.34254E-01
-40.00 -155 0.16209E-01
-35.00 -155 -0.84936E-01
-30.00 -155 -0.27093
-25.00 -155 -0.48184
-20.00 -155 -0.63544
-15.00 -155 -0.68343
-10.00 -155 -0.64060
-5.00 -155 -0.56852
0.00 -155 -0.53117
5.00 -155 -0.55596
10.00 -155 -0.62202
15.00 -155 -0.67504
20.00 -155 -0.65548
25.00 -155 -0.52755
30.00 -155 -0.30039
35.00 -155 -0.32127E-01
40.00 -155 0.19163
45.00 -155 0.30176
-80.00 -150 0.21204
-70.00 -150 0.18930
-65.00 -150 0.14916
-60.00 -150 0.72342E-01
-55.00 -150 -0.33402E-02
-50.00 -150 -0.38918E-01
-45.00 -150 -0.36715E-01
-40.00 -150 -0.41940E-01
-35.00 -150 -0.10148
-30.00 -150 -0.21888
-25.00 -150 -0.34759
-20.00 -150 -0.42864
-15.00 -150 -0.43877
-10.00 -150 -0.40767
-5.00 -150 -0.39161
0.00 -150 -0.42748
5.00 -150 -0.50408
10.00 -150 -0.56897
15.00 -150 -0.56115
20.00 -150 -0.44562
25.00 -150 -0.23194
30.00 -150 0.27318E-01
35.00 -150 0.25531
40.00 -150 0.38182
45.00 -150 0.37785
50.00 -150 0.27649
55.00 -150 0.16159
60.00 -150 0.12147
65.00 -150 0.19298
70.00 -150 0.33557
80.00 -150 0.48905
-45.00 -145 -0.11207
-40.00 -145 -0.10494
-35.00 -145 -0.13386
-30.00 -145 -0.20848
-25.00 -145 -0.28990
-20.00 -145 -0.32638
-15.00 -145 -0.30148
-10.00 -145 -0.25105
-5.00 -145 -0.23429
0.00 -145 -0.28364
5.00 -145 -0.37466
10.00 -145 -0.43825
15.00 -145 -0.40432
20.00 -145 -0.24551
25.00 -145 0.50145E-02
30.00 -145 0.26790
35.00 -145 0.45355
40.00 -145 0.50273
45.00 -145 0.41566
-85.00 -140 0.27786
-75.00 -140 0.23263
-65.00 -140 0.15945
-60.00 -140 0.37368E-01
-55.00 -140 -0.91447E-01
-50.00 -140 -0.16775
-45.00 -140 -0.17684
-40.00 -140 -0.16001
-35.00 -140 -0.17463
-30.00 -140 -0.24025
-25.00 -140 -0.32023
-20.00 -140 -0.35491
-15.00 -140 -0.31613
-10.00 -140 -0.23462
-5.00 -140 -0.17652
0.00 -140 -0.18913
5.00 -140 -0.26022
10.00 -140 -0.32250
15.00 -140 -0.29841
20.00 -140 -0.15231
25.00 -140 0.84240E-01
30.00 -140 0.32729
35.00 -140 0.48377
40.00 -140 0.49901
45.00 -140 0.38511
50.00 -140 0.21651
55.00 -140 0.92954E-01
60.00 -140 0.86286E-01
65.00 -140 0.19952
75.00 -140 0.48703
85.00 -140 0.41705
-70.00 -135 0.24280
-45.00 -135 -0.21488
-40.00 -135 -0.18755
-35.00 -135 -0.19569
-30.00 -135 -0.27075
-25.00 -135 -0.37641
-20.00 -135 -0.43867
-15.00 -135 -0.40861
-10.00 -135 -0.30420
-5.00 -135 -0.19709
0.00 -135 -0.15636
5.00 -135 -0.19531
10.00 -135 -0.26147
15.00 -135 -0.27489
20.00 -135 -0.18430
25.00 -135 -0.20349E-02
30.00 -135 0.20272
35.00 -135 0.34444
40.00 -135 0.36962
45.00 -135 0.28630
70.00 -135 0.38611
-65.00 -130 0.18369
-60.00 -130 0.32704E-01
-55.00 -130 -0.12630
-50.00 -130 -0.21719
-45.00 -130 -0.21663
-40.00 -130 -0.17499
-35.00 -130 -0.17338
-30.00 -130 -0.25362
-25.00 -130 -0.38110
-20.00 -130 -0.47182
-15.00 -130 -0.46012
-10.00 -130 -0.35110
-5.00 -130 -0.21637
0.00 -130 -0.13958
5.00 -130 -0.15618
10.00 -130 -0.23215
15.00 -130 -0.29286
20.00 -130 -0.27612
25.00 -130 -0.17124
30.00 -130 -0.21267E-01
35.00 -130 0.10727
40.00 -130 0.16520
45.00 -130 0.14836
50.00 -130 0.98692E-01
55.00 -130 0.78892E-01
60.00 -130 0.13402
65.00 -130 0.26126
-45.00 -125 -0.18445
-40.00 -125 -0.12832
-35.00 -125 -0.11253
-30.00 -125 -0.18372
-25.00 -125 -0.31071
-20.00 -125 -0.40984
-15.00 -125 -0.41198
-10.00 -125 -0.31564
-5.00 -125 -0.18589
0.00 -125 -0.10462
5.00 -125 -0.11410
10.00 -125 -0.19474
15.00 -125 -0.28663
20.00 -125 -0.33182
25.00 -125 -0.30617
30.00 -125 -0.22458
35.00 -125 -0.12409
40.00 -125 -0.39703E-01
45.00 -125 0.14100E-01
-80.00 -120 0.28184
-75.00 -120 0.30252
-70.00 -120 0.30268
-65.00 -120 0.22706
-60.00 -120 0.79967E-01
-55.00 -120 -0.71044E-01
-50.00 -120 -0.14873
-45.00 -120 -0.13125
-40.00 -120 -0.70512E-01
-35.00 -120 -0.47895E-01
-30.00 -120 -0.10626
-25.00 -120 -0.21638
-20.00 -120 -0.30385
-15.00 -120 -0.31017
-10.00 -120 -0.23618
-5.00 -120 -0.13600
0.00 -120 -0.73325E-01
5.00 -120 -0.79268E-01
10.00 -120 -0.14167
15.00 -120 -0.22434
20.00 -120 -0.29275
25.00 -120 -0.32655
30.00 -120 -0.31793
35.00 -120 -0.26733
40.00 -120 -0.18306
45.00 -120 -0.80542E-01
50.00 -120 0.24790E-01
55.00 -120 0.12720
60.00 -120 0.23149
65.00 -120 0.34018
70.00 -120 0.43805
75.00 -120 0.49303
80.00 -120 0.47834
-45.00 -115 -0.72709E-01
-40.00 -115 -0.26611E-01
-35.00 -115 -0.19603E-01
-30.00 -115 -0.81518E-01
-25.00 -115 -0.17940
-20.00 -115 -0.25009
-15.00 -115 -0.25394
-10.00 -115 -0.20188
-5.00 -115 -0.13739
0.00 -115 -0.97276E-01
5.00 -115 -0.89419E-01
10.00 -115 -0.10243
15.00 -115 -0.12851
20.00 -115 -0.17099
25.00 -115 -0.22965
30.00 -115 -0.28375
35.00 -115 -0.29639
40.00 -115 -0.24027
45.00 -115 -0.12075
-65.00 -110 0.27545
-60.00 -110 0.15678
-55.00 -110 0.38728E-01
-50.00 -110 -0.20902E-01
-45.00 -110 -0.18572E-01
-40.00 -110 -0.61963E-02
-35.00 -110 -0.41241E-01
-30.00 -110 -0.13371
-25.00 -110 -0.23901
-20.00 -110 -0.30027
-15.00 -110 -0.29724
-10.00 -110 -0.25616
-5.00 -110 -0.21593
0.00 -110 -0.18905
5.00 -110 -0.15742
10.00 -110 -0.10469
15.00 -110 -0.47507E-01
20.00 -110 -0.29141E-01
25.00 -110 -0.77855E-01
30.00 -110 -0.17072
35.00 -110 -0.24092
40.00 -110 -0.22588
45.00 -110 -0.11428
50.00 -110 0.49079E-01
55.00 -110 0.20208
60.00 -110 0.31009
65.00 -110 0.37761
-70.00 -105 0.34511
-45.00 -105 0.30797E-01
-40.00 -105 0.29438E-02
-35.00 -105 -0.86648E-01
-30.00 -105 -0.22627
-25.00 -105 -0.35377
-20.00 -105 -0.41088
-15.00 -105 -0.39227
-10.00 -105 -0.34249
-5.00 -105 -0.30622
0.00 -105 -0.28345
5.00 -105 -0.23528
10.00 -105 -0.13456
15.00 -105 -0.87953E-02
20.00 -105 0.71312E-01
25.00 -105 0.51740E-01
30.00 -105 -0.51338E-01
35.00 -105 -0.15584
40.00 -105 -0.17481
45.00 -105 -0.81309E-01
70.00 -105 0.39208
-75.00 -100 0.33980
-65.00 -100 0.30582
-60.00 -100 0.21768
-55.00 -100 0.13671
-50.00 -100 0.97838E-01
-45.00 -100 0.80270E-01
-40.00 -100 0.24526E-01
-35.00 -100 -0.10705
-30.00 -100 -0.28502
-25.00 -100 -0.42932
-20.00 -100 -0.47491
-15.00 -100 -0.42556
-10.00 -100 -0.34487
-5.00 -100 -0.29369
0.00 -100 -0.27456
5.00 -100 -0.23694
10.00 -100 -0.13759
15.00 -100 0.41485E-02
20.00 -100 0.11209
25.00 -100 0.11805
30.00 -100 0.26181E-01
35.00 -100 -0.83575E-01
40.00 -100 -0.11748
45.00 -100 -0.40473E-01
50.00 -100 0.10344
55.00 -100 0.23602
60.00 -100 0.30947
65.00 -100 0.33309
75.00 -100 0.36600
-45.00 -95 0.13208
-40.00 -95 0.74451E-01
-35.00 -95 -0.66249E-01
-30.00 -95 -0.25159
-25.00 -95 -0.38974
-20.00 -95 -0.40832
-15.00 -95 -0.31488
-10.00 -95 -0.18903
-5.00 -95 -0.11268
0.00 -95 -0.10250
5.00 -95 -0.10590
10.00 -95 -0.61567E-01
15.00 -95 0.34830E-01
20.00 -95 0.12293
25.00 -95 0.13472
30.00 -95 0.61519E-01
35.00 -95 -0.32801E-01
40.00 -95 -0.64570E-01
45.00 -95 0.71178E-04
-80.00 -90 0.31819
-70.00 -90 0.34867
-65.00 -90 0.30941
-60.00 -90 0.23754
-55.00 -90 0.18142
-50.00 -90 0.17125
-45.00 -90 0.18098
-40.00 -90 0.14730
-35.00 -90 0.32911E-01
-30.00 -90 -0.12548
-25.00 -90 -0.23464
-20.00 -90 -0.21829
-15.00 -90 -0.82782E-01
-10.00 -90 0.84668E-01
-5.00 -90 0.18534
0.00 -90 0.18499
5.00 -90 0.13051
10.00 -90 0.96607E-01
15.00 -90 0.11508
20.00 -90 0.15203
25.00 -90 0.14998
30.00 -90 0.90568E-01
35.00 -90 0.16158E-01
40.00 -90 -0.88266E-02
45.00 -90 0.42157E-01
50.00 -90 0.13450
55.00 -90 0.20642
60.00 -90 0.22543
65.00 -90 0.21291
70.00 -90 0.21563
80.00 -90 0.30774
-85.00 -85 0.32461
-45.00 -85 0.21680
-40.00 -85 0.21908
-35.00 -85 0.15057
-30.00 -85 0.37165E-01
-25.00 -85 -0.37230E-01
-20.00 -85 0.25001E-02
-15.00 -85 0.15603
-10.00 -85 0.34121
-5.00 -85 0.45550
0.00 -85 0.45254
5.00 -85 0.36872
10.00 -85 0.28088
15.00 -85 0.23785
20.00 -85 0.22792
25.00 -85 0.20665
30.00 -85 0.15139
35.00 -85 0.87165E-01
40.00 -85 0.60392E-01
45.00 -85 0.89892E-01
85.00 -85 0.31184
-75.00 -80 0.33453
-65.00 -80 0.30452
-60.00 -80 0.23913
-55.00 -80 0.18827
-50.00 -80 0.18958
-45.00 -80 0.23263
-40.00 -80 0.26410
-35.00 -80 0.23798
-30.00 -80 0.16495
-25.00 -80 0.11199
-20.00 -80 0.14794
-15.00 -80 0.28164
-10.00 -80 0.44852
-5.00 -80 0.55885
0.00 -80 0.56579
5.00 -80 0.49451
10.00 -80 0.41061
15.00 -80 0.36059
20.00 -80 0.33948
25.00 -80 0.31078
30.00 -80 0.25298
35.00 -80 0.18421
40.00 -80 0.14192
45.00 -80 0.14136
50.00 -80 0.15752
55.00 -80 0.15039
60.00 -80 0.10835
65.00 -80 0.64870E-01
75.00 -80 0.13778
-70.00 -75 0.33635
-45.00 -75 0.23219
-40.00 -75 0.27293
-35.00 -75 0.26968
-30.00 -75 0.21928
-25.00 -75 0.16876
-20.00 -75 0.17581
-15.00 -75 0.25717
-10.00 -75 0.37243
-5.00 -75 0.45800
0.00 -75 0.47963
5.00 -75 0.45555
10.00 -75 0.43129
15.00 -75 0.43290
20.00 -75 0.44420
25.00 -75 0.42795
30.00 -75 0.36716
35.00 -75 0.28408
40.00 -75 0.21808
45.00 -75 0.18599
70.00 -75 0.27564E-02
-65.00 -70 0.32176
-60.00 -70 0.27680
-55.00 -70 0.22808
-50.00 -70 0.21010
-45.00 -70 0.22989
-40.00 -70 0.25814
-35.00 -70 0.25614
-30.00 -70 0.21296
-25.00 -70 0.15678
-20.00 -70 0.12924
-15.00 -70 0.14813
-10.00 -70 0.19452
-5.00 -70 0.23580
0.00 -70 0.26037
5.00 -70 0.28785
10.00 -70 0.34407
15.00 -70 0.42635
20.00 -70 0.49563
25.00 -70 0.50637
30.00 -70 0.44663
35.00 -70 0.34948
40.00 -70 0.26337
45.00 -70 0.20938
50.00 -70 0.16713
55.00 -70 0.10341
60.00 -70 0.15526E-01
65.00 -70 -0.54698E-01
-45.00 -65 0.24254
-40.00 -65 0.24379
-35.00 -65 0.22958
-30.00 -65 0.18936
-25.00 -65 0.13601
-20.00 -65 0.91105E-01
-15.00 -65 0.63356E-01
-10.00 -65 0.44869E-01
-5.00 -65 0.29630E-01
0.00 -65 0.32530E-01
5.00 -65 0.83764E-01
10.00 -65 0.19823
15.00 -65 0.34839
20.00 -65 0.47122
25.00 -65 0.50979
30.00 -65 0.45550
35.00 -65 0.35277
40.00 -65 0.26005
45.00 -65 0.20194
-80.00 -60 0.31382
-75.00 -60 0.31361
-70.00 -60 0.34082
-65.00 -60 0.37004
-60.00 -60 0.37546
-55.00 -60 0.35204
-50.00 -60 0.31419
-45.00 -60 0.27790
-40.00 -60 0.24714
-35.00 -60 0.21663
-30.00 -60 0.18305
-25.00 -60 0.14887
-20.00 -60 0.11435
-15.00 -60 0.70793E-01
-10.00 -60 0.89679E-02
-5.00 -60 -0.61210E-01
0.00 -60 -0.10189
5.00 -60 -0.66982E-01
10.00 -60 0.58886E-01
15.00 -60 0.23556
20.00 -60 0.38417
25.00 -60 0.43863
30.00 -60 0.39126
35.00 -60 0.29345
40.00 -60 0.20971
45.00 -60 0.16514
50.00 -60 0.13267
55.00 -60 0.70247E-01
60.00 -60 -0.27661E-01
65.00 -60 -0.11384
70.00 -60 -0.12412
75.00 -60 -0.34303E-01
80.00 -60 0.11421
-45.00 -55 0.32760
-40.00 -55 0.26601
-35.00 -55 0.21926
-30.00 -55 0.19471
-25.00 -55 0.18931
-20.00 -55 0.18545
-15.00 -55 0.15538
-10.00 -55 0.80383E-01
-5.00 -55 -0.25851E-01
0.00 -55 -0.11269
5.00 -55 -0.12044
10.00 -55 -0.25608E-01
15.00 -55 0.13288
20.00 -55 0.27335
25.00 -55 0.32674
30.00 -55 0.28440
35.00 -55 0.19822
40.00 -55 0.13275
45.00 -55 0.11100
-65.00 -50 0.41733
-60.00 -50 0.48235
-55.00 -50 0.49753
-50.00 -50 0.45336
-45.00 -50 0.36965
-40.00 -50 0.28049
-35.00 -50 0.21740
-30.00 -50 0.19740
-25.00 -50 0.21575
-20.00 -50 0.24476
-15.00 -50 0.24416
-10.00 -50 0.18504
-5.00 -50 0.75147E-01
0.00 -50 -0.36243E-01
5.00 -50 -0.85764E-01
10.00 -50 -0.41166E-01
15.00 -50 0.70452E-01
20.00 -50 0.17796
25.00 -50 0.21715
30.00 -50 0.17725
35.00 -50 0.10402
40.00 -50 0.56467E-01
45.00 -50 0.54990E-01
50.00 -50 0.66972E-01
55.00 -50 0.42425E-01
60.00 -50 -0.33003E-01
65.00 -50 -0.11659
-70.00 -45 0.33319
-45.00 -45 0.37891
-40.00 -45 0.26674
-35.00 -45 0.18822
-30.00 -45 0.16480
-25.00 -45 0.19148
-20.00 -45 0.23957
-15.00 -45 0.26816
-10.00 -45 0.24428
-5.00 -45 0.16467
0.00 -45 0.63358E-01
5.00 -45 -0.63628E-02
10.00 -45 -0.83567E-02
15.00 -45 0.48076E-01
20.00 -45 0.11313
25.00 -45 0.13431
30.00 -45 0.97573E-01
35.00 -45 0.36342E-01
40.00 -45 -0.31525E-03
45.00 -45 0.71703E-02
70.00 -45 -0.13106
-75.00 -40 0.27545
-65.00 -40 0.41314
-60.00 -40 0.50316
-55.00 -40 0.52615
-50.00 -40 0.46191
-45.00 -40 0.33954
-40.00 -40 0.21254
-35.00 -40 0.12550
-30.00 -40 0.96076E-01
-25.00 -40 0.11646
-20.00 -40 0.16352
-15.00 -40 0.20793
-10.00 -40 0.22251
-5.00 -40 0.19345
0.00 -40 0.13045
5.00 -40 0.64789E-01
10.00 -40 0.30015E-01
15.00 -40 0.36700E-01
20.00 -40 0.63002E-01
25.00 -40 0.72343E-01
30.00 -40 0.45301E-01
35.00 -40 -0.27423E-02
40.00 -40 -0.35938E-01
45.00 -40 -0.32630E-01
50.00 -40 -0.78814E-02
55.00 -40 -0.63108E-03
60.00 -40 -0.34961E-01
65.00 -40 -0.90983E-01
75.00 -40 -0.61222E-01
-45.00 -35 0.25233
-40.00 -35 0.12418
-35.00 -35 0.44607E-01
-30.00 -35 0.17751E-01
-25.00 -35 0.26541E-01
-20.00 -35 0.54717E-01
-15.00 -35 0.93185E-01
-10.00 -35 0.13106
-5.00 -35 0.14985
0.00 -35 0.13350
5.00 -35 0.85233E-01
10.00 -35 0.30640E-01
15.00 -35 -0.10727E-02
20.00 -35 -0.21123E-02
25.00 -35 0.76120E-02
30.00 -35 0.79073E-03
35.00 -35 -0.29536E-01
40.00 -35 -0.62820E-01
45.00 -35 -0.72625E-01
-85.00 -30 0.35082
-80.00 -30 0.29208
-70.00 -30 0.26101
-65.00 -30 0.33523
-60.00 -30 0.39796
-55.00 -30 0.38167
-50.00 -30 0.27612
-45.00 -30 0.13348
-40.00 -30 0.21475E-01
-35.00 -30 -0.29161E-01
-30.00 -30 -0.36530E-01
-25.00 -30 -0.35324E-01
-20.00 -30 -0.38402E-01
-15.00 -30 -0.30927E-01
-10.00 -30 0.16812E-02
-5.00 -30 0.46224E-01
0.00 -30 0.66789E-01
5.00 -30 0.38556E-01
10.00 -30 -0.24982E-01
15.00 -30 -0.81083E-01
20.00 -30 -0.95914E-01
25.00 -30 -0.74548E-01
30.00 -30 -0.53218E-01
35.00 -30 -0.62024E-01
40.00 -30 -0.95734E-01
45.00 -30 -0.12155
50.00 -30 -0.11472
55.00 -30 -0.84286E-01
60.00 -30 -0.61708E-01
65.00 -30 -0.63733E-01
70.00 -30 -0.68544E-01
80.00 -30 0.64148E-01
85.00 -30 0.19399
-45.00 -25 0.68757E-02
-40.00 -25 -0.74399E-01
-35.00 -25 -0.78545E-01
-30.00 -25 -0.50838E-01
-25.00 -25 -0.50141E-01
-20.00 -25 -0.91287E-01
-15.00 -25 -0.13597
-10.00 -25 -0.13786
-5.00 -25 -0.94017E-01
0.00 -25 -0.50312E-01
5.00 -25 -0.56149E-01
10.00 -25 -0.11470
15.00 -25 -0.17886
20.00 -25 -0.19665
25.00 -25 -0.16089
30.00 -25 -0.11401
35.00 -25 -0.10468
40.00 -25 -0.14009
45.00 -25 -0.18096
-75.00 -20 0.20781
-65.00 -20 0.21197
-60.00 -20 0.22537
-55.00 -20 0.16080
-50.00 -20 0.24862E-01
-45.00 -20 -0.10548
-40.00 -20 -0.15141
-35.00 -20 -0.10523
-30.00 -20 -0.37802E-01
-25.00 -20 -0.33254E-01
-20.00 -20 -0.11251
-15.00 -20 -0.21752
-10.00 -20 -0.26882
-5.00 -20 -0.23977
0.00 -20 -0.17688
5.00 -20 -0.15013
10.00 -20 -0.18459
15.00 -20 -0.24020
20.00 -20 -0.25669
25.00 -20 -0.21608
30.00 -20 -0.15999
35.00 -20 -0.14592
40.00 -20 -0.18806
45.00 -20 -0.24214
50.00 -20 -0.24851
55.00 -20 -0.18929
60.00 -20 -0.10239
65.00 -20 -0.40050E-01
75.00 -20 0.80999E-02
-70.00 -15 0.14488
-45.00 -15 -0.18982
-40.00 -15 -0.20975
-35.00 -15 -0.12721
-30.00 -15 -0.29638E-01
-25.00 -15 -0.20424E-01
-20.00 -15 -0.12818
-15.00 -15 -0.28206
-10.00 -15 -0.37511
-5.00 -15 -0.35609
0.00 -15 -0.26629
5.00 -15 -0.19223
10.00 -15 -0.18440
15.00 -15 -0.21964
20.00 -15 -0.23800
25.00 -15 -0.21077
30.00 -15 -0.16948
35.00 -15 -0.16881
40.00 -15 -0.22416
45.00 -15 -0.28937
70.00 -15 0.11486E-01
-65.00 -10 0.96682E-01
-60.00 -10 0.83874E-01
-55.00 -10 0.86724E-02
-50.00 -10 -0.12579
-45.00 -10 -0.24209
-40.00 -10 -0.25728
-35.00 -10 -0.16627
-30.00 -10 -0.58070E-01
-25.00 -10 -0.43979E-01
-20.00 -10 -0.16024
-15.00 -10 -0.33386
-10.00 -10 -0.44326
-5.00 -10 -0.41877
0.00 -10 -0.29382
5.00 -10 -0.16567
10.00 -10 -0.10852
15.00 -10 -0.12052
20.00 -10 -0.14745
25.00 -10 -0.14966
30.00 -10 -0.14138
35.00 -10 -0.16544
40.00 -10 -0.23506
45.00 -10 -0.30691
50.00 -10 -0.31575
55.00 -10 -0.23638
60.00 -10 -0.10986
65.00 -10 -0.65623E-02
-45.00 -5 -0.26542
-40.00 -5 -0.30191
-35.00 -5 -0.23464
-30.00 -5 -0.13741
-25.00 -5 -0.11658
-20.00 -5 -0.21623
-15.00 -5 -0.37453
-10.00 -5 -0.47253
-5.00 -5 -0.43225
0.00 -5 -0.27743
5.00 -5 -0.10673
10.00 -5 -0.96689E-02
15.00 -5 -0.34072E-02
20.00 -5 -0.41659E-01
25.00 -5 -0.75388E-01
30.00 -5 -0.99645E-01
35.00 -5 -0.14266
40.00 -5 -0.21623
45.00 -5 -0.28551
90.00 0.00 0.29507
-90.00 0.00 0.35008
