-85.00 0.00 0.42201
-80.00 0.00 0.37189
-75.00 0.00 0.30037
-70.00 0.00 0.26059
-65.00 0.00 0.25946
-60.00 0.00 0.24887
-55.00 0.00 0.16814
-50.00 0.00 0.47076E-04
-45.00 0.00 -0.20897
-40.00 0.00 -0.38301
-35.00 0.00 -0.47523
-30.00 0.00 -0.50014
-25.00 0.00 -0.51291
-20.00 0.00 -0.55551
-15.00 0.00 -0.61697
-10.00 0.00 -0.64107
-5.00 0.00 -0.57344
0.00 0.00 -0.40827
5.00 0.00 -0.19823
10.00 0.00 -0.22852E-01
15.00 0.00 0.57759E-01
20.00 0.00 0.31174E-01
25.00 0.00 -0.70673E-01
30.00 0.00 -0.19548
35.00 0.00 -0.29514
40.00 0.00 -0.33909
45.00 0.00 -0.31747
50.00 0.00 -0.24013
55.00 0.00 -0.13269
60.00 0.00 -0.27275E-01
65.00 0.00 0.51925E-01
70.00 0.00 0.10063
75.00 0.00 0.13513
80.00 0.00 0.17753
85.00 0.00 0.23817
-45.00 5.00 -0.22590
-40.00 5.00 -0.46274
-35.00 5.00 -0.63066
-30.00 5.00 -0.70713
-25.00 5.00 -0.72270
-20.00 5.00 -0.72403
-15.00 5.00 -0.72873
-10.00 5.00 -0.71063
-5.00 5.00 -0.62672
0.00 5.00 -0.46164
5.00 5.00 -0.25184
10.00 5.00 -0.69534E-01
15.00 5.00 0.21135E-01
20.00 5.00 0.23780E-02
25.00 5.00 -0.90650E-01
30.00 5.00 -0.19575
35.00 5.00 -0.26022
40.00 5.00 -0.26329
45.00 5.00 -0.21479
-65.00 10.00 0.21725
-60.00 10.00 0.22165
-55.00 10.00 0.18004
-50.00 10.00 0.33100E-01
-45.00 10.00 -0.21729
-40.00 10.00 -0.50204
-35.00 10.00 -0.72934
-30.00 10.00 -0.84477
-25.00 10.00 -0.85993
-20.00 10.00 -0.82945
-15.00 10.00 -0.79875
-10.00 10.00 -0.76791
-5.00 10.00 -0.70098
0.00 10.00 -0.56977
5.00 10.00 -0.39167
10.00 10.00 -0.22713
15.00 10.00 -0.13824
20.00 10.00 -0.14303
25.00 10.00 -0.20317
30.00 10.00 -0.25373
35.00 10.00 -0.24903
40.00 10.00 -0.18826
45.00 10.00 -0.10442
50.00 10.00 -0.32067E-01
55.00 10.00 0.16761E-01
60.00 10.00 0.51391E-01
65.00 10.00 0.84619E-01
-70.00 15.00 0.22419
-45.00 15.00 -0.19431
-40.00 15.00 -0.50241
-35.00 15.00 -0.75936
-30.00 15.00 -0.88957
-25.00 15.00 -0.89592
-20.00 15.00 -0.84444
-15.00 15.00 -0.80306
-10.00 15.00 -0.78815
-5.00 15.00 -0.76275
0.00 15.00 -0.68365
5.00 15.00 -0.55131
10.00 15.00 -0.41634
15.00 15.00 -0.33716
20.00 15.00 -0.32846
25.00 15.00 -0.34748
30.00 15.00 -0.33037
35.00 15.00 -0.24550
40.00 15.00 -0.11719
45.00 15.00 -0.13159E-02
70.00 15.00 0.12761
-75.00 20.00 0.30944
-65.00 20.00 0.17122
-60.00 20.00 0.18476
-55.00 20.00 0.17883
-50.00 20.00 0.67607E-01
-45.00 20.00 -0.17442
-40.00 20.00 -0.48117
-35.00 20.00 -0.73578
-30.00 20.00 -0.85322
-25.00 20.00 -0.83763
-20.00 20.00 -0.76822
-15.00 20.00 -0.72845
-10.00 20.00 -0.74077
-5.00 20.00 -0.76120
0.00 20.00 -0.73280
5.00 20.00 -0.64480
10.00 20.00 -0.54218
15.00 20.00 -0.47956
20.00 20.00 -0.46541
25.00 20.00 -0.45118
30.00 20.00 -0.37598
35.00 20.00 -0.22496
40.00 20.00 -0.47076E-01
45.00 20.00 0.84070E-01
50.00 20.00 0.12962
55.00 20.00 0.11196
60.00 20.00 0.87718E-01
65.00 20.00 0.96761E-01
75.00 20.00 0.17667
-45.00 25.00 -0.17481
-40.00 25.00 -0.46286
-35.00 25.00 -0.69059
-30.00 25.00 -0.77233
-25.00 25.00 -0.71983
-20.00 25.00 -0.62512
-15.00 25.00 -0.58146
-10.00 25.00 -0.61193
-5.00 25.00 -0.66533
0.00 25.00 -0.67586
5.00 25.00 -0.62682
10.00 25.00 -0.55903
15.00 25.00 -0.52063
20.00 25.00 -0.51120
25.00 25.00 -0.47711
30.00 25.00 -0.36372
35.00 25.00 -0.17418
40.00 25.00 0.22601E-01
45.00 25.00 0.14452
-80.00 30.00 0.42393
-70.00 30.00 0.18112
-65.00 30.00 0.11060
-60.00 30.00 0.10719
-55.00 30.00 0.10301
-50.00 30.00 0.85353E-02
-45.00 30.00 -0.20449
-40.00 30.00 -0.46614
-35.00 30.00 -0.65410
-30.00 30.00 -0.68695
-25.00 30.00 -0.58603
-20.00 30.00 -0.45404
-15.00 30.00 -0.39083
-10.00 30.00 -0.42054
-5.00 30.00 -0.48987
0.00 30.00 -0.53033
5.00 30.00 -0.52117
10.00 30.00 -0.49495
15.00 30.00 -0.48724
20.00 30.00 -0.48665
25.00 30.00 -0.43881
30.00 30.00 -0.30209
35.00 30.00 -0.99700E-01
40.00 30.00 0.85903E-01
45.00 30.00 0.17556
50.00 30.00 0.15700
55.00 30.00 0.91437E-01
60.00 30.00 0.58396E-01
65.00 30.00 0.90505E-01
70.00 30.00 0.15743
80.00 30.00 0.22684
-45.00 35.00 -0.25950
-40.00 35.00 -0.49361
-35.00 35.00 -0.63894
-30.00 35.00 -0.62048
-25.00 35.00 -0.46840
-20.00 35.00 -0.29280
-15.00 35.00 -0.19840
-10.00 35.00 -0.21331
-5.00 35.00 -0.28860
0.00 35.00 -0.35801
5.00 35.00 -0.39540
10.00 35.00 -0.41793
15.00 35.00 -0.44173
20.00 35.00 -0.44411
25.00 35.00 -0.37704
30.00 35.00 -0.22056
35.00 35.00 -0.20443E-01
40.00 35.00 0.13379
45.00 35.00 0.17695
-75.00 40.00 0.30420
-65.00 40.00 0.41319E-01
-60.00 40.00 0.18528E-02
-55.00 40.00 -0.29489E-01
-50.00 40.00 -0.13216
-45.00 40.00 -0.32424
-40.00 40.00 -0.53096
-35.00 40.00 -0.63572
-30.00 40.00 -0.57188
-25.00 40.00 -0.37710
-20.00 40.00 -0.16515
-15.00 40.00 -0.42557E-01
-10.00 40.00 -0.41823E-01
-5.00 40.00 -0.12170
0.00 40.00 -0.22072
5.00 40.00 -0.30618
10.00 40.00 -0.37585
15.00 40.00 -0.42350
20.00 40.00 -0.41718
25.00 40.00 -0.32150
30.00 40.00 -0.14393
35.00 40.00 0.47026E-01
40.00 40.00 0.16095
45.00 40.00 0.15445
50.00 40.00 0.68389E-01
55.00 40.00 -0.37240E-02
60.00 40.00 0.86151E-02
65.00 40.00 0.99323E-01
75.00 40.00 0.25116
-70.00 45.00 0.13144
-45.00 45.00 -0.37866
-40.00 45.00 -0.55585
-35.00 45.00 -0.62257
-30.00 45.00 -0.52358
-25.00 45.00 -0.30390
-20.00 45.00 -0.76905E-01
-15.00 45.00 0.55272E-01
-10.00 45.00 0.61005E-01
-5.00 45.00 -0.23840E-01
0.00 45.00 -0.14354
5.00 45.00 -0.26208
10.00 45.00 -0.36198
15.00 45.00 -0.41911
20.00 45.00 -0.39591
25.00 45.00 -0.27120
30.00 45.00 -0.77966E-01
35.00 45.00 0.97612E-01
40.00 45.00 0.16983
45.00 45.00 0.11985
70.00 45.00 0.23524
-65.00 50.00 -0.20036E-01
-60.00 50.00 -0.89742E-01
-55.00 50.00 -0.14378
-50.00 50.00 -0.24750
-45.00 50.00 -0.40746
-40.00 50.00 -0.55114
-35.00 50.00 -0.58155
-30.00 50.00 -0.45859
-25.00 50.00 -0.23561
-20.00 50.00 -0.21663E-01
-15.00 50.00 0.94042E-01
-10.00 50.00 0.90833E-01
-5.00 50.00 0.58413E-02
0.00 50.00 -0.11168
5.00 50.00 -0.23089
10.00 50.00 -0.33183
15.00 50.00 -0.38326
20.00 50.00 -0.34568
25.00 50.00 -0.20707
30.00 50.00 -0.15486E-01
35.00 50.00 0.13531
40.00 50.00 0.16882
45.00 50.00 0.87933E-01
50.00 50.00 -0.21733E-01
55.00 50.00 -0.56777E-01
60.00 50.00 0.22830E-01
65.00 50.00 0.16579
-85.00 55.00 0.46775
-45.00 55.00 -0.40611
-40.00 55.00 -0.51434
-35.00 55.00 -0.51150
-30.00 55.00 -0.37483
-25.00 55.00 -0.16687
-20.00 55.00 0.10467E-01
-15.00 55.00 0.88436E-01
-10.00 55.00 0.67279E-01
-5.00 55.00 -0.74713E-02
0.00 55.00 -0.94028E-01
5.00 55.00 -0.17731
10.00 55.00 -0.25037
15.00 55.00 -0.28708
20.00 55.00 -0.24783
25.00 55.00 -0.12038
30.00 55.00 0.47027E-01
35.00 55.00 0.16456
40.00 55.00 0.16705
45.00 55.00 0.71888E-01
85.00 55.00 0.26034
-80.00 60.00 0.42773
-75.00 60.00 0.27665
-70.00 60.00 0.85049E-01
-65.00 60.00 -0.61499E-01
-60.00 60.00 -0.13749
-55.00 60.00 -0.18784
-50.00 60.00 -0.26889
-45.00 60.00 -0.38059
-40.00 60.00 -0.45765
-35.00 60.00 -0.42891
-30.00 60.00 -0.28729
-25.00 60.00 -0.10358
-20.00 60.00 0.28350E-01
-15.00 60.00 0.62431E-01
-10.00 60.00 0.23671E-01
-5.00 60.00 -0.30726E-01
0.00 60.00 -0.67270E-01
5.00 60.00 -0.93258E-01
10.00 60.00 -0.12472
15.00 60.00 -0.14800
20.00 60.00 -0.12282
25.00 60.00 -0.27738E-01
30.00 60.00 0.10105
35.00 60.00 0.18555
40.00 60.00 0.17073
45.00 60.00 0.79650E-01
50.00 60.00 0.26749E-02
55.00 60.00 0.24083E-01
60.00 60.00 0.14956
65.00 60.00 0.30061
70.00 60.00 0.38178
75.00 60.00 0.36180
80.00 60.00 0.29378
-45.00 65.00 -0.34125
-40.00 65.00 -0.39890
-35.00 65.00 -0.35703
-30.00 65.00 -0.21770
-25.00 65.00 -0.56070E-01
-20.00 65.00 0.40693E-01
-15.00 65.00 0.43838E-01
-10.00 65.00 -0.26862E-02
-5.00 65.00 -0.33058E-01
0.00 65.00 -0.21816E-01
5.00 65.00 0.31797E-02
10.00 65.00 0.43751E-02
15.00 65.00 -0.15960E-01
20.00 65.00 -0.14878E-01
25.00 65.00 0.42034E-01
30.00 65.00 0.13464
35.00 65.00 0.19797
40.00 65.00 0.18349
45.00 65.00 0.11259
-65.00 70.00 -0.82686E-01
-60.00 70.00 -0.13905
-55.00 70.00 -0.16142
-50.00 70.00 -0.21201
-45.00 70.00 -0.29507
-40.00 70.00 -0.34945
-35.00 70.00 -0.31065
-30.00 70.00 -0.17961
-25.00 70.00 -0.29278E-01
-20.00 70.00 0.57285E-01
-15.00 70.00 0.57095E-01
-10.00 70.00 0.18833E-01
-5.00 70.00 0.83938E-02
0.00 70.00 0.45046E-01
5.00 70.00 0.90749E-01
10.00 70.00 0.98865E-01
15.00 70.00 0.68354E-01
20.00 70.00 0.46170E-01
25.00 70.00 0.76118E-01
30.00 70.00 0.14900
35.00 70.00 0.20837
40.00 70.00 0.20855
45.00 70.00 0.16623
50.00 70.00 0.15041
55.00 70.00 0.21634
60.00 70.00 0.34686
65.00 70.00 0.46023
-70.00 75.00 0.43286E-01
-45.00 75.00 -0.24126
-40.00 75.00 -0.30688
-35.00 75.00 -0.28662
-30.00 75.00 -0.16938
-25.00 75.00 -0.18190E-01
-20.00 75.00 0.85896E-01
-15.00 75.00 0.11269
-10.00 75.00 0.98769E-01
-5.00 75.00 0.99869E-01
0.00 75.00 0.13220
5.00 75.00 0.16214
10.00 75.00 0.15093
15.00 75.00 0.10383
20.00 75.00 0.70099E-01
25.00 75.00 0.93375E-01
30.00 75.00 0.16504
35.00 75.00 0.23129
40.00 75.00 0.24870
45.00 75.00 0.23151
70.00 75.00 0.51456
-75.00 80.00 0.22500
-65.00 80.00 -0.90418E-01
-60.00 80.00 -0.10763
-55.00 80.00 -0.81712E-01
-50.00 80.00 -0.95559E-01
-45.00 80.00 -0.17297
-40.00 80.00 -0.25702
-35.00 80.00 -0.26569
-30.00 80.00 -0.16829
-25.00 80.00 -0.11121E-01
-20.00 80.00 0.12663
-15.00 80.00 0.19888
-10.00 80.00 0.21785
-5.00 80.00 0.22199
0.00 80.00 0.22817
5.00 80.00 0.21977
10.00 80.00 0.17903
15.00 80.00 0.12249
20.00 80.00 0.96003E-01
25.00 80.00 0.13134
30.00 80.00 0.21072
35.00 80.00 0.28028
40.00 80.00 0.30272
45.00 80.00 0.29610
50.00 80.00 0.31623
55.00 80.00 0.39684
60.00 80.00 0.50671
65.00 80.00 0.56974
75.00 80.00 0.41780
-45.00 85.00 -0.83906E-01
-40.00 85.00 -0.18362
-35.00 85.00 -0.22395
-30.00 85.00 -0.15296
-25.00 85.00 0.34946E-02
-20.00 85.00 0.17047
-15.00 85.00 0.28510
-10.00 85.00 0.33243
-5.00 85.00 0.33272
0.00 85.00 0.30681
5.00 85.00 0.26109
10.00 85.00 0.20254
15.00 85.00 0.15648
20.00 85.00 0.15700
25.00 85.00 0.21469
30.00 85.00 0.29793
35.00 85.00 0.35498
40.00 85.00 0.36154
45.00 85.00 0.34651
-80.00 90.00 0.37153
-70.00 90.00 0.48722E-02
-65.00 90.00 -0.92495E-01
-60.00 90.00 -0.63723E-01
-55.00 90.00 0.25932E-01
-50.00 90.00 0.72865E-01
-45.00 90.00 0.24529E-01
-40.00 90.00 -0.79570E-01
-35.00 90.00 -0.14622
-30.00 90.00 -0.10682
-25.00 90.00 0.32740E-01
-20.00 90.00 0.20579
-15.00 90.00 0.33926
-10.00 90.00 0.39787
-5.00 90.00 0.38867
0.00 90.00 0.33847
5.00 90.00 0.27471
10.00 90.00 0.22341
15.00 90.00 0.21072
20.00 90.00 0.25174
25.00 90.00 0.33236
30.00 90.00 0.40860
35.00 90.00 0.43609
40.00 90.00 0.40934
45.00 90.00 0.37217
50.00 90.00 0.38190
55.00 90.00 0.45500
60.00 90.00 0.54489
65.00 90.00 0.57741
70.00 90.00 0.51567
80.00 90.00 0.29361
-45.00 95.00 0.14040
-40.00 95.00 0.47396E-01
-35.00 95.00 -0.33553E-01
-30.00 95.00 -0.26203E-01
-25.00 95.00 0.79227E-01
-20.00 95.00 0.22809
-15.00 95.00 0.34788
-10.00 95.00 0.39544
-5.00 95.00 0.37262
0.00 95.00 0.31171
5.00 95.00 0.25320
10.00 95.00 0.23110
15.00 95.00 0.26410
20.00 95.00 0.34629
25.00 95.00 0.44266
30.00 95.00 0.50298
35.00 95.00 0.49455
40.00 95.00 0.43147
45.00 95.00 0.37066
-75.00 100.00 0.16873
-65.00 100.00 -0.93048E-01
-60.00 100.00 -0.32891E-01
-55.00 100.00 0.10881
-50.00 100.00 0.22543
-45.00 100.00 0.24472
-40.00 100.00 0.17769
-35.00 100.00 0.98736E-01
-30.00 100.00 0.81009E-01
-25.00 100.00 0.14289
-20.00 100.00 0.24376
-15.00 100.00 0.32238
-10.00 100.00 0.34095
-5.00 100.00 0.30341
0.00 100.00 0.24449
5.00 100.00 0.20659
10.00 100.00 0.22029
15.00 100.00 0.29259
20.00 100.00 0.40169
25.00 100.00 0.50195
30.00 100.00 0.54479
35.00 100.00 0.50981
40.00 100.00 0.42449
45.00 100.00 0.35109
50.00 100.00 0.34289
55.00 100.00 0.40176
60.00 100.00 0.47431
65.00 100.00 0.49428
75.00 100.00 0.34182
-70.00 105.00 -0.17178E-01
-45.00 105.00 0.31960
-40.00 105.00 0.28957
-35.00 105.00 0.23020
-30.00 105.00 0.20136
-25.00 105.00 0.22158
-20.00 105.00 0.26376
-15.00 105.00 0.28610
-10.00 105.00 0.26697
-5.00 105.00 0.21754
0.00 105.00 0.17026
5.00 105.00 0.15816
10.00 105.00 0.19930
15.00 105.00 0.28949
20.00 105.00 0.40157
25.00 105.00 0.49282
30.00 105.00 0.52383
35.00 105.00 0.48315
40.00 105.00 0.40050
45.00 105.00 0.33205
70.00 105.00 0.38651
-85.00 110.00 0.41226
-65.00 110.00 -0.86836E-01
-60.00 110.00 -0.26084E-01
-55.00 110.00 0.12160
-50.00 110.00 0.27072
-45.00 110.00 0.35621
-40.00 110.00 0.36934
-35.00 110.00 0.34540
-30.00 110.00 0.32245
-25.00 110.00 0.31054
-20.00 110.00 0.29356
-15.00 110.00 0.25428
-10.00 110.00 0.19528
-5.00 110.00 0.13876
0.00 110.00 0.11049
5.00 110.00 0.12482
10.00 110.00 0.18074
15.00 110.00 0.26550
20.00 110.00 0.35779
25.00 110.00 0.43047
30.00 110.00 0.45887
35.00 110.00 0.43556
40.00 110.00 0.38061
45.00 110.00 0.33312
50.00 110.00 0.32453
55.00 110.00 0.35335
60.00 110.00 0.38512
65.00 110.00 0.38157
85.00 110.00 0.27277
-45.00 115.00 0.35799
-40.00 115.00 0.41594
-35.00 115.00 0.43865
-30.00 115.00 0.43619
-25.00 115.00 0.40260
-20.00 115.00 0.32935
-15.00 115.00 0.22642
-10.00 115.00 0.12640
-5.00 115.00 0.65945E-01
0.00 115.00 0.61965E-01
5.00 115.00 0.10413
10.00 115.00 0.16806
15.00 115.00 0.23412
20.00 115.00 0.29430
25.00 115.00 0.34517
30.00 115.00 0.37991
35.00 115.00 0.39107
40.00 115.00 0.38071
45.00 115.00 0.36375
-80.00 120.00 0.29931
-75.00 120.00 0.14334
-70.00 120.00 0.15921E-02
-65.00 120.00 -0.59446E-01
-60.00 120.00 -0.20600E-01
-55.00 120.00 0.87609E-01
-50.00 120.00 0.21738
-45.00 120.00 0.33706
-40.00 120.00 0.43706
-35.00 120.00 0.51060
-30.00 120.00 0.53677
-25.00 120.00 0.48901
-20.00 120.00 0.36334
-15.00 120.00 0.19719
-10.00 120.00 0.55622E-01
-5.00 120.00 -0.81886E-02
0.00 120.00 0.13727E-01
5.00 120.00 0.84592E-01
10.00 120.00 0.15532
15.00 120.00 0.20016
20.00 120.00 0.22691
25.00 120.00 0.25817
30.00 120.00 0.30516
35.00 120.00 0.35836
40.00 120.00 0.39904
45.00 120.00 0.41598
50.00 120.00 0.41027
55.00 120.00 0.38722
60.00 120.00 0.34915
65.00 120.00 0.29908
70.00 120.00 0.24989
75.00 120.00 0.22408
80.00 120.00 0.23704
-45.00 125.00 0.30614
-40.00 125.00 0.43985
-35.00 125.00 0.55920
-30.00 125.00 0.61418
-25.00 125.00 0.55797
-20.00 125.00 0.38963
-15.00 125.00 0.17093
-10.00 125.00 -0.43687E-02
-5.00 125.00 -0.69291E-01
0.00 125.00 -0.24994E-01
5.00 125.00 0.67942E-01
10.00 125.00 0.13969
15.00 125.00 0.16125
20.00 125.00 0.15623
25.00 125.00 0.17070
30.00 125.00 0.23119
35.00 125.00 0.32535
40.00 125.00 0.41543
45.00 125.00 0.46677
-65.00 130.00 -0.22905E-02
-60.00 130.00 0.16017E-01
-55.00 130.00 0.71742E-01
-50.00 130.00 0.15415
-45.00 130.00 0.27105
-40.00 130.00 0.42277
-35.00 130.00 0.57221
-30.00 130.00 0.64819
-25.00 130.00 0.59020
-20.00 130.00 0.40092
-15.00 130.00 0.15912
-10.00 130.00 -0.24977E-01
-5.00 130.00 -0.81089E-01
0.00 130.00 -0.22120E-01
5.00 130.00 0.74055E-01
10.00 130.00 0.12777
15.00 130.00 0.11474
20.00 130.00 0.74950E-01
25.00 130.00 0.72521E-01
30.00 130.00 0.14344
35.00 130.00 0.27154
40.00 130.00 0.40448
45.00 130.00 0.48992
50.00 130.00 0.50275
55.00 130.00 0.44989
60.00 130.00 0.35945
65.00 130.00 0.26734
-70.00 135.00 0.62628E-01
-45.00 135.00 0.22866
-40.00 135.00 0.37519
-35.00 135.00 0.52896
-30.00 135.00 0.61049
-25.00 135.00 0.55736
-20.00 135.00 0.37835
-15.00 135.00 0.15864
-10.00 135.00 0.58193E-02
-5.00 135.00 -0.23516E-01
0.00 135.00 0.41154E-01
5.00 135.00 0.11404
10.00 135.00 0.12204
15.00 135.00 0.57887E-01
20.00 135.00 -0.20787E-01
25.00 135.00 -0.39728E-01
30.00 135.00 0.37772E-01
35.00 135.00 0.18970
40.00 135.00 0.35496
45.00 135.00 0.47174
70.00 135.00 0.20268
-75.00 140.00 0.15159
-65.00 140.00 0.70084E-01
-60.00 140.00 0.79411E-01
-55.00 140.00 0.89388E-01
-50.00 140.00 0.10969
-45.00 140.00 0.17185
-40.00 140.00 0.28656
-35.00 140.00 0.41356
-30.00 140.00 0.47913
-25.00 140.00 0.43207
-20.00 140.00 0.29036
-15.00 140.00 0.13477
-10.00 140.00 0.50701E-01
-5.00 140.00 0.64563E-01
0.00 140.00 0.12695
5.00 140.00 0.15529
10.00 140.00 0.10008
15.00 140.00 -0.18013E-01
20.00 140.00 -0.12564
25.00 140.00 -0.14987
30.00 140.00 -0.64442E-01
35.00 140.00 0.10044
40.00 140.00 0.28237
45.00 140.00 0.42089
50.00 140.00 0.48028
55.00 140.00 0.45634
60.00 140.00 0.37336
65.00 140.00 0.27525
75.00 140.00 0.20212
-45.00 145.00 0.98015E-01
-40.00 145.00 0.15962
-35.00 145.00 0.23322
-30.00 145.00 0.26072
-25.00 145.00 0.21110
-20.00 145.00 0.11328
-15.00 145.00 0.36327E-01
-10.00 145.00 0.31953E-01
-5.00 145.00 0.89313E-01
0.00 145.00 0.14216
5.00 145.00 0.12263
10.00 145.00 0.16201E-01
15.00 145.00 -0.12626
20.00 145.00 -0.22515
25.00 145.00 -0.22453
30.00 145.00 -0.12053
35.00 145.00 0.47369E-01
40.00 145.00 0.22483
45.00 145.00 0.36582
-80.00 150.00 0.24390
-70.00 150.00 0.11909
-65.00 150.00 0.12497
-60.00 150.00 0.12650
-55.00 150.00 0.95352E-01
-50.00 150.00 0.46104E-01
-45.00 150.00 0.15356E-01
-40.00 150.00 0.18085E-01
-35.00 150.00 0.28187E-01
-30.00 150.00 0.46256E-02
-25.00 150.00 -0.62794E-01
-20.00 150.00 -0.13557
-15.00 150.00 -0.15785
-10.00 150.00 -0.10973
-5.00 150.00 -0.31901E-01
0.00 150.00 0.38226E-02
5.00 150.00 -0.46337E-01
10.00 150.00 -0.16065
15.00 150.00 -0.26743
20.00 150.00 -0.29769
25.00 150.00 -0.22924
30.00 150.00 -0.89933E-01
35.00 150.00 0.72784E-01
40.00 150.00 0.22245
45.00 150.00 0.34000
50.00 150.00 0.41233
55.00 150.00 0.42682
60.00 150.00 0.38309
65.00 150.00 0.30737
70.00 150.00 0.24608
80.00 150.00 0.27075
-45.00 155.00 -0.58291E-01
-40.00 155.00 -0.99005E-01
-35.00 155.00 -0.13827
-30.00 155.00 -0.20723
-25.00 155.00 -0.30339
-20.00 155.00 -0.38309
-15.00 155.00 -0.39957
-10.00 155.00 -0.35100
-5.00 155.00 -0.28917
0.00 155.00 -0.27661
5.00 155.00 -0.32937
10.00 155.00 -0.39871
15.00 155.00 -0.40917
20.00 155.00 -0.31905
25.00 155.00 -0.15008
30.00 155.00 0.35986E-01
35.00 155.00 0.18730
40.00 155.00 0.29136
45.00 155.00 0.36273
-75.00 160.00 0.15029
-65.00 160.00 0.13906
-60.00 160.00 0.12485
-55.00 160.00 0.61979E-01
-50.00 160.00 -0.27459E-01
-45.00 160.00 -0.10402
-40.00 160.00 -0.15563
-35.00 160.00 -0.20933
-30.00 160.00 -0.29825
-25.00 160.00 -0.41970
-20.00 160.00 -0.53005
-15.00 160.00 -0.58413
-10.00 160.00 -0.57963
-5.00 160.00 -0.55979
0.00 160.00 -0.56840
5.00 160.00 -0.59989
10.00 160.00 -0.59493
15.00 160.00 -0.48965
20.00 160.00 -0.27484
25.00 160.00 -0.10778E-01
30.00 160.00 0.21564
35.00 160.00 0.35234
40.00 160.00 0.40823
45.00 160.00 0.42655
50.00 160.00 0.43739
55.00 160.00 0.43654
60.00 160.00 0.40631
65.00 160.00 0.34979
75.00 160.00 0.28473
-85.00 165.00 0.32839
-70.00 165.00 0.12710
-45.00 165.00 -0.11269
-40.00 165.00 -0.13955
-35.00 165.00 -0.16807
-30.00 165.00 -0.24378
-25.00 165.00 -0.37377
-20.00 165.00 -0.51693
-15.00 165.00 -0.62106
-10.00 165.00 -0.66858
-5.00 165.00 -0.68412
0.00 165.00 -0.69680
5.00 165.00 -0.69661
10.00 165.00 -0.63219
15.00 165.00 -0.45665
20.00 165.00 -0.17960
25.00 165.00 0.12480
30.00 165.00 0.36428
35.00 165.00 0.48927
40.00 165.00 0.51646
45.00 165.00 0.49929
70.00 165.00 0.32340
85.00 165.00 0.33673
-65.00 170.00 0.11951
-60.00 170.00 0.87839E-01
-55.00 170.00 0.15107E-01
-50.00 170.00 -0.60245E-01
-45.00 170.00 -0.90758E-01
-40.00 170.00 -0.71671E-01
-35.00 170.00 -0.52248E-01
-30.00 170.00 -0.94369E-01
-25.00 170.00 -0.21707
-20.00 170.00 -0.37884
-15.00 170.00 -0.51272
-10.00 170.00 -0.57945
-5.00 170.00 -0.58890
0.00 170.00 -0.57324
5.00 170.00 -0.54269
10.00 170.00 -0.46988
15.00 170.00 -0.31856
20.00 170.00 -0.87856E-01
25.00 170.00 0.17199
30.00 170.00 0.38861
35.00 170.00 0.51495
40.00 170.00 0.55363
45.00 170.00 0.54075
50.00 170.00 0.51018
55.00 170.00 0.47318
60.00 170.00 0.42755
65.00 170.00 0.37856
-45.00 175.00 -0.56729E-01
-40.00 175.00 0.38899E-02
-35.00 175.00 0.63026E-01
-30.00 175.00 0.46514E-01
-25.00 175.00 -0.70367E-01
-20.00 175.00 -0.23837
-15.00 175.00 -0.37048
-10.00 175.00 -0.40745
-5.00 175.00 -0.35707
0.00 175.00 -0.27703
5.00 175.00 -0.22067
10.00 175.00 -0.19453
15.00 175.00 -0.16096
20.00 175.00 -0.77363E-01
25.00 175.00 0.65386E-01
30.00 175.00 0.23617
35.00 175.00 0.38779
40.00 175.00 0.48670
45.00 175.00 0.52534
-80.00 180.00 0.20737
-75.00 180.00 0.13494
-70.00 180.00 0.10938
-65.00 180.00 0.96440E-01
-60.00 180.00 0.57683E-01
-55.00 180.00 -0.57333E-02
-50.00 180.00 -0.49595E-01
-45.00 180.00 -0.30343E-01
-40.00 180.00 0.44200E-01
-35.00 180.00 0.10732
-30.00 180.00 0.82280E-01
-25.00 180.00 -0.50752E-01
-20.00 180.00 -0.22782
-15.00 180.00 -0.34131
-10.00 180.00 -0.31841
-5.00 180.00 -0.17662
0.00 180.00 -0.12396E-01
5.00 180.00 0.67946E-01
10.00 180.00 0.22426E-01
15.00 180.00 -0.10107
20.00 180.00 -0.20211
25.00 180.00 -0.19619
30.00 180.00 -0.65269E-01
35.00 180.00 0.13936
40.00 180.00 0.33537
45.00 180.00 0.45793
50.00 180.00 0.48861
55.00 180.00 0.45351
60.00 180.00 0.39931
65.00 180.00 0.36488
70.00 180.00 0.36324
75.00 180.00 0.37982
80.00 180.00 0.38722
-45.00 -175 -0.21660E-01
-40.00 -175 0.31066E-01
-35.00 -175 0.55229E-01
-30.00 -175 -0.17278E-01
-25.00 -175 -0.19281
-20.00 -175 -0.39197
-15.00 -175 -0.49340
-10.00 -175 -0.41925
-5.00 -175 -0.19960
0.00 -175 0.35945E-01
5.00 -175 0.13876
10.00 -175 0.39558E-01
15.00 -175 -0.20381
20.00 -175 -0.44207
25.00 -175 -0.52804
30.00 -175 -0.40437
35.00 -175 -0.12959
40.00 -175 0.16824
45.00 -175 0.37302
-65.00 -170 0.95996E-01
-60.00 -170 0.63513E-01
-55.00 -170 0.15110E-01
-50.00 -170 -0.21831E-01
-45.00 -170 -0.27379E-01
-40.00 -170 -0.21638E-01
-35.00 -170 -0.61918E-01
-30.00 -170 -0.19884
-25.00 -170 -0.42290
-20.00 -170 -0.64771
-15.00 -170 -0.75310
-10.00 -170 -0.66604
-5.00 -170 -0.42269
0.00 -170 -0.16188
5.00 -170 -0.45048E-01
10.00 -170 -0.15207
15.00 -170 -0.42353
20.00 -170 -0.69217
25.00 -170 -0.78518
30.00 -170 -0.62985
35.00 -170 -0.29276
40.00 -170 0.70597E-01
45.00 -170 0.31668
50.00 -170 0.39488
55.00 -170 0.35765
60.00 -170 0.30331
65.00 -170 0.30085
-70.00 -165 0.12012
-45.00 -165 -0.36462E-01
-40.00 -165 -0.81165E-01
-35.00 -165 -0.18099
-30.00 -165 -0.36454
-25.00 -165 -0.61016
-20.00 -165 -0.83903
-15.00 -165 -0.95166
-10.00 -165 -0.89067
-5.00 -165 -0.68864
0.00 -165 -0.46281
5.00 -165 -0.35052
10.00 -165 -0.42133
15.00 -165 -0.62453
20.00 -165 -0.81295
25.00 -165 -0.83339
30.00 -165 -0.62579
35.00 -165 -0.26272
40.00 -165 0.98999E-01
45.00 -165 0.32038
70.00 -165 0.33857
-75.00 -160 0.15607
-65.00 -160 0.11985
-60.00 -160 0.94373E-01
-55.00 -160 0.55759E-01
-50.00 -160 0.11540E-01
-45.00 -160 -0.40392E-01
-40.00 -160 -0.11943
-35.00 -160 -0.25022
-30.00 -160 -0.43940
-25.00 -160 -0.65905
-20.00 -160 -0.85076
-15.00 -160 -0.95162
-10.00 -160 -0.92988
-5.00 -160 -0.80928
0.00 -160 -0.66369
5.00 -160 -0.57792
10.00 -160 -0.59336
15.00 -160 -0.67351
20.00 -160 -0.71881
25.00 -160 -0.62972
30.00 -160 -0.37924
35.00 -160 -0.41961E-01
40.00 -160 0.24747
45.00 -160 0.38159
50.00 -160 0.35060
55.00 -160 0.24303
60.00 -160 0.17657
65.00 -160 0.21318
75.00 -160 0.42377
-45.00 -155 -0.40194E-01
-40.00 -155 -0.12978
-35.00 -155 -0.25925
-30.00 -155 -0.41758
-25.00 -155 -0.57399
-20.00 -155 -0.69335
-15.00 -155 -0.75324
-10.00 -155 -0.75241
-5.00 -155 -0.70898
0.00 -155 -0.65143
5.00 -155 -0.60483
10.00 -155 -0.57454
15.00 -155 -0.53605
20.00 -155 -0.44334
25.00 -155 -0.26021
30.00 -155 0.18452E-02
35.00 -155 0.27054
40.00 -155 0.44549
45.00 -155 0.46269
-80.00 -150 0.22544
-70.00 -150 0.17131
-65.00 -150 0.14899
-60.00 -150 0.10861
-55.00 -150 0.59462E-01
-50.00 -150 0.10754E-01
-45.00 -150 -0.45178E-01
-40.00 -150 -0.12579
-35.00 -150 -0.23570
-30.00 -150 -0.35399
-25.00 -150 -0.44621
-20.00 -150 -0.49049
-15.00 -150 -0.49300
-10.00 -150 -0.47936
-5.00 -150 -0.47145
0.00 -150 -0.47055
5.00 -150 -0.45816
10.00 -150 -0.40872
15.00 -150 -0.30173
20.00 -150 -0.12908
25.00 -150 0.97461E-01
30.00 -150 0.33778
35.00 -150 0.52514
40.00 -150 0.59133
45.00 -150 0.50974
50.00 -150 0.32663
55.00 -150 0.14754
60.00 -150 0.76436E-01
65.00 -150 0.14724
70.00 -150 0.30101
80.00 -150 0.46385
-45.00 -145 -0.64957E-01
-40.00 -145 -0.12533
-35.00 -145 -0.21427
-30.00 -145 -0.31121
-25.00 -145 -0.37504
-20.00 -145 -0.37894
-15.00 -145 -0.33448
-10.00 -145 -0.28217
-5.00 -145 -0.25751
0.00 -145 -0.26266
5.00 -145 -0.26607
10.00 -145 -0.22603
15.00 -145 -0.11694
20.00 -145 0.58544E-01
25.00 -145 0.27085
30.00 -145 0.47025
35.00 -145 0.59733
40.00 -145 0.60356
45.00 -145 0.48104
-85.00 -140 0.30730
-75.00 -140 0.22686
-65.00 -140 0.16707
-60.00 -140 0.77658E-01
-55.00 -140 -0.15116E-01
-50.00 -140 -0.74204E-01
-45.00 -140 -0.10136
-40.00 -140 -0.13422
-35.00 -140 -0.20574
-30.00 -140 -0.30672
-25.00 -140 -0.38825
-20.00 -140 -0.40214
-15.00 -140 -0.34171
-10.00 -140 -0.24689
-5.00 -140 -0.17137
0.00 -140 -0.14204
5.00 -140 -0.14343
10.00 -140 -0.13444
15.00 -140 -0.78427E-01
20.00 -140 0.35960E-01
25.00 -140 0.19097
30.00 -140 0.34646
35.00 -140 0.45148
40.00 -140 0.46264
45.00 -140 0.36947
50.00 -140 0.21318
55.00 -140 0.77384E-01
60.00 -140 0.43705E-01
65.00 -140 0.13663
75.00 -140 0.43676
85.00 -140 0.40421
-70.00 -135 0.23875
-45.00 -135 -0.14649
-40.00 -135 -0.14286
-35.00 -135 -0.19154
-30.00 -135 -0.30380
-25.00 -135 -0.42665
-20.00 -135 -0.48456
-15.00 -135 -0.43956
-10.00 -135 -0.31893
-5.00 -135 -0.19163
0.00 -135 -0.11779
5.00 -135 -0.11249
10.00 -135 -0.14596
15.00 -135 -0.17032
20.00 -135 -0.14877
25.00 -135 -0.71121E-01
30.00 -135 0.44045E-01
35.00 -135 0.15629
40.00 -135 0.21926
45.00 -135 0.20606
70.00 -135 0.30918
-65.00 -130 0.17920
-60.00 -130 0.23458E-01
-55.00 -130 -0.13241
-50.00 -130 -0.20798
-45.00 -130 -0.18792
-40.00 -130 -0.13761
-35.00 -130 -0.14698
-30.00 -130 -0.25223
-25.00 -130 -0.40371
-20.00 -130 -0.50548
-15.00 -130 -0.49062
-10.00 -130 -0.36974
-5.00 -130 -0.21834
0.00 -130 -0.12070
5.00 -130 -0.11757
10.00 -130 -0.19169
15.00 -130 -0.28960
20.00 -130 -0.35503
25.00 -130 -0.35259
30.00 -130 -0.27761
35.00 -130 -0.15606
40.00 -130 -0.34455E-01
45.00 -130 0.43137E-01
50.00 -130 0.63841E-01
55.00 -130 0.59441E-01
60.00 -130 0.86460E-01
65.00 -130 0.18047
-45.00 -125 -0.21597
-40.00 -125 -0.11556
-35.00 -125 -0.71213E-01
-30.00 -125 -0.14189
-25.00 -125 -0.28805
-20.00 -125 -0.40760
-15.00 -125 -0.41865
-10.00 -125 -0.31933
-5.00 -125 -0.18150
0.00 -125 -0.93508E-01
5.00 -125 -0.10306
10.00 -125 -0.19910
15.00 -125 -0.33222
20.00 -125 -0.44620
25.00 -125 -0.49842
30.00 -125 -0.46819
35.00 -125 -0.36169
40.00 -125 -0.21323
45.00 -125 -0.72700E-01
-80.00 -120 0.28485
-75.00 -120 0.30836
-70.00 -120 0.30848
-65.00 -120 0.20550
-60.00 -120 0.36131E-02
-55.00 -120 -0.19945
-50.00 -120 -0.28844
-45.00 -120 -0.22701
-40.00 -120 -0.88698E-01
-35.00 -120 0.40404E-02
-30.00 -120 -0.21685E-01
-25.00 -120 -0.13743
-20.00 -120 -0.24730
-15.00 -120 -0.27103
-10.00 -120 -0.20322
-5.00 -120 -0.10549
0.00 -120 -0.50455E-01
5.00 -120 -0.71681E-01
10.00 -120 -0.15567
15.00 -120 -0.26703
20.00 -120 -0.37282
25.00 -120 -0.44669
30.00 -120 -0.46353
35.00 -120 -0.40529
40.00 -120 -0.27861
45.00 -120 -0.12219
50.00 -120 0.13898E-01
55.00 -120 0.10469
60.00 -120 0.16795
65.00 -120 0.24130
70.00 -120 0.33788
75.00 -120 0.42398
80.00 -120 0.44841
-45.00 -115 -0.22035
-40.00 -115 -0.72709E-01
-35.00 -115 0.36925E-01
-30.00 -115 0.34952E-01
-25.00 -115 -0.54262E-01
-20.00 -115 -0.14466
-15.00 -115 -0.16867
-10.00 -115 -0.12711
-5.00 -115 -0.71904E-01
0.00 -115 -0.50337E-01
5.00 -115 -0.68847E-01
10.00 -115 -0.10482
15.00 -115 -0.14233
20.00 -115 -0.18745
25.00 -115 -0.24789
30.00 -115 -0.30502
35.00 -115 -0.31591
40.00 -115 -0.24906
45.00 -115 -0.11791
-65.00 -110 0.25615
-60.00 -110 0.56821E-01
-55.00 -110 -0.14816
-50.00 -110 -0.24299
-45.00 -110 -0.19270
-40.00 -110 -0.69699E-01
-35.00 -110 0.11760E-01
-30.00 -110 -0.90214E-02
-25.00 -110 -0.99336E-01
-20.00 -110 -0.17745
-15.00 -110 -0.19135
-10.00 -110 -0.15618
-5.00 -110 -0.12241
0.00 -110 -0.11626
5.00 -110 -0.11638
10.00 -110 -0.87551E-01
15.00 -110 -0.30488E-01
20.00 -110 0.91405E-02
25.00 -110 -0.14997E-01
30.00 -110 -0.97241E-01
35.00 -110 -0.17471
40.00 -110 -0.17817
45.00 -110 -0.90976E-01
50.00 -110 0.40466E-01
55.00 -110 0.15287
60.00 -110 0.22132
65.00 -110 0.26941
-70.00 -105 0.36666
-45.00 -105 -0.13636
-40.00 -105 -0.60356E-01
-35.00 -105 -0.41265E-01
-30.00 -105 -0.11731
-25.00 -105 -0.23585
-20.00 -105 -0.31026
-15.00 -105 -0.30129
-10.00 -105 -0.24398
-5.00 -105 -0.19983
0.00 -105 -0.18816
5.00 -105 -0.16879
10.00 -105 -0.92502E-01
15.00 -105 0.34619E-01
20.00 -105 0.14198
25.00 -105 0.15407
30.00 -105 0.62482E-01
35.00 -105 -0.59855E-01
40.00 -105 -0.11749
45.00 -105 -0.69501E-01
70.00 -105 0.30911
-75.00 -100 0.34943
-65.00 -100 0.31566
-60.00 -100 0.16511
-55.00 -100 0.98760E-02
-50.00 -100 -0.62689E-01
-45.00 -100 -0.44541E-01
-40.00 -100 -0.14354E-01
-35.00 -100 -0.61501E-01
-30.00 -100 -0.19939
-25.00 -100 -0.35090
-20.00 -100 -0.41867
-15.00 -100 -0.37198
-10.00 -100 -0.26764
-5.00 -100 -0.18836
0.00 -100 -0.16200
5.00 -100 -0.14150
10.00 -100 -0.63502E-01
15.00 -100 0.75246E-01
20.00 -100 0.20160
25.00 -100 0.22835
30.00 -100 0.13609
35.00 -100 -0.39343E-02
40.00 -100 -0.87729E-01
45.00 -100 -0.62551E-01
50.00 -100 0.39683E-01
55.00 -100 0.14474
60.00 -100 0.20701
65.00 -100 0.23961
75.00 -100 0.33951
-45.00 -95 0.79682E-01
-40.00 -95 0.87049E-01
-35.00 -95 0.91061E-03
-30.00 -95 -0.17286
-25.00 -95 -0.33795
-20.00 -95 -0.38747
-15.00 -95 -0.29589
-10.00 -95 -0.13809
-5.00 -95 -0.19463E-01
0.00 -95 0.15612E-01
5.00 -95 0.11639E-01
10.00 -95 0.44078E-01
15.00 -95 0.13567
20.00 -95 0.22940
25.00 -95 0.24304
30.00 -95 0.15085
35.00 -95 0.13060E-01
40.00 -95 -0.74037E-01
45.00 -95 -0.58470E-01
-80.00 -90 0.30732
-70.00 -90 0.38130
-65.00 -90 0.35512
-60.00 -90 0.26875
-55.00 -90 0.18879
-50.00 -90 0.17611
-45.00 -90 0.21800
-40.00 -90 0.23291
-35.00 -90 0.14819
-30.00 -90 -0.21912E-01
-25.00 -90 -0.17475
-20.00 -90 -0.20100
-15.00 -90 -0.77404E-01
-10.00 -90 0.11343
-5.00 -90 0.25336
0.00 -90 0.28435
5.00 -90 0.24381
10.00 -90 0.21322
15.00 -90 0.23405
20.00 -90 0.27177
25.00 -90 0.25793
30.00 -90 0.16460
35.00 -90 0.37180E-01
40.00 -90 -0.44626E-01
45.00 -90 -0.36917E-01
50.00 -90 0.35109E-01
55.00 -90 0.10938
60.00 -90 0.14827
65.00 -90 0.16711
70.00 -90 0.20470
80.00 -90 0.33508
-85.00 -85 0.33308
-45.00 -85 0.34110
-40.00 -85 0.38344
-35.00 -85 0.32996
-30.00 -85 0.19165
-25.00 -85 0.62874E-01
-20.00 -85 0.46685E-01
-15.00 -85 0.16766
-10.00 -85 0.35026
-5.00 -85 0.48147
0.00 -85 0.50064
5.00 -85 0.43733
10.00 -85 0.36893
15.00 -85 0.34379
20.00 -85 0.34276
25.00 -85 0.31048
30.00 -85 0.21952
35.00 -85 0.10242
40.00 -85 0.22292E-01
45.00 -85 0.14402E-01
85.00 -85 0.33743
-75.00 -80 0.32642
-65.00 -80 0.36177
-60.00 -80 0.32328
-55.00 -80 0.29795
-50.00 -80 0.33421
-45.00 -80 0.42160
-40.00 -80 0.49069
-35.00 -80 0.47386
-30.00 -80 0.37120
-25.00 -80 0.25835
-20.00 -80 0.22572
-15.00 -80 0.30267
-10.00 -80 0.43434
-5.00 -80 0.53052
0.00 -80 0.54052
5.00 -80 0.48697
10.00 -80 0.43249
15.00 -80 0.41594
20.00 -80 0.41953
25.00 -80 0.39450
30.00 -80 0.31517
35.00 -80 0.20674
40.00 -80 0.12135
45.00 -80 0.89366E-01
50.00 -80 0.95545E-01
55.00 -80 0.10204
60.00 -80 0.92029E-01
65.00 -80 0.87627E-01
75.00 -80 0.20329
-70.00 -75 0.34908
-45.00 -75 0.44789
-40.00 -75 0.52530
-35.00 -75 0.52917
-30.00 -75 0.44780
-25.00 -75 0.33476
-20.00 -75 0.26493
-15.00 -75 0.27325
-10.00 -75 0.33150
-5.00 -75 0.38145
0.00 -75 0.39022
5.00 -75 0.37535
10.00 -75 0.37865
15.00 -75 0.41797
20.00 -75 0.46533
25.00 -75 0.47195
30.00 -75 0.41422
35.00 -75 0.31528
40.00 -75 0.22257
45.00 -75 0.16554
70.00 -75 0.87746E-01
-65.00 -70 0.35412
-60.00 -70 0.34474
-55.00 -70 0.33575
-50.00 -70 0.36362
-45.00 -70 0.43010
-40.00 -70 0.49158
-35.00 -70 0.49334
-30.00 -70 0.41703
-25.00 -70 0.29724
-20.00 -70 0.19263
-15.00 -70 0.13975
-10.00 -70 0.13216
-5.00 -70 0.14091
0.00 -70 0.15169
5.00 -70 0.17993
10.00 -70 0.24895
15.00 -70 0.35509
20.00 -70 0.45715
25.00 -70 0.50334
30.00 -70 0.47154
35.00 -70 0.38512
40.00 -70 0.29008
45.00 -70 0.21661
50.00 -70 0.16183
55.00 -70 0.10799
60.00 -70 0.54328E-01
65.00 -70 0.27479E-01
-45.00 -65 0.39388
-40.00 -65 0.42161
-35.00 -65 0.40537
-30.00 -65 0.32819
-25.00 -65 0.21190
-20.00 -65 0.98953E-01
-15.00 -65 0.19645E-01
-10.00 -65 -0.23574E-01
-5.00 -65 -0.42129E-01
0.00 -65 -0.36316E-01
5.00 -65 0.11436E-01
10.00 -65 0.11581
15.00 -65 0.26133
20.00 -65 0.39889
25.00 -65 0.47415
30.00 -65 0.46479
35.00 -65 0.39314
40.00 -65 0.30364
45.00 -65 0.22677
-80.00 -60 0.29472
-75.00 -60 0.28506
-70.00 -60 0.31908
-65.00 -60 0.36261
-60.00 -60 0.38489
-55.00 -60 0.38245
-50.00 -60 0.37225
-45.00 -60 0.36590
-40.00 -60 0.35386
-35.00 -60 0.31520
-30.00 -60 0.24117
-25.00 -60 0.14686
-20.00 -60 0.59129E-01
-15.00 -60 -0.56021E-02
-10.00 -60 -0.49926E-01
-5.00 -60 -0.81571E-01
0.00 -60 -0.93417E-01
5.00 -60 -0.61609E-01
10.00 -60 0.32097E-01
15.00 -60 0.17398
20.00 -60 0.31560
25.00 -60 0.40170
30.00 -60 0.40676
35.00 -60 0.34876
40.00 -60 0.26901
45.00 -60 0.19800
50.00 -60 0.13864
55.00 -60 0.79852E-01
60.00 -60 0.23315E-01
65.00 -60 -0.63948E-02
70.00 -60 0.19542E-01
75.00 -60 0.10341
80.00 -60 0.21038
-45.00 -55 0.36000
-40.00 -55 0.31156
-35.00 -55 0.25320
-30.00 -55 0.18703
-25.00 -55 0.12545
-20.00 -55 0.82072E-01
-15.00 -55 0.56863E-01
-10.00 -55 0.34273E-01
-5.00 -55 0.41667E-03
0.00 -55 -0.36396E-01
5.00 -55 -0.44682E-01
10.00 -55 0.56686E-02
15.00 -55 0.11307
20.00 -55 0.23658
25.00 -55 0.32075
30.00 -55 0.33337
35.00 -55 0.28440
40.00 -55 0.21132
45.00 -55 0.14636
-65.00 -50 0.39431
-60.00 -50 0.45731
-55.00 -50 0.47294
-50.00 -50 0.43830
-45.00 -50 0.37181
-40.00 -50 0.29427
-35.00 -50 0.21980
-30.00 -50 0.15933
-25.00 -50 0.12418
-20.00 -50 0.11947
-15.00 -50 0.13339
-10.00 -50 0.13853
-5.00 -50 0.11134
0.00 -50 0.55788E-01
5.00 -50 0.75500E-02
10.00 -50 0.95362E-02
15.00 -50 0.76314E-01
20.00 -50 0.17788
25.00 -50 0.25861
30.00 -50 0.27670
35.00 -50 0.23145
40.00 -50 0.15685
45.00 -50 0.90304E-01
50.00 -50 0.46116E-01
55.00 -50 0.15932E-01
60.00 -50 -0.89222E-02
65.00 -50 -0.18926E-01
-70.00 -45 0.32066
-45.00 -45 0.38395
-40.00 -45 0.28511
-35.00 -45 0.19754
-30.00 -45 0.13521
-25.00 -45 0.10761
-20.00 -45 0.11740
-15.00 -45 0.15103
-10.00 -45 0.17738
-5.00 -45 0.16491
0.00 -45 0.10815
5.00 -45 0.39208E-01
10.00 -45 0.83408E-02
15.00 -45 0.45279E-01
20.00 -45 0.13266
25.00 -45 0.21576
30.00 -45 0.24214
35.00 -45 0.19861
40.00 -45 0.11574
45.00 -45 0.39098E-01
70.00 -45 0.99576E-02
-75.00 -40 0.27567
-65.00 -40 0.42300
-60.00 -40 0.51138
-55.00 -40 0.53418
-50.00 -40 0.47990
-45.00 -40 0.37720
-40.00 -40 0.26578
-35.00 -40 0.17131
-30.00 -40 0.10289
-25.00 -40 0.64938E-01
-20.00 -40 0.62205E-01
-15.00 -40 0.90171E-01
-10.00 -40 0.12486
-5.00 -40 0.13135
0.00 -40 0.90902E-01
5.00 -40 0.23007E-01
10.00 -40 -0.22781E-01
15.00 -40 -0.44976E-02
20.00 -40 0.75124E-01
25.00 -40 0.16564
30.00 -40 0.20530
35.00 -40 0.16726
40.00 -40 0.77103E-01
45.00 -40 -0.11319E-01
50.00 -40 -0.58234E-01
55.00 -40 -0.61214E-01
60.00 -40 -0.42696E-01
65.00 -40 -0.19109E-01
75.00 -40 0.79131E-01
-45.00 -35 0.34030
-40.00 -35 0.22768
-35.00 -35 0.13940
-30.00 -35 0.71555E-01
-25.00 -35 0.17648E-01
-20.00 -35 -0.14872E-01
-15.00 -35 -0.14303E-01
-10.00 -35 0.12294E-01
-5.00 -35 0.33008E-01
0.00 -35 0.15241E-01
5.00 -35 -0.40519E-01
10.00 -35 -0.92821E-01
15.00 -35 -0.90927E-01
20.00 -35 -0.20984E-01
25.00 -35 0.75715E-01
30.00 -35 0.13185
35.00 -35 0.10709
40.00 -35 0.19246E-01
45.00 -35 -0.72740E-01
-85.00 -30 0.37921
-80.00 -30 0.31427
-70.00 -30 0.32246
-65.00 -30 0.41723
-60.00 -30 0.49210
-55.00 -30 0.48584
-50.00 -30 0.39608
-45.00 -30 0.27352
-40.00 -30 0.17272
-35.00 -30 0.10873
-30.00 -30 0.57977E-01
-25.00 -30 -0.39914E-02
-20.00 -30 -0.70796E-01
-15.00 -30 -0.11261
-10.00 -30 -0.11276
-5.00 -30 -0.92299E-01
0.00 -30 -0.93449E-01
5.00 -30 -0.13638
10.00 -30 -0.19348
15.00 -30 -0.21045
20.00 -30 -0.15757
25.00 -30 -0.62764E-01
30.00 -30 0.69590E-02
35.00 -30 0.10267E-02
40.00 -30 -0.72132E-01
45.00 -30 -0.15349
50.00 -30 -0.18360
55.00 -30 -0.14796
60.00 -30 -0.78341E-01
65.00 -30 -0.14402E-01
70.00 -30 0.34010E-01
80.00 -30 0.16331
85.00 -30 0.24978
-45.00 -25 0.18563
-40.00 -25 0.10631
-35.00 -25 0.81241E-01
-30.00 -25 0.64262E-01
-25.00 -25 0.76877E-02
-20.00 -25 -0.88968E-01
-15.00 -25 -0.18044
-10.00 -25 -0.22315
-5.00 -25 -0.21922
0.00 -25 -0.21240
5.00 -25 -0.24101
10.00 -25 -0.29614
15.00 -25 -0.32849
20.00 -25 -0.29811
25.00 -25 -0.21787
30.00 -25 -0.14683
35.00 -25 -0.13813
40.00 -25 -0.19053
45.00 -25 -0.24927
-75.00 -20 0.28708
-65.00 -20 0.37258
-60.00 -20 0.40535
-55.00 -20 0.34898
-50.00 -20 0.21792
-45.00 -20 0.88311E-01
-40.00 -20 0.30086E-01
-35.00 -20 0.44828E-01
-30.00 -20 0.66809E-01
-25.00 -20 0.25125E-01
-20.00 -20 -0.91940E-01
-15.00 -20 -0.22930
-10.00 -20 -0.31795
-5.00 -20 -0.33585
0.00 -20 -0.31981
5.00 -20 -0.32177
10.00 -20 -0.35588
15.00 -20 -0.38892
20.00 -20 -0.38047
25.00 -20 -0.32941
30.00 -20 -0.27843
35.00 -20 -0.27177
40.00 -20 -0.30909
45.00 -20 -0.34203
50.00 -20 -0.31736
55.00 -20 -0.22476
60.00 -20 -0.10367
65.00 -20 -0.45370E-02
75.00 -20 0.10120
-70.00 -15 0.29758
-45.00 -15 -0.79238E-02
-40.00 -15 -0.59025E-01
-35.00 -15 -0.22467E-01
-30.00 -15 0.26388E-01
-25.00 -15 0.73149E-03
-20.00 -15 -0.12307
-15.00 -15 -0.28754
-10.00 -15 -0.40565
-5.00 -15 -0.43225
0.00 -15 -0.39216
5.00 -15 -0.34613
10.00 -15 -0.33362
15.00 -15 -0.34704
20.00 -15 -0.35562
25.00 -15 -0.34688
30.00 -15 -0.33983
35.00 -15 -0.35812
40.00 -15 -0.39454
45.00 -15 -0.40757
70.00 -15 0.67303E-01
-65.00 -10 0.31211
-60.00 -10 0.30856
-55.00 -10 0.21973
-50.00 -10 0.59193E-01
-45.00 -10 -0.94534E-01
-40.00 -10 -0.16317
-35.00 -10 -0.13756
-30.00 -10 -0.87510E-01
-25.00 -10 -0.10247
-20.00 -10 -0.21526
-15.00 -10 -0.37488
-10.00 -10 -0.48947
-5.00 -10 -0.49910
0.00 -10 -0.41621
5.00 -10 -0.30543
10.00 -10 -0.22897
15.00 -10 -0.20826
20.00 -10 -0.22836
25.00 -10 -0.26811
30.00 -10 -0.31931
35.00 -10 -0.37792
40.00 -10 -0.42511
45.00 -10 -0.42677
50.00 -10 -0.35841
55.00 -10 -0.23124
60.00 -10 -0.90458E-01
65.00 -10 0.17331E-01
-45.00 -5 -0.16386
-40.00 -5 -0.27646
-35.00 -5 -0.29745
-30.00 -5 -0.27486
-25.00 -5 -0.28619
-20.00 -5 -0.36978
-15.00 -5 -0.49055
-10.00 -5 -0.56779
-5.00 -5 -0.53915
0.00 -5 -0.40715
5.00 -5 -0.23407
10.00 -5 -0.96653E-01
15.00 -5 -0.40683E-01
20.00 -5 -0.67175E-01
25.00 -5 -0.14866
30.00 -5 -0.25148
35.00 -5 -0.34509
40.00 -5 -0.40065
45.00 -5 -0.39390
90.00 0.00 0.30802
-90.00 0.00 0.40244
