-85.00 0.00 0.28596
-80.00 0.00 0.30292
-75.00 0.00 0.13735
-70.00 0.00 -0.11358
-65.00 0.00 -0.29344
-60.00 0.00 -0.30834
-55.00 0.00 -0.19257
-50.00 0.00 -0.61658E-01
-45.00 0.00 -0.57490E-02
-40.00 0.00 -0.22749E-01
-35.00 0.00 -0.46278E-01
-30.00 0.00 -0.29084E-01
-25.00 0.00 0.62642E-02
-20.00 0.00 -0.26731E-02
-15.00 0.00 -0.84571E-01
-10.00 0.00 -0.19692
-5.00 0.00 -0.26439
0.00 0.00 -0.25263
5.00 0.00 -0.20010
10.00 0.00 -0.17416
15.00 0.00 -0.19660
20.00 0.00 -0.21701
25.00 0.00 -0.16504
30.00 0.00 -0.31305E-01
35.00 0.00 0.10575
40.00 0.00 0.13945
45.00 0.00 0.28513E-01
50.00 0.00 -0.16288
55.00 0.00 -0.31701
60.00 0.00 -0.35779
65.00 0.00 -0.30116
70.00 0.00 -0.21885
75.00 0.00 -0.15734
80.00 0.00 -0.96233E-01
85.00 0.00 0.14815E-01
-45.00 5.00 0.22494E-01
-40.00 5.00 -0.21385E-02
-35.00 5.00 -0.18282E-01
-30.00 5.00 0.18790E-01
-25.00 5.00 0.67738E-01
-20.00 5.00 0.45331E-01
-15.00 5.00 -0.80120E-01
-10.00 5.00 -0.24427
-5.00 5.00 -0.33956
0.00 5.00 -0.31462
5.00 5.00 -0.22090
10.00 5.00 -0.15889
15.00 5.00 -0.17644
20.00 5.00 -0.22072
25.00 5.00 -0.19338
30.00 5.00 -0.56208E-01
35.00 5.00 0.11703
40.00 5.00 0.19637
45.00 5.00 0.10914
-65.00 10.00 -0.23594
-60.00 10.00 -0.22833
-55.00 10.00 -0.98765E-01
-50.00 10.00 0.27210E-01
-45.00 10.00 0.66173E-01
-40.00 10.00 0.41869E-01
-35.00 10.00 0.37553E-01
-30.00 10.00 0.91402E-01
-25.00 10.00 0.14591
-20.00 10.00 0.10490
-15.00 10.00 -0.59514E-01
-10.00 10.00 -0.26117
-5.00 10.00 -0.36741
0.00 10.00 -0.31843
5.00 10.00 -0.18240
10.00 10.00 -0.89977E-01
15.00 10.00 -0.10925
20.00 10.00 -0.18185
25.00 10.00 -0.18301
30.00 10.00 -0.48954E-01
35.00 10.00 0.15082
40.00 10.00 0.26693
45.00 10.00 0.20022
50.00 10.00 -0.12040E-01
55.00 10.00 -0.23065
60.00 10.00 -0.33254
65.00 10.00 -0.30083
-70.00 15.00 -0.40353E-01
-45.00 15.00 0.88524E-01
-40.00 15.00 0.59571E-01
-35.00 15.00 0.57120E-01
-30.00 15.00 0.11376
-25.00 15.00 0.16424
-20.00 15.00 0.10943
-15.00 15.00 -0.72424E-01
-10.00 15.00 -0.28277
-5.00 15.00 -0.37903
0.00 15.00 -0.30238
5.00 15.00 -0.13377
10.00 15.00 -0.20300E-01
15.00 15.00 -0.38634E-01
20.00 15.00 -0.12509
25.00 15.00 -0.14013
30.00 15.00 -0.71884E-02
35.00 15.00 0.20565
40.00 15.00 0.33886
45.00 15.00 0.28018
70.00 15.00 -0.18402
-75.00 20.00 0.21425
-65.00 20.00 -0.14635
-60.00 20.00 -0.14155
-55.00 20.00 -0.35185E-01
-50.00 20.00 0.56741E-01
-45.00 20.00 0.64112E-01
-40.00 20.00 0.18645E-01
-35.00 20.00 0.21139E-02
-30.00 20.00 0.45532E-01
-25.00 20.00 0.86609E-01
-20.00 20.00 0.32268E-01
-15.00 20.00 -0.13593
-10.00 20.00 -0.32329
-5.00 20.00 -0.39666
0.00 20.00 -0.30548
5.00 20.00 -0.13170
10.00 20.00 -0.15978E-01
15.00 20.00 -0.27142E-01
20.00 20.00 -0.98994E-01
25.00 20.00 -0.96658E-01
30.00 20.00 0.48758E-01
35.00 20.00 0.26465
40.00 20.00 0.39301
45.00 20.00 0.32698
50.00 20.00 0.10274
55.00 20.00 -0.13455
60.00 20.00 -0.25338
65.00 20.00 -0.23235
75.00 20.00 -0.80546E-01
-45.00 25.00 -0.76243E-02
-40.00 25.00 -0.76583E-01
-35.00 25.00 -0.11538
-30.00 25.00 -0.91227E-01
-25.00 25.00 -0.55155E-01
-20.00 25.00 -0.88717E-01
-15.00 25.00 -0.21277
-10.00 25.00 -0.35346
-5.00 25.00 -0.40445
0.00 25.00 -0.32691
5.00 25.00 -0.18802
10.00 25.00 -0.96813E-01
15.00 25.00 -0.97558E-01
20.00 25.00 -0.12560
25.00 25.00 -0.72003E-01
30.00 25.00 0.10245
35.00 25.00 0.31377
40.00 25.00 0.41687
45.00 25.00 0.32901
-80.00 30.00 0.37196
-70.00 30.00 0.81837E-01
-65.00 30.00 -0.64245E-01
-60.00 30.00 -0.10360
-55.00 30.00 -0.71269E-01
-50.00 30.00 -0.54465E-01
-45.00 30.00 -0.10383
-40.00 30.00 -0.19012
-35.00 30.00 -0.24333
-30.00 30.00 -0.22941
-25.00 30.00 -0.18562
-20.00 30.00 -0.18048
-15.00 30.00 -0.24166
-10.00 30.00 -0.32653
-5.00 30.00 -0.36490
0.00 30.00 -0.32940
5.00 30.00 -0.25989
10.00 30.00 -0.21604
15.00 30.00 -0.20708
20.00 30.00 -0.17430
25.00 30.00 -0.50519E-01
30.00 30.00 0.15850
35.00 30.00 0.35380
40.00 30.00 0.41268
45.00 30.00 0.29064
50.00 30.00 0.63570E-01
55.00 30.00 -0.12980
60.00 30.00 -0.19483
65.00 30.00 -0.14318
70.00 30.00 -0.59942E-01
80.00 30.00 0.53912E-02
-45.00 35.00 -0.19267
-40.00 35.00 -0.27857
-35.00 35.00 -0.32574
-30.00 35.00 -0.30400
-25.00 35.00 -0.24043
-20.00 35.00 -0.19170
-15.00 35.00 -0.19170
-10.00 35.00 -0.22758
-5.00 35.00 -0.26350
0.00 35.00 -0.28088
5.00 35.00 -0.28908
10.00 35.00 -0.29629
15.00 35.00 -0.27754
20.00 35.00 -0.18421
25.00 35.00 0.39954E-02
30.00 35.00 0.23419
35.00 35.00 0.39529
40.00 35.00 0.39362
45.00 35.00 0.22893
-75.00 40.00 0.32085
-65.00 40.00 0.12914E-01
-60.00 40.00 -0.82509E-01
-55.00 40.00 -0.13258
-50.00 40.00 -0.18137
-45.00 40.00 -0.25085
-40.00 40.00 -0.31753
-35.00 40.00 -0.33798
-30.00 40.00 -0.29312
-25.00 40.00 -0.20743
-20.00 40.00 -0.12823
-15.00 40.00 -0.89685E-01
-10.00 40.00 -0.96264E-01
-5.00 40.00 -0.13448
0.00 40.00 -0.19088
5.00 40.00 -0.25196
10.00 40.00 -0.28894
15.00 40.00 -0.25524
20.00 40.00 -0.11569
25.00 40.00 0.11009
30.00 40.00 0.33383
35.00 40.00 0.44168
40.00 40.00 0.37144
45.00 40.00 0.16366
50.00 40.00 -0.60222E-01
55.00 40.00 -0.18099
60.00 40.00 -0.16163
65.00 40.00 -0.60933E-01
75.00 40.00 0.52891E-01
-70.00 45.00 0.20679
-45.00 45.00 -0.27373
-40.00 45.00 -0.31331
-35.00 45.00 -0.29811
-30.00 45.00 -0.22540
-25.00 45.00 -0.12522
-20.00 45.00 -0.39486E-01
-15.00 45.00 0.44172E-02
-10.00 45.00 0.18463E-02
-5.00 45.00 -0.38941E-01
0.00 45.00 -0.10536
5.00 45.00 -0.17481
10.00 45.00 -0.20589
15.00 45.00 -0.14950
20.00 45.00 0.14553E-01
25.00 45.00 0.24242
30.00 45.00 0.43149
35.00 45.00 0.47720
40.00 45.00 0.34617
45.00 45.00 0.10752
70.00 45.00 0.62852E-01
-65.00 50.00 0.10865
-60.00 50.00 -0.13932E-01
-55.00 50.00 -0.11568
-50.00 50.00 -0.20479
-45.00 50.00 -0.27306
-40.00 50.00 -0.29435
-35.00 50.00 -0.25017
-30.00 50.00 -0.15374
-25.00 50.00 -0.46948E-01
-20.00 50.00 0.27154E-01
-15.00 50.00 0.49933E-01
-10.00 50.00 0.29663E-01
-5.00 50.00 -0.14663E-01
0.00 50.00 -0.65894E-01
5.00 50.00 -0.10463
10.00 50.00 -0.10007
15.00 50.00 -0.18522E-01
20.00 50.00 0.14593
25.00 50.00 0.34400
30.00 50.00 0.48139
35.00 50.00 0.47316
40.00 50.00 0.30692
45.00 50.00 0.62519E-01
50.00 50.00 -0.13438
55.00 50.00 -0.19446
60.00 50.00 -0.12055
65.00 50.00 0.53691E-02
-85.00 55.00 0.29834
-45.00 55.00 -0.26566
-40.00 55.00 -0.29042
-35.00 55.00 -0.23408
-30.00 55.00 -0.11929
-25.00 55.00 -0.30454E-02
-20.00 55.00 0.60746E-01
-15.00 55.00 0.55796E-01
-10.00 55.00 0.68175E-02
-5.00 55.00 -0.45993E-01
0.00 55.00 -0.74050E-01
5.00 55.00 -0.66030E-01
10.00 55.00 -0.15953E-01
15.00 55.00 0.82966E-01
20.00 55.00 0.22461
25.00 55.00 0.37025
30.00 55.00 0.45185
35.00 55.00 0.41020
40.00 55.00 0.24359
45.00 55.00 0.24070E-01
85.00 55.00 0.10506
-80.00 60.00 0.39060
-75.00 60.00 0.39351
-70.00 60.00 0.32546
-65.00 60.00 0.22734
-60.00 60.00 0.11955
-55.00 60.00 -0.26778E-02
-50.00 60.00 -0.13989
-45.00 60.00 -0.26134
-40.00 60.00 -0.31369
-35.00 60.00 -0.26299
-30.00 60.00 -0.13138
-25.00 60.00 0.84854E-02
-20.00 60.00 0.81426E-01
-15.00 60.00 0.61378E-01
-10.00 60.00 -0.15382E-01
-5.00 60.00 -0.83161E-01
0.00 60.00 -0.94609E-01
5.00 60.00 -0.43971E-01
10.00 60.00 0.45754E-01
15.00 60.00 0.14936
20.00 60.00 0.25018
25.00 60.00 0.32946
30.00 60.00 0.35610
35.00 60.00 0.29942
40.00 60.00 0.16009
45.00 60.00 -0.11426E-01
50.00 60.00 -0.13529
55.00 60.00 -0.15356
60.00 60.00 -0.72155E-01
65.00 60.00 0.43742E-01
70.00 60.00 0.12026
75.00 60.00 0.12998
80.00 60.00 0.10767
-45.00 65.00 -0.25732
-40.00 65.00 -0.35261
-35.00 65.00 -0.31974
-30.00 65.00 -0.17198
-25.00 65.00 0.43083E-02
-20.00 65.00 0.10654
-15.00 65.00 0.89004E-01
-10.00 65.00 -0.72709E-02
-5.00 65.00 -0.91077E-01
0.00 65.00 -0.91365E-01
5.00 65.00 -0.32906E-02
10.00 65.00 0.12202
15.00 65.00 0.22534
20.00 65.00 0.27830
25.00 65.00 0.28422
30.00 65.00 0.25281
35.00 65.00 0.18371
40.00 65.00 0.77562E-01
45.00 65.00 -0.41753E-01
-65.00 70.00 0.33865
-60.00 70.00 0.26979
-55.00 70.00 0.14974
-50.00 70.00 -0.34771E-01
-45.00 70.00 -0.24176
-40.00 70.00 -0.37995
-35.00 70.00 -0.37005
-30.00 70.00 -0.21361
-25.00 70.00 -0.62005E-02
-20.00 70.00 0.12558
-15.00 70.00 0.11679
-10.00 70.00 0.10919E-01
-5.00 70.00 -0.78190E-01
0.00 70.00 -0.57201E-01
5.00 70.00 0.78209E-01
10.00 70.00 0.24948
15.00 70.00 0.36255
20.00 70.00 0.37459
25.00 70.00 0.30764
30.00 70.00 0.21055
35.00 70.00 0.11451
40.00 70.00 0.23762E-01
45.00 70.00 -0.60128E-01
50.00 70.00 -0.11662
55.00 70.00 -0.11624
60.00 70.00 -0.52580E-01
65.00 70.00 0.40823E-01
-70.00 75.00 0.39960
-45.00 75.00 -0.20312
-40.00 75.00 -0.36864
-35.00 75.00 -0.38111
-30.00 75.00 -0.23423
-25.00 75.00 -0.25419E-01
-20.00 75.00 0.10964
-15.00 75.00 0.99950E-01
-10.00 75.00 -0.51358E-02
-5.00 75.00 -0.76271E-01
0.00 75.00 -0.87788E-02
5.00 75.00 0.19452
10.00 75.00 0.42817
15.00 75.00 0.56696
20.00 75.00 0.55393
25.00 75.00 0.42452
30.00 75.00 0.25942
35.00 75.00 0.11877
40.00 75.00 0.15588E-01
45.00 75.00 -0.60753E-01
70.00 75.00 0.97838E-01
-75.00 80.00 0.39224
-65.00 80.00 0.39795
-60.00 80.00 0.35991
-55.00 80.00 0.25942
-50.00 80.00 0.79767E-01
-45.00 80.00 -0.13944
-40.00 80.00 -0.30610
-35.00 80.00 -0.33559
-30.00 80.00 -0.22196
-25.00 80.00 -0.54647E-01
-20.00 80.00 0.44762E-01
-15.00 80.00 0.20146E-01
-10.00 80.00 -0.69136E-01
-5.00 80.00 -0.92684E-01
0.00 80.00 0.44843E-01
5.00 80.00 0.32271
10.00 80.00 0.61437
15.00 80.00 0.77819
20.00 80.00 0.75254
25.00 80.00 0.58195
30.00 80.00 0.36512
35.00 80.00 0.17974
40.00 80.00 0.47712E-01
45.00 80.00 -0.43505E-01
50.00 80.00 -0.10081
55.00 80.00 -0.11244
60.00 80.00 -0.69792E-01
65.00 80.00 0.83286E-02
75.00 80.00 0.12213
-45.00 85.00 -0.62118E-01
-40.00 85.00 -0.20071
-35.00 85.00 -0.23688
-30.00 85.00 -0.17387
-25.00 85.00 -0.82501E-01
-20.00 85.00 -0.46172E-01
-15.00 85.00 -0.86796E-01
-10.00 85.00 -0.13671
-5.00 85.00 -0.87106E-01
0.00 85.00 0.12180
5.00 85.00 0.44267
10.00 85.00 0.74424
15.00 85.00 0.89776
20.00 85.00 0.85744
25.00 85.00 0.67504
30.00 85.00 0.44709
35.00 85.00 0.24691
40.00 85.00 0.96200E-01
45.00 85.00 -0.13694E-01
-80.00 90.00 0.30246
-70.00 90.00 0.38882
-65.00 90.00 0.38400
-60.00 90.00 0.34042
-55.00 90.00 0.25305
-50.00 90.00 0.13156
-45.00 90.00 0.76767E-02
-40.00 90.00 -0.78389E-01
-35.00 90.00 -0.10663
-30.00 90.00 -0.95846E-01
-25.00 90.00 -0.89975E-01
-20.00 90.00 -0.11713
-15.00 90.00 -0.15505
-10.00 90.00 -0.13733
-5.00 90.00 -0.27191E-02
0.00 90.00 0.24931
5.00 90.00 0.54335
10.00 90.00 0.76908
15.00 90.00 0.84835
20.00 90.00 0.77727
25.00 90.00 0.61438
30.00 90.00 0.43124
35.00 90.00 0.26942
40.00 90.00 0.13480
45.00 90.00 0.22687E-01
50.00 90.00 -0.58831E-01
55.00 90.00 -0.91408E-01
60.00 90.00 -0.67993E-01
65.00 90.00 -0.66461E-02
70.00 90.00 0.60399E-01
80.00 90.00 0.14307
-45.00 95.00 0.48181E-01
-40.00 95.00 0.28333E-01
-35.00 95.00 0.23563E-01
-30.00 95.00 -0.36613E-02
-25.00 95.00 -0.67706E-01
-20.00 95.00 -0.13652
-15.00 95.00 -0.14488
-10.00 95.00 -0.40068E-01
-5.00 95.00 0.17280
0.00 95.00 0.42296
5.00 95.00 0.61342
10.00 95.00 0.67990
15.00 95.00 0.62566
20.00 95.00 0.50794
25.00 95.00 0.39042
30.00 95.00 0.30163
35.00 95.00 0.22989
40.00 95.00 0.15177
45.00 95.00 0.63650E-01
-75.00 100.00 0.31714
-65.00 100.00 0.32353
-60.00 100.00 0.23706
-55.00 100.00 0.12667
-50.00 100.00 0.51224E-01
-45.00 100.00 0.47160E-01
-40.00 100.00 0.93740E-01
-35.00 100.00 0.12395
-30.00 100.00 0.80556E-01
-25.00 100.00 -0.26207E-01
-20.00 100.00 -0.11215
-15.00 100.00 -0.77982E-01
-10.00 100.00 0.10871
-5.00 100.00 0.37545
0.00 100.00 0.58621
5.00 100.00 0.63355
10.00 100.00 0.51078
15.00 100.00 0.30940
20.00 100.00 0.14770
25.00 100.00 0.89495E-01
30.00 100.00 0.11450
35.00 100.00 0.15424
40.00 100.00 0.15452
45.00 100.00 0.11109
50.00 100.00 0.57359E-01
55.00 100.00 0.26406E-01
60.00 100.00 0.26239E-01
65.00 100.00 0.45451E-01
75.00 100.00 0.10962
-70.00 105.00 0.32923
-45.00 105.00 0.79305E-02
-40.00 105.00 0.10899
-35.00 105.00 0.17824
-30.00 105.00 0.13891
-25.00 105.00 0.13915E-01
-20.00 105.00 -0.78532E-01
-15.00 105.00 -0.16934E-01
-10.00 105.00 0.21547
-5.00 105.00 0.49947
0.00 105.00 0.65813
5.00 105.00 0.58530
10.00 105.00 0.32260
15.00 105.00 0.25170E-01
20.00 105.00 -0.15166
25.00 105.00 -0.15261
30.00 105.00 -0.36735E-01
35.00 105.00 0.90271E-01
40.00 105.00 0.15851
45.00 105.00 0.16527
70.00 105.00 0.94260E-01
-85.00 110.00 0.15013
-65.00 110.00 0.27559
-60.00 110.00 0.14598
-55.00 110.00 -0.13221E-01
-50.00 110.00 -0.98923E-01
-45.00 110.00 -0.51921E-01
-40.00 110.00 0.83927E-01
-35.00 110.00 0.18895
-30.00 110.00 0.16863
-25.00 110.00 0.43228E-01
-20.00 110.00 -0.58571E-01
-15.00 110.00 -0.57785E-02
-10.00 110.00 0.21572
-5.00 110.00 0.47557
0.00 110.00 0.59194
5.00 110.00 0.47053
10.00 110.00 0.17569
15.00 110.00 -0.12146
20.00 110.00 -0.26923
25.00 110.00 -0.23113
30.00 110.00 -0.82499E-01
35.00 110.00 0.70555E-01
40.00 110.00 0.16961
45.00 110.00 0.21846
50.00 110.00 0.24189
55.00 110.00 0.24562
60.00 110.00 0.21881
65.00 110.00 0.16589
85.00 110.00 0.19969
-45.00 115.00 -0.10868
-40.00 115.00 0.39551E-01
-35.00 115.00 0.17217
-30.00 115.00 0.18202
-25.00 115.00 0.73445E-01
-20.00 115.00 -0.38290E-01
-15.00 115.00 -0.27197E-01
-10.00 115.00 0.12992
-5.00 115.00 0.32721
0.00 115.00 0.41472
5.00 115.00 0.32007
10.00 115.00 0.10273
15.00 115.00 -0.10025
20.00 115.00 -0.18232
25.00 115.00 -0.13419
30.00 115.00 -0.21845E-01
35.00 115.00 0.87484E-01
40.00 115.00 0.17464
45.00 115.00 0.25415
-80.00 120.00 0.14371
-75.00 120.00 0.21958
-70.00 120.00 0.29061
-65.00 120.00 0.27874
-60.00 120.00 0.15096
-55.00 120.00 -0.34413E-01
-50.00 120.00 -0.16050
-45.00 120.00 -0.14336
-40.00 120.00 -0.44713E-02
-35.00 120.00 0.14403
-30.00 120.00 0.19218
-25.00 120.00 0.12244
-20.00 120.00 0.17577E-01
-15.00 120.00 -0.18398E-01
-10.00 120.00 0.47574E-01
-5.00 120.00 0.15500
0.00 120.00 0.21190
5.00 120.00 0.17853
10.00 120.00 0.94706E-01
15.00 120.00 0.32239E-01
20.00 120.00 0.26468E-01
25.00 120.00 0.55389E-01
30.00 120.00 0.80691E-01
35.00 120.00 0.99825E-01
40.00 120.00 0.14931
45.00 120.00 0.25468
50.00 120.00 0.38308
55.00 120.00 0.45585
60.00 120.00 0.41695
65.00 120.00 0.29127
70.00 120.00 0.17091
75.00 120.00 0.13451
80.00 120.00 0.17712
-45.00 125.00 -0.14938
-40.00 125.00 -0.39503E-01
-35.00 125.00 0.10846
-30.00 125.00 0.19550
-25.00 125.00 0.18609
-20.00 125.00 0.12102
-15.00 125.00 0.65762E-01
-10.00 125.00 0.50810E-01
-5.00 125.00 0.59893E-01
0.00 125.00 0.67434E-01
5.00 125.00 0.75939E-01
10.00 125.00 0.10947
15.00 125.00 0.17256
20.00 125.00 0.22648
25.00 125.00 0.21895
30.00 125.00 0.14381
35.00 125.00 0.66730E-01
40.00 125.00 0.79071E-01
45.00 125.00 0.21330
-65.00 130.00 0.30777
-60.00 130.00 0.23016
-55.00 130.00 0.68195E-01
-50.00 130.00 -0.81966E-01
-45.00 130.00 -0.13297
-40.00 130.00 -0.68246E-01
-35.00 130.00 0.57126E-01
-30.00 130.00 0.16877
-25.00 130.00 0.22574
-20.00 130.00 0.23007
-15.00 130.00 0.19920
-10.00 130.00 0.14237
-5.00 130.00 0.68576E-01
0.00 130.00 0.85769E-02
5.00 130.00 0.11036E-01
10.00 130.00 0.10063
15.00 130.00 0.23615
20.00 130.00 0.32184
25.00 130.00 0.28011
30.00 130.00 0.12833
35.00 130.00 -0.16310E-01
40.00 130.00 -0.22929E-01
45.00 130.00 0.14220
50.00 130.00 0.37821
55.00 130.00 0.52552
60.00 130.00 0.49414
65.00 130.00 0.33323
-70.00 135.00 0.24816
-45.00 135.00 -0.10663
-40.00 135.00 -0.95651E-01
-35.00 135.00 -0.16813E-01
-30.00 135.00 0.88420E-01
-25.00 135.00 0.18996
-20.00 135.00 0.26662
-15.00 135.00 0.29165
-10.00 135.00 0.24001
-5.00 135.00 0.12091
0.00 135.00 -0.16476E-02
5.00 135.00 -0.39362E-01
10.00 135.00 0.48665E-01
15.00 135.00 0.20506
20.00 135.00 0.30313
25.00 135.00 0.24716
30.00 135.00 0.62859E-01
35.00 135.00 -0.10803
40.00 135.00 -0.11636
45.00 135.00 0.69244E-01
70.00 135.00 0.16228
-75.00 140.00 0.99361E-01
-65.00 140.00 0.29027
-60.00 140.00 0.26514
-55.00 140.00 0.15342
-50.00 140.00 0.18087E-01
-45.00 140.00 -0.80157E-01
-40.00 140.00 -0.11780
-35.00 140.00 -0.10137
-30.00 140.00 -0.40728E-01
-25.00 140.00 0.58428E-01
-20.00 140.00 0.17448
-15.00 140.00 0.25504
-10.00 140.00 0.24189
-5.00 140.00 0.12565
0.00 140.00 -0.23730E-01
5.00 140.00 -0.95802E-01
10.00 140.00 -0.29182E-01
15.00 140.00 0.12521
20.00 140.00 0.23399
25.00 140.00 0.19131
30.00 140.00 0.17127E-01
35.00 140.00 -0.14791
40.00 140.00 -0.15549
45.00 140.00 0.23666E-01
50.00 140.00 0.27137
55.00 140.00 0.41926
60.00 140.00 0.38746
65.00 140.00 0.24298
75.00 140.00 0.13231
-45.00 145.00 -0.55473E-01
-40.00 145.00 -0.11857
-35.00 145.00 -0.16114
-30.00 145.00 -0.17261
-25.00 145.00 -0.12872
-20.00 145.00 -0.29235E-01
-15.00 145.00 0.74908E-01
-10.00 145.00 0.10749
-5.00 145.00 0.34341E-01
0.00 145.00 -0.91435E-01
5.00 145.00 -0.16048
10.00 145.00 -0.99220E-01
15.00 145.00 0.57579E-01
20.00 145.00 0.18656
25.00 145.00 0.17982
30.00 145.00 0.43499E-01
35.00 145.00 -0.10079
40.00 145.00 -0.11874
45.00 145.00 0.19240E-01
-80.00 150.00 -0.33194E-01
-70.00 150.00 0.11577
-65.00 150.00 0.17556
-60.00 150.00 0.15967
-55.00 150.00 0.91837E-01
-50.00 150.00 0.21868E-01
-45.00 150.00 -0.28275E-01
-40.00 150.00 -0.78582E-01
-35.00 150.00 -0.15381
-30.00 150.00 -0.23982
-25.00 150.00 -0.28586
-20.00 150.00 -0.25547
-15.00 150.00 -0.17311
-10.00 150.00 -0.11192
-5.00 150.00 -0.12617
0.00 150.00 -0.19252
5.00 150.00 -0.22285
10.00 150.00 -0.14472
15.00 150.00 0.23655E-01
20.00 150.00 0.17860
25.00 150.00 0.21792
30.00 150.00 0.13209
35.00 150.00 0.13827E-01
40.00 150.00 -0.25107E-01
45.00 150.00 0.46230E-01
50.00 150.00 0.15448
55.00 150.00 0.19623
60.00 150.00 0.13873
65.00 150.00 0.50543E-01
70.00 150.00 0.33312E-01
80.00 150.00 0.23815
-45.00 155.00 0.53499E-02
-40.00 155.00 0.87441E-02
-35.00 155.00 -0.59642E-01
-30.00 155.00 -0.19761
-25.00 155.00 -0.33687
-20.00 155.00 -0.40161
-15.00 155.00 -0.37615
-10.00 155.00 -0.31452
-5.00 155.00 -0.28227
0.00 155.00 -0.28825
5.00 155.00 -0.27540
10.00 155.00 -0.18128
15.00 155.00 -0.89201E-02
20.00 155.00 0.16339
25.00 155.00 0.24603
30.00 155.00 0.21554
35.00 155.00 0.13124
40.00 155.00 0.75758E-01
45.00 155.00 0.78310E-01
-75.00 160.00 -0.64534E-01
-65.00 160.00 -0.10569E-01
-60.00 160.00 -0.57949E-01
-55.00 160.00 -0.95491E-01
-50.00 160.00 -0.59370E-01
-45.00 160.00 0.42912E-01
-40.00 160.00 0.12598
-35.00 160.00 0.96996E-01
-30.00 160.00 -0.61120E-01
-25.00 160.00 -0.27089
-20.00 160.00 -0.42318
-15.00 160.00 -0.46324
-10.00 160.00 -0.42232
-5.00 160.00 -0.37124
0.00 160.00 -0.34620
5.00 160.00 -0.31915
10.00 160.00 -0.23739
15.00 160.00 -0.87751E-01
20.00 160.00 0.80329E-01
25.00 160.00 0.19467
30.00 160.00 0.22118
35.00 160.00 0.18494
40.00 160.00 0.13443
45.00 160.00 0.90391E-01
50.00 160.00 0.35080E-01
55.00 160.00 -0.48132E-01
60.00 160.00 -0.13109
65.00 160.00 -0.14749
75.00 160.00 0.12132
-85.00 165.00 -0.32741E-01
-70.00 165.00 -0.78859E-01
-45.00 165.00 0.75001E-01
-40.00 165.00 0.23516
-35.00 165.00 0.25228
-30.00 165.00 0.94167E-01
-25.00 165.00 -0.15506
-20.00 165.00 -0.36284
-15.00 165.00 -0.44820
-10.00 165.00 -0.42830
-5.00 165.00 -0.37931
0.00 165.00 -0.35708
5.00 165.00 -0.35277
10.00 165.00 -0.31685
15.00 165.00 -0.21823
20.00 165.00 -0.77672E-01
25.00 165.00 0.51907E-01
30.00 165.00 0.13035
35.00 165.00 0.15267
40.00 165.00 0.13253
45.00 165.00 0.75274E-01
70.00 165.00 -0.72727E-01
85.00 165.00 0.30311
-65.00 170.00 -0.18144
-60.00 170.00 -0.25894
-55.00 170.00 -0.27056
-50.00 170.00 -0.14285
-45.00 170.00 0.90738E-01
-40.00 170.00 0.29569
-35.00 170.00 0.33450
-30.00 170.00 0.17377
-25.00 170.00 -0.91444E-01
-20.00 170.00 -0.31442
-15.00 170.00 -0.40589
-10.00 170.00 -0.38464
-5.00 170.00 -0.33648
0.00 170.00 -0.32935
5.00 170.00 -0.36186
10.00 170.00 -0.38140
15.00 170.00 -0.34151
20.00 170.00 -0.24072
25.00 170.00 -0.11464
30.00 170.00 -0.29321E-02
35.00 170.00 0.70487E-01
40.00 170.00 0.91604E-01
45.00 170.00 0.47466E-01
50.00 170.00 -0.61666E-01
55.00 170.00 -0.19771
60.00 170.00 -0.28326
65.00 170.00 -0.24433
-45.00 175.00 0.84873E-01
-40.00 175.00 0.28585
-35.00 175.00 0.30368
-30.00 175.00 0.12127
-25.00 175.00 -0.14802
-20.00 175.00 -0.35081
-15.00 175.00 -0.40671
-10.00 175.00 -0.35140
-5.00 175.00 -0.28422
0.00 175.00 -0.27761
5.00 175.00 -0.32781
10.00 175.00 -0.37755
15.00 175.00 -0.37459
20.00 175.00 -0.30866
25.00 175.00 -0.20390
30.00 175.00 -0.91408E-01
35.00 175.00 0.33173E-02
40.00 175.00 0.53657E-01
45.00 175.00 0.31326E-01
-80.00 180.00 -0.16511
-75.00 180.00 -0.18477
-70.00 180.00 -0.19852
-65.00 180.00 -0.26088
-60.00 180.00 -0.33396
-55.00 180.00 -0.32047
-50.00 180.00 -0.16718
-45.00 180.00 0.60866E-01
-40.00 180.00 0.21362
-35.00 180.00 0.17321
-30.00 180.00 -0.47669E-01
-25.00 180.00 -0.31344
-20.00 180.00 -0.47156
-15.00 180.00 -0.46379
-10.00 180.00 -0.35197
-5.00 180.00 -0.24806
0.00 180.00 -0.21998
5.00 180.00 -0.25371
10.00 180.00 -0.28969
15.00 180.00 -0.28386
20.00 180.00 -0.23434
25.00 180.00 -0.16222
30.00 180.00 -0.83217E-01
35.00 180.00 -0.61741E-02
40.00 180.00 0.47733E-01
45.00 180.00 0.42045E-01
50.00 180.00 -0.42550E-01
55.00 180.00 -0.16872
60.00 180.00 -0.24585
65.00 180.00 -0.19122
70.00 180.00 -0.36675E-02
75.00 180.00 0.22113
80.00 180.00 0.35364
-45.00 -175 0.27464E-01
-40.00 -175 0.10990
-35.00 -175 -0.30899E-03
-30.00 -175 -0.25712
-25.00 -175 -0.50709
-20.00 -175 -0.60792
-15.00 -175 -0.53167
-10.00 -175 -0.36752
-5.00 -175 -0.23306
0.00 -175 -0.18097
5.00 -175 -0.18005
10.00 -175 -0.17076
15.00 -175 -0.12855
20.00 -175 -0.74089E-01
25.00 -175 -0.33907E-01
30.00 -175 -0.60532E-02
35.00 -175 0.28673E-01
40.00 -175 0.67712E-01
45.00 -175 0.73437E-01
-65.00 -170 -0.24133
-60.00 -170 -0.28566
-55.00 -170 -0.26045
-50.00 -170 -0.14150
-45.00 -170 -0.84976E-02
-40.00 -170 0.91929E-02
-35.00 -170 -0.15148
-30.00 -170 -0.41900
-25.00 -170 -0.63490
-20.00 -170 -0.67736
-15.00 -170 -0.55074
-10.00 -170 -0.36529
-5.00 -170 -0.23394
0.00 -170 -0.18509
5.00 -170 -0.16529
10.00 -170 -0.11426
15.00 -170 -0.29328E-01
20.00 -170 0.42109E-01
25.00 -170 0.63282E-01
30.00 -170 0.50179E-01
35.00 -170 0.49179E-01
40.00 -170 0.78371E-01
45.00 -170 0.10183
50.00 -170 0.70361E-01
55.00 -170 -0.12550E-01
60.00 -170 -0.73794E-01
65.00 -170 -0.30515E-01
-70.00 -165 -0.18954
-45.00 -165 -0.47172E-01
-40.00 -165 -0.68760E-01
-35.00 -165 -0.24122
-30.00 -165 -0.48370
-25.00 -165 -0.64929
-20.00 -165 -0.64346
-15.00 -165 -0.49735
-10.00 -165 -0.33074
-5.00 -165 -0.24335
0.00 -165 -0.23745
5.00 -165 -0.23831
10.00 -165 -0.18212
15.00 -165 -0.79589E-01
20.00 -165 0.40578E-02
25.00 -165 0.23832E-01
30.00 -165 0.20987E-02
35.00 -165 -0.25826E-03
40.00 -165 0.45767E-01
45.00 -165 0.10379
70.00 -165 0.19671
-75.00 -160 -0.19637
-65.00 -160 -0.17585
-60.00 -160 -0.20547
-55.00 -160 -0.20446
-50.00 -160 -0.14974
-45.00 -160 -0.94282E-01
-40.00 -160 -0.12454
-35.00 -160 -0.27040
-30.00 -160 -0.46023
-25.00 -160 -0.57207
-20.00 -160 -0.53756
-15.00 -160 -0.40101
-10.00 -160 -0.27779
-5.00 -160 -0.25183
0.00 -160 -0.30877
5.00 -160 -0.36320
10.00 -160 -0.34682
15.00 -160 -0.26865
20.00 -160 -0.19249
25.00 -160 -0.16259
30.00 -160 -0.15809
35.00 -160 -0.12213
40.00 -160 -0.30719E-01
45.00 -160 0.75013E-01
50.00 -160 0.13011
55.00 -160 0.11788
60.00 -160 0.94818E-01
65.00 -160 0.13715
75.00 -160 0.39087
-45.00 -155 -0.15390
-40.00 -155 -0.16976
-35.00 -155 -0.26659
-30.00 -155 -0.39683
-25.00 -155 -0.46895
-20.00 -155 -0.43057
-15.00 -155 -0.31992
-10.00 -155 -0.23473
-5.00 -155 -0.24740
0.00 -155 -0.34609
5.00 -155 -0.45385
10.00 -155 -0.50166
15.00 -155 -0.48214
20.00 -155 -0.43620
25.00 -155 -0.39559
30.00 -155 -0.34660
35.00 -155 -0.25297
40.00 -155 -0.10951
45.00 -155 0.36463E-01
-80.00 -150 -0.18692
-70.00 -150 -0.13130
-65.00 -150 -0.12036
-60.00 -150 -0.16677
-55.00 -150 -0.22436
-50.00 -150 -0.24194
-45.00 -150 -0.22089
-40.00 -150 -0.21181
-35.00 -150 -0.25713
-30.00 -150 -0.34101
-25.00 -150 -0.39924
-20.00 -150 -0.38028
-15.00 -150 -0.29748
-10.00 -150 -0.22164
-5.00 -150 -0.22162
0.00 -150 -0.30898
5.00 -150 -0.43532
10.00 -150 -0.53760
15.00 -150 -0.58357
20.00 -150 -0.57717
25.00 -150 -0.53012
30.00 -150 -0.43974
35.00 -150 -0.30005
40.00 -150 -0.12981
45.00 -150 0.22329E-01
50.00 -150 0.11166
55.00 -150 0.14015
60.00 -150 0.16042
65.00 -150 0.22807
70.00 -150 0.34347
80.00 -150 0.44573
-45.00 -145 -0.27926
-40.00 -145 -0.24479
-35.00 -145 -0.24959
-30.00 -145 -0.30897
-25.00 -145 -0.37800
-20.00 -145 -0.39318
-15.00 -145 -0.33217
-10.00 -145 -0.23620
-5.00 -145 -0.17750
0.00 -145 -0.20319
5.00 -145 -0.30381
10.00 -145 -0.42669
15.00 -145 -0.51424
20.00 -145 -0.53269
25.00 -145 -0.47617
30.00 -145 -0.35769
35.00 -145 -0.20365
40.00 -145 -0.52229E-01
45.00 -145 0.57204E-01
-85.00 -140 -0.74756E-01
-75.00 -140 -0.16512
-65.00 -140 -0.91799E-01
-60.00 -140 -0.15870
-55.00 -140 -0.26210
-50.00 -140 -0.32420
-45.00 -140 -0.30876
-40.00 -140 -0.25342
-35.00 -140 -0.23206
-30.00 -140 -0.28386
-25.00 -140 -0.37467
-20.00 -140 -0.42509
-15.00 -140 -0.37937
-10.00 -140 -0.25435
-5.00 -140 -0.12802
0.00 -140 -0.79798E-01
5.00 -140 -0.13314
10.00 -140 -0.24320
15.00 -140 -0.33241
20.00 -140 -0.34143
25.00 -140 -0.25947
30.00 -140 -0.12129
35.00 -140 0.17778E-01
40.00 -140 0.11031
45.00 -140 0.13762
50.00 -140 0.11818
55.00 -140 0.99352E-01
60.00 -140 0.13077
65.00 -140 0.22929
75.00 -140 0.44834
85.00 -140 0.32727
-70.00 -135 -0.10036
-45.00 -135 -0.29620
-40.00 -135 -0.22633
-35.00 -135 -0.19007
-30.00 -135 -0.23886
-25.00 -135 -0.34358
-20.00 -135 -0.41552
-15.00 -135 -0.38073
-10.00 -135 -0.24324
-5.00 -135 -0.83964E-01
0.00 -135 0.26417E-02
5.00 -135 -0.19519E-01
10.00 -135 -0.10441
15.00 -135 -0.16272
20.00 -135 -0.12832
25.00 -135 -0.15479E-02
30.00 -135 0.15710
35.00 -135 0.27065
40.00 -135 0.29275
45.00 -135 0.23065
70.00 -135 0.34685
-65.00 -130 -0.79221E-01
-60.00 -130 -0.13381
-55.00 -130 -0.22412
-50.00 -130 -0.27446
-45.00 -130 -0.24442
-40.00 -130 -0.16828
-35.00 -130 -0.12476
-30.00 -130 -0.16449
-25.00 -130 -0.26093
-20.00 -130 -0.32992
-15.00 -130 -0.30141
-10.00 -130 -0.18043
-5.00 -130 -0.44446E-01
0.00 -130 0.20377E-01
5.00 -130 -0.10502E-01
10.00 -130 -0.81000E-01
15.00 -130 -0.99894E-01
20.00 -130 -0.11724E-01
25.00 -130 0.16230
30.00 -130 0.34046
35.00 -130 0.43605
40.00 -130 0.41046
45.00 -130 0.29129
50.00 -130 0.15172
55.00 -130 0.69160E-01
60.00 -130 0.86527E-01
65.00 -130 0.19232
-45.00 -125 -0.17303
-40.00 -125 -0.10179
-35.00 -125 -0.57754E-01
-30.00 -125 -0.79051E-01
-25.00 -125 -0.14192
-20.00 -125 -0.18189
-15.00 -125 -0.15314
-10.00 -125 -0.71898E-01
-5.00 -125 -0.39470E-02
0.00 -125 -0.69965E-02
5.00 -125 -0.77970E-01
10.00 -125 -0.15047
15.00 -125 -0.14420
20.00 -125 -0.25741E-01
25.00 -125 0.16603
30.00 -125 0.34558
35.00 -125 0.43442
40.00 -125 0.40467
45.00 -125 0.28844
-80.00 -120 -0.14192
-75.00 -120 -0.14789
-70.00 -120 -0.10585
-65.00 -120 -0.77174E-01
-60.00 -120 -0.91319E-01
-55.00 -120 -0.12700
-50.00 -120 -0.14034
-45.00 -120 -0.11010
-40.00 -120 -0.56683E-01
-35.00 -120 -0.19290E-01
-30.00 -120 -0.16323E-01
-25.00 -120 -0.28969E-01
-20.00 -120 -0.23654E-01
-15.00 -120 0.96698E-02
-10.00 -120 0.41910E-01
-5.00 -120 0.28637E-01
0.00 -120 -0.47514E-01
5.00 -120 -0.15425
10.00 -120 -0.22749
15.00 -120 -0.21505
20.00 -120 -0.11122
25.00 -120 0.42145E-01
30.00 -120 0.18373
35.00 -120 0.26616
40.00 -120 0.27415
45.00 -120 0.22399
50.00 -120 0.15293
55.00 -120 0.10502
60.00 -120 0.11388
65.00 -120 0.18440
70.00 -120 0.28379
75.00 -120 0.35590
80.00 -120 0.35526
-45.00 -115 -0.79364E-01
-40.00 -115 -0.54263E-01
-35.00 -115 -0.29135E-01
-30.00 -115 -0.18396E-02
-25.00 -115 0.37559E-01
-20.00 -115 0.86615E-01
-15.00 -115 0.11953
-10.00 -115 0.10215
-5.00 -115 0.22323E-01
0.00 -115 -0.93083E-01
5.00 -115 -0.19300
10.00 -115 -0.23735
15.00 -115 -0.22175
20.00 -115 -0.17137
25.00 -115 -0.11329
30.00 -115 -0.55734E-01
35.00 -115 0.72723E-02
40.00 -115 0.75729E-01
45.00 -115 0.13368
-65.00 -110 -0.90618E-01
-60.00 -110 -0.76039E-01
-55.00 -110 -0.74802E-01
-50.00 -110 -0.80685E-01
-45.00 -110 -0.89929E-01
-40.00 -110 -0.96324E-01
-35.00 -110 -0.84089E-01
-30.00 -110 -0.36065E-01
-25.00 -110 0.43973E-01
-20.00 -110 0.11858
-15.00 -110 0.13516
-10.00 -110 0.67835E-01
-5.00 -110 -0.53724E-01
0.00 -110 -0.16026
5.00 -110 -0.19634
10.00 -110 -0.16616
15.00 -110 -0.12836
20.00 -110 -0.14120
25.00 -110 -0.20584
30.00 -110 -0.26049
35.00 -110 -0.23284
40.00 -110 -0.10467
45.00 -110 0.69484E-01
50.00 -110 0.20628
55.00 -110 0.25978
60.00 -110 0.25086
65.00 -110 0.23681
-70.00 -105 -0.12137
-45.00 -105 -0.13339
-40.00 -105 -0.16515
-35.00 -105 -0.16035
-30.00 -105 -0.95959E-01
-25.00 -105 0.73006E-02
-20.00 -105 0.83724E-01
-15.00 -105 0.67250E-01
-10.00 -105 -0.48303E-01
-5.00 -105 -0.18926
0.00 -105 -0.25147
5.00 -105 -0.18624
10.00 -105 -0.49505E-01
15.00 -105 0.35740E-01
20.00 -105 -0.20007E-01
25.00 -105 -0.19199
30.00 -105 -0.35172
35.00 -105 -0.36438
40.00 -105 -0.19350
45.00 -105 0.73055E-01
70.00 -105 0.24410
-75.00 -100 -0.11559
-65.00 -100 -0.11041
-60.00 -100 -0.10188
-55.00 -100 -0.10722
-50.00 -100 -0.13724
-45.00 -100 -0.18876
-40.00 -100 -0.23322
-35.00 -100 -0.22765
-30.00 -100 -0.15174
-25.00 -100 -0.41195E-01
-20.00 -100 0.22484E-01
-15.00 -100 -0.26951E-01
-10.00 -100 -0.17370
-5.00 -100 -0.31172
0.00 -100 -0.31785
5.00 -100 -0.15589
10.00 -100 0.77394E-01
15.00 -100 0.21407
20.00 -100 0.14465
25.00 -100 -0.88195E-01
30.00 -100 -0.31258
35.00 -100 -0.35339
40.00 -100 -0.16175
45.00 -100 0.15440
50.00 -100 0.41782
55.00 -100 0.51133
60.00 -100 0.44539
65.00 -100 0.32121
75.00 -100 0.21536
-45.00 -95 -0.23162
-40.00 -95 -0.27565
-35.00 -95 -0.26449
-30.00 -95 -0.18481
-25.00 -95 -0.78271E-01
-20.00 -95 -0.24465E-01
-15.00 -95 -0.78965E-01
-10.00 -95 -0.21327
-5.00 -95 -0.31613
0.00 -95 -0.27139
5.00 -95 -0.58178E-01
10.00 -95 0.21209
15.00 -95 0.36510
20.00 -95 0.29461
25.00 -95 0.51986E-01
30.00 -95 -0.18209
35.00 -95 -0.22718
40.00 -95 -0.33741E-01
45.00 -95 0.28612
-80.00 -90 -0.34278E-01
-70.00 -90 -0.92877E-01
-65.00 -90 -0.10233
-60.00 -90 -0.11508
-55.00 -90 -0.14222
-50.00 -90 -0.18834
-45.00 -90 -0.24296
-40.00 -90 -0.27848
-35.00 -90 -0.26433
-30.00 -90 -0.19351
-25.00 -90 -0.99262E-01
-20.00 -90 -0.39490E-01
-15.00 -90 -0.51310E-01
-10.00 -90 -0.11038
-5.00 -90 -0.13609
0.00 -90 -0.50741E-01
5.00 -90 0.14846
10.00 -90 0.36717
15.00 -90 0.47111
20.00 -90 0.38713
25.00 -90 0.16954
30.00 -90 -0.26736E-01
35.00 -90 -0.52516E-01
40.00 -90 0.12874
45.00 -90 0.41534
50.00 -90 0.64145
55.00 -90 0.69157
60.00 -90 0.56876
65.00 -90 0.37248
70.00 -90 0.21525
80.00 -90 0.15302
-85.00 -85 0.48419E-01
-45.00 -85 -0.21446
-40.00 -85 -0.24013
-35.00 -85 -0.23148
-30.00 -85 -0.18439
-25.00 -85 -0.11028
-20.00 -85 -0.29622E-01
-15.00 -85 0.43143E-01
-10.00 -85 0.11211
-5.00 -85 0.19681
0.00 -85 0.31091
5.00 -85 0.43762
10.00 -85 0.52568
15.00 -85 0.51826
20.00 -85 0.39955
25.00 -85 0.22314
30.00 -85 0.92527E-01
35.00 -85 0.98838E-01
40.00 -85 0.25667
45.00 -85 0.48688
85.00 -85 0.15641
-75.00 -80 -0.12589E-01
-65.00 -80 -0.33893E-01
-60.00 -80 -0.49594E-01
-55.00 -80 -0.79869E-01
-50.00 -80 -0.11760
-45.00 -80 -0.14977
-40.00 -80 -0.16855
-35.00 -80 -0.17293
-30.00 -80 -0.15907
-25.00 -80 -0.11138
-20.00 -80 -0.82208E-02
-15.00 -80 0.15814
-10.00 -80 0.36408
-5.00 -80 0.55719
0.00 -80 0.68044
5.00 -80 0.70099
10.00 -80 0.62360
15.00 -80 0.48306
20.00 -80 0.32669
25.00 -80 0.20087
30.00 -80 0.14443
35.00 -80 0.18064
40.00 -80 0.30329
45.00 -80 0.46639
50.00 -80 0.59473
55.00 -80 0.61994
60.00 -80 0.52259
65.00 -80 0.34833
75.00 -80 0.90211E-01
-70.00 -75 0.19016E-01
-45.00 -75 -0.62679E-01
-40.00 -75 -0.78034E-01
-35.00 -75 -0.94860E-01
-30.00 -75 -0.11013
-25.00 -75 -0.88138E-01
-20.00 -75 0.24659E-01
-15.00 -75 0.25203
-10.00 -75 0.54669
-5.00 -75 0.79882
0.00 -75 0.89868
5.00 -75 0.80873
10.00 -75 0.58798
15.00 -75 0.34921
20.00 -75 0.18524
25.00 -75 0.12315
30.00 -75 0.13564
35.00 -75 0.18627
40.00 -75 0.25997
45.00 -75 0.35327
70.00 -75 0.16075
-65.00 -70 0.87166E-01
-60.00 -70 0.95065E-01
-55.00 -70 0.79071E-01
-50.00 -70 0.50090E-01
-45.00 -70 0.27065E-01
-40.00 -70 0.12908E-01
-35.00 -70 -0.61070E-02
-30.00 -70 -0.30828E-01
-25.00 -70 -0.22178E-01
-20.00 -70 0.83251E-01
-15.00 -70 0.31421
-10.00 -70 0.61230
-5.00 -70 0.84372
0.00 -70 0.88205
5.00 -70 0.70148
10.00 -70 0.40187
15.00 -70 0.13969
20.00 -70 0.19651E-01
25.00 -70 0.35030E-01
30.00 -70 0.10100
35.00 -70 0.14237
40.00 -70 0.15312
45.00 -70 0.17850
50.00 -70 0.24707
55.00 -70 0.32610
60.00 -70 0.34654
65.00 -70 0.27195
-45.00 -65 0.99721E-01
-40.00 -65 0.84522E-01
-35.00 -65 0.77183E-01
-30.00 -65 0.70020E-01
-25.00 -65 0.86749E-01
-20.00 -65 0.17574
-15.00 -65 0.35857
-10.00 -65 0.58024
-5.00 -65 0.72006
0.00 -65 0.67258
5.00 -65 0.43718
10.00 -65 0.13455
15.00 -65 -0.74989E-01
20.00 -65 -0.10866
25.00 -65 -0.15358E-01
30.00 -65 0.79363E-01
35.00 -65 0.86895E-01
40.00 -65 0.25966E-01
45.00 -65 -0.10237E-01
-80.00 -60 0.12828
-75.00 -60 0.12780
-70.00 -60 0.15507
-65.00 -60 0.20552
-60.00 -60 0.24347
-55.00 -60 0.23751
-50.00 -60 0.19195
-45.00 -60 0.14257
-40.00 -60 0.12201
-35.00 -60 0.13405
-30.00 -60 0.16376
-25.00 -60 0.20750
-20.00 -60 0.28176
-15.00 -60 0.39322
-10.00 -60 0.50122
-5.00 -60 0.52349
0.00 -60 0.39787
5.00 -60 0.15087
10.00 -60 -0.97513E-01
15.00 -60 -0.21360
20.00 -60 -0.15477
25.00 -60 -0.67155E-02
30.00 -60 0.86647E-01
35.00 -60 0.44558E-01
40.00 -60 -0.83946E-01
45.00 -60 -0.16826
50.00 -60 -0.11622
55.00 -60 0.42592E-01
60.00 -60 0.18513
65.00 -60 0.20657
70.00 -60 0.11205
75.00 -60 0.50157E-02
80.00 -60 -0.11097E-01
-45.00 -55 0.15543
-40.00 -55 0.12373
-35.00 -55 0.15065
-30.00 -55 0.21646
-25.00 -55 0.28967
-20.00 -55 0.35301
-15.00 -55 0.39914
-10.00 -55 0.40735
-5.00 -55 0.33990
0.00 -55 0.17690
5.00 -55 -0.40433E-01
10.00 -55 -0.21155
15.00 -55 -0.24203
20.00 -55 -0.12538
25.00 -55 0.35949E-01
30.00 -55 0.10302
35.00 -55 0.14025E-01
40.00 -55 -0.15948
45.00 -55 -0.26898
-65.00 -50 0.25222
-60.00 -50 0.30532
-55.00 -50 0.30460
-50.00 -50 0.23872
-45.00 -50 0.15125
-40.00 -50 0.10573
-35.00 -50 0.13378
-30.00 -50 0.21413
-25.00 -50 0.29697
-20.00 -50 0.34364
-15.00 -50 0.34251
-10.00 -50 0.29423
-5.00 -50 0.19563
0.00 -50 0.49488E-01
5.00 -50 -0.10973
10.00 -50 -0.21333
15.00 -50 -0.20143
20.00 -50 -0.82394E-01
25.00 -50 0.51812E-01
30.00 -50 0.85494E-01
35.00 -50 -0.25071E-01
40.00 -50 -0.20410
45.00 -50 -0.30869
50.00 -50 -0.24535
55.00 -50 -0.51437E-01
60.00 -50 0.13325
65.00 -50 0.18393
-70.00 -45 0.19008
-45.00 -45 0.14976
-40.00 -45 0.96482E-01
-35.00 -45 0.11288
-30.00 -45 0.17791
-25.00 -45 0.23695
-20.00 -45 0.24907
-15.00 -45 0.21220
-10.00 -45 0.14777
-5.00 -45 0.70450E-01
0.00 -45 -0.19270E-01
5.00 -45 -0.11362
10.00 -45 -0.17950
15.00 -45 -0.17659
20.00 -45 -0.10224
25.00 -45 -0.14982E-01
30.00 -45 0.82892E-03
35.00 -45 -0.90439E-01
40.00 -45 -0.23009
45.00 -45 -0.30095
70.00 -45 0.84708E-01
-75.00 -40 0.18662
-65.00 -40 0.19021
-60.00 -40 0.23813
-55.00 -40 0.26102
-50.00 -40 0.22967
-45.00 -40 0.16607
-40.00 -40 0.12131
-35.00 -40 0.12415
-30.00 -40 0.15332
-25.00 -40 0.16043
-20.00 -40 0.11864
-15.00 -40 0.46374E-01
-10.00 -40 -0.16314E-01
-5.00 -40 -0.51178E-01
0.00 -40 -0.77332E-01
5.00 -40 -0.12278
10.00 -40 -0.18497
15.00 -40 -0.22683
20.00 -40 -0.21679
25.00 -40 -0.17027
30.00 -40 -0.14333
35.00 -40 -0.17672
40.00 -40 -0.24456
45.00 -40 -0.26594
50.00 -40 -0.17852
55.00 -40 -0.75505E-02
60.00 -40 0.14113
65.00 -40 0.16772
75.00 -40 -0.51884E-01
-45.00 -35 0.20038
-40.00 -35 0.18461
-35.00 -35 0.18437
-30.00 -35 0.17707
-25.00 -35 0.12613
-20.00 -35 0.25794E-01
-15.00 -35 -0.82618E-01
-10.00 -35 -0.14499
-5.00 -35 -0.14713
0.00 -35 -0.13144
5.00 -35 -0.15701
10.00 -35 -0.24056
15.00 -35 -0.33747
20.00 -35 -0.38344
25.00 -35 -0.35609
30.00 -35 -0.29385
35.00 -35 -0.25247
40.00 -35 -0.24362
45.00 -35 -0.22131
-85.00 -30 0.22334
-80.00 -30 0.24137
-70.00 -30 0.81790E-01
-65.00 -30 0.37613E-01
-60.00 -30 0.63732E-01
-55.00 -30 0.13016
-50.00 -30 0.19362
-45.00 -30 0.23576
-40.00 -30 0.26232
-35.00 -30 0.27326
-30.00 -30 0.24578
-25.00 -30 0.15568
-20.00 -30 0.15311E-01
-15.00 -30 -0.11845
-10.00 -30 -0.18504
-5.00 -30 -0.17605
0.00 -30 -0.14943
5.00 -30 -0.18103
10.00 -30 -0.29425
15.00 -30 -0.43403
20.00 -30 -0.51228
25.00 -30 -0.48376
30.00 -30 -0.38136
35.00 -30 -0.27852
40.00 -30 -0.21798
45.00 -30 -0.17825
50.00 -30 -0.11018
55.00 -30 -0.37324E-02
60.00 -30 0.87642E-01
65.00 -30 0.95489E-01
70.00 -30 0.11960E-01
80.00 -30 -0.95263E-01
85.00 -30 0.17533E-01
-45.00 -25 0.24707
-40.00 -25 0.31259
-35.00 -25 0.34061
-30.00 -25 0.31276
-25.00 -25 0.21561
-20.00 -25 0.70020E-01
-15.00 -25 -0.65005E-01
-10.00 -25 -0.13178
-5.00 -25 -0.12608
0.00 -25 -0.10873
5.00 -25 -0.15619
10.00 -25 -0.28938
15.00 -25 -0.44697
20.00 -25 -0.53202
25.00 -25 -0.49291
30.00 -25 -0.36491
35.00 -25 -0.23495
40.00 -25 -0.16414
45.00 -25 -0.14209
-75.00 -20 0.14866
-65.00 -20 -0.14057
-60.00 -20 -0.14463
-55.00 -20 -0.46641E-01
-50.00 -20 0.92644E-01
-45.00 -20 0.21693
-40.00 -20 0.30059
-35.00 -20 0.33724
-30.00 -20 0.31989
-25.00 -20 0.24358
-20.00 -20 0.12639
-15.00 -20 0.15655E-01
-10.00 -20 -0.41449E-01
-5.00 -20 -0.41410E-01
0.00 -20 -0.36136E-01
5.00 -20 -0.91189E-01
10.00 -20 -0.22228
15.00 -20 -0.37000
20.00 -20 -0.44253
25.00 -20 -0.39270
30.00 -20 -0.25985
35.00 -20 -0.13675
40.00 -20 -0.91136E-01
45.00 -20 -0.11402
50.00 -20 -0.14108
55.00 -20 -0.12289
60.00 -20 -0.73153E-01
65.00 -20 -0.47744E-01
75.00 -20 -0.12264
-70.00 -15 -0.65169E-01
-45.00 -15 0.14875
-40.00 -15 0.22221
-35.00 -15 0.25018
-30.00 -15 0.24271
-25.00 -15 0.20013
-20.00 -15 0.12798
-15.00 -15 0.52610E-01
-10.00 -15 0.84491E-02
-5.00 -15 0.39502E-02
0.00 -15 0.45184E-02
5.00 -15 -0.40503E-01
10.00 -15 -0.14545
15.00 -15 -0.26194
20.00 -15 -0.31144
25.00 -15 -0.25352
30.00 -15 -0.12754
35.00 -15 -0.25462E-01
40.00 -15 -0.16510E-01
45.00 -15 -0.91344E-01
70.00 -15 -0.12466
-65.00 -10 -0.26620
-60.00 -10 -0.28969
-55.00 -10 -0.18383
-50.00 -10 -0.37381E-01
-45.00 -10 0.67900E-01
-40.00 -10 0.11002
-35.00 -10 0.11590
-30.00 -10 0.11380
-25.00 -10 0.10389
-20.00 -10 0.72092E-01
-15.00 -10 0.21282E-01
-10.00 -10 -0.22156E-01
-5.00 -10 -0.36503E-01
0.00 -10 -0.34078E-01
5.00 -10 -0.53427E-01
10.00 -10 -0.11613
15.00 -10 -0.19266
20.00 -10 -0.21894
25.00 -10 -0.15548
30.00 -10 -0.34097E-01
35.00 -10 0.57446E-01
40.00 -10 0.45443E-01
45.00 -10 -0.66833E-01
50.00 -10 -0.20182
55.00 -10 -0.27436
60.00 -10 -0.26061
65.00 -10 -0.20587
-45.00 -5 0.86493E-02
-40.00 -5 0.15386E-01
-35.00 -5 -0.23642E-03
-30.00 -5 0.36510E-02
-25.00 -5 0.19568E-01
-20.00 -5 0.95655E-02
-15.00 -5 -0.43151E-01
-10.00 -5 -0.10998
-5.00 -5 -0.14623
0.00 -5 -0.14010
5.00 -5 -0.12539
10.00 -5 -0.14167
15.00 -5 -0.18374
20.00 -5 -0.19769
25.00 -5 -0.13425
30.00 -5 -0.86763E-02
35.00 -5 0.96029E-01
40.00 -5 0.93584E-01
45.00 -5 -0.29904E-01
90.00 0.00 0.18032
-90.00 0.00 0.12190
