-85.00 0.00 0.45065
-80.00 0.00 0.39426
-75.00 0.00 0.31815
-70.00 0.00 0.26657
-65.00 0.00 0.25575
-60.00 0.00 0.24838
-55.00 0.00 0.17489
-50.00 0.00 -0.13042E-01
-45.00 0.00 -0.29835
-40.00 0.00 -0.60170
-35.00 0.00 -0.83232
-30.00 0.00 -0.94696
-25.00 0.00 -0.97000
-20.00 0.00 -0.96058
-15.00 0.00 -0.95695
-10.00 0.00 -0.94611
-5.00 0.00 -0.88297
0.00 0.00 -0.73991
5.00 0.00 -0.54227
10.00 0.00 -0.35901
15.00 0.00 -0.25647
20.00 0.00 -0.25295
25.00 0.00 -0.30853
30.00 0.00 -0.35435
35.00 0.00 -0.33622
40.00 0.00 -0.24160
45.00 0.00 -0.97127E-01
50.00 0.00 0.53532E-01
55.00 0.00 0.17320
60.00 0.00 0.24449
65.00 0.00 0.27208
70.00 0.00 0.27709
75.00 0.00 0.28675
80.00 0.00 0.31637
85.00 0.00 0.35918
-45.00 5.00 -0.38402
-40.00 5.00 -0.74010
-35.00 5.00 -1.0223
-30.00 5.00 -1.1651
-25.00 5.00 -1.1796
-20.00 5.00 -1.1303
-15.00 5.00 -1.0744
-10.00 5.00 -1.0169
-5.00 5.00 -0.91802
0.00 5.00 -0.74279
5.00 5.00 -0.50801
10.00 5.00 -0.28395
15.00 5.00 -0.14840
20.00 5.00 -0.13090
25.00 5.00 -0.19194
30.00 5.00 -0.25164
35.00 5.00 -0.24319
40.00 5.00 -0.15064
45.00 5.00 -0.79184E-02
-65.00 10.00 0.24522
-60.00 10.00 0.22447
-55.00 10.00 0.13883
-50.00 10.00 -0.77884E-01
-45.00 10.00 -0.42265
-40.00 10.00 -0.80868
-35.00 10.00 -1.1138
-30.00 10.00 -1.2581
-25.00 10.00 -1.2502
-20.00 10.00 -1.1675
-15.00 10.00 -1.0873
-10.00 10.00 -1.0284
-5.00 10.00 -0.94943
0.00 10.00 -0.80172
5.00 10.00 -0.58708
10.00 10.00 -0.36846
15.00 10.00 -0.22470
20.00 10.00 -0.18896
25.00 10.00 -0.22311
30.00 10.00 -0.24780
35.00 10.00 -0.20110
40.00 10.00 -0.77998E-01
45.00 10.00 0.76027E-01
50.00 10.00 0.20459
55.00 10.00 0.27752
60.00 10.00 0.29995
65.00 10.00 0.29617
-70.00 15.00 0.28745
-45.00 15.00 -0.41351
-40.00 15.00 -0.80174
-35.00 15.00 -1.0970
-30.00 15.00 -1.2156
-25.00 15.00 -1.1750
-20.00 15.00 -1.0702
-15.00 15.00 -0.99528
-10.00 15.00 -0.97450
-5.00 15.00 -0.95833
0.00 15.00 -0.88209
5.00 15.00 -0.73156
10.00 15.00 -0.55787
15.00 15.00 -0.43166
20.00 15.00 -0.38070
25.00 15.00 -0.36704
30.00 15.00 -0.32159
35.00 15.00 -0.20299
40.00 15.00 -0.29294E-01
45.00 15.00 0.14076
70.00 15.00 0.29450
-75.00 20.00 0.37834
-65.00 20.00 0.26739
-60.00 20.00 0.25256
-55.00 20.00 0.17659
-50.00 20.00 -0.33575E-01
-45.00 20.00 -0.37235
-40.00 20.00 -0.73878
-35.00 20.00 -0.99660
-30.00 20.00 -1.0681
-25.00 20.00 -0.98702
-20.00 20.00 -0.86652
-15.00 20.00 -0.81070
-10.00 20.00 -0.84139
-5.00 20.00 -0.89844
0.00 20.00 -0.90506
5.00 20.00 -0.83616
10.00 20.00 -0.73072
15.00 20.00 -0.64393
20.00 20.00 -0.58945
25.00 20.00 -0.52687
30.00 20.00 -0.40358
35.00 20.00 -0.20906
40.00 20.00 0.96081E-02
45.00 20.00 0.18346
50.00 20.00 0.27375
55.00 20.00 0.29404
60.00 20.00 0.28769
65.00 20.00 0.28790
75.00 20.00 0.30987
-45.00 25.00 -0.32442
-40.00 25.00 -0.65388
-35.00 25.00 -0.85680
-30.00 25.00 -0.86762
-25.00 25.00 -0.73882
-20.00 25.00 -0.59849
-15.00 25.00 -0.55383
-10.00 25.00 -0.62042
-5.00 25.00 -0.73069
0.00 25.00 -0.80433
5.00 25.00 -0.81291
10.00 25.00 -0.78391
15.00 25.00 -0.75117
20.00 25.00 -0.70763
25.00 25.00 -0.60906
30.00 25.00 -0.42372
35.00 25.00 -0.17662
40.00 25.00 0.57406E-01
45.00 25.00 0.20738
-80.00 30.00 0.49105
-70.00 30.00 0.32677
-65.00 30.00 0.28936
-60.00 30.00 0.27457
-55.00 30.00 0.20194
-50.00 30.00 0.51969E-02
-45.00 30.00 -0.29398
-40.00 30.00 -0.58024
-35.00 30.00 -0.72087
-30.00 30.00 -0.66485
-25.00 30.00 -0.48211
-20.00 30.00 -0.31055
-15.00 30.00 -0.25619
-10.00 30.00 -0.32926
-5.00 30.00 -0.46173
0.00 30.00 -0.57866
5.00 30.00 -0.65297
10.00 30.00 -0.69897
15.00 30.00 -0.72418
20.00 30.00 -0.69834
25.00 30.00 -0.57622
30.00 30.00 -0.35205
35.00 30.00 -0.87286E-01
40.00 30.00 0.12232
45.00 30.00 0.21569
50.00 30.00 0.20988
55.00 30.00 0.17892
60.00 30.00 0.18840
65.00 30.00 0.24578
70.00 30.00 0.30878
80.00 30.00 0.33215
-45.00 35.00 -0.29538
-40.00 35.00 -0.53751
-35.00 35.00 -0.61552
-30.00 35.00 -0.49324
-25.00 35.00 -0.25482
-20.00 35.00 -0.43206E-01
-15.00 35.00 0.38546E-01
-10.00 35.00 -0.17905E-01
-5.00 35.00 -0.15090
0.00 35.00 -0.29585
5.00 35.00 -0.42675
10.00 35.00 -0.54037
15.00 35.00 -0.61484
20.00 35.00 -0.59929
25.00 35.00 -0.45491
30.00 35.00 -0.20797
35.00 35.00 0.44904E-01
40.00 35.00 0.19672
45.00 35.00 0.20873
-75.00 40.00 0.43095
-65.00 40.00 0.27210
-60.00 40.00 0.22829
-55.00 40.00 0.13068
-50.00 40.00 -0.68991E-01
-45.00 40.00 -0.32901
-40.00 40.00 -0.52697
-35.00 40.00 -0.54549
-30.00 40.00 -0.36357
-25.00 40.00 -0.76182E-01
-20.00 40.00 0.17281
-15.00 40.00 0.28473
-10.00 40.00 0.25072
-5.00 40.00 0.12268
0.00 40.00 -0.45718E-01
5.00 40.00 -0.22625
10.00 40.00 -0.39448
15.00 40.00 -0.49975
20.00 40.00 -0.47711
25.00 40.00 -0.30276
30.00 40.00 -0.39310E-01
35.00 40.00 0.18537
40.00 40.00 0.26289
45.00 40.00 0.18587
50.00 40.00 0.53883E-01
55.00 40.00 -0.57801E-02
60.00 40.00 0.63180E-01
65.00 40.00 0.21080
75.00 40.00 0.37312
-70.00 45.00 0.32627
-45.00 45.00 -0.38316
-40.00 45.00 -0.53504
-35.00 45.00 -0.49840
-30.00 45.00 -0.26854
-25.00 45.00 0.51657E-01
-20.00 45.00 0.32193
-15.00 45.00 0.45124
-10.00 45.00 0.43145
-5.00 45.00 0.30537
0.00 45.00 0.11722
5.00 45.00 -0.10112
10.00 45.00 -0.30517
15.00 45.00 -0.42082
20.00 45.00 -0.37646
25.00 45.00 -0.16799
30.00 45.00 0.10758
35.00 45.00 0.29879
40.00 45.00 0.30387
45.00 45.00 0.14939
70.00 45.00 0.36088
-65.00 50.00 0.20288
-60.00 50.00 0.10376
-55.00 50.00 -0.34098E-01
-50.00 50.00 -0.23364
-45.00 50.00 -0.43990
-40.00 50.00 -0.54198
-35.00 50.00 -0.45531
-30.00 50.00 -0.19281
-25.00 50.00 0.13766
-20.00 50.00 0.40498
-15.00 50.00 0.53150
-10.00 50.00 0.51448
-5.00 50.00 0.39064
0.00 50.00 0.19520
5.00 50.00 -0.39929E-01
10.00 50.00 -0.25791
15.00 50.00 -0.37029
20.00 50.00 -0.30400
25.00 50.00 -0.71782E-01
30.00 50.00 0.20512
35.00 50.00 0.36307
40.00 50.00 0.31190
45.00 50.00 0.10706
50.00 50.00 -0.88127E-01
55.00 50.00 -0.12523
60.00 50.00 0.20220E-01
65.00 50.00 0.24155
-85.00 55.00 0.54798
-45.00 55.00 -0.48158
-40.00 55.00 -0.53093
-35.00 55.00 -0.40124
-30.00 55.00 -0.12323
-25.00 55.00 0.19397
-20.00 55.00 0.43428
-15.00 55.00 0.53987
-10.00 55.00 0.51888
-5.00 55.00 0.40501
0.00 55.00 0.22281
5.00 55.00 -0.33061E-02
10.00 55.00 -0.21590
15.00 55.00 -0.32221
20.00 55.00 -0.24933
25.00 55.00 -0.17368E-01
30.00 55.00 0.24429
35.00 55.00 0.37278
40.00 55.00 0.29085
45.00 55.00 0.71499E-01
85.00 55.00 0.32949
-80.00 60.00 0.54960
-75.00 60.00 0.43962
-70.00 60.00 0.27352
-65.00 60.00 0.10700
-60.00 60.00 -0.47078E-01
-55.00 60.00 -0.20766
-50.00 60.00 -0.37454
-45.00 60.00 -0.49554
-40.00 60.00 -0.49324
-35.00 60.00 -0.33086
-30.00 60.00 -0.54587E-01
-25.00 60.00 0.22979
-20.00 60.00 0.42600
-15.00 60.00 0.49987
-10.00 60.00 0.47346
-5.00 60.00 0.37892
0.00 60.00 0.22815
5.00 60.00 0.30986E-01
10.00 60.00 -0.16488
15.00 60.00 -0.27032
20.00 60.00 -0.21173
25.00 60.00 -0.52109E-02
30.00 60.00 0.22791
35.00 60.00 0.33637
40.00 60.00 0.25386
45.00 60.00 0.56935E-01
50.00 60.00 -0.89711E-01
55.00 60.00 -0.60657E-01
60.00 60.00 0.13446
65.00 60.00 0.36546
70.00 60.00 0.49056
75.00 60.00 0.46801
80.00 60.00 0.37350
-45.00 65.00 -0.47553
-40.00 65.00 -0.42875
-35.00 65.00 -0.24792
-30.00 65.00 0.10755E-01
-25.00 65.00 0.25005
-20.00 65.00 0.39548
-15.00 65.00 0.43547
-10.00 65.00 0.40427
-5.00 65.00 0.33203
0.00 65.00 0.21801
5.00 65.00 0.55571E-01
10.00 65.00 -0.12181
15.00 65.00 -0.23268
20.00 65.00 -0.20182
25.00 65.00 -0.33587E-01
30.00 65.00 0.16935
35.00 65.00 0.27342
40.00 65.00 0.21942
45.00 65.00 0.74973E-01
-65.00 70.00 0.31705E-01
-60.00 70.00 -0.14709
-55.00 70.00 -0.29109
-50.00 70.00 -0.39237
-45.00 70.00 -0.42089
-40.00 70.00 -0.34256
-35.00 70.00 -0.16026
-30.00 70.00 0.67832E-01
-25.00 70.00 0.25834
-20.00 70.00 0.35746
-15.00 70.00 0.36991
-10.00 70.00 0.33571
-5.00 70.00 0.28091
0.00 70.00 0.19504
5.00 70.00 0.59544E-01
10.00 70.00 -0.10385
15.00 70.00 -0.22183
20.00 70.00 -0.21850
25.00 70.00 -0.85358E-01
30.00 70.00 0.96496E-01
35.00 70.00 0.21243
40.00 70.00 0.20684
45.00 70.00 0.13090
50.00 70.00 0.99469E-01
55.00 70.00 0.19102
60.00 70.00 0.37727
65.00 70.00 0.54449
-70.00 75.00 0.22879
-45.00 75.00 -0.33501
-40.00 75.00 -0.24126
-35.00 75.00 -0.74519E-01
-30.00 75.00 0.11426
-25.00 75.00 0.26024
-20.00 75.00 0.32705
-15.00 75.00 0.32637
-10.00 75.00 0.29469
-5.00 75.00 0.25092
0.00 75.00 0.17943
5.00 75.00 0.58263E-01
10.00 75.00 -0.95965E-01
15.00 75.00 -0.21675
20.00 75.00 -0.23076
25.00 75.00 -0.12104
30.00 75.00 0.49820E-01
35.00 75.00 0.18475
40.00 75.00 0.23073
45.00 75.00 0.22114
70.00 75.00 0.62352
-75.00 80.00 0.43443
-65.00 80.00 0.15192E-01
-60.00 80.00 -0.14508
-55.00 80.00 -0.23520
-50.00 80.00 -0.25999
-45.00 80.00 -0.22461
-40.00 80.00 -0.13120
-35.00 80.00 0.60948E-02
-30.00 80.00 0.15173
-25.00 80.00 0.26288
-20.00 80.00 0.31665
-15.00 80.00 0.32233
-10.00 80.00 0.30396
-5.00 80.00 0.27013
0.00 80.00 0.20431
5.00 80.00 0.89454E-01
10.00 80.00 -0.56145E-01
15.00 80.00 -0.17161
20.00 80.00 -0.19069
25.00 80.00 -0.94898E-01
30.00 80.00 0.66381E-01
35.00 80.00 0.21224
40.00 80.00 0.29439
45.00 80.00 0.33237
50.00 80.00 0.38674
55.00 80.00 0.49364
60.00 80.00 0.62104
65.00 80.00 0.68944
75.00 80.00 0.49933
-45.00 85.00 -0.99906E-01
-40.00 85.00 -0.19222E-01
-35.00 85.00 0.80130E-01
-30.00 85.00 0.18326
-25.00 85.00 0.27058
-20.00 85.00 0.32897
-15.00 85.00 0.35873
-10.00 85.00 0.36549
-5.00 85.00 0.34562
0.00 85.00 0.28454
5.00 85.00 0.17558
10.00 85.00 0.42960E-01
15.00 85.00 -0.58002E-01
20.00 85.00 -0.72566E-01
25.00 85.00 0.12689E-01
30.00 85.00 0.15669
35.00 85.00 0.29409
40.00 85.00 0.38549
45.00 85.00 0.44349
-80.00 90.00 0.56264
-70.00 90.00 0.24807
-65.00 90.00 0.62713E-01
-60.00 90.00 -0.49128E-01
-55.00 90.00 -0.72459E-01
-50.00 90.00 -0.34803E-01
-45.00 90.00 0.25410E-01
-40.00 90.00 0.85811E-01
-35.00 90.00 0.14484
-30.00 90.00 0.20921
-25.00 90.00 0.28075
-20.00 90.00 0.35293
-15.00 90.00 0.41413
-10.00 90.00 0.45026
-5.00 90.00 0.44606
0.00 90.00 0.39085
5.00 90.00 0.29071
10.00 90.00 0.17723
15.00 90.00 0.99435E-01
20.00 90.00 0.97205E-01
25.00 90.00 0.17397
30.00 90.00 0.29278
35.00 90.00 0.40314
40.00 90.00 0.47836
45.00 90.00 0.53111
50.00 90.00 0.59192
55.00 90.00 0.66935
60.00 90.00 0.72965
65.00 90.00 0.71928
70.00 90.00 0.61475
80.00 90.00 0.32621
-45.00 95.00 0.13592
-40.00 95.00 0.17334
-35.00 95.00 0.19520
-30.00 95.00 0.22631
-25.00 95.00 0.28499
-20.00 95.00 0.36828
-15.00 95.00 0.45332
-10.00 95.00 0.50958
-5.00 95.00 0.51362
0.00 95.00 0.46064
5.00 95.00 0.36976
10.00 95.00 0.27962
15.00 95.00 0.23224
20.00 95.00 0.25099
25.00 95.00 0.32618
30.00 95.00 0.42120
35.00 95.00 0.49813
40.00 95.00 0.54431
45.00 95.00 0.57742
-75.00 100.00 0.45642
-65.00 100.00 0.14682
-60.00 100.00 0.81505E-01
-55.00 100.00 0.10175
-50.00 100.00 0.16528
-45.00 100.00 0.21841
-40.00 100.00 0.23448
-35.00 100.00 0.22687
-30.00 100.00 0.23152
-25.00 100.00 0.27600
-20.00 100.00 0.35825
-15.00 100.00 0.44757
-10.00 100.00 0.50384
-5.00 100.00 0.50109
0.00 100.00 0.44218
5.00 100.00 0.35797
10.00 100.00 0.29233
15.00 100.00 0.27992
20.00 100.00 0.32793
25.00 100.00 0.41270
30.00 100.00 0.49504
35.00 100.00 0.54602
40.00 100.00 0.56536
45.00 100.00 0.57734
50.00 100.00 0.60552
55.00 100.00 0.64610
60.00 100.00 0.66415
65.00 100.00 0.62011
75.00 100.00 0.37147
-70.00 105.00 0.31691
-45.00 105.00 0.26667
-40.00 105.00 0.26708
-35.00 105.00 0.24151
-30.00 105.00 0.22824
-25.00 105.00 0.25601
-20.00 105.00 0.32182
-15.00 105.00 0.39268
-10.00 105.00 0.42775
-5.00 105.00 0.40496
0.00 105.00 0.33542
5.00 105.00 0.25791
10.00 105.00 0.21750
15.00 105.00 0.24056
20.00 105.00 0.32029
25.00 105.00 0.42145
30.00 105.00 0.50217
35.00 105.00 0.53971
40.00 105.00 0.54275
45.00 105.00 0.54059
70.00 105.00 0.43505
-85.00 110.00 0.54753
-65.00 110.00 0.23081
-60.00 110.00 0.18522
-55.00 110.00 0.20524
-50.00 110.00 0.25327
-45.00 110.00 0.28469
-40.00 110.00 0.27915
-35.00 110.00 0.25026
-30.00 110.00 0.22971
-25.00 110.00 0.24007
-20.00 110.00 0.27682
-15.00 110.00 0.31148
-10.00 110.00 0.31213
-5.00 110.00 0.26655
0.00 110.00 0.19281
5.00 110.00 0.13068
10.00 110.00 0.11931
15.00 110.00 0.17425
20.00 110.00 0.27783
25.00 110.00 0.38908
30.00 110.00 0.46784
35.00 110.00 0.49797
40.00 110.00 0.49411
45.00 110.00 0.48668
50.00 110.00 0.49549
55.00 110.00 0.51214
60.00 110.00 0.50624
65.00 110.00 0.45267
85.00 110.00 0.28539
-45.00 115.00 0.28563
-40.00 115.00 0.28704
-35.00 115.00 0.27113
-30.00 115.00 0.25534
-25.00 115.00 0.25049
-20.00 115.00 0.25103
-15.00 115.00 0.23970
-10.00 115.00 0.20219
-5.00 115.00 0.14102
0.00 115.00 0.78823E-01
5.00 115.00 0.48104E-01
10.00 115.00 0.72981E-01
15.00 115.00 0.15385
20.00 115.00 0.26485
25.00 115.00 0.36699
30.00 115.00 0.42983
35.00 115.00 0.44794
40.00 115.00 0.44081
45.00 115.00 0.43530
-80.00 120.00 0.54363
-75.00 120.00 0.48095
-70.00 120.00 0.38274
-65.00 120.00 0.29426
-60.00 120.00 0.24496
-55.00 120.00 0.23843
-50.00 120.00 0.25882
-45.00 120.00 0.28621
-40.00 120.00 0.30785
-35.00 120.00 0.31943
-30.00 120.00 0.31935
-25.00 120.00 0.30354
-20.00 120.00 0.26610
-15.00 120.00 0.20537
-10.00 120.00 0.13018
-5.00 120.00 0.60966E-01
0.00 120.00 0.23445E-01
5.00 120.00 0.36980E-01
10.00 120.00 0.10359
15.00 120.00 0.20420
20.00 120.00 0.30585
25.00 120.00 0.37767
30.00 120.00 0.40681
35.00 120.00 0.40415
40.00 120.00 0.39457
45.00 120.00 0.39737
50.00 120.00 0.41052
55.00 120.00 0.41159
60.00 120.00 0.37639
65.00 120.00 0.30245
70.00 120.00 0.21861
75.00 120.00 0.17142
80.00 120.00 0.19369
-45.00 125.00 0.29870
-40.00 125.00 0.34900
-35.00 125.00 0.39543
-30.00 125.00 0.41682
-25.00 125.00 0.39447
-20.00 125.00 0.32237
-15.00 125.00 0.21420
-10.00 125.00 0.10153
-5.00 125.00 0.22811E-01
0.00 125.00 0.74392E-02
5.00 125.00 0.62183E-01
10.00 125.00 0.16665
15.00 125.00 0.28126
20.00 125.00 0.36547
25.00 125.00 0.39777
30.00 125.00 0.38604
35.00 125.00 0.36066
40.00 125.00 0.35293
45.00 125.00 0.37231
-65.00 130.00 0.33836
-60.00 130.00 0.28523
-55.00 130.00 0.26138
-50.00 130.00 0.27414
-45.00 130.00 0.32459
-40.00 130.00 0.40113
-35.00 130.00 0.47670
-30.00 130.00 0.51566
-25.00 130.00 0.48932
-20.00 130.00 0.39161
-15.00 130.00 0.24583
-10.00 130.00 0.98170E-01
-5.00 130.00 0.42486E-04
0.00 130.00 -0.13573E-01
5.00 130.00 0.59328E-01
10.00 130.00 0.18484
15.00 130.00 0.30775
20.00 130.00 0.37889
25.00 130.00 0.38154
30.00 130.00 0.33996
35.00 130.00 0.30228
40.00 130.00 0.30651
45.00 130.00 0.35252
50.00 130.00 0.40083
55.00 130.00 0.40126
60.00 130.00 0.33178
65.00 130.00 0.21879
-70.00 135.00 0.41745
-45.00 135.00 0.35393
-40.00 135.00 0.43993
-35.00 135.00 0.52265
-30.00 135.00 0.56269
-25.00 135.00 0.53084
-20.00 135.00 0.42203
-15.00 135.00 0.25961
-10.00 135.00 0.89298E-01
-5.00 135.00 -0.35421E-01
0.00 135.00 -0.73383E-01
5.00 135.00 -0.15357E-01
10.00 135.00 0.10715
15.00 135.00 0.23363
20.00 135.00 0.30606
25.00 135.00 0.30371
30.00 135.00 0.25665
35.00 135.00 0.22447
40.00 135.00 0.25160
45.00 135.00 0.33142
70.00 135.00 0.95434E-01
-75.00 140.00 0.46984
-65.00 140.00 0.37157
-60.00 140.00 0.32961
-55.00 140.00 0.30918
-50.00 140.00 0.32270
-45.00 140.00 0.37122
-40.00 140.00 0.43776
-35.00 140.00 0.49241
-30.00 140.00 0.50592
-25.00 140.00 0.46131
-20.00 140.00 0.35753
-15.00 140.00 0.20817
-10.00 140.00 0.40943E-01
-5.00 140.00 -0.10316
0.00 140.00 -0.17936
5.00 140.00 -0.16047
10.00 140.00 -0.58966E-01
15.00 140.00 0.71309E-01
20.00 140.00 0.16406
25.00 140.00 0.18491
30.00 140.00 0.15721
35.00 140.00 0.14425
40.00 140.00 0.19718
45.00 140.00 0.30871
50.00 140.00 0.41252
55.00 140.00 0.43229
60.00 140.00 0.34295
65.00 140.00 0.19461
75.00 140.00 0.65510E-01
-45.00 145.00 0.36488
-40.00 145.00 0.38008
-35.00 145.00 0.36889
-30.00 145.00 0.32480
-25.00 145.00 0.25507
-20.00 145.00 0.16711
-15.00 145.00 0.58542E-01
-10.00 145.00 -0.74310E-01
-5.00 145.00 -0.21578
0.00 145.00 -0.32233
5.00 145.00 -0.34383
10.00 145.00 -0.26325
15.00 145.00 -0.11964
20.00 145.00 0.12699E-01
25.00 145.00 0.78362E-01
30.00 145.00 0.84167E-01
35.00 145.00 0.91519E-01
40.00 145.00 0.16005
45.00 145.00 0.28935
-80.00 150.00 0.47440
-70.00 150.00 0.42184
-65.00 150.00 0.39619
-60.00 150.00 0.37524
-55.00 150.00 0.36288
-50.00 150.00 0.35546
-45.00 150.00 0.33474
-40.00 150.00 0.27698
-35.00 150.00 0.17514
-30.00 150.00 0.51783E-01
-25.00 150.00 -0.55649E-01
-20.00 150.00 -0.12797
-15.00 150.00 -0.18395
-10.00 150.00 -0.26231
-5.00 150.00 -0.37759
0.00 150.00 -0.49146
5.00 150.00 -0.53251
10.00 150.00 -0.45389
15.00 150.00 -0.27919
20.00 150.00 -0.91656E-01
25.00 150.00 0.29022E-01
30.00 150.00 0.69123E-01
35.00 150.00 0.86287E-01
40.00 150.00 0.15125
45.00 150.00 0.27729
50.00 150.00 0.40151
55.00 150.00 0.43672
60.00 150.00 0.34913
65.00 150.00 0.19343
70.00 150.00 0.74273E-01
80.00 150.00 0.16763
-45.00 155.00 0.29265
-40.00 155.00 0.16149
-35.00 155.00 -0.29437E-01
-30.00 155.00 -0.23170
-25.00 155.00 -0.38147
-20.00 155.00 -0.44850
-15.00 155.00 -0.46348
-10.00 155.00 -0.49227
-5.00 155.00 -0.57338
0.00 155.00 -0.67363
5.00 155.00 -0.70680
10.00 155.00 -0.60524
15.00 155.00 -0.38340
20.00 155.00 -0.13485
25.00 155.00 0.38610E-01
30.00 155.00 0.10509
35.00 155.00 0.11943
40.00 155.00 0.16434
45.00 155.00 0.26962
-75.00 160.00 0.42206
-65.00 160.00 0.40906
-60.00 160.00 0.40619
-55.00 160.00 0.39436
-50.00 160.00 0.35447
-45.00 160.00 0.25535
-40.00 160.00 0.73697E-01
-35.00 160.00 -0.17538
-30.00 160.00 -0.42936
-25.00 160.00 -0.61153
-20.00 160.00 -0.68655
-15.00 160.00 -0.69009
-10.00 160.00 -0.69881
-5.00 160.00 -0.75995
0.00 160.00 -0.84126
5.00 160.00 -0.85044
10.00 160.00 -0.71334
15.00 160.00 -0.44466
20.00 160.00 -0.14712
25.00 160.00 0.63810E-01
30.00 160.00 0.14593
35.00 160.00 0.15289
40.00 160.00 0.17553
45.00 160.00 0.25640
50.00 160.00 0.35432
55.00 160.00 0.38848
60.00 160.00 0.31903
65.00 160.00 0.18961
75.00 160.00 0.10170
-85.00 165.00 0.45149
-70.00 165.00 0.40408
-45.00 165.00 0.23379
-40.00 165.00 0.38596E-01
-35.00 165.00 -0.21938
-30.00 165.00 -0.47954
-25.00 165.00 -0.67064
-20.00 165.00 -0.76152
-15.00 165.00 -0.78605
-10.00 165.00 -0.81297
-5.00 165.00 -0.88034
0.00 165.00 -0.95175
5.00 165.00 -0.93862
10.00 165.00 -0.77547
15.00 165.00 -0.48482
20.00 165.00 -0.17233
25.00 165.00 0.47674E-01
30.00 165.00 0.13450
35.00 165.00 0.14119
40.00 165.00 0.15732
45.00 165.00 0.22721
70.00 165.00 0.11194
85.00 165.00 0.33334
-65.00 170.00 0.40900
-60.00 170.00 0.41418
-55.00 170.00 0.39516
-50.00 170.00 0.33772
-45.00 170.00 0.22582
-40.00 170.00 0.51242E-01
-35.00 170.00 -0.16939
-30.00 170.00 -0.39127
-25.00 170.00 -0.56479
-20.00 170.00 -0.67124
-15.00 170.00 -0.73738
-10.00 170.00 -0.80894
-5.00 170.00 -0.90128
0.00 170.00 -0.97207
5.00 170.00 -0.94697
10.00 170.00 -0.78232
15.00 170.00 -0.51184
20.00 170.00 -0.23312
25.00 170.00 -0.40617E-01
30.00 170.00 0.39993E-01
35.00 170.00 0.60730E-01
40.00 170.00 0.97235E-01
45.00 170.00 0.18040
50.00 170.00 0.27356
55.00 170.00 0.31282
60.00 170.00 0.27115
65.00 170.00 0.18740
-45.00 175.00 0.21737
-40.00 175.00 0.79203E-01
-35.00 175.00 -0.81374E-01
-30.00 175.00 -0.24204
-25.00 175.00 -0.38264
-20.00 175.00 -0.50044
-15.00 175.00 -0.61153
-10.00 175.00 -0.73084
-5.00 175.00 -0.84598
0.00 175.00 -0.91178
5.00 175.00 -0.87819
10.00 175.00 -0.73269
15.00 175.00 -0.52026
20.00 175.00 -0.31882
25.00 175.00 -0.18602
30.00 175.00 -0.12076
35.00 175.00 -0.72499E-01
40.00 175.00 0.92661E-02
45.00 175.00 0.12823
-80.00 180.00 0.37597
-75.00 180.00 0.35894
-70.00 180.00 0.37402
-65.00 180.00 0.39844
-60.00 180.00 0.40196
-55.00 180.00 0.36623
-50.00 180.00 0.29182
-45.00 180.00 0.19190
-40.00 180.00 0.81932E-01
-35.00 180.00 -0.27651E-01
-30.00 180.00 -0.13483
-25.00 180.00 -0.24633
-20.00 180.00 -0.37313
-15.00 180.00 -0.51942
-10.00 180.00 -0.66995
-5.00 180.00 -0.78769
0.00 180.00 -0.83008
5.00 180.00 -0.77740
10.00 180.00 -0.65192
15.00 180.00 -0.50873
20.00 180.00 -0.40002
25.00 180.00 -0.33863
30.00 180.00 -0.29117
35.00 180.00 -0.20855
40.00 180.00 -0.70392E-01
45.00 180.00 0.93384E-01
50.00 180.00 0.22286
55.00 180.00 0.27403
60.00 180.00 0.25284
65.00 180.00 0.20967
70.00 180.00 0.20019
75.00 180.00 0.24467
80.00 180.00 0.31852
-45.00 -175 0.14206
-40.00 -175 0.35490E-01
-35.00 -175 -0.55317E-01
-30.00 -175 -0.13947
-25.00 -175 -0.24007
-20.00 -175 -0.37605
-15.00 -175 -0.54196
-10.00 -175 -0.70067
-5.00 -175 -0.79893
0.00 -175 -0.80008
5.00 -175 -0.71226
10.00 -175 -0.58816
15.00 -175 -0.49152
20.00 -175 -0.45211
25.00 -175 -0.44389
30.00 -175 -0.40541
35.00 -175 -0.28917
40.00 -175 -0.10168
45.00 -175 0.97590E-01
-65.00 -170 0.37806
-60.00 -170 0.37531
-55.00 -170 0.31787
-50.00 -170 0.20954
-45.00 -170 0.75864E-01
-40.00 -170 -0.52863E-01
-35.00 -170 -0.16059
-30.00 -170 -0.25558
-25.00 -170 -0.36372
-20.00 -170 -0.50598
-15.00 -170 -0.67383
-10.00 -170 -0.82241
-5.00 -170 -0.89293
0.00 -170 -0.85320
5.00 -170 -0.72644
10.00 -170 -0.58211
15.00 -170 -0.48961
20.00 -170 -0.46779
25.00 -170 -0.47043
30.00 -170 -0.42218
35.00 -170 -0.27856
40.00 -170 -0.63010E-01
45.00 -170 0.14845
50.00 -170 0.28210
55.00 -170 0.31689
60.00 -170 0.29197
65.00 -170 0.26980
-70.00 -165 0.33492
-45.00 -165 0.13217E-01
-40.00 -165 -0.14922
-35.00 -165 -0.29463
-30.00 -165 -0.42022
-25.00 -165 -0.54231
-20.00 -165 -0.67966
-15.00 -165 -0.82962
-10.00 -165 -0.95644
-5.00 -165 -1.0073
0.00 -165 -0.94990
5.00 -165 -0.80354
10.00 -165 -0.63399
15.00 -165 -0.51008
20.00 -165 -0.45303
25.00 -165 -0.42081
30.00 -165 -0.34334
35.00 -165 -0.18207
40.00 -165 0.34931E-01
45.00 -165 0.23187
70.00 -165 0.33862
-75.00 -160 0.29887
-65.00 -160 0.34190
-60.00 -160 0.33135
-55.00 -160 0.26540
-50.00 -160 0.14210
-45.00 -160 -0.25165E-01
-40.00 -160 -0.21306
-35.00 -160 -0.39514
-30.00 -160 -0.55237
-25.00 -160 -0.68260
-20.00 -160 -0.79833
-15.00 -160 -0.90963
-10.00 -160 -1.0045
-5.00 -160 -1.0476
0.00 -160 -1.0045
5.00 -160 -0.87384
10.00 -160 -0.69757
15.00 -160 -0.53444
20.00 -160 -0.41612
25.00 -160 -0.32401
30.00 -160 -0.20978
35.00 -160 -0.43763E-01
40.00 -160 0.15169
45.00 -160 0.31514
50.00 -160 0.39525
55.00 -160 0.39297
60.00 -160 0.35937
65.00 -160 0.35187
75.00 -160 0.44021
-45.00 -155 -0.29371E-01
-40.00 -155 -0.21944
-35.00 -155 -0.42141
-30.00 -155 -0.60124
-25.00 -155 -0.73300
-20.00 -155 -0.81637
-15.00 -155 -0.87328
-10.00 -155 -0.92277
-5.00 -155 -0.95736
0.00 -155 -0.94545
5.00 -155 -0.86028
10.00 -155 -0.70829
15.00 -155 -0.52847
20.00 -155 -0.36158
25.00 -155 -0.21864
30.00 -155 -0.79891E-01
35.00 -155 0.74784E-01
40.00 -155 0.23469
45.00 -155 0.35970
-80.00 -150 0.29359
-70.00 -150 0.28037
-65.00 -150 0.28174
-60.00 -150 0.25368
-55.00 -150 0.19603
-50.00 -150 0.11255
-45.00 -150 -0.53740E-02
-40.00 -150 -0.16965
-35.00 -150 -0.37041
-30.00 -150 -0.56563
-25.00 -150 -0.70354
-20.00 -150 -0.76098
-15.00 -150 -0.76096
-10.00 -150 -0.75022
-5.00 -150 -0.75609
0.00 -150 -0.76251
5.00 -150 -0.72749
10.00 -150 -0.62406
15.00 -150 -0.46545
20.00 -150 -0.29212
25.00 -150 -0.13664
30.00 -150 -0.26604E-02
35.00 -150 0.12322
40.00 -150 0.24333
45.00 -150 0.33805
50.00 -150 0.38557
55.00 -150 0.39081
60.00 -150 0.38944
65.00 -150 0.41803
70.00 -150 0.47731
80.00 -150 0.52800
-45.00 -145 0.28835E-01
-40.00 -145 -0.86171E-01
-35.00 -145 -0.26780
-30.00 -145 -0.47679
-25.00 -145 -0.63718
-20.00 -145 -0.69232
-15.00 -145 -0.64910
-10.00 -145 -0.56943
-5.00 -145 -0.51654
0.00 -145 -0.50503
5.00 -145 -0.49793
10.00 -145 -0.44850
15.00 -145 -0.34421
20.00 -145 -0.21315
25.00 -145 -0.92879E-01
30.00 -145 0.24550E-02
35.00 -145 0.84811E-01
40.00 -145 0.16779
45.00 -145 0.24651
-85.00 -140 0.35033
-75.00 -140 0.24963
-65.00 -140 0.20225
-60.00 -140 0.13458
-55.00 -140 0.75213E-01
-50.00 -140 0.55240E-01
-45.00 -140 0.52733E-01
-40.00 -140 0.17783E-02
-35.00 -140 -0.14628
-30.00 -140 -0.36624
-25.00 -140 -0.56403
-20.00 -140 -0.64405
-15.00 -140 -0.58160
-10.00 -140 -0.43765
-5.00 -140 -0.30585
0.00 -140 -0.24103
5.00 -140 -0.23044
10.00 -140 -0.22449
15.00 -140 -0.18982
20.00 -140 -0.13344
25.00 -140 -0.82494E-01
30.00 -140 -0.48799E-01
35.00 -140 -0.17270E-01
40.00 -140 0.33822E-01
45.00 -140 0.10786
50.00 -140 0.18935
55.00 -140 0.26596
60.00 -140 0.34410
65.00 -140 0.43613
75.00 -140 0.59309
85.00 -140 0.49205
-70.00 -135 0.22256
-45.00 -135 0.52349E-01
-40.00 -135 0.70788E-01
-35.00 -135 -0.30298E-01
-30.00 -135 -0.24842
-25.00 -135 -0.48163
-20.00 -135 -0.59970
-15.00 -135 -0.54057
-10.00 -135 -0.35183
-5.00 -135 -0.14675
0.00 -135 -0.18659E-01
5.00 -135 0.13193E-01
10.00 -135 -0.98446E-02
15.00 -135 -0.40051E-01
20.00 -135 -0.61932E-01
25.00 -135 -0.85686E-01
30.00 -135 -0.11526
35.00 -135 -0.13168
40.00 -135 -0.10842
45.00 -135 -0.37487E-01
70.00 -135 0.54226
-65.00 -130 0.13272
-60.00 -130 0.10871E-01
-55.00 -130 -0.80861E-01
-50.00 -130 -0.72230E-01
-45.00 -130 0.24640E-01
-40.00 -130 0.10763
-35.00 -130 0.63840E-01
-30.00 -130 -0.13023
-25.00 -130 -0.37684
-20.00 -130 -0.52488
-15.00 -130 -0.48169
-10.00 -130 -0.27680
-5.00 -130 -0.30354E-01
0.00 -130 0.13896
5.00 -130 0.18673
10.00 -130 0.14515
15.00 -130 0.70794E-01
20.00 -130 -0.42805E-02
25.00 -130 -0.77999E-01
30.00 -130 -0.15040
35.00 -130 -0.20255
40.00 -130 -0.20597
45.00 -130 -0.14768
50.00 -130 -0.40005E-01
55.00 -130 0.94763E-01
60.00 -130 0.24336
65.00 -130 0.39887
-45.00 -125 -0.23073E-01
-40.00 -125 0.10742
-35.00 -125 0.11996
-30.00 -125 -0.31772E-01
-25.00 -125 -0.26382
-20.00 -125 -0.42176
-15.00 -125 -0.39714
-10.00 -125 -0.20411
-5.00 -125 0.41638E-01
0.00 -125 0.21463
5.00 -125 0.26111
10.00 -125 0.21025
15.00 -125 0.12334
20.00 -125 0.38518E-01
25.00 -125 -0.41677E-01
30.00 -125 -0.12329
35.00 -125 -0.19388
40.00 -125 -0.22497
45.00 -125 -0.19558
-80.00 -120 0.25212
-75.00 -120 0.23009
-70.00 -120 0.20643
-65.00 -120 0.11482
-60.00 -120 -0.40624E-01
-55.00 -120 -0.17421
-50.00 -120 -0.19025
-45.00 -120 -0.76021E-01
-40.00 -120 0.72253E-01
-35.00 -120 0.12082
-30.00 -120 0.92907E-02
-25.00 -120 -0.19521
-20.00 -120 -0.34844
-15.00 -120 -0.34090
-10.00 -120 -0.17715
-5.00 -120 0.38700E-01
0.00 -120 0.18981
5.00 -120 0.22748
10.00 -120 0.18369
15.00 -120 0.12025
20.00 -120 0.71008E-01
25.00 -120 0.27621E-01
30.00 -120 -0.30798E-01
35.00 -120 -0.10345
40.00 -120 -0.16307
45.00 -120 -0.17785
50.00 -120 -0.13187
55.00 -120 -0.26068E-01
60.00 -120 0.13067
65.00 -120 0.32015
70.00 -120 0.50326
75.00 -120 0.61984
80.00 -120 0.62268
-45.00 -115 -0.11504
-40.00 -115 0.13937E-01
-35.00 -115 0.60339E-01
-30.00 -115 -0.38321E-01
-25.00 -115 -0.22727
-20.00 -115 -0.37680
-15.00 -115 -0.38450
-10.00 -115 -0.25033
-5.00 -115 -0.65119E-01
0.00 -115 0.68866E-01
5.00 -115 0.11259
10.00 -115 0.10048
15.00 -115 0.89977E-01
20.00 -115 0.10483
25.00 -115 0.12195
30.00 -115 0.10397
35.00 -115 0.39164E-01
40.00 -115 -0.47407E-01
45.00 -115 -0.11333
-65.00 -110 0.16802
-60.00 -110 0.34208E-01
-55.00 -110 -0.10487
-50.00 -110 -0.16383
-45.00 -110 -0.11997
-40.00 -110 -0.42837E-01
-35.00 -110 -0.40049E-01
-30.00 -110 -0.16446
-25.00 -110 -0.36433
-20.00 -110 -0.52061
-15.00 -110 -0.53883
-10.00 -110 -0.41707
-5.00 -110 -0.23626
0.00 -110 -0.88454E-01
5.00 -110 -0.92741E-02
10.00 -110 0.31276E-01
15.00 -110 0.82101E-01
20.00 -110 0.15813
25.00 -110 0.22782
30.00 -110 0.24469
35.00 -110 0.18827
40.00 -110 0.79807E-01
45.00 -110 -0.32526E-01
50.00 -110 -0.98300E-01
55.00 -110 -0.81292E-01
60.00 -110 0.32025E-01
65.00 -110 0.22326
-70.00 -105 0.24906
-45.00 -105 -0.74876E-01
-40.00 -105 -0.64243E-01
-35.00 -105 -0.12907
-30.00 -105 -0.30443
-25.00 -105 -0.53286
-20.00 -105 -0.69969
-15.00 -105 -0.71591
-10.00 -105 -0.57960
-5.00 -105 -0.36781
0.00 -105 -0.17218
5.00 -105 -0.36100E-01
10.00 -105 0.57475E-01
15.00 -105 0.14763
20.00 -105 0.24811
25.00 -105 0.33253
30.00 -105 0.35832
35.00 -105 0.30260
40.00 -105 0.18013
45.00 -105 0.36328E-01
70.00 -105 0.39762
-75.00 -100 0.23910
-65.00 -100 0.26473
-60.00 -100 0.20492
-55.00 -100 0.11890
-50.00 -100 0.55528E-01
-45.00 -100 0.24807E-01
-40.00 -100 -0.21080E-01
-35.00 -100 -0.14673
-30.00 -100 -0.36708
-25.00 -100 -0.61586
-20.00 -100 -0.78022
-15.00 -100 -0.77591
-10.00 -100 -0.60285
-5.00 -100 -0.33924
0.00 -100 -0.83889E-01
5.00 -100 0.10408
10.00 -100 0.22419
15.00 -100 0.30786
20.00 -100 0.37733
25.00 -100 0.42545
30.00 -100 0.42629
35.00 -100 0.36038
40.00 -100 0.23312
45.00 -100 0.77764E-01
50.00 -100 -0.53347E-01
55.00 -100 -0.10454
60.00 -100 -0.39076E-01
65.00 -100 0.13646
75.00 -100 0.53983
-45.00 -95 0.16649
-40.00 -95 0.93587E-01
-35.00 -95 -0.58969E-01
-30.00 -95 -0.28998
-25.00 -95 -0.52868
-20.00 -95 -0.66783
-15.00 -95 -0.63023
-10.00 -95 -0.41862
-5.00 -95 -0.11235
0.00 -95 0.18280
5.00 -95 0.39231
10.00 -95 0.49931
15.00 -95 0.53064
20.00 -95 0.52275
25.00 -95 0.49534
30.00 -95 0.44618
35.00 -95 0.36289
40.00 -95 0.23991
45.00 -95 0.91901E-01
-80.00 -90 0.24151
-70.00 -90 0.29241
-65.00 -90 0.34583
-60.00 -90 0.36770
-55.00 -90 0.36166
-50.00 -90 0.34625
-45.00 -90 0.32071
-40.00 -90 0.25507
-35.00 -90 0.11781
-30.00 -90 -0.82431E-01
-25.00 -90 -0.28009
-20.00 -90 -0.38092
-15.00 -90 -0.31772
-10.00 -90 -0.93556E-01
-5.00 -90 0.21784
0.00 -90 0.51241
5.00 -90 0.70776
10.00 -90 0.77478
15.00 -90 0.73580
20.00 -90 0.63907
25.00 -90 0.52873
30.00 -90 0.42590
35.00 -90 0.32685
40.00 -90 0.21641
45.00 -90 0.89590E-01
50.00 -90 -0.31260E-01
55.00 -90 -0.97807E-01
60.00 -90 -0.61502E-01
65.00 -90 0.88552E-01
70.00 -90 0.30290
80.00 -90 0.56496
-85.00 -85 0.32521
-45.00 -85 0.44991
-40.00 -85 0.41481
-35.00 -85 0.32185
-30.00 -85 0.17690
-25.00 -85 0.30022E-01
-20.00 -85 -0.43837E-01
-15.00 -85 0.12762E-01
-10.00 -85 0.20331
-5.00 -85 0.47126
0.00 -85 0.72701
5.00 -85 0.88991
10.00 -85 0.92145
15.00 -85 0.83464
20.00 -85 0.67932
25.00 -85 0.51362
30.00 -85 0.37613
35.00 -85 0.27217
40.00 -85 0.18152
45.00 -85 0.83814E-01
85.00 -85 0.50390
-75.00 -80 0.23451
-65.00 -80 0.36839
-60.00 -80 0.43148
-55.00 -80 0.47252
-50.00 -80 0.50144
-45.00 -80 0.52275
-40.00 -80 0.52261
-35.00 -80 0.47931
-30.00 -80 0.38772
-25.00 -80 0.27582
-20.00 -80 0.19754
-15.00 -80 0.20468
-10.00 -80 0.31606
-5.00 -80 0.50333
0.00 -80 0.70167
5.00 -80 0.83870
10.00 -80 0.86647
15.00 -80 0.78123
20.00 -80 0.62174
25.00 -80 0.44724
30.00 -80 0.30606
35.00 -80 0.21267
40.00 -80 0.14779
45.00 -80 0.82664E-01
50.00 -80 0.10649E-01
55.00 -80 -0.38971E-01
60.00 -80 -0.19146E-01
65.00 -80 0.95112E-01
75.00 -80 0.44677
-70.00 -75 0.28217
-45.00 -75 0.52678
-40.00 -75 0.55046
-35.00 -75 0.54377
-30.00 -75 0.48693
-25.00 -75 0.38473
-20.00 -75 0.27261
-15.00 -75 0.20171
-10.00 -75 0.21163
-5.00 -75 0.30688
0.00 -75 0.45080
5.00 -75 0.58109
10.00 -75 0.63959
15.00 -75 0.60109
20.00 -75 0.48498
25.00 -75 0.34219
30.00 -75 0.22442
35.00 -75 0.15466
40.00 -75 0.11924
45.00 -75 0.87469E-01
70.00 -75 0.27339
-65.00 -70 0.34047
-60.00 -70 0.39726
-55.00 -70 0.42855
-50.00 -70 0.44751
-45.00 -70 0.47233
-40.00 -70 0.50313
-35.00 -70 0.51568
-30.00 -70 0.47711
-25.00 -70 0.37229
-20.00 -70 0.22165
-15.00 -70 0.77177E-01
-10.00 -70 -0.26828E-02
-5.00 -70 0.15056E-01
0.00 -70 0.11804
5.00 -70 0.25317
10.00 -70 0.35416
15.00 -70 0.37675
20.00 -70 0.32091
25.00 -70 0.22618
30.00 -70 0.14347
35.00 -70 0.10229
40.00 -70 0.96128E-01
45.00 -70 0.96014E-01
50.00 -70 0.81133E-01
55.00 -70 0.61469E-01
60.00 -70 0.72845E-01
65.00 -70 0.14645
-45.00 -65 0.38563
-40.00 -65 0.41010
-35.00 -65 0.43127
-30.00 -65 0.40851
-25.00 -65 0.31167
-20.00 -65 0.14790
-15.00 -65 -0.33872E-01
-10.00 -65 -0.16556
-5.00 -65 -0.19673
0.00 -65 -0.12310
5.00 -65 0.10772E-01
10.00 -65 0.13670
15.00 -65 0.20056
20.00 -65 0.18979
25.00 -65 0.13427
30.00 -65 0.81609E-01
35.00 -65 0.64304E-01
40.00 -65 0.81554E-01
45.00 -65 0.10745
-80.00 -60 0.25127
-75.00 -60 0.22079
-70.00 -60 0.25172
-65.00 -60 0.30804
-60.00 -60 0.34524
-55.00 -60 0.34266
-50.00 -60 0.31495
-45.00 -60 0.29575
-40.00 -60 0.30612
-35.00 -60 0.33284
-30.00 -60 0.33400
-25.00 -60 0.26896
-20.00 -60 0.13102
-15.00 -60 -0.40809E-01
-10.00 -60 -0.18040
-5.00 -60 -0.23185
0.00 -60 -0.18157
5.00 -60 -0.64951E-01
10.00 -60 0.55701E-01
15.00 -60 0.12724
20.00 -60 0.13318
25.00 -60 0.96822E-01
30.00 -60 0.60303E-01
35.00 -60 0.55118E-01
40.00 -60 0.83884E-01
45.00 -60 0.12457
50.00 -60 0.15236
55.00 -60 0.16191
60.00 -60 0.17266
65.00 -60 0.21249
70.00 -60 0.29223
75.00 -60 0.38930
80.00 -60 0.45866
-45.00 -55 0.22311
-40.00 -55 0.21430
-35.00 -55 0.24403
-30.00 -55 0.27450
-25.00 -55 0.25788
-20.00 -55 0.17293
-15.00 -55 0.43700E-01
-10.00 -55 -0.73450E-01
-5.00 -55 -0.12487
0.00 -55 -0.92225E-01
5.00 -55 -0.14769E-02
10.00 -55 0.95752E-01
15.00 -55 0.15401
20.00 -55 0.15819
25.00 -55 0.12651
30.00 -55 0.93700E-01
35.00 -55 0.87161E-01
40.00 -55 0.11174
45.00 -55 0.15126
-65.00 -50 0.30812
-60.00 -50 0.34523
-55.00 -50 0.32440
-50.00 -50 0.25254
-45.00 -50 0.17520
-40.00 -50 0.14150
-35.00 -50 0.16625
-30.00 -50 0.21861
-25.00 -50 0.24599
-20.00 -50 0.21401
-15.00 -50 0.13202
-10.00 -50 0.45858E-01
-5.00 -50 0.52777E-02
0.00 -50 0.31067E-01
5.00 -50 0.10467
10.00 -50 0.18421
15.00 -50 0.23227
20.00 -50 0.23588
25.00 -50 0.20813
30.00 -50 0.17486
35.00 -50 0.15783
40.00 -50 0.16425
45.00 -50 0.18661
50.00 -50 0.21094
55.00 -50 0.22780
60.00 -50 0.24000
65.00 -50 0.26115
-70.00 -45 0.25606
-45.00 -45 0.14969
-40.00 -45 0.85540E-01
-35.00 -45 0.93362E-01
-30.00 -45 0.14959
-25.00 -45 0.19861
-20.00 -45 0.19654
-15.00 -45 0.14322
-10.00 -45 0.78921E-01
-5.00 -45 0.51835E-01
0.00 -45 0.83710E-01
5.00 -45 0.15882
10.00 -45 0.23992
15.00 -45 0.29433
20.00 -45 0.31027
25.00 -45 0.29577
30.00 -45 0.26746
35.00 -45 0.24037
40.00 -45 0.22369
45.00 -45 0.22041
70.00 -45 0.30513
-75.00 -40 0.23819
-65.00 -40 0.33643
-60.00 -40 0.39243
-55.00 -40 0.37454
-50.00 -40 0.27405
-45.00 -40 0.14022
-40.00 -40 0.44501E-01
-35.00 -40 0.27452E-01
-30.00 -40 0.70930E-01
-25.00 -40 0.11699
-20.00 -40 0.11627
-15.00 -40 0.65482E-01
-10.00 -40 0.55888E-02
-5.00 -40 -0.13740E-01
0.00 -40 0.28645E-01
5.00 -40 0.11509
10.00 -40 0.20819
15.00 -40 0.27799
20.00 -40 0.31491
25.00 -40 0.32391
30.00 -40 0.31285
35.00 -40 0.28810
40.00 -40 0.25793
45.00 -40 0.23426
50.00 -40 0.22692
55.00 -40 0.23632
60.00 -40 0.25449
65.00 -40 0.27543
75.00 -40 0.34423
-45.00 -35 0.13991
-40.00 -35 0.19280E-01
-35.00 -35 -0.19927E-01
-30.00 -35 0.64773E-02
-25.00 -35 0.37393E-01
-20.00 -35 0.19946E-01
-15.00 -35 -0.48339E-01
-10.00 -35 -0.12211
-5.00 -35 -0.14858
0.00 -35 -0.10808
5.00 -35 -0.22233E-01
10.00 -35 0.70596E-01
15.00 -35 0.14507
20.00 -35 0.19785
25.00 -35 0.23464
30.00 -35 0.25537
35.00 -35 0.25465
40.00 -35 0.23424
45.00 -35 0.20971
-85.00 -30 0.38805
-80.00 -30 0.30478
-70.00 -30 0.27898
-65.00 -30 0.35794
-60.00 -30 0.42788
-55.00 -30 0.41726
-50.00 -30 0.30505
-45.00 -30 0.14077
-40.00 -30 0.76707E-02
-35.00 -30 -0.41809E-01
-30.00 -30 -0.24277E-01
-25.00 -30 -0.57798E-02
-20.00 -30 -0.43187E-01
-15.00 -30 -0.13805
-10.00 -30 -0.24040
-5.00 -30 -0.29398
0.00 -30 -0.27990
5.00 -30 -0.22209
10.00 -30 -0.15709
15.00 -30 -0.10170
20.00 -30 -0.48471E-01
25.00 -30 0.12882E-01
30.00 -30 0.75827E-01
35.00 -30 0.12104
40.00 -30 0.13813
45.00 -30 0.13933
50.00 -30 0.14905
55.00 -30 0.18023
60.00 -30 0.22357
65.00 -30 0.26131
70.00 -30 0.28953
80.00 -30 0.36523
85.00 -30 0.40206
-45.00 -25 0.13188
-40.00 -25 -0.30456E-02
-35.00 -25 -0.51500E-01
-30.00 -25 -0.32498E-01
-25.00 -25 -0.17867E-01
-20.00 -25 -0.69681E-01
-15.00 -25 -0.19061
-10.00 -25 -0.32792
-5.00 -25 -0.42210
0.00 -25 -0.45285
5.00 -25 -0.44324
10.00 -25 -0.42547
15.00 -25 -0.40664
20.00 -25 -0.36756
25.00 -25 -0.29117
30.00 -25 -0.18716
35.00 -25 -0.86736E-01
40.00 -25 -0.14067E-01
45.00 -25 0.34228E-01
-75.00 -20 0.27554
-65.00 -20 0.34396
-60.00 -20 0.40346
-55.00 -20 0.38711
-50.00 -20 0.26988
-45.00 -20 0.10008
-40.00 -20 -0.36183E-01
-35.00 -20 -0.83987E-01
-30.00 -20 -0.63149E-01
-25.00 -20 -0.48943E-01
-20.00 -20 -0.10805
-15.00 -20 -0.24616
-10.00 -20 -0.41029
-5.00 -20 -0.53820
0.00 -20 -0.60650
5.00 -20 -0.63590
10.00 -20 -0.65608
15.00 -20 -0.66950
20.00 -20 -0.64996
25.00 -20 -0.57340
30.00 -20 -0.44650
35.00 -20 -0.30385
40.00 -20 -0.17847
45.00 -20 -0.77564E-01
50.00 -20 0.13007E-01
55.00 -20 0.10374
60.00 -20 0.18600
65.00 -20 0.24326
75.00 -20 0.30161
-70.00 -15 0.27773
-45.00 -15 0.35089E-01
-40.00 -15 -0.11540
-35.00 -15 -0.17854
-30.00 -15 -0.16943
-25.00 -15 -0.16052
-20.00 -15 -0.21983
-15.00 -15 -0.35707
-10.00 -15 -0.52209
-5.00 -15 -0.65180
0.00 -15 -0.72007
5.00 -15 -0.74708
10.00 -15 -0.76640
15.00 -15 -0.78629
20.00 -15 -0.78234
25.00 -15 -0.72447
30.00 -15 -0.60771
35.00 -15 -0.45660
40.00 -15 -0.30283
45.00 -15 -0.16202
70.00 -15 0.27114
-65.00 -10 0.29897
-60.00 -10 0.32556
-55.00 -10 0.28358
-50.00 -10 0.14143
-45.00 -10 -0.63607E-01
-40.00 -10 -0.24974
-35.00 -10 -0.35317
-30.00 -10 -0.37613
-25.00 -10 -0.37976
-20.00 -10 -0.42935
-15.00 -10 -0.54007
-10.00 -10 -0.66891
-5.00 -10 -0.75564
0.00 -10 -0.77347
5.00 -10 -0.74524
10.00 -10 -0.71572
15.00 -10 -0.70961
20.00 -10 -0.71329
25.00 -10 -0.69187
30.00 -10 -0.62048
35.00 -10 -0.50052
40.00 -10 -0.35153
45.00 -10 -0.19396
50.00 -10 -0.42104E-01
55.00 -10 0.90901E-01
60.00 -10 0.18980
65.00 -10 0.24602
-45.00 -5 -0.18282
-40.00 -5 -0.42398
-35.00 -5 -0.58851
-30.00 -5 -0.65785
-25.00 -5 -0.67528
-20.00 -5 -0.70157
-15.00 -5 -0.76080
-10.00 -5 -0.82265
-5.00 -5 -0.83372
0.00 -5 -0.76789
5.00 -5 -0.65136
10.00 -5 -0.54298
15.00 -5 -0.48942
20.00 -5 -0.49302
25.00 -5 -0.51545
30.00 -5 -0.50825
35.00 -5 -0.44308
40.00 -5 -0.32183
45.00 -5 -0.16759
90.00 0.00 0.38886
-90.00 0.00 0.45644
