-85.00 0.00 0.15534
-80.00 0.00 0.18654
-75.00 0.00 0.34785E-01
-70.00 0.00 -0.19409
-65.00 0.00 -0.33089
-60.00 0.00 -0.28522
-55.00 0.00 -0.11651
-50.00 0.00 0.27508E-01
-45.00 0.00 0.43806E-01
-40.00 0.00 -0.44504E-01
-35.00 0.00 -0.12868
-30.00 0.00 -0.12941
-25.00 0.00 -0.71430E-01
-20.00 0.00 -0.48285E-01
-15.00 0.00 -0.11805
-10.00 0.00 -0.23728
-5.00 0.00 -0.29940
0.00 0.00 -0.23867
5.00 0.00 -0.96322E-01
10.00 0.00 0.16404E-01
15.00 0.00 0.21920E-01
20.00 0.00 -0.53530E-01
25.00 0.00 -0.10880
30.00 0.00 -0.64809E-01
35.00 0.00 0.64249E-01
40.00 0.00 0.18924
45.00 0.00 0.22855
50.00 0.00 0.17137
55.00 0.00 0.66490E-01
60.00 0.00 -0.38941E-01
65.00 0.00 -0.13814
70.00 0.00 -0.24115
75.00 0.00 -0.32249
80.00 0.00 -0.31397
85.00 0.00 -0.16332
-45.00 5.00 0.42368E-01
-40.00 5.00 -0.55350E-01
-35.00 5.00 -0.13294
-30.00 5.00 -0.10779
-25.00 5.00 -0.22036E-01
-20.00 5.00 0.48707E-02
-15.00 5.00 -0.95950E-01
-10.00 5.00 -0.26322
-5.00 5.00 -0.35497
0.00 5.00 -0.28082
5.00 5.00 -0.89251E-01
10.00 5.00 0.74685E-01
15.00 5.00 0.10116
20.00 5.00 0.12188E-01
25.00 5.00 -0.65803E-01
30.00 5.00 -0.23177E-01
35.00 5.00 0.13391
40.00 5.00 0.29516
45.00 5.00 0.34794
-65.00 10.00 -0.34156
-60.00 10.00 -0.28211
-55.00 10.00 -0.98840E-01
-50.00 10.00 0.44992E-01
-45.00 10.00 0.46310E-01
-40.00 10.00 -0.50587E-01
-35.00 10.00 -0.11227
-30.00 10.00 -0.58707E-01
-25.00 10.00 0.52391E-01
-20.00 10.00 0.83688E-01
-15.00 10.00 -0.38464E-01
-10.00 10.00 -0.23789
-5.00 10.00 -0.34781
0.00 10.00 -0.26229
5.00 10.00 -0.35950E-01
10.00 10.00 0.16369
15.00 10.00 0.20675
20.00 10.00 0.11340
25.00 10.00 0.25679E-01
30.00 10.00 0.70200E-01
35.00 10.00 0.24288
40.00 10.00 0.41867
45.00 10.00 0.46705
50.00 10.00 0.35847
55.00 10.00 0.16770
60.00 10.00 -0.11605E-01
65.00 10.00 -0.14390
-70.00 15.00 -0.19219
-45.00 15.00 0.41345E-01
-40.00 15.00 -0.47170E-01
-35.00 15.00 -0.89763E-01
-30.00 15.00 -0.14863E-01
-25.00 15.00 0.10868
-20.00 15.00 0.13690
-15.00 15.00 -0.11779E-02
-10.00 15.00 -0.21892
-5.00 15.00 -0.33800
0.00 15.00 -0.24689
5.00 15.00 -0.28754E-02
10.00 15.00 0.21917
15.00 15.00 0.28313
20.00 15.00 0.20707
25.00 15.00 0.13339
30.00 15.00 0.18774
35.00 15.00 0.36219
40.00 15.00 0.52771
45.00 15.00 0.55409
70.00 15.00 -0.22910
-75.00 20.00 0.52924E-01
-65.00 20.00 -0.29633
-60.00 20.00 -0.24997
-55.00 20.00 -0.95948E-01
-50.00 20.00 0.20182E-01
-45.00 20.00 0.14853E-01
-40.00 20.00 -0.61221E-01
-35.00 20.00 -0.86731E-01
-30.00 20.00 -0.37783E-02
-25.00 20.00 0.11334
-20.00 20.00 0.12634
-15.00 20.00 -0.25967E-01
-10.00 20.00 -0.25233
-5.00 20.00 -0.37751
0.00 20.00 -0.29423
5.00 20.00 -0.56977E-01
10.00 20.00 0.16980
15.00 20.00 0.25917
20.00 20.00 0.22645
25.00 20.00 0.19728
30.00 20.00 0.27656
35.00 20.00 0.44607
40.00 20.00 0.58407
45.00 20.00 0.57943
50.00 20.00 0.42587
55.00 20.00 0.21168
60.00 20.00 0.28537E-01
65.00 20.00 -0.10023
75.00 20.00 -0.28373
-45.00 25.00 -0.38495E-01
-40.00 25.00 -0.10079
-35.00 25.00 -0.11297
-30.00 25.00 -0.34381E-01
-25.00 25.00 0.61201E-01
-20.00 25.00 0.51931E-01
-15.00 25.00 -0.10871
-10.00 25.00 -0.33246
-5.00 25.00 -0.46221
0.00 25.00 -0.40429
5.00 25.00 -0.20443
10.00 25.00 0.15409E-02
15.00 25.00 0.11199
20.00 25.00 0.14043
25.00 25.00 0.18118
30.00 25.00 0.30076
35.00 25.00 0.46445
40.00 25.00 0.56702
45.00 25.00 0.53161
-80.00 30.00 0.20581
-70.00 30.00 -0.94823E-01
-65.00 30.00 -0.22118
-60.00 30.00 -0.22339
-55.00 30.00 -0.14875
-50.00 30.00 -0.95882E-01
-45.00 30.00 -0.11457
-40.00 30.00 -0.16364
-35.00 30.00 -0.16518
-30.00 30.00 -0.96752E-01
-25.00 30.00 -0.26211E-01
-20.00 30.00 -0.51591E-01
-15.00 30.00 -0.20341
-10.00 30.00 -0.40509
-5.00 30.00 -0.53147
0.00 30.00 -0.51078
5.00 30.00 -0.37536
10.00 30.00 -0.21781
15.00 30.00 -0.10085
20.00 30.00 -0.10125E-01
25.00 30.00 0.10856
30.00 30.00 0.27219
35.00 30.00 0.42615
40.00 30.00 0.48830
45.00 30.00 0.42569
50.00 30.00 0.28497
55.00 30.00 0.14628
60.00 30.00 0.49657E-01
65.00 30.00 -0.28936E-01
70.00 30.00 -0.12775
80.00 30.00 -0.26000
-45.00 35.00 -0.20125
-40.00 35.00 -0.23952
-35.00 35.00 -0.23169
-30.00 35.00 -0.17156
-25.00 35.00 -0.11709
-20.00 35.00 -0.13968
-15.00 35.00 -0.25605
-10.00 35.00 -0.40923
-5.00 35.00 -0.51557
0.00 35.00 -0.53058
5.00 35.00 -0.47114
10.00 35.00 -0.37935
15.00 35.00 -0.27237
20.00 35.00 -0.13309
25.00 35.00 0.50346E-01
30.00 35.00 0.24349
35.00 35.00 0.37372
40.00 35.00 0.38690
45.00 35.00 0.29753
-75.00 40.00 0.13744
-65.00 40.00 -0.12211
-60.00 40.00 -0.18240
-55.00 40.00 -0.20600
-50.00 40.00 -0.23576
-45.00 40.00 -0.28212
-40.00 40.00 -0.31410
-35.00 40.00 -0.29799
-30.00 40.00 -0.23956
-25.00 40.00 -0.18526
-20.00 40.00 -0.18222
-15.00 40.00 -0.23841
-10.00 40.00 -0.32117
-5.00 40.00 -0.39044
0.00 40.00 -0.42860
5.00 40.00 -0.43676
10.00 40.00 -0.40839
15.00 40.00 -0.31841
20.00 40.00 -0.14877
25.00 40.00 0.72829E-01
30.00 40.00 0.26758
35.00 40.00 0.35262
40.00 40.00 0.30557
45.00 40.00 0.18637
50.00 40.00 0.89573E-01
55.00 40.00 0.65288E-01
60.00 40.00 0.80070E-01
65.00 40.00 0.56161E-01
75.00 40.00 -0.17478
-70.00 45.00 0.47367E-01
-45.00 45.00 -0.34082
-40.00 45.00 -0.37239
-35.00 45.00 -0.34956
-30.00 45.00 -0.28495
-25.00 45.00 -0.21505
-20.00 45.00 -0.17020
-15.00 45.00 -0.15668
-10.00 45.00 -0.16626
-5.00 45.00 -0.19512
0.00 45.00 -0.24445
5.00 45.00 -0.29910
10.00 45.00 -0.31335
15.00 45.00 -0.23299
20.00 45.00 -0.45568E-01
25.00 45.00 0.18705
30.00 45.00 0.35521
35.00 45.00 0.37735
40.00 45.00 0.26481
45.00 45.00 0.11557
70.00 45.00 -0.10492E-01
-65.00 50.00 0.27377E-02
-60.00 50.00 -0.86034E-01
-55.00 50.00 -0.17928
-50.00 50.00 -0.27977
-45.00 50.00 -0.36506
-40.00 50.00 -0.40140
-35.00 50.00 -0.37292
-30.00 50.00 -0.29462
-25.00 50.00 -0.19781
-20.00 50.00 -0.10741
-15.00 50.00 -0.35900E-01
-10.00 50.00 0.50193E-02
-5.00 50.00 -0.17005E-02
0.00 50.00 -0.61267E-01
5.00 50.00 -0.14070
10.00 50.00 -0.16911
15.00 50.00 -0.82257E-01
20.00 50.00 0.11734
25.00 50.00 0.34081
30.00 50.00 0.46442
35.00 50.00 0.42030
40.00 50.00 0.25195
45.00 50.00 0.83042E-01
50.00 50.00 0.20273E-01
55.00 50.00 0.70580E-01
60.00 50.00 0.14300
65.00 50.00 0.13287
-85.00 55.00 0.12537
-45.00 55.00 -0.34990
-40.00 55.00 -0.39311
-35.00 55.00 -0.35813
-30.00 55.00 -0.25965
-25.00 55.00 -0.13069
-20.00 55.00 -0.30411E-02
-15.00 55.00 0.98292E-01
-10.00 55.00 0.14968
-5.00 55.00 0.13256
0.00 55.00 0.54400E-01
5.00 55.00 -0.33263E-01
10.00 55.00 -0.50655E-01
15.00 55.00 0.56176E-01
20.00 55.00 0.26163
25.00 55.00 0.45965
30.00 55.00 0.53087
35.00 55.00 0.43188
40.00 55.00 0.23289
45.00 55.00 0.66777E-01
85.00 55.00 -0.95050E-01
-80.00 60.00 0.19191
-75.00 60.00 0.20647
-70.00 60.00 0.18245
-65.00 60.00 0.13632
-60.00 60.00 0.62447E-01
-55.00 60.00 -0.48670E-01
-50.00 60.00 -0.18359
-45.00 60.00 -0.29964
-40.00 60.00 -0.34772
-35.00 60.00 -0.30360
-30.00 60.00 -0.18151
-25.00 60.00 -0.22847E-01
-20.00 60.00 0.12491
-15.00 60.00 0.22253
-10.00 60.00 0.24528
-5.00 60.00 0.19102
0.00 60.00 0.91780E-01
5.00 60.00 0.13372E-01
10.00 60.00 0.26350E-01
15.00 60.00 0.15655
20.00 60.00 0.35209
25.00 60.00 0.50364
30.00 60.00 0.51539
35.00 60.00 0.37725
40.00 60.00 0.17783
45.00 60.00 0.41346E-01
50.00 60.00 0.34875E-01
55.00 60.00 0.12027
60.00 60.00 0.19023
65.00 60.00 0.15814
70.00 60.00 0.27595E-01
75.00 60.00 -0.11336
80.00 60.00 -0.16375
-45.00 65.00 -0.22752
-40.00 65.00 -0.27524
-35.00 65.00 -0.21981
-30.00 65.00 -0.77401E-01
-25.00 65.00 0.98175E-01
-20.00 65.00 0.24231
-15.00 65.00 0.30740
-10.00 65.00 0.28033
-5.00 65.00 0.18754
0.00 65.00 0.87377E-01
5.00 65.00 0.47396E-01
10.00 65.00 0.10930
15.00 65.00 0.25768
20.00 65.00 0.41762
25.00 65.00 0.49369
30.00 65.00 0.43211
35.00 65.00 0.26253
40.00 65.00 0.83290E-01
45.00 65.00 -0.53127E-02
-65.00 70.00 0.23900
-60.00 70.00 0.19702
-55.00 70.00 0.99479E-01
-50.00 70.00 -0.34578E-01
-45.00 70.00 -0.15230
-40.00 70.00 -0.19324
-35.00 70.00 -0.12726
-30.00 70.00 0.23097E-01
-25.00 70.00 0.19171
-20.00 70.00 0.30419
-15.00 70.00 0.31786
-10.00 70.00 0.24403
-5.00 70.00 0.14150
0.00 70.00 0.85176E-01
5.00 70.00 0.12505
10.00 70.00 0.25592
15.00 70.00 0.41511
20.00 70.00 0.51352
25.00 70.00 0.48647
30.00 70.00 0.33534
35.00 70.00 0.13158
40.00 70.00 -0.24315E-01
45.00 70.00 -0.64933E-01
50.00 70.00 0.20276E-02
55.00 70.00 0.10202
60.00 70.00 0.14707
65.00 70.00 0.96585E-01
-70.00 75.00 0.25076
-45.00 75.00 -0.92420E-01
-40.00 75.00 -0.12054
-35.00 75.00 -0.47796E-01
-30.00 75.00 0.91736E-01
-25.00 75.00 0.22380
-20.00 75.00 0.27814
-15.00 75.00 0.23374
-10.00 75.00 0.13522
-5.00 75.00 0.67920E-01
0.00 75.00 0.10528
5.00 75.00 0.26025
10.00 75.00 0.47138
15.00 75.00 0.63360
20.00 75.00 0.65693
25.00 75.00 0.51844
30.00 75.00 0.27619
35.00 75.00 0.36626E-01
40.00 75.00 -0.10495
45.00 75.00 -0.11495
70.00 75.00 -0.56288E-01
-75.00 80.00 0.19808
-65.00 80.00 0.27939
-60.00 80.00 0.24689
-55.00 80.00 0.15294
-50.00 80.00 0.31002E-01
-45.00 80.00 -0.59791E-01
-40.00 80.00 -0.69766E-01
-35.00 80.00 0.56845E-02
-30.00 80.00 0.11700
-25.00 80.00 0.18881
-20.00 80.00 0.17061
-15.00 80.00 0.76438E-01
-10.00 80.00 -0.15796E-01
-5.00 80.00 -0.97573E-02
0.00 80.00 0.14562
5.00 80.00 0.41529
10.00 80.00 0.68877
15.00 80.00 0.83849
20.00 80.00 0.79070
25.00 80.00 0.56554
30.00 80.00 0.26281
35.00 80.00 0.45234E-02
40.00 80.00 -0.12902
45.00 80.00 -0.13245
50.00 80.00 -0.63189E-01
55.00 80.00 0.21876E-02
60.00 80.00 0.13242E-01
65.00 80.00 -0.32349E-01
75.00 80.00 -0.13294
-45.00 85.00 -0.55742E-01
-40.00 85.00 -0.42993E-01
-35.00 85.00 0.33998E-01
-30.00 85.00 0.10906
-25.00 85.00 0.11406
-20.00 85.00 0.30678E-01
-15.00 85.00 -0.87440E-01
-10.00 85.00 -0.14100
-5.00 85.00 -0.46465E-01
0.00 85.00 0.20591
5.00 85.00 0.53564
10.00 85.00 0.80991
15.00 85.00 0.91368
20.00 85.00 0.80969
25.00 85.00 0.55313
30.00 85.00 0.25545
35.00 85.00 0.22802E-01
40.00 85.00 -0.93178E-01
45.00 85.00 -0.10685
-80.00 90.00 0.92378E-01
-70.00 90.00 0.24467
-65.00 90.00 0.26991
-60.00 90.00 0.21471
-55.00 90.00 0.96477E-01
-50.00 90.00 -0.21291E-01
-45.00 90.00 -0.71024E-01
-40.00 90.00 -0.32618E-01
-35.00 90.00 0.47715E-01
-30.00 90.00 0.89641E-01
-25.00 90.00 0.40571E-01
-20.00 90.00 -0.78717E-01
-15.00 90.00 -0.18022
-10.00 90.00 -0.16460
-5.00 90.00 0.11380E-01
0.00 90.00 0.30192
5.00 90.00 0.59510
10.00 90.00 0.77487
15.00 90.00 0.78151
20.00 90.00 0.63484
25.00 90.00 0.41204
30.00 90.00 0.20005
35.00 90.00 0.53754E-01
40.00 90.00 -0.18929E-01
45.00 90.00 -0.44295E-01
50.00 90.00 -0.57253E-01
55.00 90.00 -0.80080E-01
60.00 90.00 -0.11462
65.00 90.00 -0.14690
70.00 90.00 -0.15734
80.00 90.00 -0.71064E-01
-45.00 95.00 -0.89637E-01
-40.00 95.00 -0.26335E-01
-35.00 95.00 0.58401E-01
-30.00 95.00 0.75206E-01
-25.00 95.00 -0.60379E-02
-20.00 95.00 -0.12365
-15.00 95.00 -0.16577
-10.00 95.00 -0.55584E-01
-5.00 95.00 0.18640
0.00 95.00 0.45099
5.00 95.00 0.61210
10.00 95.00 0.60672
15.00 95.00 0.46589
20.00 95.00 0.28126
25.00 95.00 0.13959
30.00 95.00 0.74560E-01
35.00 95.00 0.64007E-01
40.00 95.00 0.62360E-01
45.00 95.00 0.36950E-01
-75.00 100.00 0.13968
-65.00 100.00 0.26459
-60.00 100.00 0.18577
-55.00 100.00 0.38080E-01
-50.00 100.00 -0.81329E-01
-45.00 100.00 -0.94805E-01
-40.00 100.00 -0.12706E-01
-35.00 100.00 0.72448E-01
-30.00 100.00 0.67882E-01
-25.00 100.00 -0.30168E-01
-20.00 100.00 -0.12097
-15.00 100.00 -0.78156E-01
-10.00 100.00 0.13906
-5.00 100.00 0.43629
0.00 100.00 0.64137
5.00 100.00 0.62624
10.00 100.00 0.39804
15.00 100.00 0.90664E-01
20.00 100.00 -0.13170
25.00 100.00 -0.18139
30.00 100.00 -0.87643E-01
35.00 100.00 0.46758E-01
40.00 100.00 0.12606
45.00 100.00 0.11563
50.00 100.00 0.40693E-01
55.00 100.00 -0.50673E-01
60.00 100.00 -0.12141
65.00 100.00 -0.15456
75.00 100.00 -0.97579E-01
-70.00 105.00 0.23904
-45.00 105.00 -0.74952E-01
-40.00 105.00 0.15246E-01
-35.00 105.00 0.91602E-01
-30.00 105.00 0.61726E-01
-25.00 105.00 -0.52984E-01
-20.00 105.00 -0.11817
-15.00 105.00 0.23662E-02
-10.00 105.00 0.31516
-5.00 105.00 0.66141
0.00 105.00 0.81755
5.00 105.00 0.65775
10.00 105.00 0.25008
15.00 105.00 -0.18854
20.00 105.00 -0.44046
25.00 105.00 -0.42287
30.00 105.00 -0.21567
35.00 105.00 0.21119E-01
40.00 105.00 0.16178
45.00 105.00 0.17500
70.00 105.00 -0.10614
-85.00 110.00 -0.33371E-01
-65.00 110.00 0.31131
-60.00 110.00 0.24494
-55.00 110.00 0.93930E-01
-50.00 110.00 -0.25416E-01
-45.00 110.00 -0.28089E-01
-40.00 110.00 0.58444E-01
-35.00 110.00 0.11719
-30.00 110.00 0.57097E-01
-25.00 110.00 -0.82957E-01
-20.00 110.00 -0.14581
-15.00 110.00 0.12425E-01
-10.00 110.00 0.37903
-5.00 110.00 0.75906
0.00 110.00 0.90196
5.00 110.00 0.68523
10.00 110.00 0.20874
15.00 110.00 -0.27400
20.00 110.00 -0.52940
25.00 110.00 -0.48618
30.00 110.00 -0.24785
35.00 110.00 0.11459E-01
40.00 110.00 0.16951
45.00 110.00 0.20575
50.00 110.00 0.16610
55.00 110.00 0.10046
60.00 110.00 0.33613E-01
65.00 110.00 -0.21741E-01
85.00 110.00 0.84578E-01
-45.00 115.00 0.36427E-01
-40.00 115.00 0.11069
-35.00 115.00 0.15117
-30.00 115.00 0.67221E-01
-25.00 115.00 -0.98310E-01
-20.00 115.00 -0.18328
-15.00 115.00 -0.41715E-01
-10.00 115.00 0.31320
-5.00 115.00 0.68848
0.00 115.00 0.84161
5.00 115.00 0.65953
10.00 115.00 0.24147
15.00 115.00 -0.17768
20.00 115.00 -0.39468
25.00 115.00 -0.36036
30.00 115.00 -0.17343
35.00 115.00 0.24643E-01
40.00 115.00 0.15137
45.00 115.00 0.20521
-80.00 120.00 -0.43241E-01
-75.00 120.00 0.88939E-01
-70.00 120.00 0.27603
-65.00 120.00 0.40075
-60.00 120.00 0.38221
-55.00 120.00 0.25144
-50.00 120.00 0.12544
-45.00 120.00 0.99581E-01
-40.00 120.00 0.15800
-35.00 120.00 0.19090
-30.00 120.00 0.10747
-25.00 120.00 -0.61125E-01
-20.00 120.00 -0.17095
-15.00 120.00 -0.87143E-01
-10.00 120.00 0.18795
-5.00 120.00 0.49765
0.00 120.00 0.64501
5.00 120.00 0.54194
10.00 120.00 0.26810
15.00 120.00 -0.30703E-02
20.00 120.00 -0.13867
25.00 120.00 -0.12535
30.00 120.00 -0.39453E-01
35.00 120.00 0.43587E-01
40.00 120.00 0.10748
45.00 120.00 0.17586
50.00 120.00 0.25388
55.00 120.00 0.30369
60.00 120.00 0.28155
65.00 120.00 0.19281
70.00 120.00 0.99648E-01
75.00 120.00 0.65904E-01
80.00 120.00 0.94208E-01
-45.00 125.00 0.13843
-40.00 125.00 0.18059
-35.00 125.00 0.22251
-30.00 125.00 0.17491
-25.00 125.00 0.45141E-01
-20.00 125.00 -0.63060E-01
-15.00 125.00 -0.44667E-01
-10.00 125.00 0.10696
-5.00 125.00 0.28986
0.00 125.00 0.38085
5.00 125.00 0.33738
10.00 125.00 0.22088
15.00 125.00 0.12724
20.00 125.00 0.98394E-01
25.00 125.00 0.10035
30.00 125.00 0.81315E-01
35.00 125.00 0.41744E-01
40.00 125.00 0.39661E-01
45.00 125.00 0.12500
-65.00 130.00 0.46537
-60.00 130.00 0.49049
-55.00 130.00 0.37024
-50.00 130.00 0.21387
-45.00 130.00 0.13512
-40.00 130.00 0.16033
-35.00 130.00 0.22242
-30.00 130.00 0.23783
-25.00 130.00 0.18677
-20.00 130.00 0.12099
-15.00 130.00 0.10005
-10.00 130.00 0.12770
-5.00 130.00 0.15434
0.00 130.00 0.13862
5.00 130.00 0.98086E-01
10.00 130.00 0.91077E-01
15.00 130.00 0.14708
20.00 130.00 0.22156
25.00 130.00 0.23048
30.00 130.00 0.13746
35.00 130.00 0.63274E-02
40.00 130.00 -0.41743E-01
45.00 130.00 0.64705E-01
50.00 130.00 0.27484
55.00 130.00 0.44988
60.00 130.00 0.47776
65.00 130.00 0.36438
-70.00 135.00 0.27344
-45.00 135.00 0.86375E-01
-40.00 135.00 0.92408E-01
-35.00 135.00 0.17139
-30.00 135.00 0.25010
-25.00 135.00 0.28890
-20.00 135.00 0.29263
-15.00 135.00 0.27286
-10.00 135.00 0.21793
-5.00 135.00 0.11183
0.00 135.00 -0.20668E-01
5.00 135.00 -0.10444
10.00 135.00 -0.69105E-01
15.00 135.00 0.75589E-01
20.00 135.00 0.22415
25.00 135.00 0.25221
30.00 135.00 0.12735
35.00 135.00 -0.48722E-01
40.00 135.00 -0.11582
45.00 135.00 0.98210E-02
70.00 135.00 0.24368
-75.00 140.00 0.86209E-02
-65.00 140.00 0.43402
-60.00 140.00 0.46412
-55.00 140.00 0.33209
-50.00 140.00 0.13966
-45.00 140.00 0.83662E-02
-40.00 140.00 -0.50476E-02
-35.00 140.00 0.73954E-01
-30.00 140.00 0.18462
-25.00 140.00 0.28249
-20.00 140.00 0.34718
-15.00 140.00 0.35715
-10.00 140.00 0.28135
-5.00 140.00 0.11265
0.00 140.00 -0.91431E-01
5.00 140.00 -0.22036
10.00 140.00 -0.18800
15.00 140.00 -0.15146E-01
20.00 140.00 0.16700
25.00 140.00 0.21390
30.00 140.00 0.90436E-01
35.00 140.00 -0.90757E-01
40.00 140.00 -0.15831
45.00 140.00 -0.26666E-01
50.00 140.00 0.23008
55.00 140.00 0.44133
60.00 140.00 0.48331
65.00 140.00 0.37424
75.00 140.00 0.18387
-45.00 145.00 -0.66904E-01
-40.00 145.00 -0.91924E-01
-35.00 145.00 -0.32438E-01
-30.00 145.00 0.61156E-01
-25.00 145.00 0.15622
-20.00 145.00 0.23708
-15.00 145.00 0.27657
-10.00 145.00 0.23150
-5.00 145.00 0.83713E-01
0.00 145.00 -0.11400
5.00 145.00 -0.24884
10.00 145.00 -0.22811
15.00 145.00 -0.64804E-01
20.00 145.00 0.11657
25.00 145.00 0.17456
30.00 145.00 0.70962E-01
35.00 145.00 -0.91562E-01
40.00 145.00 -0.15433
45.00 145.00 -0.39040E-01
-80.00 150.00 -0.18090
-70.00 150.00 0.14121
-65.00 150.00 0.29055
-60.00 150.00 0.29407
-55.00 150.00 0.16474
-50.00 150.00 -0.19362E-04
-45.00 150.00 -0.10427
-40.00 150.00 -0.12160
-35.00 150.00 -0.90477E-01
-30.00 150.00 -0.56395E-01
-25.00 150.00 -0.28098E-01
-20.00 150.00 0.97853E-02
-15.00 150.00 0.52080E-01
-10.00 150.00 0.56981E-01
-5.00 150.00 -0.14047E-01
0.00 150.00 -0.14000
5.00 150.00 -0.23471
10.00 150.00 -0.21276
15.00 150.00 -0.71709E-01
20.00 150.00 0.91499E-01
25.00 150.00 0.15623
30.00 150.00 0.83247E-01
35.00 150.00 -0.47915E-01
40.00 150.00 -0.10772
45.00 150.00 -0.31247E-01
50.00 150.00 0.12671
55.00 150.00 0.24644
60.00 150.00 0.25483
65.00 150.00 0.18730
70.00 150.00 0.14225
80.00 150.00 0.23907
-45.00 155.00 -0.81883E-01
-40.00 155.00 -0.65164E-01
-35.00 155.00 -0.55096E-01
-30.00 155.00 -0.97483E-01
-25.00 155.00 -0.17239
-20.00 155.00 -0.22041
-15.00 155.00 -0.20938
-10.00 155.00 -0.16948
-5.00 155.00 -0.15903
0.00 155.00 -0.19733
5.00 155.00 -0.23660
10.00 155.00 -0.20624
15.00 155.00 -0.87592E-01
20.00 155.00 0.57019E-01
25.00 155.00 0.13442
30.00 155.00 0.10437
35.00 155.00 0.16008E-01
40.00 155.00 -0.39415E-01
45.00 155.00 -0.13925E-01
-75.00 160.00 -0.13983
-65.00 160.00 0.83889E-01
-60.00 160.00 0.63206E-01
-55.00 160.00 -0.11368E-01
-50.00 160.00 -0.47142E-01
-45.00 160.00 -0.30502E-02
-40.00 160.00 0.69179E-01
-35.00 160.00 0.74544E-01
-30.00 160.00 -0.33707E-01
-25.00 160.00 -0.20788
-20.00 160.00 -0.34723
-15.00 160.00 -0.38545
-10.00 160.00 -0.34125
-5.00 160.00 -0.28770
0.00 160.00 -0.27556
5.00 160.00 -0.28699
10.00 160.00 -0.26210
15.00 160.00 -0.16700
20.00 160.00 -0.33178E-01
25.00 160.00 0.69729E-01
30.00 160.00 0.97438E-01
35.00 160.00 0.65809E-01
40.00 160.00 0.24650E-01
45.00 160.00 0.26566E-02
50.00 160.00 -0.15722E-01
55.00 160.00 -0.57271E-01
60.00 160.00 -0.10967
65.00 160.00 -0.11512
75.00 160.00 0.13712
-85.00 165.00 -0.18496
-70.00 165.00 -0.71745E-01
-45.00 165.00 0.10366
-40.00 165.00 0.23468
-35.00 165.00 0.24591
-30.00 165.00 0.95973E-01
-25.00 165.00 -0.14218
-20.00 165.00 -0.34013
-15.00 165.00 -0.41581
-10.00 165.00 -0.38785
-5.00 165.00 -0.34019
0.00 165.00 -0.33735
5.00 165.00 -0.37063
10.00 165.00 -0.37866
15.00 165.00 -0.31340
20.00 165.00 -0.18510
25.00 165.00 -0.48786E-01
30.00 165.00 0.44590E-01
35.00 165.00 0.79997E-01
40.00 165.00 0.67793E-01
45.00 165.00 0.15210E-01
70.00 165.00 -0.10668
85.00 165.00 0.26847
-65.00 170.00 -0.11092
-60.00 170.00 -0.13479
-55.00 170.00 -0.12499
-50.00 170.00 -0.68611E-02
-45.00 170.00 0.19683
-40.00 170.00 0.36594
-35.00 170.00 0.37640
-30.00 170.00 0.20413
-25.00 170.00 -0.53607E-01
-20.00 170.00 -0.25720
-15.00 170.00 -0.33262
-10.00 170.00 -0.31527
-5.00 170.00 -0.29933
0.00 170.00 -0.34653
5.00 170.00 -0.43682
10.00 170.00 -0.49648
15.00 170.00 -0.46667
20.00 170.00 -0.34733
25.00 170.00 -0.18612
30.00 170.00 -0.37753E-01
35.00 170.00 0.61394E-01
40.00 170.00 0.89181E-01
45.00 170.00 0.28960E-01
50.00 170.00 -0.11635
55.00 170.00 -0.29677
60.00 170.00 -0.41495
65.00 170.00 -0.37801
-45.00 175.00 0.24086
-40.00 175.00 0.41001
-35.00 175.00 0.39697
-30.00 175.00 0.20747
-25.00 175.00 -0.36561E-01
-20.00 175.00 -0.19731
-15.00 175.00 -0.22773
-10.00 175.00 -0.19339
-5.00 175.00 -0.19945
0.00 175.00 -0.29505
5.00 175.00 -0.43846
10.00 175.00 -0.54192
15.00 175.00 -0.54400
20.00 175.00 -0.44436
25.00 175.00 -0.28482
30.00 175.00 -0.11331
35.00 175.00 0.29046E-01
40.00 175.00 0.98691E-01
45.00 175.00 0.52880E-01
-80.00 180.00 -0.28770
-75.00 180.00 -0.26833
-70.00 180.00 -0.23214
-65.00 180.00 -0.23948
-60.00 180.00 -0.25635
-55.00 180.00 -0.19284
-50.00 180.00 -0.86835E-02
-45.00 180.00 0.22079
-40.00 180.00 0.35116
-35.00 180.00 0.28963
-30.00 180.00 0.78506E-01
-25.00 180.00 -0.13718
-20.00 180.00 -0.22916
-15.00 180.00 -0.18552
-10.00 180.00 -0.10553
-5.00 180.00 -0.10330
0.00 180.00 -0.21220
5.00 180.00 -0.37027
10.00 180.00 -0.48454
15.00 180.00 -0.50347
20.00 180.00 -0.43456
25.00 180.00 -0.31052
30.00 180.00 -0.15730
35.00 180.00 -0.13392E-02
40.00 180.00 0.10507
45.00 180.00 0.91922E-01
50.00 180.00 -0.71151E-01
55.00 180.00 -0.31753
60.00 180.00 -0.49647
65.00 180.00 -0.47000
70.00 180.00 -0.22434
75.00 180.00 0.10384
80.00 180.00 0.31702
-45.00 -175 0.14582
-40.00 -175 0.21532
-35.00 -175 0.95430E-01
-30.00 -175 -0.13810
-25.00 -175 -0.32410
-20.00 -175 -0.34810
-15.00 -175 -0.23078
-10.00 -175 -0.97453E-01
-5.00 -175 -0.64388E-01
0.00 -175 -0.14896
5.00 -175 -0.27711
10.00 -175 -0.36396
15.00 -175 -0.38012
20.00 -175 -0.34632
25.00 -175 -0.28178
30.00 -175 -0.17796
35.00 -175 -0.31474E-01
40.00 -175 0.10731
45.00 -175 0.14182
-65.00 -170 -0.28828
-60.00 -170 -0.30684
-55.00 -170 -0.24981
-50.00 -170 -0.10287
-45.00 -170 0.41135E-01
-40.00 -170 0.52937E-01
-35.00 -170 -0.11097
-30.00 -170 -0.35427
-25.00 -170 -0.51246
-20.00 -170 -0.48761
-15.00 -170 -0.32369
-10.00 -170 -0.15746
-5.00 -170 -0.97556E-01
0.00 -170 -0.14566
5.00 -170 -0.22370
10.00 -170 -0.26413
15.00 -170 -0.26527
20.00 -170 -0.26214
25.00 -170 -0.25895
30.00 -170 -0.20978
35.00 -170 -0.77007E-01
40.00 -170 0.96246E-01
45.00 -170 0.19023
50.00 -170 0.10665
55.00 -170 -0.12481
60.00 -170 -0.34140
65.00 -170 -0.36667
-70.00 -165 -0.27270
-45.00 -165 -0.65880E-01
-40.00 -165 -0.87994E-01
-35.00 -165 -0.26276
-30.00 -165 -0.49151
-25.00 -165 -0.62119
-20.00 -165 -0.57166
-15.00 -165 -0.39825
-10.00 -165 -0.23435
-5.00 -165 -0.17351
0.00 -165 -0.20366
5.00 -165 -0.24732
10.00 -165 -0.25401
15.00 -165 -0.24394
20.00 -165 -0.26169
25.00 -165 -0.29923
30.00 -165 -0.28279
35.00 -165 -0.14919
40.00 -165 0.64923E-01
45.00 -165 0.22341
70.00 -165 -0.90912E-01
-75.00 -160 -0.29589
-65.00 -160 -0.27523
-60.00 -160 -0.30909
-55.00 -160 -0.30050
-50.00 -160 -0.22793
-45.00 -160 -0.15637
-40.00 -160 -0.18210
-35.00 -160 -0.33218
-30.00 -160 -0.52264
-25.00 -160 -0.62271
-20.00 -160 -0.56749
-15.00 -160 -0.41187
-10.00 -160 -0.27620
-5.00 -160 -0.23927
0.00 -160 -0.28209
5.00 -160 -0.33008
10.00 -160 -0.34024
15.00 -160 -0.33791
20.00 -160 -0.36670
25.00 -160 -0.41227
30.00 -160 -0.39238
35.00 -160 -0.23700
40.00 -160 0.19011E-01
45.00 -160 0.23372
50.00 -160 0.26744
55.00 -160 0.11066
60.00 -160 -0.92171E-01
65.00 -160 -0.15642
75.00 -160 0.22946
-45.00 -155 -0.22271
-40.00 -155 -0.22991
-35.00 -155 -0.33436
-30.00 -155 -0.47726
-25.00 -155 -0.55266
-20.00 -155 -0.50287
-15.00 -155 -0.37146
-10.00 -155 -0.26323
-5.00 -155 -0.25181
0.00 -155 -0.32464
5.00 -155 -0.41305
10.00 -155 -0.46761
15.00 -155 -0.49636
20.00 -155 -0.52839
25.00 -155 -0.55008
30.00 -155 -0.49401
35.00 -155 -0.30531
40.00 -155 -0.21887E-01
45.00 -155 0.22280
-80.00 -150 -0.30250
-70.00 -150 -0.23365
-65.00 -150 -0.22941
-60.00 -150 -0.27893
-55.00 -150 -0.32380
-50.00 -150 -0.31322
-45.00 -150 -0.26431
-40.00 -150 -0.24629
-35.00 -150 -0.30599
-30.00 -150 -0.41220
-25.00 -150 -0.47775
-20.00 -150 -0.43993
-15.00 -150 -0.32175
-10.00 -150 -0.21519
-5.00 -150 -0.20387
0.00 -150 -0.29853
5.00 -150 -0.44124
10.00 -150 -0.56397
15.00 -150 -0.63727
20.00 -150 -0.66400
25.00 -150 -0.63826
30.00 -150 -0.52827
35.00 -150 -0.31280
40.00 -150 -0.34265E-01
45.00 -150 0.19861
50.00 -150 0.28179
55.00 -150 0.20544
60.00 -150 0.75271E-01
65.00 -150 0.33162E-01
70.00 -150 0.13793
80.00 -150 0.40423
-45.00 -145 -0.28212
-40.00 -145 -0.24508
-35.00 -145 -0.27720
-30.00 -145 -0.37088
-25.00 -145 -0.44765
-20.00 -145 -0.42800
-15.00 -145 -0.30807
-10.00 -145 -0.17143
-5.00 -145 -0.12490
0.00 -145 -0.21605
5.00 -145 -0.40244
10.00 -145 -0.59098
15.00 -145 -0.70364
20.00 -145 -0.71195
25.00 -145 -0.62436
30.00 -145 -0.45879
35.00 -145 -0.23782
40.00 -145 -0.56401E-02
45.00 -145 0.16900
-85.00 -140 -0.20334
-75.00 -140 -0.27376
-65.00 -140 -0.17995
-60.00 -140 -0.22613
-55.00 -140 -0.29574
-50.00 -140 -0.31799
-45.00 -140 -0.27707
-40.00 -140 -0.23164
-35.00 -140 -0.25604
-30.00 -140 -0.35965
-25.00 -140 -0.46467
-20.00 -140 -0.46912
-15.00 -140 -0.34112
-10.00 -140 -0.15868
-5.00 -140 -0.56174E-01
0.00 -140 -0.12142
5.00 -140 -0.32883
10.00 -140 -0.56050
15.00 -140 -0.69100
20.00 -140 -0.66419
25.00 -140 -0.50848
30.00 -140 -0.29628
35.00 -140 -0.94576E-01
40.00 -140 0.56079E-01
45.00 -140 0.13690
50.00 -140 0.14706
55.00 -140 0.11220
60.00 -140 0.86549E-01
65.00 -140 0.12602
75.00 -140 0.36981
85.00 -140 0.30761
-70.00 -135 -0.20052
-45.00 -135 -0.25324
-40.00 -135 -0.20681
-35.00 -135 -0.23364
-30.00 -135 -0.35392
-25.00 -135 -0.48894
-20.00 -135 -0.51848
-15.00 -135 -0.38796
-10.00 -135 -0.16983
-5.00 -135 -0.18969E-01
0.00 -135 -0.54119E-01
5.00 -135 -0.26295
10.00 -135 -0.50879
15.00 -135 -0.63124
20.00 -135 -0.55707
25.00 -135 -0.33722
30.00 -135 -0.93201E-01
35.00 -135 0.71646E-01
40.00 -135 0.12558
45.00 -135 0.10063
70.00 -135 0.26762
-65.00 -130 -0.15663
-60.00 -130 -0.17701
-55.00 -130 -0.23308
-50.00 -130 -0.25734
-45.00 -130 -0.22211
-40.00 -130 -0.17645
-35.00 -130 -0.20193
-30.00 -130 -0.32500
-25.00 -130 -0.47162
-20.00 -130 -0.51695
-15.00 -130 -0.39486
-10.00 -130 -0.17009
-5.00 -130 -0.18238E-02
0.00 -130 -0.20873E-01
5.00 -130 -0.22114
10.00 -130 -0.45778
15.00 -130 -0.55506
20.00 -130 -0.43591
25.00 -130 -0.17075
30.00 -130 0.85288E-01
35.00 -130 0.20704
40.00 -130 0.17398
45.00 -130 0.59094E-01
50.00 -130 -0.39455E-01
55.00 -130 -0.59840E-01
60.00 -130 0.70208E-02
65.00 -130 0.13477
-45.00 -125 -0.20235
-40.00 -125 -0.15656
-35.00 -125 -0.16782
-30.00 -125 -0.26582
-25.00 -125 -0.39096
-20.00 -125 -0.43253
-15.00 -125 -0.32679
-10.00 -125 -0.12766
-5.00 -125 0.21204E-01
0.00 -125 -0.10954E-02
5.00 -125 -0.18800
10.00 -125 -0.40026
15.00 -125 -0.46924
20.00 -125 -0.32554
25.00 -125 -0.49424E-01
30.00 -125 0.19376
35.00 -125 0.27534
40.00 -125 0.18492
45.00 -125 0.17590E-01
-80.00 -120 -0.27294
-75.00 -120 -0.28581
-70.00 -120 -0.23542
-65.00 -120 -0.18392
-60.00 -120 -0.17814
-55.00 -120 -0.21051
-50.00 -120 -0.23352
-45.00 -120 -0.21313
-40.00 -120 -0.16797
-35.00 -120 -0.15242
-30.00 -120 -0.19725
-25.00 -120 -0.26719
-20.00 -120 -0.28322
-15.00 -120 -0.19653
-10.00 -120 -0.46673E-01
-5.00 -120 0.56425E-01
0.00 -120 0.20469E-01
5.00 -120 -0.14419
10.00 -120 -0.31940
15.00 -120 -0.36478
20.00 -120 -0.22664
25.00 -120 0.19033E-01
30.00 -120 0.22327
35.00 -120 0.27265
40.00 -120 0.16341
45.00 -120 -0.10163E-01
50.00 -120 -0.13149
55.00 -120 -0.13583
60.00 -120 -0.32172E-01
65.00 -120 0.12458
70.00 -120 0.27271
75.00 -120 0.36324
80.00 -120 0.36271
-45.00 -115 -0.26367
-40.00 -115 -0.22323
-35.00 -115 -0.17597
-30.00 -115 -0.15250
-25.00 -115 -0.14830
-20.00 -115 -0.12710
-15.00 -115 -0.62039E-01
-10.00 -115 0.25701E-01
-5.00 -115 0.73108E-01
0.00 -115 0.28068E-01
5.00 -115 -0.96237E-01
10.00 -115 -0.21731
15.00 -115 -0.24019
20.00 -115 -0.13152
25.00 -115 0.50662E-01
30.00 -115 0.19697
35.00 -115 0.22474
40.00 -115 0.13271
45.00 -115 -0.62047E-02
-65.00 -110 -0.25939
-60.00 -110 -0.25011
-55.00 -110 -0.27954
-50.00 -110 -0.32505
-45.00 -110 -0.34544
-40.00 -110 -0.31470
-35.00 -110 -0.24025
-30.00 -110 -0.15249
-25.00 -110 -0.78757E-01
-20.00 -110 -0.26953E-01
-15.00 -110 0.85128E-02
-10.00 -110 0.29107E-01
-5.00 -110 0.24814E-01
0.00 -110 -0.13277E-01
5.00 -110 -0.73333E-01
10.00 -110 -0.11901
15.00 -110 -0.11088
20.00 -110 -0.37894E-01
25.00 -110 0.68630E-01
30.00 -110 0.15269
35.00 -110 0.17104
40.00 -110 0.12172
45.00 -110 0.43030E-01
50.00 -110 -0.13343E-01
55.00 -110 -0.12935E-01
60.00 -110 0.47347E-01
65.00 -110 0.14461
-70.00 -105 -0.31824
-45.00 -105 -0.43261
-40.00 -105 -0.41315
-35.00 -105 -0.32188
-30.00 -105 -0.19014
-25.00 -105 -0.72465E-01
-20.00 -105 -0.12317E-01
-15.00 -105 -0.17497E-01
-10.00 -105 -0.60833E-01
-5.00 -105 -0.10211
0.00 -105 -0.11323
5.00 -105 -0.89704E-01
10.00 -105 -0.44580E-01
15.00 -105 0.58477E-02
20.00 -105 0.52158E-01
25.00 -105 0.92034E-01
30.00 -105 0.12442
35.00 -105 0.14537
40.00 -105 0.14993
45.00 -105 0.13806
70.00 -105 0.22467
-75.00 -100 -0.30503
-65.00 -100 -0.33948
-60.00 -100 -0.34220
-55.00 -100 -0.37685
-50.00 -100 -0.44041
-45.00 -100 -0.49174
-40.00 -100 -0.47912
-35.00 -100 -0.38190
-30.00 -100 -0.23385
-25.00 -100 -0.10671
-20.00 -100 -0.63000E-01
-15.00 -100 -0.11178
-10.00 -100 -0.20105
-5.00 -100 -0.25352
0.00 -100 -0.21966
5.00 -100 -0.10908
10.00 -100 0.21481E-01
15.00 -100 0.11207
20.00 -100 0.14070
25.00 -100 0.13195
30.00 -100 0.13021
35.00 -100 0.16199
40.00 -100 0.21732
45.00 -100 0.26239
50.00 -100 0.26987
55.00 -100 0.24121
60.00 -100 0.20398
65.00 -100 0.18858
75.00 -100 0.22924
-45.00 -95 -0.49615
-40.00 -95 -0.48124
-35.00 -95 -0.38584
-30.00 -95 -0.24637
-25.00 -95 -0.13826
-20.00 -95 -0.12293
-15.00 -95 -0.19872
-10.00 -95 -0.29585
-5.00 -95 -0.32298
0.00 -95 -0.23222
5.00 -95 -0.53732E-01
10.00 -95 0.12657
15.00 -95 0.22881
20.00 -95 0.23350
25.00 -95 0.18865
30.00 -95 0.16744
35.00 -95 0.21157
40.00 -95 0.30358
45.00 -95 0.38570
-80.00 -90 -0.18699
-70.00 -90 -0.34020
-65.00 -90 -0.36024
-60.00 -90 -0.36255
-55.00 -90 -0.37791
-50.00 -90 -0.41278
-45.00 -90 -0.43767
-40.00 -90 -0.41133
-35.00 -90 -0.32151
-30.00 -90 -0.20566
-25.00 -90 -0.12900
-20.00 -90 -0.13377
-15.00 -90 -0.20013
-10.00 -90 -0.25351
-5.00 -90 -0.21671
0.00 -90 -0.68421E-01
5.00 -90 0.13706
10.00 -90 0.30553
15.00 -90 0.36778
20.00 -90 0.32589
25.00 -90 0.24757
30.00 -90 0.21504
35.00 -90 0.26720
40.00 -90 0.37652
45.00 -90 0.47346
50.00 -90 0.49700
55.00 -90 0.43375
60.00 -90 0.32069
65.00 -90 0.21492
70.00 -90 0.15551
80.00 -90 0.14870
-85.00 -85 -0.76628E-01
-45.00 -85 -0.32987
-40.00 -85 -0.28781
-35.00 -85 -0.20417
-30.00 -85 -0.11454
-25.00 -85 -0.64219E-01
-20.00 -85 -0.65984E-01
-15.00 -85 -0.81653E-01
-10.00 -85 -0.47236E-01
-5.00 -85 0.75858E-01
0.00 -85 0.26453
5.00 -85 0.44294
10.00 -85 0.53167
15.00 -85 0.50100
20.00 -85 0.39011
25.00 -85 0.28036
30.00 -85 0.24306
35.00 -85 0.29781
40.00 -85 0.40602
45.00 -85 0.49922
85.00 -85 0.11200
-75.00 -80 -0.21839
-65.00 -80 -0.28257
-60.00 -80 -0.26122
-55.00 -80 -0.23953
-50.00 -80 -0.22588
-45.00 -80 -0.20161
-40.00 -80 -0.14658
-35.00 -80 -0.67298E-01
-30.00 -80 0.46614E-02
-25.00 -80 0.45480E-01
-20.00 -80 0.70420E-01
-15.00 -80 0.12905
-10.00 -80 0.26282
-5.00 -80 0.46042
0.00 -80 0.65197
5.00 -80 0.75093
10.00 -80 0.71243
15.00 -80 0.56346
20.00 -80 0.38428
25.00 -80 0.25845
30.00 -80 0.22863
35.00 -80 0.28391
40.00 -80 0.37734
45.00 -80 0.45443
50.00 -80 0.47546
55.00 -80 0.42663
60.00 -80 0.32249
65.00 -80 0.20009
75.00 -80 0.59580E-01
-70.00 -75 -0.21768
-45.00 -75 -0.84807E-01
-40.00 -75 -0.25028E-01
-35.00 -75 0.53976E-01
-30.00 -75 0.12417
-25.00 -75 0.17515
-20.00 -75 0.23760
-15.00 -75 0.36139
-10.00 -75 0.56204
-5.00 -75 0.78547
0.00 -75 0.93040
5.00 -75 0.91660
10.00 -75 0.74451
15.00 -75 0.49725
20.00 -75 0.28449
25.00 -75 0.17554
30.00 -75 0.17158
35.00 -75 0.22830
40.00 -75 0.29782
45.00 -75 0.35164
70.00 -75 0.79161E-01
-65.00 -70 -0.12268
-60.00 -70 -0.71490E-01
-55.00 -70 -0.35932E-01
-50.00 -70 -0.22403E-01
-45.00 -70 -0.22977E-02
-40.00 -70 0.52307E-01
-35.00 -70 0.13676
-30.00 -70 0.22283
-25.00 -70 0.29857
-20.00 -70 0.39134
-15.00 -70 0.54112
-10.00 -70 0.74452
-5.00 -70 0.92753
0.00 -70 0.98437
5.00 -70 0.85757
10.00 -70 0.59066
15.00 -70 0.30465
20.00 -70 0.11549
25.00 -70 0.61622E-01
30.00 -70 0.98537E-01
35.00 -70 0.15500
40.00 -70 0.19303
45.00 -70 0.21923
50.00 -70 0.24869
55.00 -70 0.26913
60.00 -70 0.24672
65.00 -70 0.16624
-45.00 -65 0.38765E-01
-40.00 -65 0.80234E-01
-35.00 -65 0.17528
-30.00 -65 0.28994
-25.00 -65 0.39484
-20.00 -65 0.49721
-15.00 -65 0.62252
-10.00 -65 0.76343
-5.00 -65 0.85471
0.00 -65 0.81218
5.00 -65 0.60866
10.00 -65 0.31534
15.00 -65 0.62730E-01
20.00 -65 -0.51486E-01
25.00 -65 -0.28510E-01
30.00 -65 0.48502E-01
35.00 -65 0.95173E-01
40.00 -65 0.94056E-01
45.00 -65 0.90082E-01
-80.00 -60 -0.14886E-02
-75.00 -60 -0.27059E-01
-70.00 -60 -0.11258E-01
-65.00 -60 0.55567E-01
-60.00 -60 0.12337
-55.00 -60 0.13573
-50.00 -60 0.90391E-01
-45.00 -60 0.46481E-01
-40.00 -60 0.70629E-01
-35.00 -60 0.17745
-30.00 -60 0.32234
-25.00 -60 0.44857
-20.00 -60 0.53543
-15.00 -60 0.59722
-10.00 -60 0.63962
-5.00 -60 0.62863
0.00 -60 0.51514
5.00 -60 0.29600
10.00 -60 0.46305E-01
15.00 -60 -0.12108
20.00 -60 -0.14134
25.00 -60 -0.50741E-01
30.00 -60 0.45965E-01
35.00 -60 0.67422E-01
40.00 -60 0.22342E-01
45.00 -60 -0.10654E-01
50.00 -60 0.31105E-01
55.00 -60 0.12710
60.00 -60 0.19071
65.00 -60 0.15375
70.00 -60 0.35563E-01
75.00 -60 -0.71419E-01
80.00 -60 -0.85196E-01
-45.00 -55 0.38201E-01
-40.00 -55 0.44660E-01
-35.00 -55 0.15800
-30.00 -55 0.32116
-25.00 -55 0.45003
-20.00 -55 0.50015
-15.00 -55 0.48434
-10.00 -55 0.43368
-5.00 -55 0.35327
0.00 -55 0.22483
5.00 -55 0.51600E-01
10.00 -55 -0.11057
15.00 -55 -0.18204
20.00 -55 -0.12936
25.00 -55 -0.68734E-02
30.00 -55 0.80186E-01
35.00 -55 0.65387E-01
40.00 -55 -0.19103E-01
45.00 -55 -0.73012E-01
-65.00 -50 0.17553
-60.00 -50 0.24439
-55.00 -50 0.23046
-50.00 -50 0.13292
-45.00 -50 0.32353E-01
-40.00 -50 0.23880E-01
-35.00 -50 0.13284
-30.00 -50 0.29199
-25.00 -50 0.39951
-20.00 -50 0.40058
-15.00 -50 0.31770
-10.00 -50 0.21060
-5.00 -50 0.11550
0.00 -50 0.27356E-01
5.00 -50 -0.64418E-01
10.00 -50 -0.13662
15.00 -50 -0.14191
20.00 -50 -0.62756E-01
25.00 -50 0.50464E-01
30.00 -50 0.10856
35.00 -50 0.62585E-01
40.00 -50 -0.42825E-01
45.00 -50 -0.10167
50.00 -50 -0.42991E-01
55.00 -50 0.97099E-01
60.00 -50 0.20040
65.00 -50 0.17135
-70.00 -45 0.11847
-45.00 -45 0.41356E-01
-40.00 -45 0.23184E-01
-35.00 -45 0.11548
-30.00 -45 0.24678
-25.00 -45 0.31264
-20.00 -45 0.26377
-15.00 -45 0.13946
-10.00 -45 0.21101E-01
-5.00 -45 -0.42241E-01
0.00 -45 -0.62998E-01
5.00 -45 -0.78350E-01
10.00 -45 -0.96245E-01
15.00 -45 -0.86774E-01
20.00 -45 -0.27388E-01
25.00 -45 0.52563E-01
30.00 -45 0.85520E-01
35.00 -45 0.32564E-01
40.00 -45 -0.64642E-01
45.00 -45 -0.10888
70.00 -45 0.20385E-01
-75.00 -40 0.10603
-65.00 -40 0.18561
-60.00 -40 0.24666
-55.00 -40 0.24117
-50.00 -40 0.15973
-45.00 -40 0.67757E-01
-40.00 -40 0.46695E-01
-35.00 -40 0.11397
-30.00 -40 0.20194
-25.00 -40 0.21841
-20.00 -40 0.13120
-15.00 -40 -0.44177E-02
-10.00 -40 -0.99629E-01
-5.00 -40 -0.11239
0.00 -40 -0.76260E-01
5.00 -40 -0.54547E-01
10.00 -40 -0.72067E-01
15.00 -40 -0.96014E-01
20.00 -40 -0.82450E-01
25.00 -40 -0.34012E-01
30.00 -40 -0.24439E-02
35.00 -40 -0.29677E-01
40.00 -40 -0.90741E-01
45.00 -40 -0.10589
50.00 -40 -0.19583E-01
55.00 -40 0.13021
60.00 -40 0.22857
65.00 -40 0.18190
75.00 -40 -0.16188
-45.00 -35 0.10435
-40.00 -35 0.86912E-01
-35.00 -35 0.12748
-30.00 -35 0.17052
-25.00 -35 0.14632
-20.00 -35 0.43008E-01
-15.00 -35 -0.76531E-01
-10.00 -35 -0.13215
-5.00 -35 -0.10250
0.00 -35 -0.44179E-01
5.00 -35 -0.34915E-01
10.00 -35 -0.97610E-01
15.00 -35 -0.18096
20.00 -35 -0.21437
25.00 -35 -0.17926
30.00 -35 -0.12295
35.00 -35 -0.10151
40.00 -35 -0.11347
45.00 -35 -0.97911E-01
-85.00 -30 0.10509
-80.00 -30 0.14774
-70.00 -30 0.74789E-01
-65.00 -30 0.83307E-01
-60.00 -30 0.13148
-55.00 -30 0.16942
-50.00 -30 0.16550
-45.00 -30 0.13798
-40.00 -30 0.12754
-35.00 -30 0.14474
-30.00 -30 0.15312
-25.00 -30 0.10905
-20.00 -30 0.16079E-01
-15.00 -30 -0.67490E-01
-10.00 -30 -0.82185E-01
-5.00 -30 -0.30604E-01
0.00 -30 0.16174E-01
5.00 -30 -0.18457E-01
10.00 -30 -0.14241
15.00 -30 -0.28238
20.00 -30 -0.34751
25.00 -30 -0.30884
30.00 -30 -0.21782
35.00 -30 -0.14762
40.00 -30 -0.11855
45.00 -30 -0.84675E-01
50.00 -30 0.38926E-02
55.00 -30 0.12871
60.00 -30 0.20081
65.00 -30 0.14031
70.00 -30 -0.36074E-01
80.00 -30 -0.24571
85.00 -30 -0.11530
-45.00 -25 0.15559
-40.00 -25 0.14994
-35.00 -25 0.14767
-30.00 -25 0.13591
-25.00 -25 0.94522E-01
-20.00 -25 0.32605E-01
-15.00 -25 -0.71617E-02
-10.00 -25 0.10226E-01
-5.00 -25 0.65515E-01
0.00 -25 0.87257E-01
5.00 -25 0.11252E-01
10.00 -25 -0.15469
15.00 -25 -0.32525
20.00 -25 -0.40302
25.00 -25 -0.35736
30.00 -25 -0.24360
35.00 -25 -0.14540
40.00 -25 -0.97370E-01
45.00 -25 -0.64157E-01
-75.00 -20 0.91876E-01
-65.00 -20 -0.83252E-01
-60.00 -20 -0.48282E-01
-55.00 -20 0.41795E-01
-50.00 -20 0.12020
-45.00 -20 0.15032
-40.00 -20 0.14152
-35.00 -20 0.12069
-30.00 -20 0.10000
-25.00 -20 0.75890E-01
-20.00 -20 0.51746E-01
-15.00 -20 0.48181E-01
-10.00 -20 0.80845E-01
-5.00 -20 0.12864
0.00 -20 0.13417
5.00 -20 0.48694E-01
10.00 -20 -0.11579
15.00 -20 -0.28096
20.00 -20 -0.35724
25.00 -20 -0.31415
30.00 -20 -0.20152
35.00 -20 -0.10104
40.00 -20 -0.54077E-01
45.00 -20 -0.35154E-01
50.00 -20 0.45189E-02
55.00 -20 0.69983E-01
60.00 -20 0.10402
65.00 -20 0.42031E-01
75.00 -20 -0.25748
-70.00 -15 -0.78453E-01
-45.00 -15 0.12482
-40.00 -15 0.10221
-35.00 -15 0.61040E-01
-30.00 -15 0.37088E-01
-25.00 -15 0.34061E-01
-20.00 -15 0.39587E-01
-15.00 -15 0.50824E-01
-10.00 -15 0.75252E-01
-5.00 -15 0.10748
0.00 -15 0.11549
5.00 -15 0.61940E-01
10.00 -15 -0.54852E-01
15.00 -15 -0.18369
20.00 -15 -0.25246
25.00 -15 -0.22552
30.00 -15 -0.13314
35.00 -15 -0.43227E-01
40.00 -15 -0.11834E-02
45.00 -15 0.36075E-02
70.00 -15 -0.15134
-65.00 -10 -0.24052
-60.00 -10 -0.20817
-55.00 -10 -0.74039E-01
-50.00 -10 0.52079E-01
-45.00 -10 0.90032E-01
-40.00 -10 0.45197E-01
-35.00 -10 -0.16862E-01
-30.00 -10 -0.40567E-01
-25.00 -10 -0.24494E-01
-20.00 -10 -0.45277E-02
-15.00 -10 -0.50824E-02
-10.00 -10 -0.14388E-01
-5.00 -10 -0.69388E-02
0.00 -10 0.17487E-01
5.00 -10 0.25804E-01
10.00 -10 -0.13736E-01
15.00 -10 -0.91139E-01
20.00 -10 -0.15421
25.00 -10 -0.15283
30.00 -10 -0.85076E-01
35.00 -10 0.11101E-02
40.00 -10 0.52595E-01
45.00 -10 0.56165E-01
50.00 -10 0.38622E-01
55.00 -10 0.24558E-01
60.00 -10 0.81374E-03
65.00 -10 -0.68856E-01
-45.00 -5 0.59819E-01
-40.00 -5 -0.93241E-02
-35.00 -5 -0.87636E-01
-30.00 -5 -0.10485
-25.00 -5 -0.69980E-01
-20.00 -5 -0.47212E-01
-15.00 -5 -0.79486E-01
-10.00 -5 -0.14136
-5.00 -5 -0.16740
0.00 -5 -0.12324
5.00 -5 -0.44091E-01
10.00 -5 -0.10672E-02
15.00 -5 -0.29992E-01
20.00 -5 -0.94886E-01
25.00 -5 -0.12231
30.00 -5 -0.71427E-01
35.00 -5 0.29214E-01
40.00 -5 0.11143
45.00 -5 0.12951
90.00 0.00 0.88066E-01
-90.00 0.00 -0.21443E-01
