-85.00 0.00 0.43039
-80.00 0.00 0.37823
-75.00 0.00 0.32177
-70.00 0.00 0.30450
-65.00 0.00 0.32443
-60.00 0.00 0.32514
-55.00 0.00 0.23407
-50.00 0.00 0.18729E-01
-45.00 0.00 -0.28243
-40.00 0.00 -0.58008
-35.00 0.00 -0.79044
-30.00 0.00 -0.88541
-25.00 0.00 -0.89927
-20.00 0.00 -0.88975
-15.00 0.00 -0.88661
-10.00 0.00 -0.86905
-5.00 0.00 -0.78860
0.00 0.00 -0.61759
5.00 0.00 -0.38383
10.00 0.00 -0.16376
15.00 0.00 -0.38412E-01
20.00 0.00 -0.43410E-01
25.00 0.00 -0.14727
30.00 0.00 -0.27096
35.00 0.00 -0.33379
40.00 0.00 -0.29580
45.00 0.00 -0.17245
50.00 0.00 -0.17358E-01
55.00 0.00 0.11249
60.00 0.00 0.18671
65.00 0.00 0.21126
70.00 0.00 0.21552
75.00 0.00 0.22965
80.00 0.00 0.26271
85.00 0.00 0.30070
-45.00 5.00 -0.34203
-40.00 5.00 -0.70139
-35.00 5.00 -0.98022
-30.00 5.00 -1.1215
-25.00 5.00 -1.1390
-20.00 5.00 -1.0917
-15.00 5.00 -1.0289
-10.00 5.00 -0.95324
-5.00 5.00 -0.82830
0.00 5.00 -0.62441
5.00 5.00 -0.36215
10.00 5.00 -0.11597
15.00 5.00 0.28146E-01
20.00 5.00 0.29995E-01
25.00 5.00 -0.75728E-01
30.00 5.00 -0.20021
35.00 5.00 -0.25560
40.00 5.00 -0.20523
45.00 5.00 -0.76320E-01
-65.00 10.00 0.30758
-60.00 10.00 0.30641
-55.00 10.00 0.22414
-50.00 10.00 0.48750E-03
-45.00 10.00 -0.35338
-40.00 10.00 -0.74863
-35.00 10.00 -1.0671
-30.00 10.00 -1.2309
-25.00 10.00 -1.2429
-20.00 10.00 -1.1686
-15.00 10.00 -1.0772
-10.00 10.00 -0.98966
-5.00 10.00 -0.87594
0.00 10.00 -0.69900
5.00 10.00 -0.46628
10.00 10.00 -0.24131
15.00 10.00 -0.10367
20.00 10.00 -0.89578E-01
25.00 10.00 -0.16186
30.00 10.00 -0.23426
35.00 10.00 -0.23058
40.00 10.00 -0.13301
45.00 10.00 0.14933E-01
50.00 10.00 0.14708
55.00 10.00 0.22110
60.00 10.00 0.23835
65.00 10.00 0.22942
-70.00 15.00 0.30946
-45.00 15.00 -0.32680
-40.00 15.00 -0.72645
-35.00 15.00 -1.0471
-30.00 15.00 -1.2018
-25.00 15.00 -1.1948
-20.00 15.00 -1.1045
-15.00 15.00 -1.0167
-10.00 15.00 -0.96181
-5.00 15.00 -0.90720
0.00 15.00 -0.80393
5.00 15.00 -0.64419
10.00 15.00 -0.47658
15.00 15.00 -0.36692
20.00 15.00 -0.34033
25.00 15.00 -0.35697
30.00 15.00 -0.34253
35.00 15.00 -0.24729
40.00 15.00 -0.83547E-01
45.00 15.00 0.87426E-01
70.00 15.00 0.22838
-75.00 20.00 0.37157
-65.00 20.00 0.29725
-60.00 20.00 0.30206
-55.00 20.00 0.24357
-50.00 20.00 0.47303E-01
-45.00 20.00 -0.28599
-40.00 20.00 -0.66295
-35.00 20.00 -0.95111
-30.00 20.00 -1.0657
-25.00 20.00 -1.0227
-20.00 20.00 -0.91746
-15.00 20.00 -0.84746
-10.00 20.00 -0.84423
-5.00 20.00 -0.86651
0.00 20.00 -0.85326
5.00 20.00 -0.78410
10.00 20.00 -0.69310
15.00 20.00 -0.62805
20.00 20.00 -0.59759
25.00 20.00 -0.55799
30.00 20.00 -0.45233
35.00 20.00 -0.26538
40.00 20.00 -0.43594E-01
45.00 20.00 0.13762
50.00 20.00 0.22975
55.00 20.00 0.24159
60.00 20.00 0.22192
65.00 20.00 0.21524
75.00 20.00 0.25642
-45.00 25.00 -0.25771
-40.00 25.00 -0.59540
-35.00 25.00 -0.82749
-30.00 25.00 -0.87843
-25.00 25.00 -0.78204
-20.00 25.00 -0.65076
-15.00 25.00 -0.58971
-10.00 25.00 -0.62685
-5.00 25.00 -0.71233
0.00 25.00 -0.77752
5.00 25.00 -0.79461
10.00 25.00 -0.78460
15.00 25.00 -0.77443
20.00 25.00 -0.75277
25.00 25.00 -0.67188
30.00 25.00 -0.49528
35.00 25.00 -0.24432
40.00 25.00 0.36933E-02
45.00 25.00 0.16790
-80.00 30.00 0.47239
-70.00 30.00 0.30678
-65.00 30.00 0.26959
-60.00 30.00 0.26148
-55.00 30.00 0.20436
-50.00 30.00 0.27040E-01
-45.00 30.00 -0.26024
-40.00 30.00 -0.55277
-35.00 30.00 -0.71852
-30.00 30.00 -0.69440
-25.00 30.00 -0.53286
-20.00 30.00 -0.36106
-15.00 30.00 -0.28849
-10.00 30.00 -0.33950
-5.00 30.00 -0.46005
0.00 30.00 -0.58021
5.00 30.00 -0.66877
10.00 30.00 -0.73340
15.00 30.00 -0.77797
20.00 30.00 -0.77094
25.00 30.00 -0.66371
30.00 30.00 -0.44369
35.00 30.00 -0.16737
40.00 30.00 0.65722E-01
45.00 30.00 0.18135
50.00 30.00 0.18280
55.00 30.00 0.14094
60.00 30.00 0.13208
65.00 30.00 0.17934
70.00 30.00 0.24760
80.00 30.00 0.29065
-45.00 35.00 -0.29621
-40.00 35.00 -0.54390
-35.00 35.00 -0.64364
-30.00 35.00 -0.54597
-25.00 35.00 -0.31965
-20.00 35.00 -0.10214
-15.00 35.00 -0.43795E-02
-10.00 35.00 -0.48564E-01
-5.00 35.00 -0.18143
0.00 35.00 -0.33634
5.00 35.00 -0.47979
10.00 35.00 -0.60434
15.00 35.00 -0.69022
20.00 35.00 -0.68944
25.00 35.00 -0.55940
30.00 35.00 -0.31579
35.00 35.00 -0.46849E-01
40.00 35.00 0.13664
45.00 35.00 0.17971
-75.00 40.00 0.40057
-65.00 40.00 0.20961
-60.00 40.00 0.16144
-55.00 40.00 0.75185E-01
-50.00 40.00 -0.10519
-45.00 40.00 -0.35312
-40.00 40.00 -0.55692
-35.00 40.00 -0.59652
-30.00 40.00 -0.43716
-25.00 40.00 -0.16057
-20.00 40.00 0.91273E-01
-15.00 40.00 0.21024
-10.00 40.00 0.17674
-5.00 40.00 0.41062E-01
0.00 40.00 -0.13531
5.00 40.00 -0.31632
10.00 40.00 -0.47904
15.00 40.00 -0.58270
20.00 40.00 -0.56972
25.00 40.00 -0.41117
30.00 40.00 -0.15369
35.00 40.00 0.88023E-01
40.00 40.00 0.20287
45.00 40.00 0.16473
50.00 40.00 0.52440E-01
55.00 40.00 -0.13259E-01
60.00 40.00 0.35637E-01
65.00 40.00 0.16778
75.00 40.00 0.33565
-70.00 45.00 0.27066
-45.00 45.00 -0.41057
-40.00 45.00 -0.56894
-35.00 45.00 -0.55559
-30.00 45.00 -0.35215
-25.00 45.00 -0.49892E-01
-20.00 45.00 0.21146
-15.00 45.00 0.33307
-10.00 45.00 0.30177
-5.00 45.00 0.16576
0.00 45.00 -0.19281E-01
5.00 45.00 -0.21668
10.00 45.00 -0.39189
15.00 45.00 -0.48956
20.00 45.00 -0.44956
25.00 45.00 -0.26030
30.00 45.00 0.32286E-02
35.00 45.00 0.20817
40.00 45.00 0.25193
45.00 45.00 0.14080
70.00 45.00 0.32855
-65.00 50.00 0.12547
-60.00 50.00 0.27864E-01
-55.00 50.00 -0.88503E-01
-50.00 50.00 -0.25965
-45.00 50.00 -0.44995
-40.00 50.00 -0.55985
-35.00 50.00 -0.50082
-30.00 50.00 -0.27221
-25.00 50.00 0.28819E-01
-20.00 50.00 0.27192
-15.00 50.00 0.37521
-10.00 50.00 0.33747
-5.00 50.00 0.20696
0.00 50.00 0.31643E-01
5.00 50.00 -0.15697
10.00 50.00 -0.32128
15.00 50.00 -0.39974
20.00 50.00 -0.33372
25.00 50.00 -0.12581
30.00 50.00 0.13034
35.00 50.00 0.29454
40.00 50.00 0.27805
45.00 50.00 0.11595
50.00 50.00 -0.53395E-01
55.00 50.00 -0.92105E-01
60.00 50.00 0.33305E-01
65.00 50.00 0.23374
-85.00 55.00 0.52352
-45.00 55.00 -0.46142
-40.00 55.00 -0.52216
-35.00 55.00 -0.42627
-30.00 55.00 -0.19007
-25.00 55.00 0.87719E-01
-20.00 55.00 0.29237
-15.00 55.00 0.36495
-10.00 55.00 0.32023
-5.00 55.00 0.20728
0.00 55.00 0.62894E-01
5.00 55.00 -0.94372E-01
10.00 55.00 -0.23372
15.00 55.00 -0.29475
20.00 55.00 -0.22027
25.00 55.00 -0.17947E-01
30.00 55.00 0.21387
35.00 55.00 0.33870
40.00 55.00 0.28280
45.00 55.00 0.10036
85.00 55.00 0.28564
-80.00 60.00 0.51832
-75.00 60.00 0.39368
-70.00 60.00 0.21155
-65.00 60.00 0.43096E-01
-60.00 60.00 -0.88383E-01
-55.00 60.00 -0.20810
-50.00 60.00 -0.33705
-45.00 60.00 -0.44497
-40.00 60.00 -0.46203
-35.00 60.00 -0.34164
-30.00 60.00 -0.11317
-25.00 60.00 0.12817
-20.00 60.00 0.28696
-15.00 60.00 0.32853
-10.00 60.00 0.28318
-5.00 60.00 0.19923
0.00 60.00 0.99152E-01
5.00 60.00 -0.16587E-01
10.00 60.00 -0.13022
15.00 60.00 -0.18618
20.00 60.00 -0.12589
25.00 60.00 0.47954E-01
30.00 60.00 0.24512
35.00 60.00 0.34069
40.00 60.00 0.27324
45.00 60.00 0.10365
50.00 60.00 -0.24410E-01
55.00 60.00 0.36703E-02
60.00 60.00 0.18205
65.00 60.00 0.39154
70.00 60.00 0.49818
75.00 60.00 0.46062
80.00 60.00 0.35053
-45.00 65.00 -0.40622
-40.00 65.00 -0.39206
-35.00 65.00 -0.26315
-30.00 65.00 -0.54876E-01
-25.00 65.00 0.14624
-20.00 65.00 0.26407
-15.00 65.00 0.28354
-10.00 65.00 0.24464
-5.00 65.00 0.19154
0.00 65.00 0.13240
5.00 65.00 0.50844E-01
10.00 65.00 -0.47663E-01
15.00 65.00 -0.11191
20.00 65.00 -0.79422E-01
25.00 65.00 0.57831E-01
30.00 65.00 0.22451
35.00 65.00 0.31002
40.00 65.00 0.26045
45.00 65.00 0.13231
-65.00 70.00 -0.98294E-02
-60.00 70.00 -0.14473
-55.00 70.00 -0.23742
-50.00 70.00 -0.30963
-45.00 70.00 -0.35072
-40.00 70.00 -0.32176
-35.00 70.00 -0.20112
-30.00 70.00 -0.21510E-01
-25.00 70.00 0.14368
-20.00 70.00 0.23424
-15.00 70.00 0.24518
-10.00 70.00 0.21668
-5.00 70.00 0.18516
0.00 70.00 0.14832
5.00 70.00 0.80983E-01
10.00 70.00 -0.16885E-01
15.00 70.00 -0.95607E-01
20.00 70.00 -0.89158E-01
25.00 70.00 0.20322E-01
30.00 70.00 0.17195
35.00 70.00 0.26815
40.00 70.00 0.25836
45.00 70.00 0.18810
50.00 70.00 0.16323
55.00 70.00 0.25601
60.00 70.00 0.43611
65.00 70.00 0.59023
-70.00 75.00 0.16876
-45.00 75.00 -0.28066
-40.00 75.00 -0.25224
-35.00 75.00 -0.15332
-30.00 75.00 -0.57303E-02
-25.00 75.00 0.13327
-20.00 75.00 0.21424
-15.00 75.00 0.23142
-10.00 75.00 0.21530
-5.00 75.00 0.19213
0.00 75.00 0.15559
5.00 75.00 0.82577E-01
10.00 75.00 -0.23716E-01
15.00 75.00 -0.11304
20.00 75.00 -0.11974
25.00 75.00 -0.22237E-01
30.00 75.00 0.12839
35.00 75.00 0.24529
40.00 75.00 0.28022
45.00 75.00 0.26689
70.00 75.00 0.65623
-75.00 80.00 0.37087
-65.00 80.00 -0.19223E-01
-60.00 80.00 -0.12589
-55.00 80.00 -0.16887
-50.00 80.00 -0.18670
-45.00 80.00 -0.19607
-40.00 80.00 -0.17821
-35.00 80.00 -0.10816
-30.00 80.00 0.87327E-02
-25.00 80.00 0.13257
-20.00 80.00 0.21990
-15.00 80.00 0.25579
-10.00 80.00 0.25442
-5.00 80.00 0.23146
0.00 80.00 0.18286
5.00 80.00 0.96461E-01
10.00 80.00 -0.15674E-01
15.00 80.00 -0.10362
20.00 80.00 -0.10847
25.00 80.00 -0.12496E-01
30.00 80.00 0.13831
35.00 80.00 0.26757
40.00 80.00 0.33223
45.00 80.00 0.35804
50.00 80.00 0.41063
55.00 80.00 0.52575
60.00 80.00 0.66391
65.00 80.00 0.73523
75.00 80.00 0.51213
-45.00 85.00 -0.99035E-01
-40.00 85.00 -0.95144E-01
-35.00 85.00 -0.54694E-01
-30.00 85.00 0.35158E-01
-25.00 85.00 0.15124
-20.00 85.00 0.25314
-15.00 85.00 0.31338
-10.00 85.00 0.32836
-5.00 85.00 0.30512
0.00 85.00 0.24611
5.00 85.00 0.15387
10.00 85.00 0.49578E-01
15.00 85.00 -0.21216E-01
20.00 85.00 -0.12951E-01
25.00 85.00 0.82330E-01
30.00 85.00 0.22148
35.00 85.00 0.34070
40.00 85.00 0.40734
45.00 85.00 0.44535
-80.00 90.00 0.50435
-70.00 90.00 0.16283
-65.00 90.00 0.72441E-02
-60.00 90.00 -0.53303E-01
-55.00 90.00 -0.37857E-01
-50.00 90.00 -0.53569E-02
-45.00 90.00 0.28592E-02
-40.00 90.00 -0.56167E-02
-35.00 90.00 0.87272E-02
-30.00 90.00 0.74738E-01
-25.00 90.00 0.18349
-20.00 90.00 0.29675
-15.00 90.00 0.37620
-10.00 90.00 0.40413
-5.00 90.00 0.38263
0.00 90.00 0.32246
5.00 90.00 0.23964
10.00 90.00 0.16068
15.00 90.00 0.12170
20.00 90.00 0.15027
25.00 90.00 0.24177
30.00 90.00 0.35558
35.00 90.00 0.44273
40.00 90.00 0.48534
45.00 90.00 0.51094
50.00 90.00 0.56371
55.00 90.00 0.65518
60.00 90.00 0.74078
65.00 90.00 0.74950
70.00 90.00 0.64582
80.00 90.00 0.31374
-45.00 95.00 0.96959E-01
-40.00 95.00 0.80135E-01
-35.00 95.00 0.73845E-01
-30.00 95.00 0.11770
-25.00 95.00 0.21311
-20.00 95.00 0.32450
-15.00 95.00 0.40776
-10.00 95.00 0.43777
-5.00 95.00 0.41599
0.00 95.00 0.36131
5.00 95.00 0.29933
10.00 95.00 0.25723
15.00 95.00 0.25862
20.00 95.00 0.31222
25.00 95.00 0.40094
30.00 95.00 0.48646
35.00 95.00 0.53420
40.00 95.00 0.54149
45.00 95.00 0.54187
-75.00 100.00 0.35068
-65.00 100.00 0.45735E-01
-60.00 100.00 0.23808E-01
-55.00 100.00 0.80557E-01
-50.00 100.00 0.14724
-45.00 100.00 0.17045
-40.00 100.00 0.15029
-35.00 100.00 0.13019
-30.00 100.00 0.15366
-25.00 100.00 0.22763
-20.00 100.00 0.32012
-15.00 100.00 0.38745
-10.00 100.00 0.40441
-5.00 100.00 0.37541
0.00 100.00 0.32569
5.00 100.00 0.28574
10.00 100.00 0.28011
15.00 100.00 0.32061
20.00 100.00 0.40059
25.00 100.00 0.49316
30.00 100.00 0.56140
35.00 100.00 0.58089
40.00 100.00 0.55980
45.00 100.00 0.53629
50.00 100.00 0.54855
55.00 100.00 0.59900
60.00 100.00 0.64467
65.00 100.00 0.62820
75.00 100.00 0.38223
-70.00 105.00 0.17573
-45.00 105.00 0.21692
-40.00 105.00 0.19990
-35.00 105.00 0.17519
-30.00 105.00 0.18280
-25.00 105.00 0.23019
-20.00 105.00 0.28990
-15.00 105.00 0.32479
-10.00 105.00 0.31614
-5.00 105.00 0.27355
0.00 105.00 0.22528
5.00 105.00 0.20150
10.00 105.00 0.22203
15.00 105.00 0.29043
20.00 105.00 0.39157
25.00 105.00 0.49387
30.00 105.00 0.56126
35.00 105.00 0.57350
40.00 105.00 0.54205
45.00 105.00 0.50515
70.00 105.00 0.44819
-85.00 110.00 0.50292
-65.00 110.00 0.75381E-01
-60.00 110.00 0.66667E-01
-55.00 110.00 0.12962
-50.00 110.00 0.20347
-45.00 110.00 0.24038
-40.00 110.00 0.23568
-35.00 110.00 0.21871
-30.00 110.00 0.21897
-25.00 110.00 0.23967
-20.00 110.00 0.25887
-15.00 110.00 0.25179
-10.00 110.00 0.21211
-5.00 110.00 0.15591
0.00 110.00 0.11016
5.00 110.00 0.98445E-01
10.00 110.00 0.13309
15.00 110.00 0.21290
20.00 110.00 0.32214
25.00 110.00 0.43158
30.00 110.00 0.50764
35.00 110.00 0.52980
40.00 110.00 0.50549
45.00 110.00 0.46723
50.00 110.00 0.44886
55.00 110.00 0.45776
60.00 110.00 0.46745
65.00 110.00 0.44071
85.00 110.00 0.24395
-45.00 115.00 0.25356
-40.00 115.00 0.27282
-35.00 115.00 0.27781
-30.00 115.00 0.28136
-25.00 115.00 0.27856
-20.00 115.00 0.25412
-15.00 115.00 0.20102
-10.00 115.00 0.13084
-5.00 115.00 0.67420E-01
0.00 115.00 0.32330E-01
5.00 115.00 0.35827E-01
10.00 115.00 0.78267E-01
15.00 115.00 0.15477
20.00 115.00 0.25496
25.00 115.00 0.35919
30.00 115.00 0.44065
35.00 115.00 0.47799
40.00 115.00 0.47032
45.00 115.00 0.43933
-80.00 120.00 0.44771
-75.00 120.00 0.32625
-70.00 120.00 0.18626
-65.00 120.00 0.94493E-01
-60.00 120.00 0.80781E-01
-55.00 120.00 0.12937
-50.00 120.00 0.20250
-45.00 120.00 0.27087
-40.00 120.00 0.32492
-35.00 120.00 0.36367
-30.00 120.00 0.37924
-25.00 120.00 0.35635
-20.00 120.00 0.28757
-15.00 120.00 0.18741
-10.00 120.00 0.89250E-01
-5.00 120.00 0.25888E-01
0.00 120.00 0.10882E-01
5.00 120.00 0.36293E-01
10.00 120.00 0.86184E-01
15.00 120.00 0.15072
20.00 120.00 0.22739
25.00 120.00 0.31108
30.00 120.00 0.38667
35.00 120.00 0.43476
40.00 120.00 0.44580
45.00 120.00 0.42769
50.00 120.00 0.39778
55.00 120.00 0.36648
60.00 120.00 0.32958
65.00 120.00 0.27847
70.00 120.00 0.21836
75.00 120.00 0.17537
80.00 120.00 0.17947
-45.00 125.00 0.29953
-40.00 125.00 0.39253
-35.00 125.00 0.46832
-30.00 125.00 0.49836
-25.00 125.00 0.45775
-20.00 125.00 0.34764
-15.00 125.00 0.20424
-10.00 125.00 0.82023E-01
-5.00 125.00 0.21790E-01
0.00 125.00 0.28530E-01
5.00 125.00 0.75977E-01
10.00 125.00 0.13173
15.00 125.00 0.18042
20.00 125.00 0.22692
25.00 125.00 0.28115
30.00 125.00 0.34199
35.00 125.00 0.39529
40.00 125.00 0.42528
45.00 125.00 0.42582
-65.00 130.00 0.11637
-60.00 130.00 0.10074
-55.00 130.00 0.14088
-50.00 130.00 0.22285
-45.00 130.00 0.33426
-40.00 130.00 0.45765
-35.00 130.00 0.56001
-30.00 130.00 0.59781
-25.00 130.00 0.54140
-20.00 130.00 0.40086
-15.00 130.00 0.22867
-10.00 130.00 0.92285E-01
-5.00 130.00 0.34866E-01
0.00 130.00 0.53371E-01
5.00 130.00 0.10928
10.00 130.00 0.16089
15.00 130.00 0.19077
20.00 130.00 0.20933
25.00 130.00 0.23711
30.00 130.00 0.28414
35.00 130.00 0.34260
40.00 130.00 0.39397
45.00 130.00 0.42046
50.00 130.00 0.41131
55.00 130.00 0.36397
60.00 130.00 0.28554
65.00 130.00 0.19584
-70.00 135.00 0.19855
-45.00 135.00 0.35902
-40.00 135.00 0.48926
-35.00 135.00 0.59253
-30.00 135.00 0.62169
-25.00 135.00 0.55132
-20.00 135.00 0.40033
-15.00 135.00 0.22702
-10.00 135.00 0.96535E-01
-5.00 135.00 0.43580E-01
0.00 135.00 0.57548E-01
5.00 135.00 0.98609E-01
10.00 135.00 0.12956
15.00 135.00 0.13866
20.00 135.00 0.13982
25.00 135.00 0.15560
30.00 135.00 0.19937
35.00 135.00 0.26773
40.00 135.00 0.34328
45.00 135.00 0.40158
70.00 135.00 0.10513
-75.00 140.00 0.29757
-65.00 140.00 0.15078
-60.00 140.00 0.14513
-55.00 140.00 0.18259
-50.00 140.00 0.25609
-45.00 140.00 0.35569
-40.00 140.00 0.45858
-35.00 140.00 0.52696
-30.00 140.00 0.52418
-25.00 140.00 0.43966
-20.00 140.00 0.30094
-15.00 140.00 0.15982
-10.00 140.00 0.61374E-01
-5.00 140.00 0.19576E-01
0.00 140.00 0.16734E-01
5.00 140.00 0.23957E-01
10.00 140.00 0.23791E-01
15.00 140.00 0.18367E-01
20.00 140.00 0.21730E-01
25.00 140.00 0.47516E-01
30.00 140.00 0.10214
35.00 140.00 0.18369
40.00 140.00 0.28067
45.00 140.00 0.36954
50.00 140.00 0.41764
55.00 140.00 0.39801
60.00 140.00 0.31030
65.00 140.00 0.19095
75.00 140.00 0.80375E-01
-45.00 145.00 0.31523
-40.00 145.00 0.35699
-35.00 145.00 0.35616
-30.00 145.00 0.29820
-25.00 145.00 0.19531
-20.00 145.00 0.82774E-01
-15.00 145.00 -0.37272E-02
-10.00 145.00 -0.51533E-01
-5.00 145.00 -0.74745E-01
0.00 145.00 -0.95859E-01
5.00 145.00 -0.12319
10.00 145.00 -0.14474
15.00 145.00 -0.14190
20.00 145.00 -0.10693
25.00 145.00 -0.46486E-01
30.00 145.00 0.30023E-01
35.00 145.00 0.12091
40.00 145.00 0.22694
45.00 145.00 0.33470
-80.00 150.00 0.36904
-70.00 150.00 0.21928
-65.00 150.00 0.19373
-60.00 150.00 0.20117
-55.00 150.00 0.22408
-50.00 150.00 0.24453
-45.00 150.00 0.24467
-40.00 150.00 0.20595
-35.00 150.00 0.11797
-30.00 150.00 -0.76798E-02
-25.00 150.00 -0.13526
-20.00 150.00 -0.22434
-15.00 150.00 -0.25880
-10.00 150.00 -0.25930
-5.00 150.00 -0.26474
0.00 150.00 -0.29673
5.00 150.00 -0.33869
10.00 150.00 -0.34974
15.00 150.00 -0.30109
20.00 150.00 -0.20097
25.00 150.00 -0.85043E-01
30.00 150.00 0.17287E-01
35.00 150.00 0.10645
40.00 150.00 0.20217
45.00 150.00 0.30968
50.00 150.00 0.39868
55.00 150.00 0.42072
60.00 150.00 0.35306
65.00 150.00 0.22858
70.00 150.00 0.12082
80.00 150.00 0.15269
-45.00 155.00 0.16532
-40.00 155.00 0.51304E-01
-35.00 155.00 -0.11408
-30.00 155.00 -0.29895
-25.00 155.00 -0.45238
-20.00 155.00 -0.53397
-15.00 155.00 -0.54398
-10.00 155.00 -0.52490
-5.00 155.00 -0.52647
0.00 155.00 -0.56101
5.00 155.00 -0.58908
10.00 155.00 -0.55169
15.00 155.00 -0.42288
20.00 155.00 -0.23559
25.00 155.00 -0.56688E-01
30.00 155.00 0.66938E-01
35.00 155.00 0.14179
40.00 155.00 0.21029
45.00 155.00 0.30010
-75.00 160.00 0.27203
-65.00 160.00 0.23417
-60.00 160.00 0.24839
-55.00 160.00 0.24580
-50.00 160.00 0.20206
-45.00 160.00 0.10232
-40.00 160.00 -0.57360E-01
-35.00 160.00 -0.26243
-30.00 160.00 -0.47429
-25.00 160.00 -0.64209
-20.00 160.00 -0.73245
-15.00 160.00 -0.75461
-10.00 160.00 -0.75411
-5.00 160.00 -0.77276
0.00 160.00 -0.80656
5.00 160.00 -0.80147
10.00 160.00 -0.69688
15.00 160.00 -0.48235
20.00 160.00 -0.21695
25.00 160.00 0.94044E-02
30.00 160.00 0.14172
35.00 160.00 0.19584
40.00 160.00 0.23355
45.00 160.00 0.30031
50.00 160.00 0.38262
55.00 160.00 0.42355
60.00 160.00 0.38072
65.00 160.00 0.27220
75.00 160.00 0.13451
-85.00 165.00 0.40276
-70.00 165.00 0.24071
-45.00 165.00 0.71230E-01
-40.00 165.00 -0.92008E-01
-35.00 165.00 -0.28492
-30.00 165.00 -0.47784
-25.00 165.00 -0.63628
-20.00 165.00 -0.74033
-15.00 165.00 -0.79965
-10.00 165.00 -0.84464
-5.00 165.00 -0.89426
0.00 165.00 -0.92745
5.00 165.00 -0.88906
10.00 165.00 -0.73319
15.00 165.00 -0.47050
20.00 165.00 -0.17560
25.00 165.00 0.57915E-01
30.00 165.00 0.18119
35.00 165.00 0.21946
40.00 165.00 0.24174
45.00 165.00 0.29734
70.00 165.00 0.19383
85.00 165.00 0.27644
-65.00 170.00 0.26478
-60.00 170.00 0.27860
-55.00 170.00 0.25399
-50.00 170.00 0.18072
-45.00 170.00 0.69733E-01
-40.00 170.00 -0.61436E-01
-35.00 170.00 -0.19917
-30.00 170.00 -0.33422
-25.00 170.00 -0.45919
-20.00 170.00 -0.57033
-15.00 170.00 -0.67027
-10.00 170.00 -0.76271
-5.00 170.00 -0.83866
0.00 170.00 -0.86768
5.00 170.00 -0.80964
10.00 170.00 -0.64544
15.00 170.00 -0.40294
20.00 170.00 -0.15172
25.00 170.00 0.36753E-01
30.00 170.00 0.13504
35.00 170.00 0.17394
40.00 170.00 0.21133
45.00 170.00 0.28088
50.00 170.00 0.36417
55.00 170.00 0.41011
60.00 170.00 0.38378
65.00 170.00 0.30126
-45.00 175.00 0.79785E-01
-40.00 175.00 -0.62676E-02
-35.00 175.00 -0.74888E-01
-30.00 175.00 -0.14053
-25.00 175.00 -0.22413
-20.00 175.00 -0.33532
-15.00 175.00 -0.46426
-10.00 175.00 -0.58500
-5.00 175.00 -0.66527
0.00 175.00 -0.67802
5.00 175.00 -0.61263
10.00 175.00 -0.48266
15.00 175.00 -0.32390
20.00 175.00 -0.17911
25.00 175.00 -0.74893E-01
30.00 175.00 -0.63777E-02
35.00 175.00 0.56505E-01
40.00 175.00 0.14259
45.00 175.00 0.25226
-80.00 180.00 0.29967
-75.00 180.00 0.25210
-70.00 180.00 0.25503
-65.00 180.00 0.28419
-60.00 180.00 0.29302
-55.00 180.00 0.25073
-50.00 180.00 0.16640
-45.00 180.00 0.79203E-01
-40.00 180.00 0.24491E-01
-35.00 180.00 0.42554E-02
-30.00 180.00 -0.14544E-01
-25.00 180.00 -0.73266E-01
-20.00 180.00 -0.18784
-15.00 180.00 -0.33352
-10.00 180.00 -0.45883
-5.00 180.00 -0.51773
0.00 180.00 -0.49750
5.00 180.00 -0.42410
10.00 180.00 -0.34315
15.00 180.00 -0.29015
20.00 180.00 -0.26915
25.00 180.00 -0.25263
30.00 180.00 -0.20156
35.00 180.00 -0.92733E-01
40.00 180.00 0.63521E-01
45.00 180.00 0.22629
50.00 180.00 0.34594
55.00 180.00 0.39185
60.00 180.00 0.36881
65.00 180.00 0.31238
70.00 180.00 0.26651
75.00 180.00 0.25705
80.00 180.00 0.28078
-45.00 -175 0.55527E-01
-40.00 -175 0.15788E-02
-35.00 -175 -0.12796E-01
-30.00 -175 -0.28504E-01
-25.00 -175 -0.94363E-01
-20.00 -175 -0.22488
-15.00 -175 -0.38220
-10.00 -175 -0.49828
-5.00 -175 -0.52245
0.00 -175 -0.45907
5.00 -175 -0.36607
10.00 -175 -0.31404
15.00 -175 -0.33512
20.00 -175 -0.39897
25.00 -175 -0.43326
30.00 -175 -0.37371
35.00 -175 -0.20787
40.00 -175 0.16789E-01
45.00 -175 0.22348
-65.00 -170 0.29170
-60.00 -170 0.29367
-55.00 -170 0.23491
-50.00 -170 0.12730
-45.00 -170 0.13386E-01
-40.00 -170 -0.68973E-01
-35.00 -170 -0.11824
-30.00 -170 -0.17103
-25.00 -170 -0.27057
-20.00 -170 -0.42516
-15.00 -170 -0.59064
-10.00 -170 -0.69484
-5.00 -170 -0.68913
0.00 -170 -0.58855
5.00 -170 -0.46703
10.00 -170 -0.40684
15.00 -170 -0.43806
20.00 -170 -0.51364
25.00 -170 -0.54082
30.00 -170 -0.44683
35.00 -170 -0.23073
40.00 -170 0.35775E-01
45.00 -170 0.25674
50.00 -170 0.37178
55.00 -170 0.38480
60.00 -170 0.34660
65.00 -170 0.31194
-70.00 -165 0.25827
-45.00 -165 -0.29114E-01
-40.00 -165 -0.15204
-35.00 -165 -0.25545
-30.00 -165 -0.36187
-25.00 -165 -0.49908
-20.00 -165 -0.66801
-15.00 -165 -0.82857
-10.00 -165 -0.91883
-5.00 -165 -0.89796
0.00 -165 -0.78138
5.00 -165 -0.63764
10.00 -165 -0.54372
15.00 -165 -0.52884
20.00 -165 -0.55036
25.00 -165 -0.52345
30.00 -165 -0.38498
35.00 -165 -0.14353
40.00 -165 0.12297
45.00 -165 0.32012
70.00 -165 0.32449
-75.00 -160 0.23961
-65.00 -160 0.28218
-60.00 -160 0.27546
-55.00 -160 0.21155
-50.00 -160 0.94727E-01
-45.00 -160 -0.52255E-01
-40.00 -160 -0.20618
-35.00 -160 -0.35672
-30.00 -160 -0.50746
-25.00 -160 -0.66465
-20.00 -160 -0.82178
-15.00 -160 -0.95182
-10.00 -160 -1.0164
-5.00 -160 -0.98954
0.00 -160 -0.88082
5.00 -160 -0.73639
10.00 -160 -0.61202
15.00 -160 -0.53367
20.00 -160 -0.47664
25.00 -160 -0.38407
30.00 -160 -0.21463
35.00 -160 0.17310E-01
40.00 -160 0.24347
45.00 -160 0.38725
50.00 -160 0.41809
55.00 -160 0.37108
60.00 -160 0.31665
65.00 -160 0.30663
75.00 -160 0.38174
-45.00 -155 -0.46810E-01
-40.00 -155 -0.20719
-35.00 -155 -0.38185
-30.00 -155 -0.55640
-25.00 -155 -0.71256
-20.00 -155 -0.83333
-15.00 -155 -0.90659
-10.00 -155 -0.92487
-5.00 -155 -0.88573
0.00 -155 -0.79574
5.00 -155 -0.67401
10.00 -155 -0.54643
15.00 -155 -0.42971
20.00 -155 -0.31756
25.00 -155 -0.18545
30.00 -155 -0.15825E-01
35.00 -155 0.17558
40.00 -155 0.33880
45.00 -155 0.42141
-80.00 -150 0.25993
-70.00 -150 0.24484
-65.00 -150 0.24879
-60.00 -150 0.22237
-55.00 -150 0.16500
-50.00 -150 0.85169E-01
-45.00 -150 -0.18842E-01
-40.00 -150 -0.15796
-35.00 -150 -0.33250
-30.00 -150 -0.51684
-25.00 -150 -0.66748
-20.00 -150 -0.74942
-15.00 -150 -0.75711
-10.00 -150 -0.71194
-5.00 -150 -0.64151
0.00 -150 -0.56117
5.00 -150 -0.47232
10.00 -150 -0.37278
15.00 -150 -0.26390
20.00 -150 -0.14747
25.00 -150 -0.21091E-01
30.00 -150 0.11649
35.00 -150 0.25229
40.00 -150 0.35514
45.00 -150 0.39317
50.00 -150 0.36297
55.00 -150 0.30257
60.00 -150 0.26991
65.00 -150 0.29922
70.00 -150 0.37213
80.00 -150 0.43753
-45.00 -145 0.14873E-01
-40.00 -145 -0.80815E-01
-35.00 -145 -0.23773
-30.00 -145 -0.42970
-25.00 -145 -0.59038
-20.00 -145 -0.65765
-15.00 -145 -0.61703
-10.00 -145 -0.50748
-5.00 -145 -0.38790
0.00 -145 -0.29603
5.00 -145 -0.23315
10.00 -145 -0.17947
15.00 -145 -0.11822
20.00 -145 -0.45543E-01
25.00 -145 0.35628E-01
30.00 -145 0.12204
35.00 -145 0.20640
40.00 -145 0.27129
45.00 -145 0.29611
-85.00 -140 0.32586
-75.00 -140 0.23498
-65.00 -140 0.19551
-60.00 -140 0.12642
-55.00 -140 0.62169E-01
-50.00 -140 0.37439E-01
-45.00 -140 0.36610E-01
-40.00 -140 -0.14019E-02
-35.00 -140 -0.12749
-30.00 -140 -0.32684
-25.00 -140 -0.51675
-20.00 -140 -0.60314
-15.00 -140 -0.54803
-10.00 -140 -0.39271
-5.00 -140 -0.22163
0.00 -140 -0.10259
5.00 -140 -0.52127E-01
10.00 -140 -0.45420E-01
15.00 -140 -0.49280E-01
20.00 -140 -0.44732E-01
25.00 -140 -0.26341E-01
30.00 -140 0.77035E-02
35.00 -140 0.56786E-01
40.00 -140 0.11099
45.00 -140 0.15201
50.00 -140 0.16943
55.00 -140 0.17773
60.00 -140 0.21061
65.00 -140 0.28987
75.00 -140 0.47324
85.00 -140 0.40421
-70.00 -135 0.22523
-45.00 -135 0.35952E-01
-40.00 -135 0.63077E-01
-35.00 -135 -0.17664E-01
-30.00 -135 -0.21230
-25.00 -135 -0.43241
-20.00 -135 -0.55617
-15.00 -135 -0.51661
-10.00 -135 -0.34528
-5.00 -135 -0.14137
0.00 -135 0.62024E-03
5.00 -135 0.44155E-01
10.00 -135 0.11459E-01
15.00 -135 -0.52383E-01
20.00 -135 -0.11232
25.00 -135 -0.15049
30.00 -135 -0.15725
35.00 -135 -0.12759
40.00 -135 -0.67839E-01
45.00 -135 0.19634E-02
70.00 -135 0.40250
-65.00 -130 0.14805
-60.00 -130 0.20872E-01
-55.00 -130 -0.80506E-01
-50.00 -130 -0.81289E-01
-45.00 -130 0.12502E-01
-40.00 -130 0.10486
-35.00 -130 0.84409E-01
-30.00 -130 -0.79976E-01
-25.00 -130 -0.30619
-20.00 -130 -0.45786
-15.00 -130 -0.44535
-10.00 -130 -0.28619
-5.00 -130 -0.82086E-01
0.00 -130 0.58920E-01
5.00 -130 0.88123E-01
10.00 -130 0.25376E-01
15.00 -130 -0.77687E-01
20.00 -130 -0.17719
25.00 -130 -0.24928
30.00 -130 -0.28101
35.00 -130 -0.26406
40.00 -130 -0.20128
45.00 -130 -0.11208
50.00 -130 -0.21094E-01
55.00 -130 0.63518E-01
60.00 -130 0.15686
65.00 -130 0.27527
-45.00 -125 -0.26151E-01
-40.00 -125 0.12025
-35.00 -125 0.16499
-30.00 -125 0.54290E-01
-25.00 -125 -0.14506
-20.00 -125 -0.29835
-15.00 -125 -0.30710
-10.00 -125 -0.17773
-5.00 -125 -0.46250E-02
0.00 -125 0.10751
5.00 -125 0.11235
10.00 -125 0.32571E-01
15.00 -125 -0.79001E-01
20.00 -125 -0.18158
25.00 -125 -0.25780
30.00 -125 -0.29980
35.00 -125 -0.29838
40.00 -125 -0.24967
45.00 -125 -0.16581
-80.00 -120 0.25072
-75.00 -120 0.24778
-70.00 -120 0.23631
-65.00 -120 0.14397
-60.00 -120 -0.22413E-01
-55.00 -120 -0.16870
-50.00 -120 -0.19020
-45.00 -120 -0.67513E-01
-40.00 -120 0.10712
-35.00 -120 0.19993
-30.00 -120 0.14288
-25.00 -120 -0.14380E-01
-20.00 -120 -0.14998
-15.00 -120 -0.16954
-10.00 -120 -0.74280E-01
-5.00 -120 0.53871E-01
0.00 -120 0.12609
5.00 -120 0.11027
10.00 -120 0.36002E-01
15.00 -120 -0.48139E-01
20.00 -120 -0.11586
25.00 -120 -0.16783
30.00 -120 -0.20839
35.00 -120 -0.22849
40.00 -120 -0.21348
45.00 -120 -0.16127
50.00 -120 -0.84933E-01
55.00 -120 0.46168E-02
60.00 -120 0.11223
65.00 -120 0.24639
70.00 -120 0.39108
75.00 -120 0.49494
80.00 -120 0.50720
-45.00 -115 -0.95861E-01
-40.00 -115 0.69965E-01
-35.00 -115 0.17046
-30.00 -115 0.13530
-25.00 -115 0.34408E-02
-20.00 -115 -0.11729
-15.00 -115 -0.14237
-10.00 -115 -0.72567E-01
-5.00 -115 0.22044E-01
0.00 -115 0.71102E-01
5.00 -115 0.58773E-01
10.00 -115 0.20162E-01
15.00 -115 -0.52534E-02
20.00 -115 -0.11523E-01
25.00 -115 -0.21601E-01
30.00 -115 -0.53647E-01
35.00 -115 -0.98107E-01
40.00 -115 -0.12737
45.00 -115 -0.12191
-65.00 -110 0.20166
-60.00 -110 0.49983E-01
-55.00 -110 -0.10439
-50.00 -110 -0.16165
-45.00 -110 -0.93558E-01
-40.00 -110 0.27323E-01
-35.00 -110 0.86976E-01
-30.00 -110 0.24950E-01
-25.00 -110 -0.11874
-20.00 -110 -0.24293
-15.00 -110 -0.27103
-10.00 -110 -0.20608
-5.00 -110 -0.11219
0.00 -110 -0.49110E-01
5.00 -110 -0.24678E-01
10.00 -110 -0.46388E-02
15.00 -110 0.39306E-01
20.00 -110 0.95625E-01
25.00 -110 0.12486
30.00 -110 0.10009
35.00 -110 0.32999E-01
40.00 -110 -0.37679E-01
45.00 -110 -0.77746E-01
50.00 -110 -0.74924E-01
55.00 -110 -0.29552E-01
60.00 -110 0.60734E-01
65.00 -110 0.19625
-70.00 -105 0.28964
-45.00 -105 -0.44926E-01
-40.00 -105 0.11243E-01
-35.00 -105 -0.25203E-02
-30.00 -105 -0.12791
-25.00 -105 -0.31270
-20.00 -105 -0.45280
-15.00 -105 -0.47487
-10.00 -105 -0.38630
-5.00 -105 -0.25422
0.00 -105 -0.14112
5.00 -105 -0.59737E-01
10.00 -105 0.16580E-01
15.00 -105 0.10768
20.00 -105 0.19554
25.00 -105 0.23783
30.00 -105 0.20826
35.00 -105 0.12177
40.00 -105 0.22296E-01
45.00 -105 -0.49504E-01
70.00 -105 0.32725
-75.00 -100 0.26763
-65.00 -100 0.29670
-60.00 -100 0.21380
-55.00 -100 0.11107
-50.00 -100 0.54943E-01
-45.00 -100 0.56420E-01
-40.00 -100 0.53716E-01
-35.00 -100 -0.32858E-01
-30.00 -100 -0.22313
-25.00 -100 -0.44782
-20.00 -100 -0.59521
-15.00 -100 -0.59300
-10.00 -100 -0.45544
-5.00 -100 -0.26049
0.00 -100 -0.84468E-01
5.00 -100 0.45443E-01
10.00 -100 0.14555
15.00 -100 0.23409
20.00 -100 0.30082
25.00 -100 0.31572
30.00 -100 0.26233
35.00 -100 0.15850
40.00 -100 0.45297E-01
45.00 -100 -0.40501E-01
50.00 -100 -0.81002E-01
55.00 -100 -0.69305E-01
60.00 -100 0.20596E-02
65.00 -100 0.13409
75.00 -100 0.43834
-45.00 -95 0.20019
-40.00 -95 0.16628
-35.00 -95 0.38990E-01
-30.00 -95 -0.18317
-25.00 -95 -0.41783
-20.00 -95 -0.54881
-15.00 -95 -0.50672
-10.00 -95 -0.31392
-5.00 -95 -0.60854E-01
0.00 -95 0.16000
5.00 -95 0.30568
10.00 -95 0.38419
15.00 -95 0.41893
20.00 -95 0.41746
25.00 -95 0.37170
30.00 -95 0.27986
35.00 -95 0.16094
40.00 -95 0.46269E-01
45.00 -95 -0.39452E-01
-80.00 -90 0.24484
-70.00 -90 0.33059
-65.00 -90 0.37463
-60.00 -90 0.37303
-55.00 -90 0.35210
-50.00 -90 0.34856
-45.00 -90 0.35794
-40.00 -90 0.32721
-35.00 -90 0.20331
-30.00 -90 -0.57494E-02
-25.00 -90 -0.21538
-20.00 -90 -0.31360
-15.00 -90 -0.23703
-10.00 -90 -0.12982E-01
-5.00 -90 0.26286
0.00 -90 0.49005
5.00 -90 0.61609
10.00 -90 0.64416
15.00 -90 0.60415
20.00 -90 0.52170
25.00 -90 0.41033
30.00 -90 0.28192
35.00 -90 0.15460
40.00 -90 0.47069E-01
45.00 -90 -0.30962E-01
50.00 -90 -0.76983E-01
55.00 -90 -0.83458E-01
60.00 -90 -0.33108E-01
65.00 -90 0.84736E-01
70.00 -90 0.24768
80.00 -90 0.46040
-85.00 -85 0.31062
-45.00 -85 0.49115
-40.00 -85 0.48750
-35.00 -85 0.39940
-30.00 -85 0.23342
-25.00 -85 0.63614E-01
-20.00 -85 -0.11060E-01
-15.00 -85 0.66316E-01
-10.00 -85 0.27214
-5.00 -85 0.51995
0.00 -85 0.71574
5.00 -85 0.80650
10.00 -85 0.79152
15.00 -85 0.70090
20.00 -85 0.56856
25.00 -85 0.42055
30.00 -85 0.27713
35.00 -85 0.15462
40.00 -85 0.61023E-01
45.00 -85 -0.63793E-02
85.00 -85 0.41356
-75.00 -80 0.25430
-65.00 -80 0.39509
-60.00 -80 0.43916
-55.00 -80 0.46903
-50.00 -80 0.51168
-45.00 -80 0.56644
-40.00 -80 0.59417
-35.00 -80 0.54998
-30.00 -80 0.43001
-25.00 -80 0.28832
-20.00 -80 0.20604
-15.00 -80 0.23684
-10.00 -80 0.37184
-5.00 -80 0.54889
0.00 -80 0.69383
5.00 -80 0.75971
10.00 -80 0.73926
15.00 -80 0.65220
20.00 -80 0.52659
25.00 -80 0.38896
30.00 -80 0.26181
35.00 -80 0.16029
40.00 -80 0.86694E-01
45.00 -80 0.31467E-01
50.00 -80 -0.13717E-01
55.00 -80 -0.39861E-01
60.00 -80 -0.20017E-01
65.00 -80 0.67989E-01
75.00 -80 0.35490
-70.00 -75 0.31138
-45.00 -75 0.56998
-40.00 -75 0.61682
-35.00 -75 0.60472
-30.00 -75 0.51545
-25.00 -75 0.37977
-20.00 -75 0.26077
-15.00 -75 0.21275
-10.00 -75 0.24875
-5.00 -75 0.33900
0.00 -75 0.43547
5.00 -75 0.49937
10.00 -75 0.51350
15.00 -75 0.47910
20.00 -75 0.40813
25.00 -75 0.31881
30.00 -75 0.23185
35.00 -75 0.16266
40.00 -75 0.11292
45.00 -75 0.71569E-01
70.00 -75 0.20079
-65.00 -70 0.36620
-60.00 -70 0.41116
-55.00 -70 0.43460
-50.00 -70 0.46378
-45.00 -70 0.51289
-40.00 -70 0.56070
-35.00 -70 0.56333
-30.00 -70 0.49011
-25.00 -70 0.35086
-20.00 -70 0.19261
-15.00 -70 0.70746E-01
-10.00 -70 0.18563E-01
-5.00 -70 0.35893E-01
0.00 -70 0.98429E-01
5.00 -70 0.17466
10.00 -70 0.23780
15.00 -70 0.27056
20.00 -70 0.26740
25.00 -70 0.23595
30.00 -70 0.19363
35.00 -70 0.15693
40.00 -70 0.12984
45.00 -70 0.10289
50.00 -70 0.67231E-01
55.00 -70 0.32182E-01
60.00 -70 0.27451E-01
65.00 -70 0.81958E-01
-45.00 -65 0.42449
-40.00 -65 0.45916
-35.00 -65 0.46543
-30.00 -65 0.40626
-25.00 -65 0.27597
-20.00 -65 0.10711
-15.00 -65 -0.48451E-01
-10.00 -65 -0.14720
-5.00 -65 -0.17135
0.00 -65 -0.12935
5.00 -65 -0.46197E-01
10.00 -65 0.47447E-01
15.00 -65 0.12414
20.00 -65 0.16728
25.00 -65 0.17635
30.00 -65 0.16492
35.00 -65 0.14970
40.00 -65 0.13740
45.00 -65 0.12154
-80.00 -60 0.24016
-75.00 -60 0.22358
-70.00 -60 0.27029
-65.00 -60 0.33355
-60.00 -60 0.36768
-55.00 -60 0.36238
-50.00 -60 0.34246
-45.00 -60 0.33786
-40.00 -60 0.35257
-35.00 -60 0.35909
-30.00 -60 0.32111
-25.00 -60 0.22331
-20.00 -60 0.84367E-01
-15.00 -60 -0.54265E-01
-10.00 -60 -0.15186
-5.00 -60 -0.18649
0.00 -60 -0.15920
5.00 -60 -0.87740E-01
10.00 -60 0.21906E-02
15.00 -60 0.84696E-01
20.00 -60 0.14091
25.00 -60 0.16509
30.00 -60 0.16533
35.00 -60 0.15589
40.00 -60 0.14553
45.00 -60 0.13214
50.00 -60 0.11007
55.00 -60 0.84112E-01
60.00 -60 0.75336E-01
65.00 -60 0.10884
70.00 -60 0.19080
75.00 -60 0.29361
80.00 -60 0.36906
-45.00 -55 0.27615
-40.00 -55 0.26842
-35.00 -55 0.27303
-30.00 -55 0.25959
-25.00 -55 0.20788
-20.00 -55 0.12383
-15.00 -55 0.34130E-01
-10.00 -55 -0.32138E-01
-5.00 -55 -0.58652E-01
0.00 -55 -0.44800E-01
5.00 -55 -0.43734E-04
10.00 -55 0.61909E-01
15.00 -55 0.12554
20.00 -55 0.17556
25.00 -55 0.20153
30.00 -55 0.20266
35.00 -55 0.18728
40.00 -55 0.16567
45.00 -55 0.14278
-65.00 -50 0.33429
-60.00 -50 0.37728
-55.00 -50 0.36304
-50.00 -50 0.30615
-45.00 -50 0.24636
-40.00 -50 0.21427
-35.00 -50 0.21044
-30.00 -50 0.21235
-25.00 -50 0.19800
-20.00 -50 0.16369
-15.00 -50 0.12288
-10.00 -50 0.91974E-01
-5.00 -50 0.78711E-01
0.00 -50 0.82267E-01
5.00 -50 0.10041
10.00 -50 0.13303
15.00 -50 0.17794
20.00 -50 0.22503
25.00 -50 0.25784
30.00 -50 0.26305
35.00 -50 0.23972
40.00 -50 0.19928
45.00 -50 0.15688
50.00 -50 0.12296
55.00 -50 0.10298
60.00 -50 0.10297
65.00 -50 0.13158
-70.00 -45 0.26780
-45.00 -45 0.24190
-40.00 -45 0.18379
-35.00 -45 0.16253
-30.00 -45 0.16205
-25.00 -45 0.15995
-20.00 -45 0.14751
-15.00 -45 0.13147
-10.00 -45 0.12120
-5.00 -45 0.11801
0.00 -45 0.11769
5.00 -45 0.12099
10.00 -45 0.13772
15.00 -45 0.17749
20.00 -45 0.23552
25.00 -45 0.28912
30.00 -45 0.31077
35.00 -45 0.28775
40.00 -45 0.23127
45.00 -45 0.16775
70.00 -45 0.19275
-75.00 -40 0.23045
-65.00 -40 0.36461
-60.00 -40 0.43136
-55.00 -40 0.42699
-50.00 -40 0.35210
-45.00 -40 0.24953
-40.00 -40 0.16730
-35.00 -40 0.12489
-30.00 -40 0.10895
-25.00 -40 0.95678E-01
-20.00 -40 0.74937E-01
-15.00 -40 0.54241E-01
-10.00 -40 0.43909E-01
-5.00 -40 0.43114E-01
0.00 -40 0.42757E-01
5.00 -40 0.40832E-01
10.00 -40 0.51122E-01
15.00 -40 0.92524E-01
20.00 -40 0.16723
25.00 -40 0.24969
30.00 -40 0.29993
35.00 -40 0.29210
40.00 -40 0.23383
45.00 -40 0.15997
50.00 -40 0.10704
55.00 -40 0.91271E-01
60.00 -40 0.10726
65.00 -40 0.14324
75.00 -40 0.25544
-45.00 -35 0.25542
-40.00 -35 0.15699
-35.00 -35 0.10092
-30.00 -35 0.71624E-01
-25.00 -35 0.40253E-01
-20.00 -35 -0.47062E-02
-15.00 -35 -0.50621E-01
-10.00 -35 -0.79767E-01
-5.00 -35 -0.90364E-01
0.00 -35 -0.96214E-01
5.00 -35 -0.10620
10.00 -35 -0.10760
15.00 -35 -0.74029E-01
20.00 -35 0.67873E-02
25.00 -35 0.11263
30.00 -35 0.19615
35.00 -35 0.21889
40.00 -35 0.18053
45.00 -35 0.11778
-85.00 -30 0.36772
-80.00 -30 0.28487
-70.00 -30 0.29369
-65.00 -30 0.39085
-60.00 -30 0.46852
-55.00 -30 0.46509
-50.00 -30 0.37483
-45.00 -30 0.24752
-40.00 -30 0.14444
-35.00 -30 0.90623E-01
-30.00 -30 0.63748E-01
-25.00 -30 0.24521E-01
-20.00 -30 -0.43773E-01
-15.00 -30 -0.12364
-10.00 -30 -0.18643
-5.00 -30 -0.22259
0.00 -30 -0.24719
5.00 -30 -0.27642
10.00 -30 -0.30194
15.00 -30 -0.29268
20.00 -30 -0.22492
25.00 -30 -0.11167
30.00 -30 -0.39690E-03
35.00 -30 0.61530E-01
40.00 -30 0.63279E-01
45.00 -30 0.35936E-01
50.00 -30 0.23377E-01
55.00 -30 0.46963E-01
60.00 -30 0.95902E-01
65.00 -30 0.14775
70.00 -30 0.19398
80.00 -30 0.29457
85.00 -30 0.33232
-45.00 -25 0.21573
-40.00 -25 0.11584
-35.00 -25 0.77644E-01
-30.00 -25 0.69881E-01
-25.00 -25 0.38558E-01
-20.00 -25 -0.43442E-01
-15.00 -25 -0.15718
-10.00 -25 -0.26212
-5.00 -25 -0.33562
0.00 -25 -0.38780
5.00 -25 -0.43957
10.00 -25 -0.49026
15.00 -25 -0.51049
20.00 -25 -0.46907
25.00 -25 -0.36714
30.00 -25 -0.24410
35.00 -25 -0.14802
40.00 -25 -0.97948E-01
45.00 -25 -0.73441E-01
-75.00 -20 0.27186
-65.00 -20 0.38668
-60.00 -20 0.44660
-55.00 -20 0.41902
-50.00 -20 0.30048
-45.00 -20 0.15288
-40.00 -20 0.52644E-01
-35.00 -20 0.28930E-01
-30.00 -20 0.43736E-01
-25.00 -20 0.28670E-01
-20.00 -20 -0.56665E-01
-15.00 -20 -0.19601
-10.00 -20 -0.33838
-5.00 -20 -0.44464
0.00 -20 -0.51397
5.00 -20 -0.56930
10.00 -20 -0.62231
15.00 -20 -0.65577
20.00 -20 -0.64034
25.00 -20 -0.56639
30.00 -20 -0.45685
35.00 -20 -0.34828
40.00 -20 -0.26005
45.00 -20 -0.18301
50.00 -20 -0.97530E-01
55.00 -20 0.67010E-04
60.00 -20 0.91503E-01
65.00 -20 0.15669
75.00 -20 0.23247
-70.00 -15 0.30576
-45.00 -15 0.58026E-01
-40.00 -15 -0.59775E-01
-35.00 -15 -0.88877E-01
-30.00 -15 -0.66530E-01
-25.00 -15 -0.68820E-01
-20.00 -15 -0.14777
-15.00 -15 -0.29334
-10.00 -15 -0.44871
-5.00 -15 -0.55963
0.00 -15 -0.61245
5.00 -15 -0.63141
10.00 -15 -0.64581
15.00 -15 -0.66168
20.00 -15 -0.66231
25.00 -15 -0.63017
30.00 -15 -0.56423
35.00 -15 -0.47629
40.00 -15 -0.37540
45.00 -15 -0.26091
70.00 -15 0.20039
-65.00 -10 0.35633
-60.00 -10 0.38179
-55.00 -10 0.31529
-50.00 -10 0.14770
-45.00 -10 -0.59893E-01
-40.00 -10 -0.22043
-35.00 -10 -0.28651
-30.00 -10 -0.28330
-25.00 -10 -0.28301
-20.00 -10 -0.34399
-15.00 -10 -0.46569
-10.00 -10 -0.59369
-5.00 -10 -0.66597
0.00 -10 -0.65926
5.00 -10 -0.60008
10.00 -10 -0.53815
15.00 -10 -0.50909
20.00 -10 -0.51567
25.00 -10 -0.53485
30.00 -10 -0.53693
35.00 -10 -0.49990
40.00 -10 -0.41429
45.00 -10 -0.28458
50.00 -10 -0.13072
55.00 -10 0.15137E-01
60.00 -10 0.12219
65.00 -10 0.17968
-45.00 -5 -0.18157
-40.00 -5 -0.40674
-35.00 -5 -0.53869
-30.00 -5 -0.57928
-25.00 -5 -0.58500
-20.00 -5 -0.61503
-15.00 -5 -0.68200
-10.00 -5 -0.74417
-5.00 -5 -0.74221
0.00 -5 -0.64891
5.00 -5 -0.49309
10.00 -5 -0.34210
15.00 -5 -0.25911
20.00 -5 -0.26634
25.00 -5 -0.33628
30.00 -5 -0.41117
35.00 -5 -0.43472
40.00 -5 -0.37815
45.00 -5 -0.25016
90.00 0.00 0.32147
-90.00 0.00 0.43210
