-85.00 0.00 0.18447
-80.00 0.00 0.80047E-01
-75.00 0.00 -0.74462E-01
-70.00 0.00 -0.18895
-65.00 0.00 -0.20989
-60.00 0.00 -0.16503
-55.00 0.00 -0.13253
-50.00 0.00 -0.16096
-45.00 0.00 -0.22058
-40.00 0.00 -0.23522
-35.00 0.00 -0.16486
-30.00 0.00 -0.56526E-01
-25.00 0.00 -0.94282E-02
-20.00 0.00 -0.82689E-01
-15.00 0.00 -0.23218
-10.00 0.00 -0.33891
-5.00 0.00 -0.30705
0.00 0.00 -0.14439
5.00 0.00 0.45857E-01
10.00 0.00 0.15224
15.00 0.00 0.14131
20.00 0.00 0.69163E-01
25.00 0.00 0.16850E-01
30.00 0.00 0.16753E-01
35.00 0.00 0.37482E-01
40.00 0.00 0.32415E-01
45.00 0.00 -0.45136E-02
50.00 0.00 -0.33401E-01
55.00 0.00 -0.14972E-01
60.00 0.00 0.43196E-01
65.00 0.00 0.90990E-01
70.00 0.00 0.86964E-01
75.00 0.00 0.43030E-01
80.00 0.00 0.16860E-01
85.00 0.00 0.55118E-01
-45.00 5.00 -0.19367
-40.00 5.00 -0.24978
-35.00 5.00 -0.22708
-30.00 5.00 -0.14295
-25.00 5.00 -0.81503E-01
-20.00 5.00 -0.11234
-15.00 5.00 -0.21898
-10.00 5.00 -0.30647
-5.00 5.00 -0.28354
0.00 5.00 -0.14374
5.00 5.00 0.28469E-01
10.00 5.00 0.13072
15.00 5.00 0.12649
20.00 5.00 0.64948E-01
25.00 5.00 0.25138E-01
30.00 5.00 0.42422E-01
35.00 5.00 0.86116E-01
40.00 5.00 0.10264
45.00 5.00 0.74829E-01
-65.00 10.00 -0.24236
-60.00 10.00 -0.16609
-55.00 10.00 -0.84526E-01
-50.00 10.00 -0.85841E-01
-45.00 10.00 -0.17673
-40.00 10.00 -0.28137
-35.00 10.00 -0.31573
-30.00 10.00 -0.26608
-25.00 10.00 -0.19802
-20.00 10.00 -0.18952
-15.00 10.00 -0.25385
-10.00 10.00 -0.32604
-5.00 10.00 -0.32463
0.00 10.00 -0.22849
5.00 10.00 -0.95683E-01
10.00 10.00 -0.84966E-02
15.00 10.00 0.98478E-03
20.00 10.00 -0.25609E-01
25.00 10.00 -0.19495E-01
30.00 10.00 0.46827E-01
35.00 10.00 0.13554
40.00 10.00 0.18388
45.00 10.00 0.16585
50.00 10.00 0.11418
55.00 10.00 0.83689E-01
60.00 10.00 0.96031E-01
65.00 10.00 0.12209
-70.00 15.00 -0.22172
-45.00 15.00 -0.17774
-40.00 15.00 -0.33024
-35.00 15.00 -0.42380
-30.00 15.00 -0.41720
-25.00 15.00 -0.35608
-20.00 15.00 -0.32137
-15.00 15.00 -0.35113
-10.00 15.00 -0.40973
-5.00 15.00 -0.42900
0.00 15.00 -0.37654
5.00 15.00 -0.28363
10.00 15.00 -0.20827
15.00 15.00 -0.17395
20.00 15.00 -0.14703
25.00 15.00 -0.74796E-01
30.00 15.00 0.54826E-01
35.00 15.00 0.19259
40.00 15.00 0.26792
45.00 15.00 0.25129
70.00 15.00 0.12078
-75.00 20.00 -0.72436E-01
-65.00 20.00 -0.24270
-60.00 20.00 -0.16297
-55.00 20.00 -0.68472E-01
-50.00 20.00 -0.68364E-01
-45.00 20.00 -0.19703
-40.00 20.00 -0.38822
-35.00 20.00 -0.53348
-30.00 20.00 -0.57071
-25.00 20.00 -0.52546
-20.00 20.00 -0.47449
-15.00 20.00 -0.47213
-10.00 20.00 -0.50867
-5.00 20.00 -0.53309
0.00 20.00 -0.50933
5.00 20.00 -0.44700
10.00 20.00 -0.37959
15.00 20.00 -0.31865
20.00 20.00 -0.23664
25.00 20.00 -0.98978E-01
30.00 20.00 0.87143E-01
35.00 20.00 0.25985
40.00 20.00 0.34450
45.00 20.00 0.31462
50.00 20.00 0.21504
55.00 20.00 0.12457
60.00 20.00 0.92181E-01
65.00 20.00 0.10481
75.00 20.00 0.91693E-01
-45.00 25.00 -0.22953
-40.00 25.00 -0.44316
-35.00 25.00 -0.62263
-30.00 25.00 -0.69256
-25.00 25.00 -0.65961
-20.00 25.00 -0.59051
-15.00 25.00 -0.54823
-10.00 25.00 -0.54644
-5.00 25.00 -0.55637
0.00 25.00 -0.54701
5.00 25.00 -0.51226
10.00 25.00 -0.46049
15.00 25.00 -0.38634
20.00 25.00 -0.26410
25.00 25.00 -0.76974E-01
30.00 25.00 0.14649
35.00 25.00 0.33155
40.00 25.00 0.40350
45.00 25.00 0.34523
-80.00 30.00 0.11874
-70.00 30.00 -0.17522
-65.00 30.00 -0.22566
-60.00 30.00 -0.17901
-55.00 30.00 -0.11284
-50.00 30.00 -0.12822
-45.00 30.00 -0.26869
-40.00 30.00 -0.48550
-35.00 30.00 -0.67562
-30.00 30.00 -0.75741
-25.00 30.00 -0.72162
-20.00 30.00 -0.62264
-15.00 30.00 -0.52819
-10.00 30.00 -0.47466
-5.00 30.00 -0.45973
0.00 30.00 -0.46338
5.00 30.00 -0.46649
10.00 30.00 -0.44949
15.00 30.00 -0.38409
20.00 30.00 -0.24196
25.00 30.00 -0.23761E-01
30.00 30.00 0.21851
35.00 30.00 0.39658
40.00 30.00 0.43873
45.00 30.00 0.34206
50.00 30.00 0.17904
55.00 30.00 0.48125E-01
60.00 30.00 0.60844E-02
65.00 30.00 0.36658E-01
70.00 30.00 0.78952E-01
80.00 30.00 0.73164E-01
-45.00 35.00 -0.30941
-40.00 35.00 -0.51231
-35.00 35.00 -0.68999
-30.00 35.00 -0.76062
-25.00 35.00 -0.70386
-20.00 35.00 -0.56356
-15.00 35.00 -0.41146
-10.00 35.00 -0.30583
-5.00 35.00 -0.27091
0.00 35.00 -0.29822
5.00 35.00 -0.35476
10.00 35.00 -0.39029
15.00 35.00 -0.35031
20.00 35.00 -0.20223
25.00 35.00 0.35263E-01
30.00 35.00 0.28528
35.00 35.00 0.44602
40.00 35.00 0.45087
45.00 35.00 0.31384
-75.00 40.00 0.19197E-01
-65.00 40.00 -0.19263
-60.00 40.00 -0.19910
-55.00 40.00 -0.18513
-50.00 40.00 -0.22321
-45.00 40.00 -0.34804
-40.00 40.00 -0.52558
-35.00 40.00 -0.67364
-30.00 40.00 -0.71544
-25.00 40.00 -0.62615
-20.00 40.00 -0.44348
-15.00 40.00 -0.24328
-10.00 40.00 -0.10124
-5.00 40.00 -0.61931E-01
0.00 40.00 -0.12356
5.00 40.00 -0.23811
10.00 40.00 -0.32700
15.00 40.00 -0.31337
20.00 40.00 -0.16301
25.00 40.00 0.87322E-01
30.00 40.00 0.33826
35.00 40.00 0.47781
40.00 40.00 0.44663
45.00 40.00 0.27535
50.00 40.00 0.65181E-01
55.00 40.00 -0.76643E-01
60.00 40.00 -0.10166
65.00 40.00 -0.39637E-01
75.00 40.00 0.77004E-01
-70.00 45.00 -0.81303E-01
-45.00 45.00 -0.38025
-40.00 45.00 -0.52645
-35.00 45.00 -0.63475
-30.00 45.00 -0.63837
-25.00 45.00 -0.51565
-20.00 45.00 -0.30367
-15.00 45.00 -0.80547E-01
-10.00 45.00 0.70442E-01
-5.00 45.00 0.97224E-01
0.00 45.00 0.27625E-02
5.00 45.00 -0.15219
10.00 45.00 -0.27185
15.00 45.00 -0.26956
20.00 45.00 -0.11578
25.00 45.00 0.13785
30.00 45.00 0.37892
35.00 45.00 0.49392
40.00 45.00 0.43351
45.00 45.00 0.24089
70.00 45.00 0.23930E-01
-65.00 50.00 -0.14329
-60.00 50.00 -0.19835
-55.00 50.00 -0.23661
-50.00 50.00 -0.29825
-45.00 50.00 -0.39918
-40.00 50.00 -0.51067
-35.00 50.00 -0.57357
-30.00 50.00 -0.53593
-25.00 50.00 -0.38746
-20.00 50.00 -0.16972
-15.00 50.00 0.41285E-01
-10.00 50.00 0.16914
-5.00 50.00 0.17126
0.00 50.00 0.60017E-01
5.00 50.00 -0.98315E-01
10.00 50.00 -0.20975
15.00 50.00 -0.19695
20.00 50.00 -0.42336E-01
25.00 50.00 0.19561
30.00 50.00 0.40786
35.00 50.00 0.49280
40.00 50.00 0.41361
45.00 50.00 0.21836
50.00 50.00 0.91195E-02
55.00 50.00 -0.11980
60.00 50.00 -0.13346
65.00 50.00 -0.65178E-01
-85.00 55.00 0.21483
-45.00 55.00 -0.39643
-40.00 55.00 -0.46976
-35.00 55.00 -0.48345
-30.00 55.00 -0.40481
-25.00 55.00 -0.24219
-20.00 55.00 -0.45555E-01
-15.00 55.00 0.11709
-10.00 55.00 0.19175
-5.00 55.00 0.16223
0.00 55.00 0.56777E-01
5.00 55.00 -0.63014E-01
10.00 55.00 -0.12676
15.00 55.00 -0.86250E-01
20.00 55.00 0.58825E-01
25.00 55.00 0.25472
30.00 55.00 0.41541
35.00 55.00 0.46559
40.00 55.00 0.38207
45.00 55.00 0.20736
85.00 55.00 0.10249
-80.00 60.00 0.19615
-75.00 60.00 0.12165
-70.00 60.00 0.15955E-01
-65.00 60.00 -0.86502E-01
-60.00 60.00 -0.16739
-55.00 60.00 -0.23400
-50.00 60.00 -0.30127
-45.00 60.00 -0.36578
-40.00 60.00 -0.39779
-35.00 60.00 -0.36114
-30.00 60.00 -0.24509
-25.00 60.00 -0.80935E-01
-20.00 60.00 0.71463E-01
-15.00 60.00 0.15755
-10.00 60.00 0.15776
-5.00 60.00 0.94062E-01
0.00 60.00 0.13363E-01
5.00 60.00 -0.37262E-01
10.00 60.00 -0.28463E-01
15.00 60.00 0.44910E-01
20.00 60.00 0.16466
25.00 60.00 0.29370
30.00 60.00 0.38574
35.00 60.00 0.40231
40.00 60.00 0.33245
45.00 60.00 0.20254
50.00 60.00 0.65885E-01
55.00 60.00 -0.25033E-01
60.00 60.00 -0.46801E-01
65.00 60.00 -0.14319E-01
70.00 60.00 0.35219E-01
75.00 60.00 0.70409E-01
80.00 60.00 0.87632E-01
-45.00 65.00 -0.30728
-40.00 65.00 -0.29860
-35.00 65.00 -0.21753
-30.00 65.00 -0.74391E-01
-25.00 65.00 0.77941E-01
-20.00 65.00 0.17203
-15.00 65.00 0.17055
-10.00 65.00 0.92482E-01
-5.00 65.00 -0.13950E-03
0.00 65.00 -0.44410E-01
5.00 65.00 -0.14731E-01
10.00 65.00 0.69692E-01
15.00 65.00 0.16781
20.00 65.00 0.24666
25.00 65.00 0.29461
30.00 65.00 0.31350
35.00 65.00 0.30474
40.00 65.00 0.26592
45.00 65.00 0.19962
-65.00 70.00 -0.38657E-01
-60.00 70.00 -0.11761
-55.00 70.00 -0.17586
-50.00 70.00 -0.21631
-45.00 70.00 -0.22846
-40.00 70.00 -0.18743
-35.00 70.00 -0.79081E-01
-30.00 70.00 0.71087E-01
-25.00 70.00 0.19729
-20.00 70.00 0.23169
-15.00 70.00 0.15553
-10.00 70.00 0.20466E-01
-5.00 70.00 -0.81835E-01
0.00 70.00 -0.81843E-01
5.00 70.00 0.21376E-01
10.00 70.00 0.16453
15.00 70.00 0.26946
20.00 70.00 0.29680
25.00 70.00 0.26370
30.00 70.00 0.21779
35.00 70.00 0.19503
40.00 70.00 0.19682
45.00 70.00 0.19997
50.00 70.00 0.18387
55.00 70.00 0.14835
60.00 70.00 0.10975
65.00 70.00 0.84195E-01
-70.00 75.00 0.68348E-01
-45.00 75.00 -0.14135
-40.00 75.00 -0.84581E-01
-35.00 75.00 0.23574E-01
-30.00 75.00 0.15281
-25.00 75.00 0.23947
-20.00 75.00 0.22635
-15.00 75.00 0.11205
-10.00 75.00 -0.34150E-01
-5.00 75.00 -0.11217
0.00 75.00 -0.60647E-01
5.00 75.00 0.97314E-01
10.00 75.00 0.26936
15.00 75.00 0.35932
20.00 75.00 0.33239
25.00 75.00 0.23166
30.00 75.00 0.13819
35.00 75.00 0.11026
40.00 75.00 0.14896
45.00 75.00 0.21004
70.00 75.00 0.97710E-01
-75.00 80.00 0.15596
-65.00 80.00 -0.12127E-01
-60.00 80.00 -0.68701E-01
-55.00 80.00 -0.90031E-01
-50.00 80.00 -0.84199E-01
-45.00 80.00 -0.57035E-01
-40.00 80.00 -0.46336E-02
-35.00 80.00 0.73202E-01
-30.00 80.00 0.15366
-25.00 80.00 0.19226
-20.00 80.00 0.15391
-15.00 80.00 0.50679E-01
-10.00 80.00 -0.50618E-01
-5.00 80.00 -0.67248E-01
0.00 80.00 0.38463E-01
5.00 80.00 0.22422
10.00 80.00 0.39041
15.00 80.00 0.44671
20.00 80.00 0.37310
25.00 80.00 0.22989
30.00 80.00 0.11188
35.00 80.00 0.83639E-01
40.00 80.00 0.14340
45.00 80.00 0.23620
50.00 80.00 0.29855
55.00 80.00 0.29826
60.00 80.00 0.24496
65.00 80.00 0.17299
75.00 80.00 0.91355E-01
-45.00 85.00 0.18889E-01
-40.00 85.00 0.51322E-01
-35.00 85.00 0.77705E-01
-30.00 85.00 0.92556E-01
-25.00 85.00 0.83359E-01
-20.00 85.00 0.44184E-01
-15.00 85.00 -0.54983E-02
-10.00 85.00 -0.20148E-01
-5.00 85.00 0.44358E-01
0.00 85.00 0.19239
5.00 85.00 0.37206
10.00 85.00 0.49994
15.00 85.00 0.51340
20.00 85.00 0.41296
25.00 85.00 0.26276
30.00 85.00 0.14862
35.00 85.00 0.12477
40.00 85.00 0.18574
45.00 85.00 0.27878
-80.00 90.00 0.19589
-70.00 90.00 0.64634E-01
-65.00 90.00 -0.43955E-02
-60.00 90.00 -0.30134E-01
-55.00 90.00 -0.59540E-02
-50.00 90.00 0.44833E-01
-45.00 90.00 0.86722E-01
-40.00 90.00 0.95001E-01
-35.00 90.00 0.67094E-01
-30.00 90.00 0.18356E-01
-25.00 90.00 -0.28706E-01
-20.00 90.00 -0.51623E-01
-15.00 90.00 -0.30495E-01
-10.00 90.00 0.47769E-01
-5.00 90.00 0.18001
0.00 90.00 0.33846
5.00 90.00 0.47485
10.00 90.00 0.54089
15.00 90.00 0.51520
20.00 90.00 0.41801
25.00 90.00 0.30202
30.00 90.00 0.22366
35.00 90.00 0.21321
40.00 90.00 0.26160
45.00 90.00 0.32980
50.00 90.00 0.37265
55.00 90.00 0.36227
60.00 90.00 0.29984
65.00 90.00 0.21208
70.00 90.00 0.13574
80.00 90.00 0.10298
-45.00 95.00 0.14898
-40.00 95.00 0.14173
-35.00 95.00 0.76451E-01
-30.00 95.00 -0.15050E-01
-25.00 95.00 -0.83407E-01
-20.00 95.00 -0.86481E-01
-15.00 95.00 -0.94286E-02
-10.00 95.00 0.12888
-5.00 95.00 0.28500
0.00 95.00 0.41070
5.00 95.00 0.47373
10.00 95.00 0.46963
15.00 95.00 0.41952
20.00 95.00 0.35664
25.00 95.00 0.31013
30.00 95.00 0.29488
35.00 95.00 0.31014
40.00 95.00 0.34356
45.00 95.00 0.37626
-75.00 100.00 0.12144
-65.00 100.00 0.15188E-02
-60.00 100.00 0.54745E-02
-55.00 100.00 0.64729E-01
-50.00 100.00 0.14779
-45.00 100.00 0.20529
-40.00 100.00 0.19874
-35.00 100.00 0.12512
-30.00 100.00 0.22183E-01
-25.00 100.00 -0.50134E-01
-20.00 100.00 -0.43089E-01
-15.00 100.00 0.51663E-01
-10.00 100.00 0.19534
-5.00 100.00 0.32357
0.00 100.00 0.38394
5.00 100.00 0.36573
10.00 100.00 0.30260
15.00 100.00 0.24714
20.00 100.00 0.23642
25.00 100.00 0.27269
30.00 100.00 0.33036
35.00 100.00 0.37951
40.00 100.00 0.40483
45.00 100.00 0.40664
50.00 100.00 0.38861
55.00 100.00 0.34879
60.00 100.00 0.28440
65.00 100.00 0.20453
75.00 100.00 0.10043
-70.00 105.00 0.46156E-01
-45.00 105.00 0.24978
-40.00 105.00 0.25872
-35.00 105.00 0.20516
-30.00 105.00 0.12021
-25.00 105.00 0.56082E-01
-20.00 105.00 0.55985E-01
-15.00 105.00 0.12553
-10.00 105.00 0.22551
-5.00 105.00 0.29444
0.00 105.00 0.28876
5.00 105.00 0.21359
10.00 105.00 0.12101
15.00 105.00 0.75428E-01
20.00 105.00 0.11079
25.00 105.00 0.21066
30.00 105.00 0.32432
35.00 105.00 0.40356
40.00 105.00 0.43031
45.00 105.00 0.41611
70.00 105.00 0.12930
-85.00 110.00 0.18820
-65.00 110.00 0.24290E-01
-60.00 110.00 0.50776E-01
-55.00 110.00 0.11871
-50.00 110.00 0.20323
-45.00 110.00 0.27289
-40.00 110.00 0.30301
-35.00 110.00 0.28622
-30.00 110.00 0.23667
-25.00 110.00 0.18459
-20.00 110.00 0.16028
-15.00 110.00 0.17428
-10.00 110.00 0.20722
-5.00 110.00 0.22047
0.00 110.00 0.18410
5.00 110.00 0.10323
10.00 110.00 0.20840E-01
15.00 110.00 -0.84964E-02
20.00 110.00 0.43905E-01
25.00 110.00 0.16060
30.00 110.00 0.29056
35.00 110.00 0.38360
40.00 110.00 0.41893
45.00 110.00 0.40713
50.00 110.00 0.36967
55.00 110.00 0.31850
60.00 110.00 0.25476
65.00 110.00 0.18359
85.00 110.00 0.14914
-45.00 115.00 0.26671
-40.00 115.00 0.31243
-35.00 115.00 0.33344
-30.00 115.00 0.32180
-25.00 115.00 0.27870
-20.00 115.00 0.21968
-15.00 115.00 0.16805
-10.00 115.00 0.13869
-5.00 115.00 0.12657
0.00 115.00 0.11235
5.00 115.00 0.82382E-01
10.00 115.00 0.45409E-01
15.00 115.00 0.29637E-01
20.00 115.00 0.60952E-01
25.00 115.00 0.14071
30.00 115.00 0.24239
35.00 115.00 0.32946
40.00 115.00 0.37807
45.00 115.00 0.38566
-80.00 120.00 0.13317
-75.00 120.00 0.83105E-01
-70.00 120.00 0.57266E-01
-65.00 120.00 0.69211E-01
-60.00 120.00 0.10810
-55.00 120.00 0.15238
-50.00 120.00 0.19102
-45.00 120.00 0.23023
-40.00 120.00 0.27861
-35.00 120.00 0.32687
-30.00 120.00 0.34540
-25.00 120.00 0.30646
-20.00 120.00 0.21251
-15.00 120.00 0.10347
-10.00 120.00 0.32503E-01
-5.00 120.00 0.28559E-01
0.00 120.00 0.76561E-01
5.00 120.00 0.13187
10.00 120.00 0.15625
15.00 120.00 0.14532
20.00 120.00 0.12662
25.00 120.00 0.13353
30.00 120.00 0.17902
35.00 120.00 0.24912
40.00 120.00 0.31617
45.00 120.00 0.35636
50.00 120.00 0.35806
55.00 120.00 0.32092
60.00 120.00 0.25422
65.00 120.00 0.17805
70.00 120.00 0.12092
75.00 120.00 0.10532
80.00 120.00 0.13013
-45.00 125.00 0.17107
-40.00 125.00 0.20894
-35.00 125.00 0.27054
-30.00 125.00 0.30921
-25.00 125.00 0.27359
-20.00 125.00 0.15566
-15.00 125.00 0.93986E-02
-10.00 125.00 -0.80834E-01
-5.00 125.00 -0.60240E-01
0.00 125.00 0.55484E-01
5.00 125.00 0.19115
10.00 125.00 0.26608
15.00 125.00 0.24866
20.00 125.00 0.17165
25.00 125.00 0.10160
30.00 125.00 0.90817E-01
35.00 125.00 0.14746
40.00 125.00 0.23942
45.00 125.00 0.32020
-65.00 130.00 0.12287
-60.00 130.00 0.16357
-55.00 130.00 0.16544
-50.00 130.00 0.13102
-45.00 130.00 0.10261
-40.00 130.00 0.12239
-35.00 130.00 0.18675
-30.00 130.00 0.23874
-25.00 130.00 0.21151
-20.00 130.00 0.89055E-01
-15.00 130.00 -0.68388E-01
-10.00 130.00 -0.16063
-5.00 130.00 -0.12037
0.00 130.00 0.34434E-01
5.00 130.00 0.21043
10.00 130.00 0.30354
15.00 130.00 0.26884
20.00 130.00 0.14522
25.00 130.00 0.21852E-01
30.00 130.00 -0.23153E-01
35.00 130.00 0.32759E-01
40.00 130.00 0.15370
45.00 130.00 0.27587
50.00 130.00 0.34508
55.00 130.00 0.33994
60.00 130.00 0.27511
65.00 130.00 0.18996
-70.00 135.00 0.92174E-01
-45.00 135.00 0.38620E-01
-40.00 135.00 0.40018E-01
-35.00 135.00 0.10150
-30.00 135.00 0.16269
-25.00 135.00 0.15073
-20.00 135.00 0.44780E-01
-15.00 135.00 -0.97860E-01
-10.00 135.00 -0.17926
-5.00 135.00 -0.13452
0.00 135.00 0.16454E-01
5.00 135.00 0.17998
10.00 135.00 0.25361
15.00 135.00 0.19550
20.00 135.00 0.48691E-01
25.00 135.00 -0.92339E-01
30.00 135.00 -0.14355
35.00 135.00 -0.78031E-01
40.00 135.00 0.67809E-01
45.00 135.00 0.22332
70.00 135.00 0.13580
-75.00 140.00 0.73001E-01
-65.00 140.00 0.16243
-60.00 140.00 0.19414
-55.00 140.00 0.15718
-50.00 140.00 0.67854E-01
-45.00 140.00 -0.11187E-01
-40.00 140.00 -0.23393E-01
-35.00 140.00 0.31834E-01
-30.00 140.00 0.96127E-01
-25.00 140.00 0.10032
-20.00 140.00 0.23786E-01
-15.00 140.00 -0.85269E-01
-10.00 140.00 -0.14616
-5.00 140.00 -0.10935
0.00 140.00 0.36794E-02
5.00 140.00 0.11469
10.00 140.00 0.14441
15.00 140.00 0.66807E-01
20.00 140.00 -0.75526E-01
25.00 140.00 -0.20081
30.00 140.00 -0.23768
35.00 140.00 -0.16244
40.00 140.00 -0.59700E-02
45.00 140.00 0.16682
50.00 140.00 0.29006
55.00 140.00 0.32672
60.00 140.00 0.28350
65.00 140.00 0.20451
75.00 140.00 0.13628
-45.00 145.00 -0.42293E-01
-40.00 145.00 -0.61647E-01
-35.00 145.00 -0.16967E-01
-30.00 145.00 0.38723E-01
-25.00 145.00 0.48611E-01
-20.00 145.00 -0.85056E-03
-15.00 145.00 -0.71523E-01
-10.00 145.00 -0.10819
-5.00 145.00 -0.84807E-01
0.00 145.00 -0.24535E-01
5.00 145.00 0.19460E-01
10.00 145.00 0.36574E-02
15.00 145.00 -0.76519E-01
20.00 145.00 -0.18532
25.00 145.00 -0.26830
30.00 145.00 -0.27982
35.00 145.00 -0.20269
40.00 145.00 -0.55056E-01
45.00 145.00 0.11544
-80.00 150.00 0.90029E-01
-70.00 150.00 0.11565
-65.00 150.00 0.17388
-60.00 150.00 0.18717
-55.00 150.00 0.12809
-50.00 150.00 0.27350E-01
-45.00 150.00 -0.53407E-01
-40.00 150.00 -0.73858E-01
-35.00 150.00 -0.45121E-01
-30.00 150.00 -0.13626E-01
-25.00 150.00 -0.17440E-01
-20.00 150.00 -0.56138E-01
-15.00 150.00 -0.98616E-01
-10.00 150.00 -0.11649
-5.00 150.00 -0.10968
0.00 150.00 -0.10268
5.00 150.00 -0.11987
10.00 150.00 -0.16527
15.00 150.00 -0.22266
20.00 150.00 -0.26973
25.00 150.00 -0.28886
30.00 150.00 -0.26713
35.00 150.00 -0.19446
40.00 150.00 -0.70832E-01
45.00 150.00 0.81022E-01
50.00 150.00 0.21504
55.00 150.00 0.28420
60.00 150.00 0.27356
65.00 150.00 0.21504
70.00 150.00 0.16553
80.00 150.00 0.19073
-45.00 155.00 -0.43908E-01
-40.00 155.00 -0.60076E-01
-35.00 155.00 -0.51181E-01
-30.00 155.00 -0.56956E-01
-25.00 155.00 -0.93206E-01
-20.00 155.00 -0.14082
-15.00 155.00 -0.17179
-10.00 155.00 -0.18204
-5.00 155.00 -0.19593
0.00 155.00 -0.23843
5.00 155.00 -0.30526
10.00 155.00 -0.36258
15.00 155.00 -0.37661
20.00 155.00 -0.34234
25.00 155.00 -0.28226
30.00 155.00 -0.21808
35.00 155.00 -0.14730
40.00 155.00 -0.51123E-01
45.00 155.00 0.74285E-01
-75.00 160.00 0.78294E-01
-65.00 160.00 0.16467
-60.00 160.00 0.15851
-55.00 160.00 0.98535E-01
-50.00 160.00 0.26953E-01
-45.00 160.00 -0.13186E-01
-40.00 160.00 -0.20373E-01
-35.00 160.00 -0.31615E-01
-30.00 160.00 -0.79673E-01
-25.00 160.00 -0.15681
-20.00 160.00 -0.22339
-15.00 160.00 -0.25201
-10.00 160.00 -0.26002
-5.00 160.00 -0.29412
0.00 160.00 -0.38030
5.00 160.00 -0.48905
10.00 160.00 -0.55307
15.00 160.00 -0.52301
20.00 160.00 -0.40909
25.00 160.00 -0.26927
30.00 160.00 -0.15671
35.00 160.00 -0.77890E-01
40.00 160.00 -0.51065E-03
45.00 160.00 0.10046
50.00 160.00 0.20800
55.00 160.00 0.27583
60.00 160.00 0.27559
65.00 160.00 0.22882
75.00 160.00 0.19201
-85.00 165.00 0.14027
-70.00 165.00 0.12326
-45.00 165.00 0.37595E-01
-40.00 165.00 0.42086E-01
-35.00 165.00 0.12513E-01
-30.00 165.00 -0.75582E-01
-25.00 165.00 -0.19039
-20.00 165.00 -0.27141
-15.00 165.00 -0.29055
-10.00 165.00 -0.28458
-5.00 165.00 -0.32270
0.00 165.00 -0.43659
5.00 165.00 -0.58010
10.00 165.00 -0.65970
15.00 165.00 -0.61041
20.00 165.00 -0.44821
25.00 165.00 -0.25274
30.00 165.00 -0.99068E-01
35.00 165.00 -0.34976E-02
40.00 165.00 0.69818E-01
45.00 165.00 0.15561
70.00 165.00 0.20182
85.00 165.00 0.22197
-65.00 170.00 0.15648
-60.00 170.00 0.14225
-55.00 170.00 0.10309
-50.00 170.00 0.84800E-01
-45.00 170.00 0.10305
-40.00 170.00 0.11766
-35.00 170.00 0.69190E-01
-30.00 170.00 -0.56454E-01
-25.00 170.00 -0.20264
-20.00 170.00 -0.28710
-15.00 170.00 -0.27850
-10.00 170.00 -0.23059
-5.00 170.00 -0.23685
0.00 170.00 -0.34430
5.00 170.00 -0.50514
10.00 170.00 -0.61175
15.00 170.00 -0.58346
20.00 170.00 -0.42767
25.00 170.00 -0.22417
30.00 170.00 -0.53943E-01
35.00 170.00 0.58712E-01
40.00 170.00 0.14191
45.00 170.00 0.22513
50.00 170.00 0.29974
55.00 170.00 0.33087
60.00 170.00 0.30315
65.00 170.00 0.24684
-45.00 175.00 0.17281
-40.00 175.00 0.19089
-35.00 175.00 0.11766
-30.00 175.00 -0.49435E-01
-25.00 175.00 -0.22866
-20.00 175.00 -0.31392
-15.00 175.00 -0.26532
-10.00 175.00 -0.14772
-5.00 175.00 -0.79192E-01
0.00 175.00 -0.13307
5.00 175.00 -0.27902
10.00 175.00 -0.41212
15.00 175.00 -0.43941
20.00 175.00 -0.34591
25.00 175.00 -0.18824
30.00 175.00 -0.34112E-01
35.00 175.00 0.89099E-01
40.00 175.00 0.19263
45.00 175.00 0.28650
-80.00 180.00 0.92663E-01
-75.00 180.00 0.99882E-01
-70.00 180.00 0.13953
-65.00 180.00 0.16269
-60.00 180.00 0.15279
-55.00 180.00 0.14334
-50.00 180.00 0.17456
-45.00 180.00 0.23346
-40.00 180.00 0.24604
-35.00 180.00 0.13987
-30.00 180.00 -0.77440E-01
-25.00 180.00 -0.30155
-20.00 180.00 -0.40164
-15.00 180.00 -0.32230
-10.00 180.00 -0.12964
-5.00 180.00 0.38828E-01
0.00 180.00 0.77417E-01
5.00 180.00 -0.17228E-01
10.00 180.00 -0.16033
15.00 180.00 -0.25417
20.00 180.00 -0.25421
25.00 180.00 -0.17703
30.00 180.00 -0.61420E-01
35.00 180.00 0.67850E-01
40.00 180.00 0.20014
45.00 180.00 0.31669
50.00 180.00 0.38397
55.00 180.00 0.37828
60.00 180.00 0.31594
65.00 180.00 0.25038
70.00 180.00 0.22991
75.00 180.00 0.25452
80.00 180.00 0.27506
-45.00 -175 0.27201
-40.00 -175 0.27346
-35.00 -175 0.13259
-30.00 -175 -0.13763
-25.00 -175 -0.41764
-20.00 -175 -0.55570
-15.00 -175 -0.47663
-10.00 -175 -0.23654
-5.00 -175 0.18997E-01
0.00 -175 0.15610
5.00 -175 0.13216
10.00 -175 0.84688E-03
15.00 -175 -0.14434
20.00 -175 -0.23145
25.00 -175 -0.23312
30.00 -175 -0.15388
35.00 -175 -0.13362E-01
40.00 -175 0.15519
45.00 -175 0.30249
-65.00 -170 0.17458
-60.00 -170 0.16364
-55.00 -170 0.16451
-50.00 -170 0.21255
-45.00 -170 0.27895
-40.00 -170 0.27196
-35.00 -170 0.10924
-30.00 -170 -0.19810
-25.00 -170 -0.52748
-20.00 -170 -0.71686
-15.00 -170 -0.67363
-10.00 -170 -0.43611
-5.00 -170 -0.14359
0.00 -170 0.56080E-01
5.00 -170 0.89699E-01
10.00 -170 -0.19323E-01
15.00 -170 -0.18745
20.00 -170 -0.32482
25.00 -170 -0.37019
30.00 -170 -0.30160
35.00 -170 -0.13657
40.00 -170 0.71385E-01
45.00 -170 0.24869
50.00 -170 0.33591
55.00 -170 0.32406
60.00 -170 0.26193
65.00 -170 0.22011
-70.00 -165 0.16468
-45.00 -165 0.24970
-40.00 -165 0.24540
-35.00 -165 0.88385E-01
-30.00 -165 -0.21937
-25.00 -165 -0.56654
-20.00 -165 -0.79594
-15.00 -165 -0.80678
-10.00 -165 -0.61853
-5.00 -165 -0.35249
0.00 -165 -0.15199
5.00 -165 -0.10200
10.00 -165 -0.19717
15.00 -165 -0.36345
20.00 -165 -0.50483
25.00 -165 -0.54525
30.00 -165 -0.45370
35.00 -165 -0.25353
40.00 -165 -0.14198E-01
45.00 -165 0.17863
70.00 -165 0.23581
-75.00 -160 0.13492
-65.00 -160 0.17311
-60.00 -160 0.13608
-55.00 -160 0.10581
-50.00 -160 0.12734
-45.00 -160 0.18511
-40.00 -160 0.19739
-35.00 -160 0.77886E-01
-30.00 -160 -0.18572
-25.00 -160 -0.50489
-20.00 -160 -0.74129
-15.00 -160 -0.79755
-10.00 -160 -0.67904
-5.00 -160 -0.48421
0.00 -160 -0.33747
5.00 -160 -0.31602
10.00 -160 -0.41582
15.00 -160 -0.56669
20.00 -160 -0.67572
25.00 -160 -0.67180
30.00 -160 -0.53463
35.00 -160 -0.30239
40.00 -160 -0.54903E-01
45.00 -160 0.12491
50.00 -160 0.19579
55.00 -160 0.18136
60.00 -160 0.15098
65.00 -160 0.16697
75.00 -160 0.30978
-45.00 -155 0.92196E-01
-40.00 -155 0.12963
-35.00 -155 0.68406E-01
-30.00 -155 -0.12010
-25.00 -155 -0.37508
-20.00 -155 -0.58376
-15.00 -155 -0.65956
-10.00 -155 -0.59993
-5.00 -155 -0.48267
0.00 -155 -0.40883
5.00 -155 -0.43690
10.00 -155 -0.55169
15.00 -155 -0.68045
20.00 -155 -0.73787
25.00 -155 -0.67142
30.00 -155 -0.48592
35.00 -155 -0.24017
40.00 -155 -0.18133E-01
45.00 -155 0.11361
-80.00 -150 0.12570
-70.00 -150 0.17788
-65.00 -150 0.15383
-60.00 -150 0.70019E-01
-55.00 -150 -0.21798E-01
-50.00 -150 -0.55622E-01
-45.00 -150 -0.14734E-01
-40.00 -150 0.46325E-01
-35.00 -150 0.43179E-01
-30.00 -150 -0.68084E-01
-25.00 -150 -0.25181
-20.00 -150 -0.41786
-15.00 -150 -0.48969
-10.00 -150 -0.46018
-5.00 -150 -0.39275
0.00 -150 -0.37052
5.00 -150 -0.43453
10.00 -150 -0.55558
15.00 -150 -0.65501
20.00 -150 -0.65552
25.00 -150 -0.52774
30.00 -150 -0.30658
35.00 -150 -0.71869E-01
40.00 -150 0.94217E-01
45.00 -150 0.15033
50.00 -150 0.11704
55.00 -150 0.62597E-01
60.00 -150 0.58783E-01
65.00 -150 0.13309
70.00 -150 0.24979
80.00 -150 0.33669
-45.00 -145 -0.11459
-40.00 -145 -0.39826E-01
-35.00 -145 -0.36233E-02
-30.00 -145 -0.61946E-01
-25.00 -145 -0.19657
-20.00 -145 -0.33039
-15.00 -145 -0.39005
-10.00 -145 -0.36353
-5.00 -145 -0.30650
0.00 -145 -0.29451
5.00 -145 -0.36064
10.00 -145 -0.46700
15.00 -145 -0.52988
20.00 -145 -0.47795
25.00 -145 -0.30171
30.00 -145 -0.62135E-01
35.00 -145 0.14450
40.00 -145 0.24195
45.00 -145 0.21606
-85.00 -140 0.15072
-75.00 -140 0.16232
-65.00 -140 0.13514
-60.00 -140 0.16180E-01
-55.00 -140 -0.12226
-50.00 -140 -0.20138
-45.00 -140 -0.18366
-40.00 -140 -0.10702
-35.00 -140 -0.56261E-01
-30.00 -140 -0.94466E-01
-25.00 -140 -0.21183
-20.00 -140 -0.33461
-15.00 -140 -0.38618
-10.00 -140 -0.34871
-5.00 -140 -0.27498
0.00 -140 -0.24166
5.00 -140 -0.28347
10.00 -140 -0.36137
15.00 -140 -0.38960
20.00 -140 -0.30001
25.00 -140 -0.95150E-01
30.00 -140 0.14776
35.00 -140 0.32359
40.00 -140 0.36375
45.00 -140 0.27609
50.00 -140 0.13703
55.00 -140 0.43049E-01
60.00 -140 0.53113E-01
65.00 -140 0.15665
75.00 -140 0.36027
85.00 -140 0.25074
-70.00 -135 0.18174
-45.00 -135 -0.20346
-40.00 -135 -0.13292
-35.00 -135 -0.85690E-01
-30.00 -135 -0.12546
-25.00 -135 -0.24375
-20.00 -135 -0.36621
-15.00 -135 -0.41301
-10.00 -135 -0.36304
-5.00 -135 -0.26885
0.00 -135 -0.21068
5.00 -135 -0.22802
10.00 -135 -0.28480
15.00 -135 -0.29614
20.00 -135 -0.19520
25.00 -135 0.11807E-01
30.00 -135 0.24364
35.00 -135 0.39559
40.00 -135 0.40682
45.00 -135 0.29726
70.00 -135 0.31053
-65.00 -130 0.13873
-60.00 -130 0.27534E-01
-55.00 -130 -0.10128
-50.00 -130 -0.17785
-45.00 -130 -0.16875
-40.00 -130 -0.10795
-35.00 -130 -0.71839E-01
-30.00 -130 -0.11698
-25.00 -130 -0.23207
-20.00 -130 -0.34521
-15.00 -130 -0.38139
-10.00 -130 -0.32297
-5.00 -130 -0.22295
0.00 -130 -0.16043
5.00 -130 -0.17486
10.00 -130 -0.23280
15.00 -130 -0.25355
20.00 -130 -0.17281
25.00 -130 0.54151E-02
30.00 -130 0.20780
35.00 -130 0.34077
40.00 -130 0.35249
45.00 -130 0.26441
50.00 -130 0.15310
55.00 -130 0.98709E-01
60.00 -130 0.13579
65.00 -130 0.23710
-45.00 -125 -0.90851E-01
-40.00 -125 -0.43426E-01
-35.00 -125 -0.21890E-01
-30.00 -125 -0.67737E-01
-25.00 -125 -0.16474
-20.00 -125 -0.25023
-15.00 -125 -0.26557
-10.00 -125 -0.20437
-5.00 -125 -0.11835
0.00 -125 -0.76004E-01
5.00 -125 -0.10769
10.00 -125 -0.18108
15.00 -125 -0.22570
20.00 -125 -0.18622
25.00 -125 -0.63311E-01
30.00 -125 0.87562E-01
35.00 -125 0.19592
40.00 -125 0.22369
45.00 -125 0.18708
-80.00 -120 0.15639
-75.00 -120 0.17544
-70.00 -120 0.18884
-65.00 -120 0.16448
-60.00 -120 0.10123
-55.00 -120 0.32190E-01
-50.00 -120 -0.29261E-02
-45.00 -120 0.68326E-02
-40.00 -120 0.32968E-01
-35.00 -120 0.31839E-01
-30.00 -120 -0.16658E-01
-25.00 -120 -0.89817E-01
-20.00 -120 -0.13949
-15.00 -120 -0.13178
-10.00 -120 -0.75786E-01
-5.00 -120 -0.17660E-01
0.00 -120 -0.51578E-02
5.00 -120 -0.51582E-01
10.00 -120 -0.12684
15.00 -120 -0.18061
20.00 -120 -0.17790
25.00 -120 -0.12009
30.00 -120 -0.38598E-01
35.00 -120 0.30595E-01
40.00 -120 0.71233E-01
45.00 -120 0.93737E-01
50.00 -120 0.12300
55.00 -120 0.17775
60.00 -120 0.25564
65.00 -120 0.33277
70.00 -120 0.37691
75.00 -120 0.36727
80.00 -120 0.30723
-45.00 -115 0.98866E-01
-40.00 -115 0.92587E-01
-35.00 -115 0.54514E-01
-30.00 -115 -0.11116E-01
-25.00 -115 -0.73357E-01
-20.00 -115 -0.99004E-01
-15.00 -115 -0.79885E-01
-10.00 -115 -0.39265E-01
-5.00 -115 -0.12647E-01
0.00 -115 -0.20502E-01
5.00 -115 -0.55848E-01
10.00 -115 -0.94745E-01
15.00 -115 -0.11755
20.00 -115 -0.12152
25.00 -115 -0.11590
30.00 -115 -0.10726
35.00 -115 -0.90298E-01
40.00 -115 -0.51742E-01
45.00 -115 0.17504E-01
-65.00 -110 0.18885
-60.00 -110 0.17857
-55.00 -110 0.17405
-50.00 -110 0.17695
-45.00 -110 0.16776
-40.00 -110 0.12162
-35.00 -110 0.34583E-01
-30.00 -110 -0.66024E-01
-25.00 -110 -0.13948
-20.00 -110 -0.16316
-15.00 -110 -0.14904
-10.00 -110 -0.12998
-5.00 -110 -0.12880
0.00 -110 -0.13904
5.00 -110 -0.13542
10.00 -110 -0.10304
15.00 -110 -0.56858E-01
20.00 -110 -0.31553E-01
25.00 -110 -0.50149E-01
30.00 -110 -0.99494E-01
35.00 -110 -0.13517
40.00 -110 -0.11251
45.00 -110 -0.18391E-01
50.00 -110 0.12059
55.00 -110 0.25704
60.00 -110 0.35113
65.00 -110 0.38750
-70.00 -105 0.18856
-45.00 -105 0.20799
-40.00 -105 0.12587
-35.00 -105 -0.81724E-02
-30.00 -105 -0.14876
-25.00 -105 -0.24504
-20.00 -105 -0.27845
-15.00 -105 -0.27305
-10.00 -105 -0.26812
-5.00 -105 -0.27821
0.00 -105 -0.27866
5.00 -105 -0.23149
10.00 -105 -0.12846
15.00 -105 -0.10325E-01
20.00 -105 0.58559E-01
25.00 -105 0.41112E-01
30.00 -105 -0.39179E-01
35.00 -105 -0.11151
40.00 -105 -0.10755
45.00 -105 -0.83317E-02
70.00 -105 0.34821
-75.00 -100 0.17779
-65.00 -100 0.18943
-60.00 -100 0.20244
-55.00 -100 0.22921
-50.00 -100 0.24933
-45.00 -100 0.22275
-40.00 -100 0.12160
-35.00 -100 -0.39168E-01
-30.00 -100 -0.20352
-25.00 -100 -0.31187
-20.00 -100 -0.34394
-15.00 -100 -0.32894
-10.00 -100 -0.31305
-5.00 -100 -0.31374
0.00 -100 -0.30351
5.00 -100 -0.23929
10.00 -100 -0.11133
15.00 -100 0.34655E-01
20.00 -100 0.12530
25.00 -100 0.11667
30.00 -100 0.32323E-01
35.00 -100 -0.50476E-01
40.00 -100 -0.56021E-01
45.00 -100 0.37025E-01
50.00 -100 0.18514
55.00 -100 0.31553
60.00 -100 0.37615
65.00 -100 0.36235
75.00 -100 0.24755
-45.00 -95 0.21722
-40.00 -95 0.12027
-35.00 -95 -0.36698E-01
-30.00 -95 -0.19513
-25.00 -95 -0.28971
-20.00 -95 -0.29461
-15.00 -95 -0.23909
-10.00 -95 -0.17858
-5.00 -95 -0.14656
0.00 -95 -0.12983
5.00 -95 -0.88732E-01
10.00 -95 -0.27072E-02
15.00 -95 0.10172
20.00 -95 0.16779
25.00 -95 0.15673
30.00 -95 0.84829E-01
35.00 -95 0.16049E-01
40.00 -95 0.14937E-01
45.00 -95 0.98334E-01
-80.00 -90 0.17382
-70.00 -90 0.17728
-65.00 -90 0.17005
-60.00 -90 0.16992
-55.00 -90 0.18675
-50.00 -90 0.20684
-45.00 -90 0.19442
-40.00 -90 0.11979
-35.00 -90 -0.80870E-02
-30.00 -90 -0.13558
-25.00 -90 -0.19577
-20.00 -90 -0.15528
-15.00 -90 -0.38897E-01
-10.00 -90 0.89116E-01
-5.00 -90 0.17172
0.00 -90 0.19563
5.00 -90 0.18913
10.00 -90 0.18733
15.00 -90 0.19817
20.00 -90 0.19980
25.00 -90 0.16929
30.00 -90 0.11342
35.00 -90 0.71053E-01
40.00 -90 0.83063E-01
45.00 -90 0.15612
50.00 -90 0.25263
55.00 -90 0.31655
60.00 -90 0.31392
65.00 -90 0.25535
70.00 -90 0.18375
80.00 -90 0.13460
-85.00 -85 0.17863
-45.00 -85 0.15661
-40.00 -85 0.10905
-35.00 -85 0.18662E-01
-30.00 -85 -0.71478E-01
-25.00 -85 -0.97459E-01
-20.00 -85 -0.18568E-01
-15.00 -85 0.14951
-10.00 -85 0.33982
-5.00 -85 0.47519
0.00 -85 0.51440
5.00 -85 0.46944
10.00 -85 0.38500
15.00 -85 0.30156
20.00 -85 0.23380
25.00 -85 0.17773
30.00 -85 0.13294
35.00 -85 0.11356
40.00 -85 0.13600
45.00 -85 0.19623
85.00 -85 0.13283
-75.00 -80 0.18129
-65.00 -80 0.16097
-60.00 -80 0.13527
-55.00 -80 0.11764
-50.00 -80 0.11426
-45.00 -80 0.11033
-40.00 -80 0.81321E-01
-35.00 -80 0.20147E-01
-30.00 -80 -0.43637E-01
-25.00 -80 -0.54093E-01
-20.00 -80 0.33600E-01
-15.00 -80 0.21552
-10.00 -80 0.43207
-5.00 -80 0.60011
0.00 -80 0.66155
5.00 -80 0.61323
10.00 -80 0.49871
15.00 -80 0.37315
20.00 -80 0.27149
25.00 -80 0.20187
30.00 -80 0.16087
35.00 -80 0.14895
40.00 -80 0.16883
45.00 -80 0.21120
50.00 -80 0.24760
55.00 -80 0.24416
60.00 -80 0.18806
65.00 -80 0.10290
75.00 -80 0.22715E-01
-70.00 -75 0.18557
-45.00 -75 0.69226E-01
-40.00 -75 0.44615E-01
-35.00 -75 -0.18034E-02
-30.00 -75 -0.53734E-01
-25.00 -75 -0.68116E-01
-20.00 -75 -0.31574E-02
-15.00 -75 0.14657
-10.00 -75 0.33731
-5.00 -75 0.49855
0.00 -75 0.57526
5.00 -75 0.55793
10.00 -75 0.47942
15.00 -75 0.38543
20.00 -75 0.30528
25.00 -75 0.24513
30.00 -75 0.20195
35.00 -75 0.17807
40.00 -75 0.17912
45.00 -75 0.19918
70.00 -75 -0.34866E-01
-65.00 -70 0.19114
-60.00 -70 0.16321
-55.00 -70 0.12160
-50.00 -70 0.82039E-01
-45.00 -70 0.50739E-01
-40.00 -70 0.19558E-01
-35.00 -70 -0.21375E-01
-30.00 -70 -0.65744E-01
-25.00 -70 -0.87214E-01
-20.00 -70 -0.56882E-01
-15.00 -70 0.31586E-01
-10.00 -70 0.15196
-5.00 -70 0.26112
0.00 -70 0.32789
5.00 -70 0.35048
10.00 -70 0.34857
15.00 -70 0.33997
20.00 -70 0.32512
25.00 -70 0.29363
30.00 -70 0.24396
35.00 -70 0.19327
40.00 -70 0.16467
45.00 -70 0.16287
50.00 -70 0.16374
55.00 -70 0.13223
60.00 -70 0.55598E-01
65.00 -70 -0.38102E-01
-45.00 -65 0.67344E-01
-40.00 -65 0.25653E-01
-35.00 -65 -0.10580E-01
-30.00 -65 -0.39791E-01
-25.00 -65 -0.53643E-01
-20.00 -65 -0.44870E-01
-15.00 -65 -0.17437E-01
-10.00 -65 0.14262E-01
-5.00 -65 0.39246E-01
0.00 -65 0.63237E-01
5.00 -65 0.10526
10.00 -65 0.17690
15.00 -65 0.26279
20.00 -65 0.32381
25.00 -65 0.32500
30.00 -65 0.26567
35.00 -65 0.18345
40.00 -65 0.12536
45.00 -65 0.10912
-80.00 -60 0.17425
-75.00 -60 0.18612
-70.00 -60 0.22016
-65.00 -60 0.25442
-60.00 -60 0.26326
-55.00 -60 0.23571
-50.00 -60 0.18062
-45.00 -60 0.11791
-40.00 -60 0.66289E-01
-35.00 -60 0.36703E-01
-30.00 -60 0.31363E-01
-25.00 -60 0.43127E-01
-20.00 -60 0.54768E-01
-15.00 -60 0.44334E-01
-10.00 -60 0.22962E-03
-5.00 -60 -0.62476E-01
0.00 -60 -0.10162
5.00 -60 -0.72353E-01
10.00 -60 0.36715E-01
15.00 -60 0.18480
20.00 -60 0.29853
25.00 -60 0.32047
30.00 -60 0.25010
35.00 -60 0.14298
40.00 -60 0.66677E-01
45.00 -60 0.48611E-01
50.00 -60 0.59099E-01
55.00 -60 0.43289E-01
60.00 -60 -0.26041E-01
65.00 -60 -0.12066
70.00 -60 -0.17768
75.00 -60 -0.15114
80.00 -60 -0.49032E-01
-45.00 -55 0.18534
-40.00 -55 0.12398
-35.00 -55 0.98026E-01
-30.00 -55 0.11404
-25.00 -55 0.15545
-20.00 -55 0.18610
-15.00 -55 0.16694
-10.00 -55 0.82473E-01
-5.00 -55 -0.39438E-01
0.00 -55 -0.13419
5.00 -55 -0.13805
10.00 -55 -0.34843E-01
15.00 -55 0.12444
20.00 -55 0.24998
25.00 -55 0.27325
30.00 -55 0.19417
35.00 -55 0.77615E-01
40.00 -55 0.81773E-03
45.00 -55 -0.60304E-02
-65.00 -50 0.30292
-60.00 -50 0.36297
-55.00 -50 0.37172
-50.00 -50 0.32340
-45.00 -50 0.24266
-40.00 -50 0.16940
-35.00 -50 0.13785
-30.00 -50 0.15958
-25.00 -50 0.21587
-20.00 -50 0.26367
-15.00 -50 0.25655
-10.00 -50 0.17402
-5.00 -50 0.42050E-01
0.00 -50 -0.74346E-01
5.00 -50 -0.10916
10.00 -50 -0.41939E-01
15.00 -50 0.82440E-01
20.00 -50 0.18074
25.00 -50 0.18921
30.00 -50 0.10902
35.00 -50 0.27120E-02
40.00 -50 -0.56858E-01
45.00 -50 -0.44041E-01
50.00 -50 0.24410E-02
55.00 -50 0.16168E-01
60.00 -50 -0.38056E-01
65.00 -50 -0.13257
-70.00 -45 0.21391
-45.00 -45 0.26437
-40.00 -45 0.17768
-35.00 -45 0.13226
-30.00 -45 0.14185
-25.00 -45 0.19058
-20.00 -45 0.24131
-15.00 -45 0.25376
-10.00 -45 0.20664
-5.00 -45 0.11302
0.00 -45 0.16951E-01
5.00 -45 -0.32179E-01
10.00 -45 -0.13699E-01
15.00 -45 0.46739E-01
20.00 -45 0.93240E-01
25.00 -45 0.81127E-01
30.00 -45 0.12458E-01
35.00 -45 -0.64555E-01
40.00 -45 -0.94386E-01
45.00 -45 -0.60759E-01
70.00 -45 -0.18832
-75.00 -40 0.14060
-65.00 -40 0.28091
-60.00 -40 0.36362
-55.00 -40 0.38633
-50.00 -40 0.33465
-45.00 -40 0.23684
-40.00 -40 0.14081
-35.00 -40 0.83700E-01
-30.00 -40 0.75720E-01
-25.00 -40 0.10349
-20.00 -40 0.14308
-15.00 -40 0.17150
-10.00 -40 0.17331
-5.00 -40 0.14484
0.00 -40 0.96283E-01
5.00 -40 0.47350E-01
10.00 -40 0.15067E-01
15.00 -40 0.81940E-03
20.00 -40 -0.10976E-01
25.00 -40 -0.37998E-01
30.00 -40 -0.80035E-01
35.00 -40 -0.11333
40.00 -40 -0.10858
45.00 -40 -0.59806E-01
50.00 -40 0.21260E-02
55.00 -40 0.27737E-01
60.00 -40 -0.11952E-01
65.00 -40 -0.97231E-01
75.00 -40 -0.16760
-45.00 -35 0.16271
-40.00 -35 0.69090E-01
-35.00 -35 0.16271E-01
-30.00 -35 0.35787E-02
-25.00 -35 0.13954E-01
-20.00 -35 0.35765E-01
-15.00 -35 0.68138E-01
-10.00 -35 0.10852
-5.00 -35 0.14087
0.00 -35 0.14101
5.00 -35 0.95719E-01
10.00 -35 0.16406E-01
15.00 -35 -0.67238E-01
20.00 -35 -0.12797
25.00 -35 -0.15653
30.00 -35 -0.15891
35.00 -35 -0.14192
40.00 -35 -0.10555
45.00 -35 -0.51380E-01
-85.00 -30 0.18225
-80.00 -30 0.12889
-70.00 -30 0.10463
-65.00 -30 0.17241
-60.00 -30 0.23435
-55.00 -30 0.23347
-50.00 -30 0.16041
-45.00 -30 0.58320E-01
-40.00 -30 -0.17058E-01
-35.00 -30 -0.42462E-01
-30.00 -30 -0.36435E-01
-25.00 -30 -0.29135E-01
-20.00 -30 -0.27131E-01
-15.00 -30 -0.98898E-02
-10.00 -30 0.39736E-01
-5.00 -30 0.10449
0.00 -30 0.13592
5.00 -30 0.92589E-01
10.00 -30 -0.21518E-01
15.00 -30 -0.15466
20.00 -30 -0.24423
25.00 -30 -0.26009
30.00 -30 -0.21762
35.00 -30 -0.15414
40.00 -30 -0.95883E-01
45.00 -30 -0.47036E-01
50.00 -30 -0.56976E-02
55.00 -30 0.17602E-01
60.00 -30 0.40217E-02
65.00 -30 -0.48802E-01
70.00 -30 -0.10926
80.00 -30 -0.69884E-01
85.00 -30 0.41722E-01
-45.00 -25 -0.53289E-01
-40.00 -25 -0.97800E-01
-35.00 -25 -0.77901E-01
-30.00 -25 -0.34192E-01
-25.00 -25 -0.18135E-01
-20.00 -25 -0.39821E-01
-15.00 -25 -0.60404E-01
-10.00 -25 -0.36688E-01
-5.00 -25 0.26982E-01
0.00 -25 0.72676E-01
5.00 -25 0.37806E-01
10.00 -25 -0.85572E-01
15.00 -25 -0.23684
20.00 -25 -0.33209
25.00 -25 -0.32798
30.00 -25 -0.24815
35.00 -25 -0.15326
40.00 -25 -0.87776E-01
45.00 -25 -0.53552E-01
-75.00 -20 0.24599E-01
-65.00 -20 0.16644E-01
-60.00 -20 0.43924E-01
-55.00 -20 0.16205E-01
-50.00 -20 -0.68629E-01
-45.00 -20 -0.14996
-40.00 -20 -0.16058
-35.00 -20 -0.92420E-01
-30.00 -20 -0.73970E-02
-25.00 -20 0.18786E-01
-20.00 -20 -0.33092E-01
-15.00 -20 -0.10910
-10.00 -20 -0.13576
-5.00 -20 -0.92700E-01
0.00 -20 -0.34531E-01
5.00 -20 -0.40160E-01
10.00 -20 -0.13724
15.00 -20 -0.27275
20.00 -20 -0.35680
25.00 -20 -0.33801
30.00 -20 -0.24158
35.00 -20 -0.13889
40.00 -20 -0.82520E-01
45.00 -20 -0.69124E-01
50.00 -20 -0.60267E-01
55.00 -20 -0.32623E-01
60.00 -20 -0.29881E-02
65.00 -20 -0.39230E-02
75.00 -20 -0.69095E-01
-70.00 -15 -0.63712E-01
-45.00 -15 -0.21612
-40.00 -15 -0.20119
-35.00 -15 -0.97976E-01
-30.00 -15 0.16893E-01
-25.00 -15 0.47303E-01
-20.00 -15 -0.36560E-01
-15.00 -15 -0.16965
-10.00 -15 -0.24910
-5.00 -15 -0.22504
0.00 -15 -0.14171
5.00 -15 -0.92297E-01
10.00 -15 -0.13159
15.00 -15 -0.22807
20.00 -15 -0.29724
25.00 -15 -0.28070
30.00 -15 -0.19526
35.00 -15 -0.10923
40.00 -15 -0.74738E-01
45.00 -15 -0.83890E-01
70.00 -15 -0.39592E-02
-65.00 -10 -0.12389
-60.00 -10 -0.10497
-55.00 -10 -0.12172
-50.00 -10 -0.18788
-45.00 -10 -0.24585
-40.00 -10 -0.22190
-35.00 -10 -0.10662
-30.00 -10 0.20203E-01
-25.00 -10 0.51077E-01
-20.00 -10 -0.53630E-01
-15.00 -10 -0.22466
-10.00 -10 -0.33817
-5.00 -10 -0.31849
0.00 -10 -0.19778
5.00 -10 -0.80907E-01
10.00 -10 -0.51402E-01
15.00 -10 -0.10512
20.00 -10 -0.16795
25.00 -10 -0.17302
30.00 -10 -0.12035
35.00 -10 -0.65577E-01
40.00 -10 -0.56400E-01
45.00 -10 -0.84331E-01
50.00 -10 -0.98702E-01
55.00 -10 -0.64120E-01
60.00 -10 0.52516E-03
65.00 -10 0.41989E-01
-45.00 -5 -0.24328
-40.00 -5 -0.22975
-35.00 -5 -0.12673
-30.00 -5 -0.36261E-02
-25.00 -5 0.31549E-01
-20.00 -5 -0.70227E-01
-15.00 -5 -0.24619
-10.00 -5 -0.36645
-5.00 -5 -0.33953
0.00 -5 -0.18573
5.00 -5 -0.14812E-01
10.00 -5 0.68444E-01
15.00 -5 0.44416E-01
20.00 -5 -0.22883E-01
25.00 -5 -0.57707E-01
30.00 -5 -0.41158E-01
35.00 -5 -0.14137E-01
40.00 -5 -0.21335E-01
45.00 -5 -0.59235E-01
90.00 0.00 0.14943
-90.00 0.00 0.19268
