-85.00 0.00 0.44391
-80.00 0.00 0.38004
-75.00 0.00 0.29068
-70.00 0.00 0.22244
-65.00 0.00 0.19981
-60.00 0.00 0.19284
-55.00 0.00 0.13291
-50.00 0.00 -0.34276E-01
-45.00 0.00 -0.30008
-40.00 0.00 -0.59111
-35.00 0.00 -0.81827
-30.00 0.00 -0.93695
-25.00 0.00 -0.96919
-20.00 0.00 -0.97160
-15.00 0.00 -0.98004
-10.00 0.00 -0.98026
-5.00 0.00 -0.92852
0.00 0.00 -0.80082
5.00 0.00 -0.62495
10.00 0.00 -0.46670
15.00 0.00 -0.38249
20.00 0.00 -0.37883
25.00 0.00 -0.41057
30.00 0.00 -0.41547
35.00 0.00 -0.35518
40.00 0.00 -0.23278
45.00 0.00 -0.81054E-01
50.00 0.00 0.61982E-01
55.00 0.00 0.17072
60.00 0.00 0.23666
65.00 0.00 0.26619
70.00 0.00 0.27711
75.00 0.00 0.29340
80.00 0.00 0.33008
85.00 0.00 0.38178
-45.00 5.00 -0.39625
-40.00 5.00 -0.73430
-35.00 5.00 -1.0043
-30.00 5.00 -1.1415
-25.00 5.00 -1.1575
-20.00 5.00 -1.1166
-15.00 5.00 -1.0748
-10.00 5.00 -1.0349
-5.00 5.00 -0.95491
0.00 5.00 -0.79913
5.00 5.00 -0.58391
10.00 5.00 -0.37698
15.00 5.00 -0.25047
20.00 5.00 -0.22754
25.00 5.00 -0.26662
30.00 5.00 -0.29335
35.00 5.00 -0.25234
40.00 5.00 -0.13855
45.00 5.00 0.99981E-02
-65.00 10.00 0.18475
-60.00 10.00 0.15934
-55.00 10.00 0.80151E-01
-50.00 10.00 -0.12118
-45.00 10.00 -0.44599
-40.00 10.00 -0.81121
-35.00 10.00 -1.0971
-30.00 10.00 -1.2262
-25.00 10.00 -1.2107
-20.00 10.00 -1.1311
-15.00 10.00 -1.0655
-10.00 10.00 -1.0294
-5.00 10.00 -0.97536
0.00 10.00 -0.84893
5.00 10.00 -0.64863
10.00 10.00 -0.43647
15.00 10.00 -0.29109
20.00 10.00 -0.24543
25.00 10.00 -0.26213
30.00 10.00 -0.26514
35.00 10.00 -0.19816
40.00 10.00 -0.61610E-01
45.00 10.00 0.96928E-01
50.00 10.00 0.22330
55.00 10.00 0.29186
60.00 10.00 0.31127
65.00 10.00 0.30666
-70.00 15.00 0.24315
-45.00 15.00 -0.44315
-40.00 15.00 -0.81100
-35.00 15.00 -1.0838
-30.00 15.00 -1.1811
-25.00 15.00 -1.1260
-20.00 15.00 -1.0197
-15.00 15.00 -0.95863
-10.00 15.00 -0.96276
-5.00 15.00 -0.97330
0.00 15.00 -0.91597
5.00 15.00 -0.77160
10.00 15.00 -0.59262
15.00 15.00 -0.45497
20.00 15.00 -0.39167
25.00 15.00 -0.36741
30.00 15.00 -0.31335
35.00 15.00 -0.18766
40.00 15.00 -0.84773E-02
45.00 15.00 0.16494
70.00 15.00 0.31141
-75.00 20.00 0.34993
-65.00 20.00 0.22066
-60.00 20.00 0.20263
-55.00 20.00 0.12916
-50.00 20.00 -0.73166E-01
-45.00 20.00 -0.39932
-40.00 20.00 -0.74842
-35.00 20.00 -0.98499
-30.00 20.00 -1.0348
-25.00 20.00 -0.93804
-20.00 20.00 -0.81500
-15.00 20.00 -0.77224
-10.00 20.00 -0.82655
-5.00 20.00 -0.90662
0.00 20.00 -0.92448
5.00 20.00 -0.85036
10.00 20.00 -0.72752
15.00 20.00 -0.62108
20.00 20.00 -0.55387
25.00 20.00 -0.48877
30.00 20.00 -0.37011
35.00 20.00 -0.18132
40.00 20.00 0.35023E-01
45.00 20.00 0.21070
50.00 20.00 0.30458
55.00 20.00 0.32707
60.00 20.00 0.31959
65.00 20.00 0.31549
75.00 20.00 0.32773
-45.00 25.00 -0.33880
-40.00 25.00 -0.65549
-35.00 25.00 -0.84233
-30.00 25.00 -0.83695
-25.00 25.00 -0.69770
-20.00 25.00 -0.55834
-15.00 25.00 -0.52711
-10.00 25.00 -0.61339
-5.00 25.00 -0.73826
0.00 25.00 -0.81127
5.00 25.00 -0.80147
10.00 25.00 -0.74375
15.00 25.00 -0.68509
20.00 25.00 -0.62956
25.00 25.00 -0.53593
30.00 25.00 -0.36656
35.00 25.00 -0.13632
40.00 25.00 0.87911E-01
45.00 25.00 0.23705
-80.00 30.00 0.47456
-70.00 30.00 0.30552
-65.00 30.00 0.27160
-60.00 30.00 0.26206
-55.00 30.00 0.19498
-50.00 30.00 0.38054E-02
-45.00 30.00 -0.28899
-40.00 30.00 -0.56731
-35.00 30.00 -0.69907
-30.00 30.00 -0.63603
-25.00 30.00 -0.45217
-20.00 30.00 -0.28799
-15.00 30.00 -0.24781
-10.00 30.00 -0.33480
-5.00 30.00 -0.47115
0.00 30.00 -0.57487
5.00 30.00 -0.61965
10.00 30.00 -0.62934
15.00 30.00 -0.62545
20.00 30.00 -0.58876
25.00 30.00 -0.47635
30.00 30.00 -0.27527
35.00 30.00 -0.35137E-01
40.00 30.00 0.15813
45.00 30.00 0.24662
50.00 30.00 0.24388
55.00 30.00 0.21733
60.00 30.00 0.22737
65.00 30.00 0.28011
70.00 30.00 0.33561
80.00 30.00 0.35094
-45.00 35.00 -0.27052
-40.00 35.00 -0.50889
-35.00 35.00 -0.58483
-30.00 35.00 -0.46463
-25.00 35.00 -0.23410
-20.00 35.00 -0.35218E-01
-15.00 35.00 0.33448E-01
-10.00 35.00 -0.29595E-01
-5.00 35.00 -0.15627
0.00 35.00 -0.27941
5.00 35.00 -0.37658
10.00 35.00 -0.45388
15.00 35.00 -0.50109
20.00 35.00 -0.47616
25.00 35.00 -0.34212
30.00 35.00 -0.11934
35.00 35.00 0.10606
40.00 35.00 0.23687
45.00 35.00 0.23899
-75.00 40.00 0.42008
-65.00 40.00 0.28510
-60.00 40.00 0.25333
-55.00 40.00 0.16315
-50.00 40.00 -0.32911E-01
-45.00 40.00 -0.29100
-40.00 40.00 -0.48818
-35.00 40.00 -0.50893
-30.00 40.00 -0.33449
-25.00 40.00 -0.59473E-01
-20.00 40.00 0.17628
-15.00 40.00 0.28013
-10.00 40.00 0.24816
-5.00 40.00 0.13382
0.00 40.00 -0.11463E-01
5.00 40.00 -0.16427
10.00 40.00 -0.30606
15.00 40.00 -0.39206
20.00 40.00 -0.36204
25.00 40.00 -0.19432
30.00 40.00 0.50459E-01
35.00 40.00 0.25037
40.00 40.00 0.30486
45.00 40.00 0.21274
50.00 40.00 0.75279E-01
55.00 40.00 0.16733E-01
60.00 40.00 0.88219E-01
65.00 40.00 0.23590
75.00 40.00 0.39199
-70.00 45.00 0.33453
-45.00 45.00 -0.34404
-40.00 45.00 -0.49657
-35.00 45.00 -0.46273
-30.00 45.00 -0.24022
-25.00 45.00 0.69497E-01
-20.00 45.00 0.33187
-15.00 45.00 0.46190
-10.00 45.00 0.45306
-5.00 45.00 0.34414
0.00 45.00 0.17290
5.00 45.00 -0.32943E-01
10.00 45.00 -0.22869
15.00 45.00 -0.33794
20.00 45.00 -0.28864
25.00 45.00 -0.79715E-01
30.00 45.00 0.18775
35.00 45.00 0.36144
40.00 45.00 0.34408
45.00 45.00 0.16989
70.00 45.00 0.37755
-65.00 50.00 0.23411
-60.00 50.00 0.14266
-55.00 50.00 0.30469E-02
-50.00 50.00 -0.20259
-45.00 50.00 -0.41295
-40.00 50.00 -0.51518
-35.00 50.00 -0.42788
-30.00 50.00 -0.16748
-25.00 50.00 0.15940
-20.00 50.00 0.42755
-15.00 50.00 0.56439
-10.00 50.00 0.56538
-5.00 50.00 0.45842
0.00 50.00 0.26923
5.00 50.00 0.27482E-01
10.00 50.00 -0.20293
15.00 50.00 -0.32284
20.00 50.00 -0.25373
25.00 50.00 -0.12685E-01
30.00 50.00 0.26853
35.00 50.00 0.41818
40.00 50.00 0.34681
45.00 50.00 0.11868
50.00 50.00 -0.92697E-01
55.00 50.00 -0.13418
60.00 50.00 0.16131E-01
65.00 50.00 0.24529
-85.00 55.00 0.54263
-45.00 55.00 -0.47679
-40.00 55.00 -0.52327
-35.00 55.00 -0.38603
-30.00 55.00 -0.10164
-25.00 55.00 0.22034
-20.00 55.00 0.46913
-15.00 55.00 0.59123
-10.00 55.00 0.59118
-5.00 55.00 0.49120
0.00 55.00 0.30496
5.00 55.00 0.56374E-01
10.00 55.00 -0.18489
15.00 55.00 -0.30922
20.00 55.00 -0.23471
25.00 55.00 0.13115E-01
30.00 55.00 0.28940
35.00 55.00 0.41754
40.00 55.00 0.31791
45.00 55.00 0.73004E-01
85.00 55.00 0.35165
-80.00 60.00 0.54808
-75.00 60.00 0.44994
-70.00 60.00 0.29892
-65.00 60.00 0.13967
-60.00 60.00 -0.22360E-01
-55.00 60.00 -0.20275
-50.00 60.00 -0.38883
-45.00 60.00 -0.51640
-40.00 60.00 -0.50526
-35.00 60.00 -0.32588
-30.00 60.00 -0.33955E-01
-25.00 60.00 0.26162
-20.00 60.00 0.46908
-15.00 60.00 0.55929
-10.00 60.00 0.55157
-5.00 60.00 0.46689
0.00 60.00 0.30619
5.00 60.00 0.79336E-01
10.00 60.00 -0.15215
15.00 60.00 -0.28010
20.00 60.00 -0.22041
25.00 60.00 0.51750E-02
30.00 60.00 0.25794
35.00 60.00 0.37034
40.00 60.00 0.27200
45.00 60.00 0.48840E-01
50.00 60.00 -0.11980
55.00 60.00 -0.98787E-01
60.00 60.00 0.10234
65.00 60.00 0.34673
70.00 60.00 0.48550
75.00 60.00 0.47355
80.00 60.00 0.38717
-45.00 65.00 -0.51842
-40.00 65.00 -0.45415
-35.00 65.00 -0.24579
-30.00 65.00 0.36515E-01
-25.00 65.00 0.28949
-20.00 65.00 0.44303
-15.00 65.00 0.49295
-10.00 65.00 0.47421
-5.00 65.00 0.40844
0.00 65.00 0.28465
5.00 65.00 0.94953E-01
10.00 65.00 -0.11555
15.00 65.00 -0.24811
20.00 65.00 -0.21732
25.00 65.00 -0.32069E-01
30.00 65.00 0.18914
35.00 65.00 0.29736
40.00 65.00 0.22893
45.00 65.00 0.59678E-01
-65.00 70.00 0.57005E-01
-60.00 70.00 -0.14752
-55.00 70.00 -0.32611
-50.00 70.00 -0.45093
-45.00 70.00 -0.47706
-40.00 70.00 -0.37125
-35.00 70.00 -0.15180
-30.00 70.00 0.10498
-25.00 70.00 0.30758
-20.00 70.00 0.40752
-15.00 70.00 0.42042
-10.00 70.00 0.39152
-5.00 70.00 0.34181
0.00 70.00 0.25125
5.00 70.00 0.97344E-01
10.00 70.00 -0.91218E-01
15.00 70.00 -0.22795
20.00 70.00 -0.22786
25.00 70.00 -0.84574E-01
30.00 70.00 0.10930
35.00 70.00 0.22712
40.00 70.00 0.20920
45.00 70.00 0.11251
50.00 70.00 0.62371E-01
55.00 70.00 0.14531
60.00 70.00 0.33479
65.00 70.00 0.51356
-70.00 75.00 0.26283
-45.00 75.00 -0.39394
-40.00 75.00 -0.26362
-35.00 75.00 -0.53365E-01
-30.00 75.00 0.16499
-25.00 75.00 0.31833
-20.00 75.00 0.37774
-15.00 75.00 0.36929
-10.00 75.00 0.33830
-5.00 75.00 0.30099
0.00 75.00 0.23201
5.00 75.00 0.10245
10.00 75.00 -0.68984E-01
15.00 75.00 -0.20682
20.00 75.00 -0.22950
25.00 75.00 -0.11899
30.00 75.00 0.56084E-01
35.00 75.00 0.19087
40.00 75.00 0.22861
45.00 75.00 0.20501
70.00 75.00 0.60431
-75.00 80.00 0.46591
-65.00 80.00 0.37262E-01
-60.00 80.00 -0.15973
-55.00 80.00 -0.28833
-50.00 80.00 -0.32974
-45.00 80.00 -0.27721
-40.00 80.00 -0.14143
-35.00 80.00 0.40533E-01
-30.00 80.00 0.21187
-25.00 80.00 0.32369
-20.00 80.00 0.36373
-15.00 80.00 0.35806
-10.00 80.00 0.34059
-5.00 80.00 0.31710
0.00 80.00 0.26021
5.00 80.00 0.14373
10.00 80.00 -0.14995E-01
15.00 80.00 -0.14859
20.00 80.00 -0.18266
25.00 80.00 -0.94582E-01
30.00 80.00 0.65086E-01
35.00 80.00 0.21122
40.00 80.00 0.29164
45.00 80.00 0.32426
50.00 80.00 0.37052
55.00 80.00 0.46918
60.00 80.00 0.59160
65.00 80.00 0.66107
75.00 80.00 0.49192
-45.00 85.00 -0.14039
-40.00 85.00 -0.16283E-01
-35.00 85.00 0.12310
-30.00 85.00 0.24371
-25.00 85.00 0.32431
-20.00 85.00 0.36601
-15.00 85.00 0.38653
-10.00 85.00 0.39928
-5.00 85.00 0.39503
0.00 85.00 0.34659
5.00 85.00 0.23757
10.00 85.00 0.91123E-01
15.00 85.00 -0.31021E-01
20.00 85.00 -0.65492E-01
25.00 85.00 0.72235E-02
30.00 85.00 0.14780
35.00 85.00 0.28886
40.00 85.00 0.38654
45.00 85.00 0.44831
-80.00 90.00 0.58619
-70.00 90.00 0.29996
-65.00 90.00 0.94580E-01
-60.00 90.00 -0.56398E-01
-55.00 90.00 -0.11464
-50.00 90.00 -0.84988E-01
-45.00 90.00 -0.80207E-03
-40.00 90.00 0.99419E-01
-35.00 90.00 0.18932
-30.00 90.00 0.26042
-25.00 90.00 0.31852
-20.00 90.00 0.37459
-15.00 90.00 0.43318
-10.00 90.00 0.48339
-5.00 90.00 0.49980
0.00 90.00 0.45746
5.00 90.00 0.35413
10.00 90.00 0.22293
15.00 90.00 0.12099
20.00 90.00 0.97223E-01
25.00 90.00 0.16126
30.00 90.00 0.27863
35.00 90.00 0.39764
40.00 90.00 0.48678
45.00 90.00 0.55122
50.00 90.00 0.61451
55.00 90.00 0.68297
60.00 90.00 0.72752
65.00 90.00 0.70373
70.00 90.00 0.59582
80.00 90.00 0.33127
-45.00 95.00 0.12307
-40.00 95.00 0.19350
-35.00 95.00 0.23525
-30.00 95.00 0.26266
-25.00 95.00 0.30336
-20.00 95.00 0.37406
-15.00 95.00 0.46528
-10.00 95.00 0.54393
-5.00 95.00 0.57163
0.00 95.00 0.52852
5.00 95.00 0.42858
10.00 95.00 0.31610
15.00 95.00 0.24350
20.00 95.00 0.24269
25.00 95.00 0.30845
30.00 95.00 0.40562
35.00 95.00 0.49541
40.00 95.00 0.56084
45.00 95.00 0.61133
-75.00 100.00 0.51804
-65.00 100.00 0.20223
-60.00 100.00 0.99863E-01
-55.00 100.00 0.87851E-01
-50.00 100.00 0.14424
-45.00 100.00 0.21567
-40.00 100.00 0.25662
-35.00 100.00 0.25900
-30.00 100.00 0.25258
-25.00 100.00 0.27802
-20.00 100.00 0.35332
-15.00 100.00 0.45751
-10.00 100.00 0.54235
-5.00 100.00 0.56338
0.00 100.00 0.50912
5.00 100.00 0.40944
10.00 100.00 0.31823
15.00 100.00 0.28205
20.00 100.00 0.31485
25.00 100.00 0.39437
30.00 100.00 0.48122
35.00 100.00 0.54629
40.00 100.00 0.58679
45.00 100.00 0.61945
50.00 100.00 0.65743
55.00 100.00 0.69036
60.00 100.00 0.68648
65.00 100.00 0.61822
75.00 100.00 0.35947
-70.00 105.00 0.40230
-45.00 105.00 0.26901
-40.00 105.00 0.28616
-35.00 105.00 0.26353
-30.00 105.00 0.23634
-25.00 105.00 0.24792
-20.00 105.00 0.31382
-15.00 105.00 0.40665
-10.00 105.00 0.47328
-5.00 105.00 0.47165
0.00 105.00 0.40080
5.00 105.00 0.30288
10.00 105.00 0.23632
15.00 105.00 0.23934
20.00 105.00 0.30878
25.00 105.00 0.40723
30.00 105.00 0.49136
35.00 105.00 0.54006
40.00 105.00 0.56261
45.00 105.00 0.58257
70.00 105.00 0.42134
-85.00 110.00 0.55860
-65.00 110.00 0.31756
-60.00 110.00 0.23676
-55.00 110.00 0.22060
-50.00 110.00 0.25126
-45.00 110.00 0.28587
-40.00 110.00 0.28922
-35.00 110.00 0.25919
-30.00 110.00 0.22613
-25.00 110.00 0.22644
-20.00 110.00 0.27087
-15.00 110.00 0.33252
-10.00 110.00 0.36467
-5.00 110.00 0.33586
0.00 110.00 0.25567
5.00 110.00 0.17122
10.00 110.00 0.13662
15.00 110.00 0.17731
20.00 110.00 0.27507
25.00 110.00 0.38334
30.00 110.00 0.46028
35.00 110.00 0.49453
40.00 110.00 0.50556
45.00 110.00 0.52041
50.00 110.00 0.54668
55.00 110.00 0.56355
60.00 110.00 0.53866
65.00 110.00 0.45814
85.00 110.00 0.30661
-45.00 115.00 0.27941
-40.00 115.00 0.28181
-35.00 115.00 0.26252
-30.00 115.00 0.23833
-25.00 115.00 0.23135
-20.00 115.00 0.24683
-15.00 115.00 0.26522
-10.00 115.00 0.25659
-5.00 115.00 0.20693
0.00 115.00 0.13494
5.00 115.00 0.83839E-01
10.00 115.00 0.92584E-01
15.00 115.00 0.16766
20.00 115.00 0.27753
25.00 115.00 0.37448
30.00 115.00 0.42724
35.00 115.00 0.43946
40.00 115.00 0.44037
45.00 115.00 0.45609
-80.00 120.00 0.59275
-75.00 120.00 0.57439
-70.00 120.00 0.50453
-65.00 120.00 0.41137
-60.00 120.00 0.32700
-55.00 120.00 0.27462
-50.00 120.00 0.25912
-45.00 120.00 0.26819
-40.00 120.00 0.28271
-35.00 120.00 0.28931
-30.00 120.00 0.28578
-25.00 120.00 0.27579
-20.00 120.00 0.25908
-15.00 120.00 0.22811
-10.00 120.00 0.17648
-5.00 120.00 0.11238
0.00 120.00 0.63066E-01
5.00 120.00 0.61748E-01
10.00 120.00 0.12385
15.00 120.00 0.23106
20.00 120.00 0.33870
25.00 120.00 0.40386
30.00 120.00 0.41422
35.00 120.00 0.39451
40.00 120.00 0.38465
45.00 120.00 0.40597
50.00 120.00 0.44258
55.00 120.00 0.45337
60.00 120.00 0.40620
65.00 120.00 0.30776
70.00 120.00 0.20520
75.00 120.00 0.15782
80.00 120.00 0.19630
-45.00 125.00 0.26831
-40.00 125.00 0.30385
-35.00 125.00 0.34387
-30.00 125.00 0.36636
-25.00 125.00 0.35637
-20.00 125.00 0.30815
-15.00 125.00 0.22618
-10.00 125.00 0.12809
-5.00 125.00 0.45517E-01
0.00 125.00 0.15877E-01
5.00 125.00 0.63232E-01
10.00 125.00 0.17868
15.00 125.00 0.31714
20.00 125.00 0.41922
25.00 125.00 0.44739
30.00 125.00 0.41085
35.00 125.00 0.35838
40.00 125.00 0.34145
45.00 125.00 0.37461
-65.00 130.00 0.47655
-60.00 130.00 0.38907
-55.00 130.00 0.31164
-50.00 130.00 0.27269
-45.00 130.00 0.28624
-40.00 130.00 0.34234
-35.00 130.00 0.41070
-30.00 130.00 0.45438
-25.00 130.00 0.44464
-20.00 130.00 0.37053
-15.00 130.00 0.24325
-10.00 130.00 0.96793E-01
-5.00 130.00 -0.18050E-01
0.00 130.00 -0.51017E-01
5.00 130.00 0.21305E-01
10.00 130.00 0.17493
15.00 130.00 0.34269
20.00 130.00 0.44888
25.00 130.00 0.45571
30.00 130.00 0.38839
35.00 130.00 0.31679
40.00 130.00 0.30358
45.00 130.00 0.35680
50.00 130.00 0.42405
55.00 130.00 0.43407
60.00 130.00 0.35415
65.00 130.00 0.21855
-70.00 135.00 0.55759
-45.00 135.00 0.31644
-40.00 135.00 0.37981
-35.00 135.00 0.45587
-30.00 135.00 0.50331
-25.00 135.00 0.48971
-20.00 135.00 0.40094
-15.00 135.00 0.24606
-10.00 135.00 0.60535E-01
-5.00 135.00 -0.96844E-01
0.00 135.00 -0.16251
5.00 135.00 -0.10141
10.00 135.00 0.64156E-01
15.00 135.00 0.25629
20.00 135.00 0.38330
25.00 135.00 0.39800
30.00 135.00 0.32970
35.00 135.00 0.26125
40.00 135.00 0.26474
45.00 135.00 0.34446
70.00 135.00 0.76125E-01
-75.00 140.00 0.57273
-65.00 140.00 0.51555
-60.00 140.00 0.44341
-55.00 140.00 0.37236
-50.00 140.00 0.33476
-45.00 140.00 0.34539
-40.00 140.00 0.39134
-35.00 140.00 0.44141
-30.00 140.00 0.46384
-25.00 140.00 0.43661
-20.00 140.00 0.34741
-15.00 140.00 0.19444
-10.00 140.00 -0.31900E-02
-5.00 140.00 -0.19494
0.00 140.00 -0.30847
5.00 140.00 -0.28723
10.00 140.00 -0.13429
15.00 140.00 0.76077E-01
20.00 140.00 0.23923
25.00 140.00 0.29016
30.00 140.00 0.24897
35.00 140.00 0.20163
40.00 140.00 0.22773
45.00 140.00 0.33262
50.00 140.00 0.44122
55.00 140.00 0.45966
60.00 140.00 0.35458
65.00 140.00 0.18432
75.00 140.00 0.50501E-01
-45.00 145.00 0.36009
-40.00 145.00 0.36029
-35.00 145.00 0.34723
-30.00 145.00 0.31172
-25.00 145.00 0.25625
-20.00 145.00 0.17745
-15.00 145.00 0.58166E-01
-10.00 145.00 -0.11315
-5.00 145.00 -0.31029
0.00 145.00 -0.46099
5.00 145.00 -0.48462
10.00 145.00 -0.35388
15.00 145.00 -0.12782
20.00 145.00 0.80546E-01
25.00 145.00 0.18388
30.00 145.00 0.18351
35.00 145.00 0.16097
40.00 145.00 0.20252
45.00 145.00 0.32051
-80.00 150.00 0.52489
-70.00 150.00 0.54907
-65.00 150.00 0.52825
-60.00 150.00 0.48444
-55.00 150.00 0.43595
-50.00 150.00 0.39623
-45.00 150.00 0.35587
-40.00 150.00 0.29026
-35.00 150.00 0.18820
-30.00 150.00 0.70091E-01
-25.00 150.00 -0.28529E-01
-20.00 150.00 -0.95642E-01
-15.00 150.00 -0.16246
-10.00 150.00 -0.27605
-5.00 150.00 -0.44351
0.00 150.00 -0.60175
5.00 150.00 -0.65103
10.00 150.00 -0.53310
15.00 150.00 -0.28747
20.00 150.00 -0.31436E-01
25.00 150.00 0.12577
30.00 150.00 0.16365
35.00 150.00 0.15590
40.00 150.00 0.19581
45.00 150.00 0.30786
50.00 150.00 0.42438
55.00 150.00 0.44762
60.00 150.00 0.34099
65.00 150.00 0.16811
70.00 150.00 0.45835E-01
80.00 150.00 0.17721
-45.00 155.00 0.33855
-40.00 155.00 0.20576
-35.00 155.00 0.13301E-01
-30.00 155.00 -0.19102
-25.00 155.00 -0.34018
-20.00 155.00 -0.40487
-15.00 155.00 -0.42447
-10.00 155.00 -0.47472
-5.00 155.00 -0.59332
0.00 155.00 -0.73061
5.00 155.00 -0.77720
10.00 155.00 -0.65288
15.00 155.00 -0.38125
20.00 155.00 -0.81441E-01
25.00 155.00 0.12041
30.00 155.00 0.18513
35.00 155.00 0.17873
40.00 155.00 0.20104
45.00 155.00 0.29079
-75.00 160.00 0.50133
-65.00 160.00 0.51430
-60.00 160.00 0.49575
-55.00 160.00 0.46555
-50.00 160.00 0.41707
-45.00 160.00 0.31936
-40.00 160.00 0.13928
-35.00 160.00 -0.11659
-30.00 160.00 -0.38409
-25.00 160.00 -0.57699
-20.00 160.00 -0.65343
-15.00 160.00 -0.65342
-10.00 160.00 -0.66548
-5.00 160.00 -0.74408
0.00 160.00 -0.85052
5.00 160.00 -0.87562
10.00 160.00 -0.73162
15.00 160.00 -0.43473
20.00 160.00 -0.10391
25.00 160.00 0.12669
30.00 160.00 0.20695
35.00 160.00 0.19654
40.00 160.00 0.19819
45.00 160.00 0.26168
50.00 160.00 0.34504
55.00 160.00 0.36432
60.00 160.00 0.28141
65.00 160.00 0.14720
75.00 160.00 0.91986E-01
-85.00 165.00 0.46464
-70.00 165.00 0.49287
-45.00 165.00 0.30602
-40.00 165.00 0.11166
-35.00 165.00 -0.16190
-30.00 165.00 -0.44985
-25.00 165.00 -0.66548
-20.00 165.00 -0.76428
-15.00 165.00 -0.78059
-10.00 165.00 -0.79666
-5.00 165.00 -0.86462
0.00 165.00 -0.94995
5.00 165.00 -0.95227
10.00 165.00 -0.79135
15.00 165.00 -0.48502
20.00 165.00 -0.14815
25.00 165.00 0.89579E-01
30.00 165.00 0.17764
35.00 165.00 0.17029
40.00 165.00 0.16536
45.00 165.00 0.21453
70.00 165.00 0.79984E-01
85.00 165.00 0.36546
-65.00 170.00 0.48081
-60.00 170.00 0.47529
-55.00 170.00 0.45048
-50.00 170.00 0.39870
-45.00 170.00 0.29609
-40.00 170.00 0.11818
-35.00 170.00 -0.12845
-30.00 170.00 -0.39231
-25.00 170.00 -0.60401
-20.00 170.00 -0.72712
-15.00 170.00 -0.78651
-10.00 170.00 -0.84231
-5.00 170.00 -0.92765
0.00 170.00 -1.0063
5.00 170.00 -0.99427
10.00 170.00 -0.83183
15.00 170.00 -0.54460
20.00 170.00 -0.23670
25.00 170.00 -0.18441E-01
30.00 170.00 0.71179E-01
35.00 170.00 0.81426E-01
40.00 170.00 0.94858E-01
45.00 170.00 0.15220
50.00 170.00 0.22404
55.00 170.00 0.25044
60.00 170.00 0.20716
65.00 170.00 0.13497
-45.00 175.00 0.27790
-40.00 175.00 0.13023
-35.00 175.00 -0.65659E-01
-30.00 175.00 -0.27859
-25.00 175.00 -0.46671
-20.00 175.00 -0.60855
-15.00 175.00 -0.71819
-10.00 175.00 -0.82531
-5.00 175.00 -0.93553
0.00 175.00 -1.0095
5.00 175.00 -0.98640
10.00 175.00 -0.83635
15.00 175.00 -0.59566
20.00 175.00 -0.35026
25.00 175.00 -0.17719
30.00 175.00 -0.92960E-01
35.00 175.00 -0.52401E-01
40.00 175.00 0.27057E-02
45.00 175.00 0.89894E-01
-80.00 180.00 0.40207
-75.00 180.00 0.39990
-70.00 180.00 0.42071
-65.00 180.00 0.44091
-60.00 180.00 0.43778
-55.00 180.00 0.40211
-50.00 180.00 0.33510
-45.00 180.00 0.23861
-40.00 180.00 0.11280
-35.00 180.00 -0.37780E-01
-30.00 180.00 -0.20035
-25.00 180.00 -0.36040
-20.00 180.00 -0.51247
-15.00 180.00 -0.66094
-10.00 180.00 -0.80570
-5.00 180.00 -0.92568
0.00 180.00 -0.98073
5.00 180.00 -0.93739
10.00 180.00 -0.79947
15.00 180.00 -0.61480
20.00 180.00 -0.44699
25.00 180.00 -0.33255
30.00 180.00 -0.25899
35.00 180.00 -0.18354
40.00 180.00 -0.76162E-01
45.00 180.00 0.50950E-01
50.00 180.00 0.15361
55.00 180.00 0.19601
60.00 180.00 0.18462
65.00 180.00 0.16521
70.00 180.00 0.18585
75.00 180.00 0.25820
80.00 180.00 0.35010
-45.00 -175 0.17455
-40.00 -175 0.47103E-01
-35.00 -175 -0.85431E-01
-30.00 -175 -0.21982
-25.00 -175 -0.36024
-20.00 -175 -0.51399
-15.00 -175 -0.67990
-10.00 -175 -0.83661
-5.00 -175 -0.94393
0.00 -175 -0.96325
5.00 -175 -0.88581
10.00 -175 -0.74549
15.00 -175 -0.60082
20.00 -175 -0.49603
25.00 -175 -0.43098
30.00 -175 -0.36599
35.00 -175 -0.25907
40.00 -175 -0.10517
45.00 -175 0.55998E-01
-65.00 -170 0.40251
-60.00 -170 0.39831
-55.00 -170 0.34319
-50.00 -170 0.23710
-45.00 -170 0.96239E-01
-40.00 -170 -0.56349E-01
-35.00 -170 -0.20184
-30.00 -170 -0.33516
-25.00 -170 -0.46705
-20.00 -170 -0.61314
-15.00 -170 -0.77392
-10.00 -170 -0.92092
-5.00 -170 -1.0052
0.00 -170 -0.98848
5.00 -170 -0.87507
10.00 -170 -0.71636
15.00 -170 -0.57871
20.00 -170 -0.49662
25.00 -170 -0.44906
30.00 -170 -0.38022
35.00 -170 -0.24898
40.00 -170 -0.66341E-01
45.00 -170 0.11087
50.00 -170 0.22439
55.00 -170 0.25915
60.00 -170 0.25132
65.00 -170 0.25544
-70.00 -165 0.35487
-45.00 -165 0.24421E-01
-40.00 -165 -0.16281
-35.00 -165 -0.33884
-30.00 -165 -0.48766
-25.00 -165 -0.61543
-20.00 -165 -0.74238
-15.00 -165 -0.87921
-10.00 -165 -1.0060
-5.00 -165 -1.0758
0.00 -165 -1.0463
5.00 -165 -0.91702
10.00 -165 -0.73776
15.00 -165 -0.57672
20.00 -165 -0.47081
25.00 -165 -0.40010
30.00 -165 -0.30975
35.00 -165 -0.16173
40.00 -165 0.28080E-01
45.00 -165 0.20026
70.00 -165 0.36691
-75.00 -160 0.31227
-65.00 -160 0.35969
-60.00 -160 0.35342
-55.00 -160 0.29022
-50.00 -160 0.16231
-45.00 -160 -0.20848E-01
-40.00 -160 -0.23296
-35.00 -160 -0.43732
-30.00 -160 -0.60328
-25.00 -160 -0.72452
-20.00 -160 -0.82166
-15.00 -160 -0.92100
-10.00 -160 -1.0239
-5.00 -160 -1.0953
0.00 -160 -1.0863
5.00 -160 -0.97569
10.00 -160 -0.79249
15.00 -160 -0.59815
20.00 -160 -0.44020
25.00 -160 -0.31872
30.00 -160 -0.19583
35.00 -160 -0.39571E-01
40.00 -160 0.13909
45.00 -160 0.29116
50.00 -160 0.37228
55.00 -160 0.38305
60.00 -160 0.36926
65.00 -160 0.38170
75.00 -160 0.49170
-45.00 -155 -0.31154E-01
-40.00 -155 -0.24418
-35.00 -155 -0.46068
-30.00 -155 -0.63786
-25.00 -155 -0.75205
-20.00 -155 -0.81686
-15.00 -155 -0.87158
-10.00 -155 -0.94424
-5.00 -155 -1.0207
0.00 -155 -1.0501
5.00 -155 -0.98554
10.00 -155 -0.82447
15.00 -155 -0.61272
20.00 -155 -0.40820
25.00 -155 -0.23825
30.00 -155 -0.89658E-01
35.00 -155 0.62394E-01
40.00 -155 0.21778
45.00 -155 0.34530
-80.00 -150 0.29943
-70.00 -150 0.28977
-65.00 -150 0.29865
-60.00 -150 0.27849
-55.00 -150 0.22161
-50.00 -150 0.12626
-45.00 -150 -0.13938E-01
-40.00 -150 -0.20017
-35.00 -150 -0.40963
-30.00 -150 -0.59484
-25.00 -150 -0.71197
-20.00 -150 -0.75594
-15.00 -150 -0.76677
-10.00 -150 -0.79516
-5.00 -150 -0.85521
0.00 -150 -0.90756
5.00 -150 -0.89042
10.00 -150 -0.77165
15.00 -150 -0.57544
20.00 -150 -0.36112
25.00 -150 -0.17636
30.00 -150 -0.28756E-01
35.00 -150 0.10157
40.00 -150 0.22713
45.00 -150 0.33497
50.00 -150 0.40319
55.00 -150 0.43146
60.00 -150 0.44916
65.00 -150 0.48876
70.00 -150 0.55013
80.00 -150 0.58487
-45.00 -145 0.12174E-01
-40.00 -145 -0.12495
-35.00 -145 -0.31245
-30.00 -145 -0.50814
-25.00 -145 -0.64747
-20.00 -145 -0.69361
-15.00 -145 -0.66893
-10.00 -145 -0.63543
-5.00 -145 -0.63951
0.00 -145 -0.67138
5.00 -145 -0.67604
10.00 -145 -0.60476
15.00 -145 -0.45839
20.00 -145 -0.28433
25.00 -145 -0.13400
30.00 -145 -0.23784E-01
35.00 -145 0.65811E-01
40.00 -145 0.15850
45.00 -145 0.25506
-85.00 -140 0.35353
-75.00 -140 0.25133
-65.00 -140 0.21800
-60.00 -140 0.15871
-55.00 -140 0.96589E-01
-50.00 -140 0.58133E-01
-45.00 -140 0.27323E-01
-40.00 -140 -0.47682E-01
-35.00 -140 -0.20262
-30.00 -140 -0.41028
-25.00 -140 -0.58824
-20.00 -140 -0.65936
-15.00 -140 -0.61208
-10.00 -140 -0.50607
-5.00 -140 -0.41923
0.00 -140 -0.38548
5.00 -140 -0.37801
10.00 -140 -0.34735
15.00 -140 -0.27290
20.00 -140 -0.17857
25.00 -140 -0.10288
30.00 -140 -0.58595E-01
35.00 -140 -0.22979E-01
40.00 -140 0.35536E-01
45.00 -140 0.12591
50.00 -140 0.23119
55.00 -140 0.33239
60.00 -140 0.42843
65.00 -140 0.52734
75.00 -140 0.66859
85.00 -140 0.53711
-70.00 -135 0.22680
-45.00 -135 0.19428E-01
-40.00 -135 0.10185E-01
-35.00 -135 -0.10292
-30.00 -135 -0.31453
-25.00 -135 -0.53133
-20.00 -135 -0.63719
-15.00 -135 -0.58018
-10.00 -135 -0.40758
-5.00 -135 -0.22261
0.00 -135 -0.10550
5.00 -135 -0.67229E-01
10.00 -135 -0.67477E-01
15.00 -135 -0.67558E-01
20.00 -135 -0.63451E-01
25.00 -135 -0.72951E-01
30.00 -135 -0.10013
35.00 -135 -0.11943
40.00 -135 -0.95448E-01
45.00 -135 -0.14251E-01
70.00 -135 0.63005
-65.00 -130 0.14406
-60.00 -130 0.30002E-01
-55.00 -130 -0.65417E-01
-50.00 -130 -0.76977E-01
-45.00 -130 -0.12166E-01
-40.00 -130 0.38768E-01
-35.00 -130 -0.25394E-01
-30.00 -130 -0.22332
-25.00 -130 -0.46073
-20.00 -130 -0.59426
-15.00 -130 -0.53776
-10.00 -130 -0.32277
-5.00 -130 -0.67408E-01
0.00 -130 0.11292
5.00 -130 0.17569
10.00 -130 0.15227
15.00 -130 0.95821E-01
20.00 -130 0.33744E-01
25.00 -130 -0.35560E-01
30.00 -130 -0.11247
35.00 -130 -0.17395
40.00 -130 -0.18429
45.00 -130 -0.12395
50.00 -130 -0.33898E-02
55.00 -130 0.15097
60.00 -130 0.31801
65.00 -130 0.48377
-45.00 -125 -0.58436E-01
-40.00 -125 0.36535E-01
-35.00 -125 0.19524E-01
-30.00 -125 -0.14896
-25.00 -125 -0.38282
-20.00 -125 -0.52875
-15.00 -125 -0.48104
-10.00 -125 -0.25790
-5.00 -125 0.19658E-01
0.00 -125 0.22075
5.00 -125 0.28840
10.00 -125 0.25187
15.00 -125 0.17456
20.00 -125 0.95822E-01
25.00 -125 0.16957E-01
30.00 -125 -0.70184E-01
35.00 -125 -0.15261
40.00 -125 -0.19671
45.00 -125 -0.17393
-80.00 -120 0.25211
-75.00 -120 0.22646
-70.00 -120 0.20318
-65.00 -120 0.11829
-60.00 -120 -0.28918E-01
-55.00 -120 -0.16168
-50.00 -120 -0.19110
-45.00 -120 -0.10472
-40.00 -120 0.71046E-02
-35.00 -120 0.19261E-01
-30.00 -120 -0.12049
-25.00 -120 -0.33868
-20.00 -120 -0.48702
-15.00 -120 -0.45562
-10.00 -120 -0.25394
-5.00 -120 0.42405E-02
0.00 -120 0.19162
5.00 -120 0.25360
10.00 -120 0.22349
15.00 -120 0.16889
20.00 -120 0.12800
25.00 -120 0.91315E-01
30.00 -120 0.32788E-01
35.00 -120 -0.50143E-01
40.00 -120 -0.12701
45.00 -120 -0.15700
50.00 -120 -0.11531
55.00 -120 -0.28408E-03
60.00 -120 0.17389
65.00 -120 0.37979
70.00 -120 0.57100
75.00 -120 0.68564
80.00 -120 0.67905
-45.00 -115 -0.13424
-40.00 -115 -0.39363E-01
-35.00 -115 -0.31346E-01
-30.00 -115 -0.16412
-25.00 -115 -0.37466
-20.00 -115 -0.52686
-15.00 -115 -0.51631
-10.00 -115 -0.34743
-5.00 -115 -0.12138
0.00 -115 0.48409E-01
5.00 -115 0.11700
10.00 -115 0.12108
15.00 -115 0.12499
20.00 -115 0.15691
25.00 -115 0.19078
30.00 -115 0.18080
35.00 -115 0.10866
40.00 -115 0.12250E-02
45.00 -115 -0.88583E-01
-65.00 -110 0.16079
-60.00 -110 0.35618E-01
-55.00 -110 -0.96179E-01
-50.00 -110 -0.15775
-45.00 -110 -0.13074
-40.00 -110 -0.82782E-01
-35.00 -110 -0.11487
-30.00 -110 -0.27151
-25.00 -110 -0.49319
-20.00 -110 -0.65527
-15.00 -110 -0.66158
-10.00 -110 -0.51371
-5.00 -110 -0.30051
0.00 -110 -0.12253
5.00 -110 -0.19454E-01
10.00 -110 0.41146E-01
15.00 -110 0.11385
20.00 -110 0.21603
25.00 -110 0.31100
30.00 -110 0.34172
35.00 -110 0.27934
40.00 -110 0.14617
45.00 -110 0.17376E-02
50.00 -110 -0.88386E-01
55.00 -110 -0.78192E-01
60.00 -110 0.45213E-01
65.00 -110 0.25445
-70.00 -105 0.23552
-45.00 -105 -0.82090E-01
-40.00 -105 -0.94872E-01
-35.00 -105 -0.18719
-30.00 -105 -0.38613
-25.00 -105 -0.62873
-20.00 -105 -0.79807
-15.00 -105 -0.80555
-10.00 -105 -0.65171
-5.00 -105 -0.41754
0.00 -105 -0.19864
5.00 -105 -0.40087E-01
10.00 -105 0.76776E-01
15.00 -105 0.19394
20.00 -105 0.32502
25.00 -105 0.43742
30.00 -105 0.47801
35.00 -105 0.41550
40.00 -105 0.26515
45.00 -105 0.83284E-01
70.00 -105 0.43445
-75.00 -100 0.23160
-65.00 -100 0.24524
-60.00 -100 0.19204
-55.00 -100 0.11554
-50.00 -100 0.54811E-01
-45.00 -100 0.14520E-01
-40.00 -100 -0.50012E-01
-35.00 -100 -0.19469
-30.00 -100 -0.42674
-25.00 -100 -0.67758
-20.00 -100 -0.83687
-15.00 -100 -0.82384
-10.00 -100 -0.63992
-5.00 -100 -0.36271
0.00 -100 -0.90083E-01
5.00 -100 0.11910
10.00 -100 0.26414
15.00 -100 0.37589
20.00 -100 0.47442
25.00 -100 0.54712
30.00 -100 0.55978
35.00 -100 0.48592
40.00 -100 0.33063
45.00 -100 0.13593
50.00 -100 -0.31381E-01
55.00 -100 -0.10320
60.00 -100 -0.38922E-01
65.00 -100 0.14921
75.00 -100 0.57974
-45.00 -95 0.14781
-40.00 -95 0.59201E-01
-35.00 -95 -0.10518
-30.00 -95 -0.33664
-25.00 -95 -0.56551
-20.00 -95 -0.69193
-15.00 -95 -0.64528
-10.00 -95 -0.42864
-5.00 -95 -0.11630
0.00 -95 0.19135
5.00 -95 0.42105
10.00 -95 0.55310
15.00 -95 0.61020
20.00 -95 0.62551
25.00 -95 0.61567
30.00 -95 0.57417
35.00 -95 0.48387
40.00 -95 0.33764
45.00 -95 0.15529
-80.00 -90 0.24332
-70.00 -90 0.27021
-65.00 -90 0.31551
-60.00 -90 0.33997
-55.00 -90 0.34127
-50.00 -90 0.32722
-45.00 -90 0.29218
-40.00 -90 0.21243
-35.00 -90 0.68496E-01
-30.00 -90 -0.12385
-25.00 -90 -0.30318
-20.00 -90 -0.38679
-15.00 -90 -0.31623
-10.00 -90 -0.93392E-01
-5.00 -90 0.21719
0.00 -90 0.52031
5.00 -90 0.73498
10.00 -90 0.82611
15.00 -90 0.80859
20.00 -90 0.72705
25.00 -90 0.62603
30.00 -90 0.52719
35.00 -90 0.42469
40.00 -90 0.30043
45.00 -90 0.15004
50.00 -90 0.23359E-02
55.00 -90 -0.84993E-01
60.00 -90 -0.56935E-01
65.00 -90 0.97161E-01
70.00 -90 0.32215
80.00 -90 0.60102
-85.00 -85 0.32750
-45.00 -85 0.41456
-40.00 -85 0.36685
-35.00 -85 0.27092
-30.00 -85 0.13915
-25.00 -85 0.15065E-01
-20.00 -85 -0.40670E-01
-15.00 -85 0.19609E-01
-10.00 -85 0.20237
-5.00 -85 0.46368
0.00 -85 0.72508
5.00 -85 0.90659
10.00 -85 0.96055
15.00 -85 0.88965
20.00 -85 0.74036
25.00 -85 0.57497
30.00 -85 0.43762
35.00 -85 0.33449
40.00 -85 0.24135
45.00 -85 0.13399
85.00 -85 0.53943
-75.00 -80 0.22725
-65.00 -80 0.33240
-60.00 -80 0.39527
-55.00 -80 0.44252
-50.00 -80 0.47306
-45.00 -80 0.48648
-40.00 -80 0.47612
-35.00 -80 0.43300
-30.00 -80 0.35770
-25.00 -80 0.27021
-20.00 -80 0.20890
-15.00 -80 0.21590
-10.00 -80 0.31472
-5.00 -80 0.49193
0.00 -80 0.69479
5.00 -80 0.85018
10.00 -80 0.89809
15.00 -80 0.82223
20.00 -80 0.65855
25.00 -80 0.47401
30.00 -80 0.32727
35.00 -80 0.23684
40.00 -80 0.17916
45.00 -80 0.11809
50.00 -80 0.43207E-01
55.00 -80 -0.14008E-01
60.00 -80 -0.13063E-02
65.00 -80 0.11018
75.00 -80 0.46987
-70.00 -75 0.25855
-45.00 -75 0.49536
-40.00 -75 0.51200
-35.00 -75 0.50831
-30.00 -75 0.46942
-25.00 -75 0.39162
-20.00 -75 0.29482
-15.00 -75 0.22135
-10.00 -75 0.21689
-5.00 -75 0.30178
0.00 -75 0.45115
5.00 -75 0.60018
10.00 -75 0.67630
15.00 -75 0.64029
20.00 -75 0.50937
25.00 -75 0.34520
30.00 -75 0.21387
35.00 -75 0.14568
40.00 -75 0.12344
45.00 -75 0.10677
70.00 -75 0.29158
-65.00 -70 0.30569
-60.00 -70 0.36211
-55.00 -70 0.40130
-50.00 -70 0.42588
-45.00 -70 0.44860
-40.00 -70 0.47531
-35.00 -70 0.49280
-30.00 -70 0.47251
-25.00 -70 0.39088
-20.00 -70 0.25378
-15.00 -70 0.10558
-10.00 -70 0.11648E-01
-5.00 -70 0.20761E-01
0.00 -70 0.13130
5.00 -70 0.28598
10.00 -70 0.40247
15.00 -70 0.42171
20.00 -70 0.34200
25.00 -70 0.21563
30.00 -70 0.11093
35.00 -70 0.67649E-01
40.00 -70 0.77191E-01
45.00 -70 0.99971E-01
50.00 -70 0.10398
55.00 -70 0.93228E-01
60.00 -70 0.10383
65.00 -70 0.17143
-45.00 -65 0.36837
-40.00 -65 0.39030
-35.00 -65 0.41699
-30.00 -65 0.41157
-25.00 -65 0.33581
-20.00 -65 0.18327
-15.00 -65 -0.35716E-02
-10.00 -65 -0.14915
-5.00 -65 -0.18756
0.00 -65 -0.10476
5.00 -65 0.49434E-01
10.00 -65 0.18988
15.00 -65 0.24719
20.00 -65 0.20727
25.00 -65 0.11359
30.00 -65 0.32887E-01
35.00 -65 0.10070E-01
40.00 -65 0.43918E-01
45.00 -65 0.97961E-01
-80.00 -60 0.25604
-75.00 -60 0.21826
-70.00 -60 0.23429
-65.00 -60 0.27960
-60.00 -60 0.31707
-55.00 -60 0.32247
-50.00 -60 0.30076
-45.00 -60 0.28055
-40.00 -60 0.28807
-35.00 -60 0.31980
-30.00 -60 0.33709
-25.00 -60 0.29100
-20.00 -60 0.16161
-15.00 -60 -0.17827E-01
-10.00 -60 -0.17312
-5.00 -60 -0.23266
0.00 -60 -0.17320
5.00 -60 -0.35736E-01
10.00 -60 0.10008
15.00 -60 0.16530
20.00 -60 0.14141
25.00 -60 0.65120E-01
30.00 -60 -0.17288E-02
35.00 -60 -0.13925E-01
40.00 -60 0.32145E-01
45.00 -60 0.10446
50.00 -60 0.16412
55.00 -60 0.19459
60.00 -60 0.21095
65.00 -60 0.24424
70.00 -60 0.31374
75.00 -60 0.40587
80.00 -60 0.47918
-45.00 -55 0.20460
-40.00 -55 0.19124
-35.00 -55 0.22555
-30.00 -55 0.27227
-25.00 -55 0.27413
-20.00 -55 0.19584
-15.00 -55 0.55723E-01
-10.00 -55 -0.80924E-01
-5.00 -55 -0.14346
0.00 -55 -0.10289
5.00 -55 0.95906E-02
10.00 -55 0.12451
15.00 -55 0.17961
20.00 -55 0.15661
25.00 -55 0.86462E-01
30.00 -55 0.23575E-01
35.00 -55 0.98112E-02
40.00 -55 0.52024E-01
45.00 -55 0.12470
-65.00 -50 0.28731
-60.00 -50 0.32448
-55.00 -50 0.30748
-50.00 -50 0.23464
-45.00 -50 0.14943
-40.00 -50 0.10906
-35.00 -50 0.13909
-30.00 -50 0.21035
-25.00 -50 0.25865
-20.00 -50 0.23355
-15.00 -50 0.13809
-10.00 -50 0.28313E-01
-5.00 -50 -0.26792E-01
0.00 -50 0.61619E-02
5.00 -50 0.10385
10.00 -50 0.20555
15.00 -50 0.25527
20.00 -50 0.23539
25.00 -50 0.17101
30.00 -50 0.10783
35.00 -50 0.82590E-01
40.00 -50 0.10518
45.00 -50 0.15937
50.00 -50 0.21736
55.00 -50 0.25769
60.00 -50 0.27743
65.00 -50 0.29238
-70.00 -45 0.24522
-45.00 -45 0.11557
-40.00 -45 0.42944E-01
-35.00 -45 0.57926E-01
-30.00 -45 0.13766
-25.00 -45 0.21241
-20.00 -45 0.21968
-15.00 -45 0.15212
-10.00 -45 0.61656E-01
-5.00 -45 0.18388E-01
0.00 -45 0.58725E-01
5.00 -45 0.16235
10.00 -45 0.27155
15.00 -45 0.33288
20.00 -45 0.32842
25.00 -45 0.27789
30.00 -45 0.21821
35.00 -45 0.17992
40.00 -45 0.17525
45.00 -45 0.19897
70.00 -45 0.32242
-75.00 -40 0.23664
-65.00 -40 0.32063
-60.00 -40 0.37680
-55.00 -40 0.35849
-50.00 -40 0.24925
-45.00 -40 0.99848E-01
-40.00 -40 -0.57621E-02
-35.00 -40 -0.13938E-01
-30.00 -40 0.57257E-01
-25.00 -40 0.13372
-20.00 -40 0.14541
-15.00 -40 0.81286E-01
-10.00 -40 -0.48570E-02
-5.00 -40 -0.39375E-01
0.00 -40 0.14877E-01
5.00 -40 0.13532
10.00 -40 0.26246
15.00 -40 0.34381
20.00 -40 0.36275
25.00 -40 0.33599
30.00 -40 0.29190
35.00 -40 0.25228
40.00 -40 0.22826
45.00 -40 0.22396
50.00 -40 0.23783
55.00 -40 0.26135
60.00 -40 0.28280
65.00 -40 0.29789
75.00 -40 0.35371
-45.00 -35 0.97732E-01
-40.00 -35 -0.34066E-01
-35.00 -35 -0.64660E-01
-30.00 -35 -0.97843E-02
-25.00 -35 0.52826E-01
-20.00 -35 0.49211E-01
-15.00 -35 -0.30838E-01
-10.00 -35 -0.12872
-5.00 -35 -0.16734
0.00 -35 -0.11126
5.00 -35 0.12343E-01
10.00 -35 0.14244
15.00 -35 0.23118
20.00 -35 0.26859
25.00 -35 0.27223
30.00 -35 0.26164
35.00 -35 0.24520
40.00 -35 0.22621
45.00 -35 0.21280
-85.00 -30 0.38642
-80.00 -30 0.30419
-70.00 -30 0.26583
-65.00 -30 0.34129
-60.00 -30 0.41361
-55.00 -30 0.40404
-50.00 -30 0.28334
-45.00 -30 0.10231
-40.00 -30 -0.43190E-01
-35.00 -30 -0.87315E-01
-30.00 -30 -0.45834E-01
-25.00 -30 0.29471E-03
-20.00 -30 -0.25026E-01
-15.00 -30 -0.13024
-10.00 -30 -0.25299
-5.00 -30 -0.31499
0.00 -30 -0.28376
5.00 -30 -0.18945
10.00 -30 -0.89695E-01
15.00 -30 -0.20873E-01
20.00 -30 0.20161E-01
25.00 -30 0.55470E-01
30.00 -30 0.95349E-01
35.00 -30 0.13017
40.00 -30 0.14817
45.00 -30 0.15420
50.00 -30 0.16659
55.00 -30 0.19663
60.00 -30 0.23623
65.00 -30 0.26935
70.00 -30 0.29417
80.00 -30 0.37788
85.00 -30 0.42607
-45.00 -25 0.10218
-40.00 -25 -0.45788E-01
-35.00 -25 -0.94522E-01
-30.00 -25 -0.60817E-01
-25.00 -25 -0.27595E-01
-20.00 -25 -0.72061E-01
-15.00 -25 -0.20218
-10.00 -25 -0.35518
-5.00 -25 -0.45435
0.00 -25 -0.47003
5.00 -25 -0.43191
10.00 -25 -0.38924
15.00 -25 -0.36257
20.00 -25 -0.33266
25.00 -25 -0.27089
30.00 -25 -0.17490
35.00 -25 -0.72629E-01
40.00 -25 0.58799E-02
45.00 -25 0.56298E-01
-75.00 -20 0.26331
-65.00 -20 0.31860
-60.00 -20 0.38346
-55.00 -20 0.37552
-50.00 -20 0.26019
-45.00 -20 0.82208E-01
-40.00 -20 -0.66142E-01
-35.00 -20 -0.12012
-30.00 -20 -0.95835E-01
-25.00 -20 -0.74581E-01
-20.00 -20 -0.13263
-15.00 -20 -0.27887
-10.00 -20 -0.45352
-5.00 -20 -0.58382
0.00 -20 -0.64242
5.00 -20 -0.65680
10.00 -20 -0.66784
15.00 -20 -0.68321
20.00 -20 -0.67097
25.00 -20 -0.59585
30.00 -20 -0.45832
35.00 -20 -0.29742
40.00 -20 -0.15736
45.00 -20 -0.53641E-01
50.00 -20 0.28562E-01
55.00 -20 0.10739
60.00 -20 0.18168
65.00 -20 0.23726
75.00 -20 0.30439
-70.00 -15 0.25020
-45.00 -15 0.28964E-01
-40.00 -15 -0.13021
-35.00 -15 -0.20312
-30.00 -15 -0.20021
-25.00 -15 -0.19501
-20.00 -15 -0.25940
-15.00 -15 -0.40405
-10.00 -15 -0.57519
-5.00 -15 -0.70592
0.00 -15 -0.77147
5.00 -15 -0.79861
10.00 -15 -0.82608
15.00 -15 -0.85897
20.00 -15 -0.86172
25.00 -15 -0.79354
30.00 -15 -0.64889
35.00 -15 -0.46393
40.00 -15 -0.28619
45.00 -15 -0.14015
70.00 -15 0.26600
-65.00 -10 0.25827
-60.00 -10 0.29008
-55.00 -10 0.26293
-50.00 -10 0.13606
-45.00 -10 -0.61620E-01
-40.00 -10 -0.25048
-35.00 -10 -0.36321
-30.00 -10 -0.39744
-25.00 -10 -0.41194
-20.00 -10 -0.47135
-15.00 -10 -0.58977
-10.00 -10 -0.72279
-5.00 -10 -0.81117
0.00 -10 -0.83318
5.00 -10 -0.81761
10.00 -10 -0.80958
15.00 -10 -0.82462
20.00 -10 -0.83445
25.00 -10 -0.79447
30.00 -10 -0.68357
35.00 -10 -0.51950
40.00 -10 -0.34038
45.00 -10 -0.17543
50.00 -10 -0.33672E-01
55.00 -10 0.85002E-01
60.00 -10 0.17619
65.00 -10 0.23384
-45.00 -5 -0.17913
-40.00 -5 -0.41547
-35.00 -5 -0.58446
-30.00 -5 -0.66418
-25.00 -5 -0.69438
-20.00 -5 -0.73295
-15.00 -5 -0.80164
-10.00 -5 -0.86941
-5.00 -5 -0.88562
0.00 -5 -0.82998
5.00 -5 -0.73338
10.00 -5 -0.65224
15.00 -5 -0.62176
20.00 -5 -0.62943
25.00 -5 -0.62898
30.00 -5 -0.57810
35.00 -5 -0.46620
40.00 -5 -0.31366
45.00 -5 -0.15137
90.00 0.00 0.42079
-90.00 0.00 0.45583
