-85.00 0.00 0.37554
-80.00 0.00 0.46703
-75.00 0.00 0.46080
-70.00 0.00 0.37769
-65.00 0.00 0.22062
-60.00 0.00 -0.20687E-01
-55.00 0.00 -0.32631
-50.00 0.00 -0.61225
-45.00 0.00 -0.75426
-40.00 0.00 -0.66802
-35.00 0.00 -0.38369
-30.00 0.00 -0.42397E-01
-25.00 0.00 0.19778
-20.00 0.00 0.27747
-15.00 0.00 0.27694
-10.00 0.00 0.34297
-5.00 0.00 0.55905
0.00 0.00 0.86693
5.00 0.00 1.1060
10.00 0.00 1.1383
15.00 0.00 0.95440
20.00 0.00 0.67629
25.00 0.00 0.45846
30.00 0.00 0.37307
35.00 0.00 0.36934
40.00 0.00 0.32989
45.00 0.00 0.16861
50.00 0.00 -0.10869
55.00 0.00 -0.41777
60.00 0.00 -0.65781
65.00 0.00 -0.76812
70.00 0.00 -0.74660
75.00 0.00 -0.63096
80.00 0.00 -0.47702
85.00 0.00 -0.33274
-45.00 5.00 -0.57520
-40.00 5.00 -0.41273
-35.00 5.00 -0.83751E-01
-30.00 5.00 0.26206
-25.00 5.00 0.48849
-20.00 5.00 0.56701
-15.00 5.00 0.58229
-10.00 5.00 0.64363
-5.00 5.00 0.78021
0.00 5.00 0.91226
5.00 5.00 0.92287
10.00 5.00 0.76548
15.00 5.00 0.51177
20.00 5.00 0.29908
25.00 5.00 0.22468
30.00 5.00 0.27657
35.00 5.00 0.35325
40.00 5.00 0.34669
45.00 5.00 0.21563
-65.00 10.00 0.25471
-60.00 10.00 0.37221E-01
-55.00 10.00 -0.20642
-50.00 10.00 -0.37468
-45.00 10.00 -0.35738
-40.00 10.00 -0.12221
-35.00 10.00 0.24244
-30.00 10.00 0.57824
-25.00 10.00 0.76812
-20.00 10.00 0.81495
-15.00 10.00 0.81821
-10.00 10.00 0.86958
-5.00 10.00 0.96217
0.00 10.00 0.99629
5.00 10.00 0.87585
10.00 10.00 0.60677
15.00 10.00 0.30702
20.00 10.00 0.11914
25.00 10.00 0.10289
30.00 10.00 0.19958
35.00 10.00 0.29092
40.00 10.00 0.29264
45.00 10.00 0.20095
50.00 10.00 0.64253E-01
55.00 10.00 -0.76574E-01
60.00 10.00 -0.21546
65.00 10.00 -0.35699
-70.00 15.00 0.39517
-45.00 15.00 -0.17168
-40.00 15.00 0.11970
-35.00 15.00 0.50876
-30.00 15.00 0.82726
-25.00 15.00 0.96856
-20.00 15.00 0.96008
-15.00 15.00 0.92248
-10.00 15.00 0.95075
-5.00 15.00 1.0250
0.00 15.00 1.0319
5.00 15.00 0.87609
10.00 15.00 0.57798
15.00 15.00 0.26796
20.00 15.00 0.84298E-01
25.00 15.00 0.68127E-01
30.00 15.00 0.14688
35.00 15.00 0.21154
40.00 15.00 0.20830
45.00 15.00 0.16094
70.00 15.00 -0.34700
-75.00 20.00 0.46327
-65.00 20.00 0.23340
-60.00 20.00 0.57979E-01
-55.00 20.00 -0.11585
-50.00 20.00 -0.19195
-45.00 20.00 -0.73914E-01
-40.00 20.00 0.24474
-35.00 20.00 0.64460
-30.00 20.00 0.94852
-25.00 20.00 1.0474
-20.00 20.00 0.97575
-15.00 20.00 0.86863
-10.00 20.00 0.83585
-5.00 20.00 0.86756
0.00 20.00 0.85478
5.00 20.00 0.70240
10.00 20.00 0.42718
15.00 20.00 0.15036
20.00 20.00 -0.43078E-02
25.00 20.00 -0.90648E-02
30.00 20.00 0.61909E-01
35.00 20.00 0.11560
40.00 20.00 0.12452
45.00 20.00 0.13056
50.00 20.00 0.17251
55.00 20.00 0.22006
60.00 20.00 0.18854
65.00 20.00 0.23943E-01
75.00 20.00 -0.43755
-45.00 25.00 -0.83615E-01
-40.00 25.00 0.22567
-35.00 25.00 0.61864
-30.00 25.00 0.91499
-25.00 25.00 0.99212
-20.00 25.00 0.87005
-15.00 25.00 0.68018
-10.00 25.00 0.54583
-5.00 25.00 0.48312
0.00 25.00 0.40974
5.00 25.00 0.24610
10.00 25.00 0.75828E-02
15.00 25.00 -0.20061
20.00 25.00 -0.27726
25.00 25.00 -0.21341
30.00 25.00 -0.90137E-01
35.00 25.00 0.63915E-02
40.00 25.00 0.63100E-01
45.00 25.00 0.13196
-80.00 30.00 0.47343
-70.00 30.00 0.27695
-65.00 30.00 0.14048
-60.00 30.00 -0.10248E-01
-55.00 30.00 -0.16340
-50.00 30.00 -0.25028
-45.00 30.00 -0.17736
-40.00 30.00 0.85728E-01
-35.00 30.00 0.44797
-30.00 30.00 0.73701
-25.00 30.00 0.81529
-20.00 30.00 0.67432
-15.00 30.00 0.42429
-10.00 30.00 0.19142
-5.00 30.00 0.19453E-01
0.00 30.00 -0.13679
5.00 30.00 -0.32975
10.00 30.00 -0.53801
15.00 30.00 -0.66976
20.00 30.00 -0.64624
25.00 30.00 -0.47906
30.00 30.00 -0.26194
35.00 30.00 -0.84986E-01
40.00 30.00 0.40557E-01
45.00 30.00 0.16959
50.00 30.00 0.33587
55.00 30.00 0.48311
60.00 30.00 0.49348
65.00 30.00 0.29610
70.00 30.00 -0.46494E-01
80.00 30.00 -0.49813
-45.00 35.00 -0.30003
-40.00 35.00 -0.11181
-35.00 35.00 0.19032
-30.00 35.00 0.45604
-25.00 35.00 0.54431
-20.00 35.00 0.42143
-15.00 35.00 0.17057
-10.00 35.00 -0.90979E-01
-5.00 35.00 -0.30562
0.00 35.00 -0.49380
5.00 35.00 -0.68961
10.00 35.00 -0.86891
15.00 35.00 -0.94924
20.00 35.00 -0.86363
25.00 35.00 -0.63136
30.00 35.00 -0.35000
35.00 35.00 -0.11327
40.00 35.00 0.62869E-01
45.00 35.00 0.22950
-75.00 40.00 0.31607
-65.00 40.00 0.14995E-01
-60.00 40.00 -0.10282
-55.00 40.00 -0.23008
-50.00 40.00 -0.34965
-45.00 40.00 -0.38954
-40.00 40.00 -0.28963
-35.00 40.00 -0.76616E-01
-30.00 40.00 0.13326
-25.00 40.00 0.21537
-20.00 40.00 0.13020
-15.00 40.00 -0.56559E-01
-10.00 40.00 -0.24262
-5.00 40.00 -0.37751
0.00 40.00 -0.48631
5.00 40.00 -0.61257
10.00 40.00 -0.74604
15.00 40.00 -0.81369
20.00 40.00 -0.74482
25.00 40.00 -0.54257
30.00 40.00 -0.28630
35.00 40.00 -0.60751E-01
40.00 40.00 0.11493
45.00 40.00 0.28324
50.00 40.00 0.47178
55.00 40.00 0.62612
60.00 40.00 0.63127
65.00 40.00 0.41457
75.00 40.00 -0.32761
-70.00 45.00 0.90358E-01
-45.00 45.00 -0.40478
-40.00 45.00 -0.38761
-35.00 45.00 -0.28129
-30.00 45.00 -0.16346
-25.00 45.00 -0.12456
-20.00 45.00 -0.18644
-15.00 45.00 -0.28344
-10.00 45.00 -0.32625
-5.00 45.00 -0.28672
0.00 45.00 -0.22066
5.00 45.00 -0.20772
10.00 45.00 -0.26913
15.00 45.00 -0.34504
20.00 45.00 -0.35175
25.00 45.00 -0.25888
30.00 45.00 -0.10901
35.00 45.00 0.36025E-01
40.00 45.00 0.16054
45.00 45.00 0.29856
70.00 45.00 0.42761E-01
-65.00 50.00 -0.94623E-01
-60.00 50.00 -0.15187
-55.00 50.00 -0.19529
-50.00 50.00 -0.26557
-45.00 50.00 -0.34456
-40.00 50.00 -0.38683
-35.00 50.00 -0.38195
-30.00 50.00 -0.37424
-25.00 50.00 -0.41460
-20.00 50.00 -0.49460
-15.00 50.00 -0.53624
-10.00 50.00 -0.45692
-5.00 50.00 -0.25124
0.00 50.00 -0.92488E-02
5.00 50.00 0.15052
10.00 50.00 0.17376
15.00 50.00 0.10463
20.00 50.00 0.35029E-01
25.00 50.00 0.23008E-01
30.00 50.00 0.59609E-01
35.00 50.00 0.10798
40.00 50.00 0.16236
45.00 50.00 0.25573
50.00 50.00 0.40374
55.00 50.00 0.54758
60.00 50.00 0.56952
65.00 50.00 0.38521
-85.00 55.00 0.38963
-45.00 55.00 -0.24906
-40.00 55.00 -0.31675
-35.00 55.00 -0.38070
-30.00 55.00 -0.46483
-25.00 55.00 -0.59073
-20.00 55.00 -0.72565
-15.00 55.00 -0.78100
-10.00 55.00 -0.67706
-5.00 55.00 -0.41870
0.00 55.00 -0.10793
5.00 55.00 0.12507
10.00 55.00 0.21411
15.00 55.00 0.19160
20.00 55.00 0.14058
25.00 55.00 0.11658
30.00 55.00 0.11561
35.00 55.00 0.11146
40.00 55.00 0.11139
45.00 55.00 0.16108
85.00 55.00 -0.44570
-80.00 60.00 0.35851
-75.00 60.00 0.16772
-70.00 60.00 -0.48405E-01
-65.00 60.00 -0.17366
-60.00 60.00 -0.19055
-55.00 60.00 -0.16040
-50.00 60.00 -0.15046
-45.00 60.00 -0.18224
-40.00 60.00 -0.24158
-35.00 60.00 -0.32211
-30.00 60.00 -0.44270
-25.00 60.00 -0.61581
-20.00 60.00 -0.80424
-15.00 60.00 -0.92296
-10.00 60.00 -0.89739
-5.00 60.00 -0.72793
0.00 60.00 -0.49650
5.00 60.00 -0.30408
10.00 60.00 -0.19503
15.00 60.00 -0.13789
20.00 60.00 -0.76419E-01
25.00 60.00 0.44699E-02
30.00 60.00 0.66717E-01
35.00 60.00 0.72116E-01
40.00 60.00 0.41017E-01
45.00 60.00 0.47492E-01
50.00 60.00 0.14554
55.00 60.00 0.29647
60.00 60.00 0.37689
65.00 60.00 0.27499
70.00 60.00 -0.42274E-02
75.00 60.00 -0.32157
80.00 60.00 -0.49832
-45.00 65.00 -0.20214
-40.00 65.00 -0.23014
-35.00 65.00 -0.27360
-30.00 65.00 -0.35957
-25.00 65.00 -0.51141
-20.00 65.00 -0.70769
-15.00 65.00 -0.88166
-10.00 65.00 -0.96943
-5.00 65.00 -0.96047
0.00 65.00 -0.89786
5.00 65.00 -0.82656
10.00 65.00 -0.74370
15.00 65.00 -0.60605
20.00 65.00 -0.39075
25.00 65.00 -0.14571
30.00 65.00 0.30525E-01
35.00 65.00 0.71033E-01
40.00 65.00 0.86921E-02
45.00 65.00 -0.42265E-01
-65.00 70.00 -0.22252
-60.00 70.00 -0.28165
-55.00 70.00 -0.30035
-50.00 70.00 -0.31800
-45.00 70.00 -0.33205
-40.00 70.00 -0.32147
-35.00 70.00 -0.29247
-30.00 70.00 -0.29003
-25.00 70.00 -0.36033
-20.00 70.00 -0.50512
-15.00 70.00 -0.67807
-10.00 70.00 -0.82711
-5.00 70.00 -0.93543
0.00 70.00 -1.0150
5.00 70.00 -1.0607
10.00 70.00 -1.0215
15.00 70.00 -0.83460
20.00 70.00 -0.50080
25.00 70.00 -0.12512
30.00 70.00 0.13383
35.00 70.00 0.17848
40.00 70.00 0.54433E-01
45.00 70.00 -0.80503E-01
50.00 70.00 -0.84244E-01
55.00 70.00 0.50468E-01
60.00 70.00 0.19068
65.00 70.00 0.17962
-70.00 75.00 -0.67970E-01
-45.00 75.00 -0.54632
-40.00 75.00 -0.50261
-35.00 75.00 -0.39402
-30.00 75.00 -0.29088
-25.00 75.00 -0.26399
-20.00 75.00 -0.32888
-15.00 75.00 -0.44402
-10.00 75.00 -0.56060
-5.00 75.00 -0.66581
0.00 75.00 -0.77002
5.00 75.00 -0.85323
10.00 75.00 -0.83940
15.00 75.00 -0.64592
20.00 75.00 -0.27605
25.00 75.00 0.13723
30.00 75.00 0.39831
35.00 75.00 0.38929
40.00 75.00 0.16774
45.00 75.00 -0.70775E-01
70.00 75.00 -0.14675E-01
-75.00 80.00 0.14972
-65.00 80.00 -0.21471
-60.00 80.00 -0.37666
-55.00 80.00 -0.55014
-50.00 80.00 -0.70806
-45.00 80.00 -0.77837
-40.00 80.00 -0.71142
-35.00 80.00 -0.54005
-30.00 80.00 -0.36560
-25.00 80.00 -0.27801
-20.00 80.00 -0.28670
-15.00 80.00 -0.32906
-10.00 80.00 -0.34428
-5.00 80.00 -0.33275
0.00 80.00 -0.33689
5.00 80.00 -0.36490
10.00 80.00 -0.34602
15.00 80.00 -0.18078
20.00 80.00 0.14820
25.00 80.00 0.51438
30.00 80.00 0.71308
35.00 80.00 0.61724
40.00 80.00 0.29177
45.00 80.00 -0.42409E-01
50.00 80.00 -0.17592
55.00 80.00 -0.72576E-01
60.00 80.00 0.11188
65.00 80.00 0.16845
75.00 80.00 -0.26118
-45.00 85.00 -0.94823
-40.00 85.00 -0.86542
-35.00 85.00 -0.65878
-30.00 85.00 -0.46218
-25.00 85.00 -0.37536
-20.00 85.00 -0.38251
-15.00 85.00 -0.37912
-10.00 85.00 -0.28140
-5.00 85.00 -0.10933
0.00 85.00 0.40762E-01
5.00 85.00 0.10641
10.00 85.00 0.13675
15.00 85.00 0.24957
20.00 85.00 0.49998
25.00 85.00 0.78990
30.00 85.00 0.92072
35.00 85.00 0.75826
40.00 85.00 0.36532
45.00 85.00 -0.25932E-01
-80.00 90.00 0.29311
-70.00 90.00 0.50289E-01
-65.00 90.00 -0.11026
-60.00 90.00 -0.33483
-55.00 90.00 -0.62281
-50.00 90.00 -0.88542
-45.00 90.00 -0.99609
-40.00 90.00 -0.90225
-35.00 90.00 -0.68745
-30.00 90.00 -0.51111
-25.00 90.00 -0.47098
-20.00 90.00 -0.51607
-15.00 90.00 -0.49719
-10.00 90.00 -0.31209
-5.00 90.00 -0.75848E-02
0.00 90.00 0.26198
5.00 90.00 0.38233
10.00 90.00 0.38909
15.00 90.00 0.42833
20.00 90.00 0.60036
25.00 90.00 0.83798
30.00 90.00 0.94537
35.00 90.00 0.77322
40.00 90.00 0.37151
45.00 90.00 -0.27015E-01
50.00 90.00 -0.18824
55.00 90.00 -0.66708E-01
60.00 90.00 0.16265
65.00 90.00 0.25713
70.00 90.00 0.10758
80.00 90.00 -0.40582
-45.00 95.00 -0.90520
-40.00 95.00 -0.80868
-35.00 95.00 -0.61020
-30.00 95.00 -0.47704
-25.00 95.00 -0.49066
-20.00 95.00 -0.56603
-15.00 95.00 -0.52678
-10.00 95.00 -0.27444
-5.00 95.00 0.10669
0.00 95.00 0.41405
5.00 95.00 0.50681
10.00 95.00 0.43327
15.00 95.00 0.38130
20.00 95.00 0.49347
25.00 95.00 0.72021
30.00 95.00 0.85434
35.00 95.00 0.72175
40.00 95.00 0.35414
45.00 95.00 -0.19012E-01
-75.00 100.00 0.22131
-65.00 100.00 0.77850E-01
-60.00 100.00 -0.10085
-55.00 100.00 -0.36326
-50.00 100.00 -0.60624
-45.00 100.00 -0.70297
-40.00 100.00 -0.62081
-35.00 100.00 -0.46348
-30.00 100.00 -0.38145
-25.00 100.00 -0.42519
-20.00 100.00 -0.48444
-15.00 100.00 -0.38471
-10.00 100.00 -0.61233E-01
-5.00 100.00 0.35451
0.00 100.00 0.62939
5.00 100.00 0.62890
10.00 100.00 0.44059
15.00 100.00 0.29975
20.00 100.00 0.37726
25.00 100.00 0.62134
30.00 100.00 0.80114
35.00 100.00 0.71679
40.00 100.00 0.38637
45.00 100.00 0.38912E-01
50.00 100.00 -0.81493E-01
55.00 100.00 0.74924E-01
60.00 100.00 0.32580
65.00 100.00 0.41844
75.00 100.00 -0.89002E-01
-70.00 105.00 0.21345
-45.00 105.00 -0.44229
-40.00 105.00 -0.39636
-35.00 105.00 -0.30371
-30.00 105.00 -0.27532
-25.00 105.00 -0.32108
-20.00 105.00 -0.31843
-15.00 105.00 -0.12209
-10.00 105.00 0.27764
-5.00 105.00 0.70337
0.00 105.00 0.91441
5.00 105.00 0.80967
10.00 105.00 0.52691
15.00 105.00 0.33676
20.00 105.00 0.41407
25.00 105.00 0.68638
30.00 105.00 0.89764
35.00 105.00 0.83416
40.00 105.00 0.51372
45.00 105.00 0.17033
70.00 105.00 0.31150
-85.00 110.00 0.23542
-65.00 110.00 0.25097
-60.00 110.00 0.19310
-55.00 110.00 0.57899E-01
-50.00 110.00 -0.91589E-01
-45.00 110.00 -0.17621
-40.00 110.00 -0.17972
-35.00 110.00 -0.16221
-30.00 110.00 -0.18446
-25.00 110.00 -0.21791
-20.00 110.00 -0.14330
-15.00 110.00 0.13908
-10.00 110.00 0.58306
-5.00 110.00 0.98519
0.00 110.00 1.1255
5.00 110.00 0.95218
10.00 110.00 0.64325
15.00 110.00 0.47481
20.00 110.00 0.59575
25.00 110.00 0.90154
30.00 110.00 1.1215
35.00 110.00 1.0485
40.00 110.00 0.71442
45.00 110.00 0.35957
50.00 110.00 0.22570
55.00 110.00 0.35417
60.00 110.00 0.56080
65.00 110.00 0.60109
85.00 110.00 -0.36462
-45.00 115.00 0.57856E-01
-40.00 115.00 0.14752E-01
-35.00 115.00 -0.25626E-01
-30.00 115.00 -0.79554E-01
-25.00 115.00 -0.96337E-01
-20.00 115.00 0.22053E-01
-15.00 115.00 0.32612
-10.00 115.00 0.73371
-5.00 115.00 1.0514
0.00 115.00 1.1105
5.00 115.00 0.91320
10.00 115.00 0.65302
15.00 115.00 0.57416
20.00 115.00 0.77385
25.00 115.00 1.1153
30.00 115.00 1.3326
35.00 115.00 1.2459
40.00 115.00 0.90749
45.00 115.00 0.55540
-80.00 120.00 0.16907
-75.00 120.00 0.16539
-70.00 120.00 0.20866
-65.00 120.00 0.27750
-60.00 120.00 0.32521
-55.00 120.00 0.32465
-50.00 120.00 0.28644
-45.00 120.00 0.23750
-40.00 120.00 0.18985
-35.00 120.00 0.13901
-30.00 120.00 0.94868E-01
-25.00 120.00 0.10476
-20.00 120.00 0.22795
-15.00 120.00 0.47103
-10.00 120.00 0.74603
-5.00 120.00 0.90882
0.00 120.00 0.86667
5.00 120.00 0.67013
10.00 120.00 0.49904
15.00 120.00 0.53443
20.00 120.00 0.81058
25.00 120.00 1.1721
30.00 120.00 1.3823
35.00 120.00 1.3034
40.00 120.00 1.0032
45.00 120.00 0.69820
50.00 120.00 0.57936
55.00 120.00 0.66223
60.00 120.00 0.78348
65.00 120.00 0.74231
70.00 120.00 0.46746
75.00 120.00 0.70462E-01
80.00 120.00 -0.24298
-45.00 125.00 0.34422
-40.00 125.00 0.33640
-35.00 125.00 0.33362
-30.00 125.00 0.35107
-25.00 125.00 0.40936
-20.00 125.00 0.51744
-15.00 125.00 0.64768
-10.00 125.00 0.73292
-5.00 125.00 0.70490
0.00 125.00 0.55526
5.00 125.00 0.36821
10.00 125.00 0.28380
15.00 125.00 0.40347
20.00 125.00 0.70491
25.00 125.00 1.0390
30.00 125.00 1.2243
35.00 125.00 1.1739
40.00 125.00 0.95885
45.00 125.00 0.75145
-65.00 130.00 0.85436E-01
-60.00 130.00 0.15814
-55.00 130.00 0.23473
-50.00 130.00 0.30049
-45.00 130.00 0.35596
-40.00 130.00 0.41557
-35.00 130.00 0.49790
-30.00 130.00 0.61067
-25.00 130.00 0.73792
-20.00 130.00 0.83845
-15.00 130.00 0.86099
-10.00 130.00 0.77223
-5.00 130.00 0.58386
0.00 130.00 0.36078
5.00 130.00 0.19978
10.00 130.00 0.18337
15.00 130.00 0.33178
20.00 130.00 0.58333
25.00 130.00 0.82179
30.00 130.00 0.94167
35.00 130.00 0.91300
40.00 130.00 0.80037
45.00 130.00 0.71632
50.00 130.00 0.73595
55.00 130.00 0.83319
60.00 130.00 0.89117
65.00 130.00 0.78693
-70.00 135.00 -0.89230E-01
-45.00 135.00 0.25369
-40.00 135.00 0.37288
-35.00 135.00 0.53178
-30.00 135.00 0.73184
-25.00 135.00 0.92897
-20.00 135.00 1.0444
-15.00 135.00 1.0115
-10.00 135.00 0.82670
-5.00 135.00 0.56360
0.00 135.00 0.33632
5.00 135.00 0.23559
10.00 135.00 0.28173
15.00 135.00 0.42305
20.00 135.00 0.57423
25.00 135.00 0.66571
30.00 135.00 0.67558
35.00 135.00 0.63291
40.00 135.00 0.59680
45.00 135.00 0.62114
70.00 135.00 0.47676
-75.00 140.00 -0.14329
-65.00 140.00 -0.28510
-60.00 140.00 -0.26843
-55.00 140.00 -0.19188
-50.00 140.00 -0.81803E-01
-45.00 140.00 0.39263E-01
-40.00 140.00 0.17805
-35.00 140.00 0.36327
-30.00 140.00 0.60349
-25.00 140.00 0.84896
-20.00 140.00 1.0025
-15.00 140.00 0.98408
-10.00 140.00 0.79967
-5.00 140.00 0.55333
0.00 140.00 0.38351
5.00 140.00 0.37051
10.00 140.00 0.48663
15.00 140.00 0.62599
20.00 140.00 0.68573
25.00 140.00 0.63381
30.00 140.00 0.51791
35.00 140.00 0.42163
40.00 140.00 0.40945
45.00 140.00 0.49601
50.00 140.00 0.64497
55.00 140.00 0.78398
60.00 140.00 0.82821
65.00 140.00 0.71543
75.00 140.00 0.10798
-45.00 145.00 -0.24940
-40.00 145.00 -0.13810
-35.00 145.00 0.12844E-01
-30.00 145.00 0.23725
-25.00 145.00 0.50535
-20.00 145.00 0.71857
-15.00 145.00 0.77654
-10.00 145.00 0.66458
-5.00 145.00 0.48158
0.00 145.00 0.37470
5.00 145.00 0.42933
10.00 145.00 0.60457
15.00 145.00 0.76724
20.00 145.00 0.79473
25.00 145.00 0.66265
30.00 145.00 0.45318
35.00 145.00 0.28916
40.00 145.00 0.25387
45.00 145.00 0.35237
-80.00 150.00 -0.14603
-70.00 150.00 -0.54767
-65.00 150.00 -0.70527
-60.00 150.00 -0.76853
-55.00 150.00 -0.72745
-50.00 150.00 -0.62961
-45.00 150.00 -0.54088
-40.00 150.00 -0.48050
-35.00 150.00 -0.39710
-30.00 150.00 -0.21886
-25.00 150.00 0.62674E-01
-20.00 150.00 0.35709
-15.00 150.00 0.53221
-10.00 150.00 0.52189
-5.00 150.00 0.38926
0.00 150.00 0.28405
5.00 150.00 0.32455
10.00 150.00 0.50302
15.00 150.00 0.69320
20.00 150.00 0.75132
25.00 150.00 0.62536
30.00 150.00 0.38780
35.00 150.00 0.17650
40.00 150.00 0.10060
45.00 150.00 0.18230
50.00 150.00 0.36140
55.00 150.00 0.53908
60.00 150.00 0.62366
65.00 150.00 0.56210
70.00 150.00 0.36037
80.00 150.00 -0.13857
-45.00 155.00 -0.75402
-40.00 155.00 -0.72822
-35.00 155.00 -0.70089
-30.00 155.00 -0.56280
-25.00 155.00 -0.26229
-20.00 155.00 0.12310
-15.00 155.00 0.42468
-10.00 155.00 0.50816
-5.00 155.00 0.38230
0.00 155.00 0.19526
5.00 155.00 0.11854
10.00 155.00 0.21455
15.00 155.00 0.39611
20.00 155.00 0.50555
25.00 155.00 0.44230
30.00 155.00 0.23561
35.00 155.00 0.14271E-01
40.00 155.00 -0.89509E-01
45.00 155.00 -0.23308E-01
-75.00 160.00 -0.53360
-65.00 160.00 -1.0347
-60.00 160.00 -1.1340
-55.00 160.00 -1.0852
-50.00 160.00 -0.94892
-45.00 160.00 -0.83171
-40.00 160.00 -0.79256
-35.00 160.00 -0.77818
-30.00 160.00 -0.65854
-25.00 160.00 -0.34623
-20.00 160.00 0.10110
-15.00 160.00 0.49356
-10.00 160.00 0.63978
-5.00 160.00 0.49281
0.00 160.00 0.18919
5.00 160.00 -0.53659E-01
10.00 160.00 -0.98398E-01
15.00 160.00 0.22319E-01
20.00 160.00 0.15257
25.00 160.00 0.14865
30.00 160.00 -0.10132E-01
35.00 160.00 -0.21624
40.00 160.00 -0.32368
45.00 160.00 -0.25286
50.00 160.00 -0.35326E-01
55.00 160.00 0.21801
60.00 160.00 0.38724
65.00 160.00 0.40343
75.00 160.00 0.68532E-01
-85.00 165.00 -0.51214E-01
-70.00 165.00 -0.90713
-45.00 165.00 -0.76539
-40.00 165.00 -0.65922
-35.00 165.00 -0.61357
-30.00 165.00 -0.50622
-25.00 165.00 -0.22906
-20.00 165.00 0.19422
-15.00 165.00 0.59185
-10.00 165.00 0.75692
-5.00 165.00 0.60414
0.00 165.00 0.24072
5.00 165.00 -0.11006
10.00 165.00 -0.27189
15.00 165.00 -0.23386
20.00 165.00 -0.13375
25.00 165.00 -0.12965
30.00 165.00 -0.27018
35.00 165.00 -0.46395
40.00 165.00 -0.56022
45.00 165.00 -0.46588
70.00 165.00 0.24002
85.00 165.00 -0.19507
-65.00 170.00 -1.1959
-60.00 170.00 -1.2674
-55.00 170.00 -1.1504
-50.00 170.00 -0.88811
-45.00 170.00 -0.59697
-40.00 170.00 -0.39054
-35.00 170.00 -0.29220
-30.00 170.00 -0.21821
-25.00 170.00 -0.56493E-01
-20.00 170.00 0.22063
-15.00 170.00 0.51011
-10.00 170.00 0.64726
-5.00 170.00 0.53768
0.00 170.00 0.24020
5.00 170.00 -0.72874E-01
10.00 170.00 -0.24728
15.00 170.00 -0.26001
20.00 170.00 -0.22103
25.00 170.00 -0.26653
30.00 170.00 -0.43701
35.00 170.00 -0.64088
40.00 170.00 -0.72795
45.00 170.00 -0.60674
50.00 170.00 -0.31185
55.00 170.00 0.23017E-01
60.00 170.00 0.25452
65.00 170.00 0.31106
-45.00 175.00 -0.39798
-40.00 175.00 -0.91174E-01
-35.00 175.00 0.55637E-01
-30.00 175.00 0.67176E-01
-25.00 175.00 0.45587E-01
-20.00 175.00 0.80067E-01
-15.00 175.00 0.17343
-10.00 175.00 0.24932
-5.00 175.00 0.23105
0.00 175.00 0.11778
5.00 175.00 -0.13680E-01
10.00 175.00 -0.83034E-01
15.00 175.00 -0.86142E-01
20.00 175.00 -0.10302
25.00 175.00 -0.22257
30.00 175.00 -0.44992
35.00 175.00 -0.68055
40.00 175.00 -0.76825
45.00 175.00 -0.63299
-80.00 180.00 -0.45806
-75.00 180.00 -0.77681
-70.00 180.00 -1.0356
-65.00 180.00 -1.1955
-60.00 180.00 -1.2086
-55.00 180.00 -1.0340
-50.00 180.00 -0.68017
-45.00 180.00 -0.23846
-40.00 180.00 0.13889
-35.00 180.00 0.31682
-30.00 180.00 0.25962
-25.00 180.00 0.51629E-01
-20.00 180.00 -0.16287
-15.00 180.00 -0.27362
-10.00 180.00 -0.25964
-5.00 180.00 -0.17065
0.00 180.00 -0.65593E-01
5.00 180.00 0.29109E-01
10.00 180.00 0.10836
15.00 180.00 0.15002
20.00 180.00 0.10389
25.00 180.00 -0.67972E-01
30.00 180.00 -0.33403
35.00 180.00 -0.58078
40.00 180.00 -0.67203
45.00 180.00 -0.54158
50.00 180.00 -0.24530
55.00 180.00 0.71837E-01
60.00 180.00 0.26918
65.00 180.00 0.29253
70.00 180.00 0.18786
75.00 180.00 0.44643E-01
80.00 180.00 -0.70379E-01
-45.00 -175 -0.16104
-40.00 -175 0.23881
-35.00 -175 0.42809
-30.00 -175 0.32942
-25.00 -175 0.95301E-02
-20.00 -175 -0.35485
-15.00 -175 -0.58336
-10.00 -175 -0.59203
-5.00 -175 -0.41807
0.00 -175 -0.16597
5.00 -175 0.67384E-01
10.00 -175 0.22812
15.00 -175 0.29162
20.00 -175 0.23971
25.00 -175 0.68374E-01
30.00 -175 -0.17991
35.00 -175 -0.40447
40.00 -175 -0.48880
45.00 -175 -0.37674
-65.00 -170 -1.0925
-60.00 -170 -1.0500
-55.00 -170 -0.87978
-50.00 -170 -0.57137
-45.00 -170 -0.16977
-40.00 -170 0.19886
-35.00 -170 0.37612
-30.00 -170 0.27400
-25.00 -170 -0.49695E-01
-20.00 -170 -0.41338
-15.00 -170 -0.62345
-10.00 -170 -0.59227
-5.00 -170 -0.37423
0.00 -170 -0.10265
5.00 -170 0.10918
10.00 -170 0.22096
15.00 -170 0.24551
20.00 -170 0.19929
25.00 -170 0.84527E-01
30.00 -170 -0.82772E-01
35.00 -170 -0.24186
40.00 -170 -0.30379
45.00 -170 -0.21454
50.00 -170 -0.87039E-02
55.00 -170 0.20287
60.00 -170 0.30933
65.00 -170 0.27655
-70.00 -165 -0.99736
-45.00 -165 -0.23495
-40.00 -165 0.54615E-01
-35.00 -165 0.18680
-30.00 -165 0.93314E-01
-25.00 -165 -0.16253
-20.00 -165 -0.41199
-15.00 -165 -0.49501
-10.00 -165 -0.37221
-5.00 -165 -0.14209
0.00 -165 0.47452E-01
5.00 -165 0.11297
10.00 -165 0.78513E-01
15.00 -165 0.22430E-01
20.00 -165 -0.83987E-02
25.00 -165 -0.31578E-01
30.00 -165 -0.85063E-01
35.00 -165 -0.16182
40.00 -165 -0.19814
45.00 -165 -0.13165
70.00 -165 0.13429
-75.00 -160 -0.85095
-65.00 -160 -0.95920
-60.00 -160 -0.86544
-55.00 -160 -0.72208
-50.00 -160 -0.53068
-45.00 -160 -0.30935
-40.00 -160 -0.12837
-35.00 -160 -0.79263E-01
-30.00 -160 -0.19285
-25.00 -160 -0.38590
-20.00 -160 -0.50314
-15.00 -160 -0.43423
-10.00 -160 -0.20774
-5.00 -160 0.25692E-01
0.00 -160 0.11286
5.00 -160 0.18552E-01
10.00 -160 -0.15690
15.00 -160 -0.27358
20.00 -160 -0.27064
25.00 -160 -0.20111
30.00 -160 -0.15996
35.00 -160 -0.18287
40.00 -160 -0.21484
45.00 -160 -0.17392
50.00 -160 -0.41020E-01
55.00 -160 0.11520
60.00 -160 0.20087
65.00 -160 0.18119
75.00 -160 0.29609E-01
-45.00 -155 -0.34969
-40.00 -155 -0.27633
-35.00 -155 -0.33222
-30.00 -155 -0.51033
-25.00 -155 -0.70034
-20.00 -155 -0.74948
-15.00 -155 -0.58399
-10.00 -155 -0.28524
-5.00 -155 -0.41667E-01
0.00 -155 -0.53051E-02
5.00 -155 -0.17254
10.00 -155 -0.39326
15.00 -155 -0.50019
20.00 -155 -0.44353
25.00 -155 -0.31421
30.00 -155 -0.24348
35.00 -155 -0.27815
40.00 -155 -0.34662
45.00 -155 -0.33884
-80.00 -150 -0.59805
-70.00 -150 -0.93193
-65.00 -150 -0.86005
-60.00 -150 -0.72150
-55.00 -150 -0.57220
-50.00 -150 -0.43469
-45.00 -150 -0.33682
-40.00 -150 -0.33546
-35.00 -150 -0.47871
-30.00 -150 -0.73523
-25.00 -150 -0.97224
-20.00 -150 -1.0306
-15.00 -150 -0.84961
-10.00 -150 -0.53183
-5.00 -150 -0.27666
0.00 -150 -0.22796
5.00 -150 -0.36356
10.00 -150 -0.52433
15.00 -150 -0.55749
20.00 -150 -0.44613
25.00 -150 -0.31114
30.00 -150 -0.28939
35.00 -150 -0.40441
40.00 -150 -0.54718
45.00 -150 -0.57833
50.00 -150 -0.45080
55.00 -150 -0.24062
60.00 -150 -0.67177E-01
65.00 -150 0.10785E-01
70.00 -150 0.22556E-01
80.00 -150 0.12714E-01
-45.00 -145 -0.28680
-40.00 -145 -0.29910
-35.00 -145 -0.46989
-30.00 -145 -0.76215
-25.00 -145 -1.0361
-20.00 -145 -1.1293
-15.00 -145 -0.98122
-10.00 -145 -0.69031
-5.00 -145 -0.44310
0.00 -145 -0.36677
5.00 -145 -0.43332
10.00 -145 -0.50113
15.00 -145 -0.45567
20.00 -145 -0.31945
25.00 -145 -0.22980
30.00 -145 -0.30611
35.00 -145 -0.53091
40.00 -145 -0.75465
45.00 -145 -0.81788
-85.00 -140 -0.21718
-75.00 -140 -0.85438
-65.00 -140 -0.83171
-60.00 -140 -0.68742
-55.00 -140 -0.52849
-50.00 -140 -0.37113
-45.00 -140 -0.24564
-40.00 -140 -0.21739
-35.00 -140 -0.34188
-30.00 -140 -0.59178
-25.00 -140 -0.83915
-20.00 -140 -0.93264
-15.00 -140 -0.81461
-10.00 -140 -0.57241
-5.00 -140 -0.36887
0.00 -140 -0.30778
5.00 -140 -0.35469
10.00 -140 -0.38603
15.00 -140 -0.32034
20.00 -140 -0.20658
25.00 -140 -0.18387
30.00 -140 -0.34782
35.00 -140 -0.64799
40.00 -140 -0.91316
45.00 -140 -0.98275
50.00 -140 -0.82661
55.00 -140 -0.55073
60.00 -140 -0.29568
65.00 -140 -0.13006
75.00 -140 0.31342E-01
85.00 -140 -0.33677E-01
-70.00 -135 -0.91009
-45.00 -135 -0.26617
-40.00 -135 -0.17472
-35.00 -135 -0.20815
-30.00 -135 -0.35666
-25.00 -135 -0.51751
-20.00 -135 -0.56341
-15.00 -135 -0.44866
-10.00 -135 -0.25402
-5.00 -135 -0.12123
0.00 -135 -0.13142
5.00 -135 -0.23910
10.00 -135 -0.32416
15.00 -135 -0.31370
20.00 -135 -0.25722
25.00 -135 -0.28154
30.00 -135 -0.46571
35.00 -135 -0.75321
40.00 -135 -0.98449
45.00 -135 -1.0211
70.00 -135 -0.37718E-01
-65.00 -130 -0.85701
-60.00 -130 -0.76902
-55.00 -130 -0.66710
-50.00 -130 -0.53577
-45.00 -130 -0.37605
-40.00 -130 -0.23939
-35.00 -130 -0.19189
-30.00 -130 -0.24269
-25.00 -130 -0.31625
-20.00 -130 -0.30935
-15.00 -130 -0.18723
-10.00 -130 -0.26386E-01
-5.00 -130 0.44019E-01
0.00 -130 -0.46305E-01
5.00 -130 -0.24660
10.00 -130 -0.43150
15.00 -130 -0.51343
20.00 -130 -0.51581
25.00 -130 -0.53948
30.00 -130 -0.65618
35.00 -130 -0.83178
40.00 -130 -0.95103
45.00 -130 -0.91780
50.00 -130 -0.73489
55.00 -130 -0.49208
60.00 -130 -0.28256
65.00 -130 -0.13460
-45.00 -125 -0.55500
-40.00 -125 -0.41411
-35.00 -125 -0.33754
-30.00 -125 -0.35231
-25.00 -125 -0.40250
-20.00 -125 -0.39399
-15.00 -125 -0.28613
-10.00 -125 -0.14236
-5.00 -125 -0.85816E-01
0.00 -125 -0.19547
5.00 -125 -0.43647
10.00 -125 -0.68784
15.00 -125 -0.84060
20.00 -125 -0.87587
25.00 -125 -0.85609
30.00 -125 -0.84703
35.00 -125 -0.85132
40.00 -125 -0.81564
45.00 -125 -0.69620
-80.00 -120 -0.56380
-75.00 -120 -0.79677
-70.00 -120 -0.87350
-65.00 -120 -0.86734
-60.00 -120 -0.85816
-55.00 -120 -0.85996
-50.00 -120 -0.82961
-45.00 -120 -0.73801
-40.00 -120 -0.62350
-35.00 -120 -0.56766
-30.00 -120 -0.61552
-25.00 -120 -0.72165
-20.00 -120 -0.78157
-15.00 -120 -0.72536
-10.00 -120 -0.58721
-5.00 -120 -0.48423
0.00 -120 -0.52098
5.00 -120 -0.70394
10.00 -120 -0.93862
15.00 -120 -1.1055
20.00 -120 -1.1431
25.00 -120 -1.0689
30.00 -120 -0.93595
35.00 -120 -0.77863
40.00 -120 -0.60169
45.00 -120 -0.41006
50.00 -120 -0.23304
55.00 -120 -0.10815
60.00 -120 -0.41922E-01
65.00 -120 0.20330E-02
70.00 -120 0.63681E-01
75.00 -120 0.13150
80.00 -120 0.13555
-45.00 -115 -0.84697
-40.00 -115 -0.75411
-35.00 -115 -0.72584
-30.00 -115 -0.82795
-25.00 -115 -1.0230
-20.00 -115 -1.1874
-15.00 -115 -1.2090
-10.00 -115 -1.0804
-5.00 -115 -0.90611
0.00 -115 -0.81786
5.00 -115 -0.87346
10.00 -115 -1.0210
15.00 -115 -1.1488
20.00 -115 -1.1682
25.00 -115 -1.0589
30.00 -115 -0.85524
35.00 -115 -0.60591
40.00 -115 -0.35109
45.00 -115 -0.12704
-65.00 -110 -0.79917
-60.00 -110 -0.82365
-55.00 -110 -0.87717
-50.00 -110 -0.89710
-45.00 -110 -0.83373
-40.00 -110 -0.72488
-35.00 -110 -0.68230
-30.00 -110 -0.79589
-25.00 -110 -1.0433
-20.00 -110 -1.2915
-15.00 -110 -1.3941
-10.00 -110 -1.3030
-5.00 -110 -1.0995
0.00 -110 -0.92296
5.00 -110 -0.86412
10.00 -110 -0.90838
15.00 -110 -0.96632
20.00 -110 -0.94978
25.00 -110 -0.82576
30.00 -110 -0.61602
35.00 -110 -0.36495
40.00 -110 -0.11587
45.00 -110 0.91117E-01
50.00 -110 0.21977
55.00 -110 0.25515
60.00 -110 0.22429
65.00 -110 0.18703
-70.00 -105 -0.73888
-45.00 -105 -0.70771
-40.00 -105 -0.54056
-35.00 -105 -0.42621
-30.00 -105 -0.47915
-25.00 -105 -0.70327
-20.00 -105 -0.97844
-15.00 -105 -1.1499
-10.00 -105 -1.1429
-5.00 -105 -1.0055
0.00 -105 -0.85162
5.00 -105 -0.76317
10.00 -105 -0.73669
15.00 -105 -0.70970
20.00 -105 -0.62695
25.00 -105 -0.48106
30.00 -105 -0.30100
35.00 -105 -0.11664
40.00 -105 0.56941E-01
45.00 -105 0.20636
70.00 -105 0.24928
-75.00 -100 -0.63127
-65.00 -100 -0.65362
-60.00 -100 -0.65598
-55.00 -100 -0.68732
-50.00 -100 -0.66931
-45.00 -100 -0.52846
-40.00 -100 -0.28850
-35.00 -100 -0.74440E-01
-30.00 -100 -0.19801E-01
-25.00 -100 -0.16035
-20.00 -100 -0.40918
-15.00 -100 -0.63129
-10.00 -100 -0.74569
-5.00 -100 -0.76501
0.00 -100 -0.74858
5.00 -100 -0.72725
10.00 -100 -0.67632
15.00 -100 -0.55603
20.00 -100 -0.36850
25.00 -100 -0.16795
30.00 -100 -0.14630E-01
35.00 -100 0.76876E-01
40.00 -100 0.14069
45.00 -100 0.21396
50.00 -100 0.29451
55.00 -100 0.34765
60.00 -100 0.35137
65.00 -100 0.32464
75.00 -100 0.28033
-45.00 -95 -0.36660
-40.00 -95 -0.78758E-01
-35.00 -95 0.21216
-30.00 -95 0.36544
-25.00 -95 0.32008
-20.00 -95 0.12498
-15.00 -95 -0.12029
-10.00 -95 -0.34723
-5.00 -95 -0.54323
0.00 -95 -0.70786
5.00 -95 -0.80298
10.00 -95 -0.76236
15.00 -95 -0.55799
20.00 -95 -0.25275
25.00 -95 0.24482E-01
30.00 -95 0.16926
35.00 -95 0.17746
40.00 -95 0.13631
45.00 -95 0.14070
-80.00 -90 -0.36056
-70.00 -90 -0.53735
-65.00 -90 -0.48507
-60.00 -90 -0.45362
-55.00 -90 -0.45758
-50.00 -90 -0.42107
-45.00 -90 -0.25819
-40.00 -90 0.31154E-01
-35.00 -90 0.34297
-30.00 -90 0.54368
-25.00 -90 0.56449
-20.00 -90 0.42978
-15.00 -90 0.20623
-10.00 -90 -0.61655E-01
-5.00 -90 -0.35896
0.00 -90 -0.65121
5.00 -90 -0.84873
10.00 -90 -0.84489
15.00 -90 -0.60768
20.00 -90 -0.23585
25.00 -90 0.88878E-01
30.00 -90 0.22685
35.00 -90 0.17820
40.00 -90 0.67817E-01
45.00 -90 0.33112E-01
50.00 -90 0.11670
55.00 -90 0.25483
60.00 -90 0.35661
65.00 -90 0.38553
70.00 -90 0.36443
80.00 -90 0.21335
-85.00 -85 -0.64745E-01
-45.00 -85 -0.18271
-40.00 -85 0.73534E-01
-35.00 -85 0.35695
-30.00 -85 0.55174
-25.00 -85 0.60059
-20.00 -85 0.52624
-15.00 -85 0.37870
-10.00 -85 0.17618
-5.00 -85 -0.90890E-01
0.00 -85 -0.39889
5.00 -85 -0.65021
10.00 -85 -0.71712
15.00 -85 -0.54613
20.00 -85 -0.22533
25.00 -85 0.61737E-01
30.00 -85 0.16894
35.00 -85 0.94937E-01
40.00 -85 -0.29182E-01
45.00 -85 -0.58413E-01
85.00 -85 0.17224E-01
-75.00 -80 -0.40327
-65.00 -80 -0.33425
-60.00 -80 -0.27099
-55.00 -80 -0.24654
-50.00 -80 -0.20691
-45.00 -80 -0.79273E-01
-40.00 -80 0.14353
-35.00 -80 0.38463
-30.00 -80 0.54807
-25.00 -80 0.59906
-20.00 -80 0.57792
-15.00 -80 0.53822
-10.00 -80 0.47973
-5.00 -80 0.35212
0.00 -80 0.12815
5.00 -80 -0.13346
10.00 -80 -0.31069
15.00 -80 -0.31643
20.00 -80 -0.18007
25.00 -80 -0.29015E-01
30.00 -80 0.19301E-01
35.00 -80 -0.43321E-01
40.00 -80 -0.11725
45.00 -80 -0.92948E-01
50.00 -80 0.49523E-01
55.00 -80 0.23115
60.00 -80 0.35395
65.00 -80 0.38318
75.00 -80 0.29245
-70.00 -75 -0.34767
-45.00 -75 0.10993
-40.00 -75 0.32786
-35.00 -75 0.54407
-30.00 -75 0.67657
-25.00 -75 0.71184
-20.00 -75 0.71511
-15.00 -75 0.75917
-10.00 -75 0.84213
-5.00 -75 0.87846
0.00 -75 0.77619
5.00 -75 0.52708
10.00 -75 0.22285
15.00 -75 -0.17669E-01
20.00 -75 -0.13937
25.00 -75 -0.17499
30.00 -75 -0.18734
35.00 -75 -0.19546
40.00 -75 -0.16156
45.00 -75 -0.46967E-01
70.00 -75 0.31080
-65.00 -70 -0.19620
-60.00 -70 -0.69671E-01
-55.00 -70 0.54694E-01
-50.00 -70 0.19853
-45.00 -70 0.39783
-40.00 -70 0.63954
-35.00 -70 0.84954
-30.00 -70 0.95268
-25.00 -70 0.94811
-20.00 -70 0.92087
-15.00 -70 0.96910
-10.00 -70 1.1090
-5.00 -70 1.2459
0.00 -70 1.2412
5.00 -70 1.0194
10.00 -70 0.62510
15.00 -70 0.18898
20.00 -70 -0.15894
25.00 -70 -0.35277
30.00 -70 -0.39236
35.00 -70 -0.30742
40.00 -70 -0.13362
45.00 -70 0.81723E-01
50.00 -70 0.27216
55.00 -70 0.37465
60.00 -70 0.37176
65.00 -70 0.30680
-45.00 -65 0.73857
-40.00 -65 1.0028
-35.00 -65 1.1976
-30.00 -65 1.2559
-25.00 -65 1.1825
-20.00 -65 1.0699
-15.00 -65 1.0345
-10.00 -65 1.1226
-5.00 -65 1.2620
0.00 -65 1.3058
5.00 -65 1.1340
10.00 -65 0.73821
15.00 -65 0.22895
20.00 -65 -0.22781
25.00 -65 -0.49468
30.00 -65 -0.51607
35.00 -65 -0.32543
40.00 -65 -0.21240E-01
45.00 -65 0.27134
-80.00 -60 -0.62855E-01
-75.00 -60 -0.17247
-70.00 -60 -0.17818
-65.00 -60 -0.55262E-01
-60.00 -60 0.16989
-55.00 -60 0.45168
-50.00 -60 0.75389
-45.00 -60 1.0485
-40.00 -60 1.2948
-35.00 -60 1.4349
-30.00 -60 1.4235
-25.00 -60 1.2724
-20.00 -60 1.0651
-15.00 -60 0.91520
-10.00 -60 0.89138
-5.00 -60 0.96390
0.00 -60 1.0164
5.00 -60 0.91943
10.00 -60 0.61763
15.00 -60 0.17306
20.00 -60 -0.26056
25.00 -60 -0.51567
30.00 -60 -0.49640
35.00 -60 -0.22760
40.00 -60 0.15594
45.00 -60 0.47552
50.00 -60 0.59867
55.00 -60 0.50607
60.00 -60 0.29393
65.00 -60 0.10473
70.00 -60 0.27530E-01
75.00 -60 0.41449E-01
80.00 -60 0.41753E-01
-45.00 -55 1.2463
-40.00 -55 1.4138
-35.00 -55 1.4536
-30.00 -55 1.3653
-25.00 -55 1.1741
-20.00 -55 0.93607
-15.00 -55 0.72772
-10.00 -55 0.61275
-5.00 -55 0.60226
0.00 -55 0.63724
5.00 -55 0.61497
10.00 -55 0.45269
15.00 -55 0.15206
20.00 -55 -0.18135
25.00 -55 -0.38662
30.00 -55 -0.34300
35.00 -55 -0.54175E-01
40.00 -55 0.33820
45.00 -55 0.62978
-65.00 -50 0.75078E-01
-60.00 -50 0.37373
-55.00 -50 0.75072
-50.00 -50 1.0871
-45.00 -50 1.2876
-40.00 -50 1.3274
-35.00 -50 1.2481
-30.00 -50 1.1136
-25.00 -50 0.96483
-20.00 -50 0.81042
-15.00 -50 0.65273
-10.00 -50 0.51521
-5.00 -50 0.43491
0.00 -50 0.42278
5.00 -50 0.43266
10.00 -50 0.38135
15.00 -50 0.21749
20.00 -50 -0.15255E-01
25.00 -50 -0.18415
30.00 -50 -0.15541
35.00 -50 0.95297E-01
40.00 -50 0.44010
45.00 -50 0.66961
50.00 -50 0.63398
55.00 -50 0.34949
60.00 -50 -0.13108E-01
65.00 -50 -0.25262
-70.00 -45 -0.12953E-01
-45.00 -45 1.1754
-40.00 -45 1.0762
-35.00 -45 0.90200
-30.00 -45 0.78282
-25.00 -45 0.76623
-20.00 -45 0.79443
-15.00 -45 0.77249
-10.00 -45 0.66259
-5.00 -45 0.51668
0.00 -45 0.41882
5.00 -45 0.39538
10.00 -45 0.38365
15.00 -45 0.29517
20.00 -45 0.11649
25.00 -45 -0.52491E-01
30.00 -45 -0.71307E-01
35.00 -45 0.11195
40.00 -45 0.39011
45.00 -45 0.55756
70.00 -45 -0.44902
-75.00 -40 0.65152E-01
-65.00 -40 0.16121
-60.00 -40 0.44025
-55.00 -40 0.76721
-50.00 -40 0.97162
-45.00 -40 0.94598
-40.00 -40 0.73813
-35.00 -40 0.52625
-30.00 -40 0.48449
-25.00 -40 0.64550
-20.00 -40 0.87627
-15.00 -40 0.98994
-10.00 -40 0.89828
-5.00 -40 0.67335
0.00 -40 0.46853
5.00 -40 0.37604
10.00 -40 0.35324
15.00 -40 0.28365
20.00 -40 0.11033
25.00 -40 -0.89984E-01
30.00 -40 -0.16861
35.00 -40 -0.49881E-01
40.00 -40 0.17616
45.00 -40 0.30675
50.00 -40 0.18796
55.00 -40 -0.15292
60.00 -40 -0.52002
65.00 -40 -0.69828
75.00 -40 -0.38076
-45.00 -35 0.64491
-40.00 -35 0.38361
-35.00 -35 0.19705
-30.00 -35 0.26412
-25.00 -35 0.57742
-20.00 -35 0.93716
-15.00 -35 1.1028
-10.00 -35 0.97830
-5.00 -35 0.67497
0.00 -35 0.40100
5.00 -35 0.28033
10.00 -35 0.26226
15.00 -35 0.19728
20.00 -35 0.75834E-03
25.00 -35 -0.25287
30.00 -35 -0.39549
35.00 -35 -0.32917
40.00 -35 -0.13391
45.00 -35 -0.14736E-01
-85.00 -30 0.25143
-80.00 -30 0.24899
-70.00 -30 0.13773
-65.00 -30 0.18820
-60.00 -30 0.34075
-55.00 -30 0.49059
-50.00 -30 0.49627
-45.00 -30 0.31011
-40.00 -30 0.50583E-01
-35.00 -30 -0.66623E-01
-30.00 -30 0.10029
-25.00 -30 0.48720
-20.00 -30 0.85415
-15.00 -30 0.96540
-10.00 -30 0.77244
-5.00 -30 0.44304
0.00 -30 0.21065
5.00 -30 0.17628
10.00 -30 0.23632
15.00 -30 0.19592
20.00 -30 -0.39480E-01
25.00 -30 -0.37051
30.00 -30 -0.59235
35.00 -30 -0.58273
40.00 -30 -0.41717
45.00 -30 -0.30668
50.00 -30 -0.41386
55.00 -30 -0.71038
60.00 -30 -0.99856
65.00 -30 -1.0735
70.00 -30 -0.88356
80.00 -30 -0.29539
85.00 -30 -0.19849
-45.00 -25 -0.30414E-01
-40.00 -25 -0.25063
-35.00 -25 -0.28230
-30.00 -25 -0.49356E-01
-25.00 -25 0.32673
-20.00 -25 0.60193
-15.00 -25 0.60039
-10.00 -25 0.36107
-5.00 -25 0.10737
0.00 -25 0.57160E-01
5.00 -25 0.23414
10.00 -25 0.44553
15.00 -25 0.44797
20.00 -25 0.15798
25.00 -25 -0.27597
30.00 -25 -0.60035
35.00 -25 -0.66900
40.00 -25 -0.55633
45.00 -25 -0.47831
-75.00 -20 0.29850
-65.00 -20 0.18110
-60.00 -20 0.15108
-55.00 -20 0.72902E-01
-50.00 -20 -0.10757
-45.00 -20 -0.34990
-40.00 -20 -0.51454
-35.00 -20 -0.46514
-30.00 -20 -0.19903
-25.00 -20 0.11917
-20.00 -20 0.27310
-15.00 -20 0.17598
-10.00 -20 -0.40235E-01
-5.00 -20 -0.12047
0.00 -20 0.99336E-01
5.00 -20 0.53760
10.00 -20 0.91015
15.00 -20 0.94414
20.00 -20 0.58892
25.00 -20 0.50228E-01
30.00 -20 -0.37715
35.00 -20 -0.53502
40.00 -20 -0.50049
45.00 -20 -0.48752
50.00 -20 -0.64829
55.00 -20 -0.94588
60.00 -20 -1.1954
65.00 -20 -1.2234
75.00 -20 -0.66555
-70.00 -15 0.27100
-45.00 -15 -0.61472
-40.00 -15 -0.72095
-35.00 -15 -0.60218
-30.00 -15 -0.31842
-25.00 -15 -0.56224E-01
-20.00 -15 0.12239E-01
-15.00 -15 -0.11540
-10.00 -15 -0.24341
-5.00 -15 -0.12248
0.00 -15 0.33778
5.00 -15 0.96424
10.00 -15 1.4215
15.00 -15 1.4479
20.00 -15 1.0414
25.00 -15 0.44850
30.00 -15 -0.28240E-01
35.00 -15 -0.24521
40.00 -15 -0.28780
45.00 -15 -0.35603
70.00 -15 -0.99641
-65.00 -10 0.18530
-60.00 -10 0.28502E-02
-55.00 -10 -0.25368
-50.00 -10 -0.55183
-45.00 -10 -0.78637
-40.00 -10 -0.83390
-35.00 -10 -0.65511
-30.00 -10 -0.35325
-25.00 -10 -0.11710
-20.00 -10 -0.74175E-01
-15.00 -10 -0.17131
-10.00 -10 -0.19558
-5.00 -10 0.61733E-01
0.00 -10 0.62177
5.00 -10 1.2678
10.00 -10 1.6800
15.00 -10 1.6554
20.00 -10 1.2439
25.00 -10 0.69584
30.00 -10 0.27169
35.00 -10 0.66881E-01
40.00 -10 -0.17388E-01
45.00 -10 -0.15321
50.00 -10 -0.42781
55.00 -10 -0.77555
60.00 -10 -1.0399
65.00 -10 -1.0983
-45.00 -5 -0.83459
-40.00 -5 -0.81911
-35.00 -5 -0.58551
-30.00 -5 -0.26186
-25.00 -5 -0.25430E-01
-20.00 -5 0.33281E-01
-15.00 -5 -0.96793E-02
-10.00 -5 0.35030E-01
-5.00 -5 0.31518
0.00 -5 0.80256
5.00 -5 1.2920
10.00 -5 1.5406
15.00 -5 1.4385
20.00 -5 1.0789
25.00 -5 0.67571
30.00 -5 0.40341
35.00 -5 0.28490
40.00 -5 0.20797
45.00 -5 0.40447E-01
90.00 0.00 -0.22572
-90.00 0.00 0.17133
