-85.00 0.00 0.17079
-80.00 0.00 0.20480
-75.00 0.00 0.13506
-70.00 0.00 0.66687E-02
-65.00 0.00 -0.12370
-60.00 0.00 -0.21773
-55.00 0.00 -0.26152
-50.00 0.00 -0.25673
-45.00 0.00 -0.20899
-40.00 0.00 -0.12537
-35.00 0.00 -0.19291E-01
-30.00 0.00 0.88036E-01
-25.00 0.00 0.17769
-20.00 0.00 0.24823
-15.00 0.00 0.32039
-10.00 0.00 0.42119
-5.00 0.00 0.55578
0.00 0.00 0.68972
5.00 0.00 0.76066
10.00 0.00 0.71688
15.00 0.00 0.55705
20.00 0.00 0.34067
25.00 0.00 0.15800
30.00 0.00 0.77199E-01
35.00 0.00 0.10346
40.00 0.00 0.17744
45.00 0.00 0.21309
50.00 0.00 0.14973
55.00 0.00 -0.14261E-01
60.00 0.00 -0.22431
65.00 0.00 -0.40350
70.00 0.00 -0.49517
75.00 0.00 -0.48915
80.00 0.00 -0.42311
85.00 0.00 -0.35479
-45.00 5.00 -0.19477
-40.00 5.00 -0.90476E-01
-35.00 5.00 0.17323E-01
-30.00 5.00 0.10828
-25.00 5.00 0.18677
-20.00 5.00 0.27671
-15.00 5.00 0.39884
-10.00 5.00 0.54671
-5.00 5.00 0.68070
0.00 5.00 0.74672
5.00 5.00 0.70772
10.00 5.00 0.56696
15.00 5.00 0.36887
20.00 5.00 0.17887
25.00 5.00 0.55416E-01
30.00 5.00 0.27712E-01
35.00 5.00 0.85913E-01
40.00 5.00 0.18476
45.00 5.00 0.25960
-65.00 10.00 -0.64353E-01
-60.00 10.00 -0.19733
-55.00 10.00 -0.26933
-50.00 10.00 -0.25133
-45.00 10.00 -0.14794
-40.00 10.00 -0.23607E-02
-35.00 10.00 0.12689
-30.00 10.00 0.20654
-25.00 10.00 0.25368
-20.00 10.00 0.32025
-15.00 10.00 0.44506
-10.00 10.00 0.61219
-5.00 10.00 0.75233
0.00 10.00 0.78847
5.00 10.00 0.69018
10.00 10.00 0.49429
15.00 10.00 0.27920
20.00 10.00 0.11754
25.00 10.00 0.44070E-01
30.00 10.00 0.55530E-01
35.00 10.00 0.12837
40.00 10.00 0.23080
45.00 10.00 0.32171
50.00 10.00 0.35126
55.00 10.00 0.27876
60.00 10.00 0.10240
65.00 10.00 -0.12609
-70.00 15.00 0.11882
-45.00 15.00 -0.10219
-40.00 15.00 0.10208
-35.00 15.00 0.28008
-30.00 15.00 0.37104
-25.00 15.00 0.38692
-20.00 15.00 0.40018
-15.00 15.00 0.47881
-10.00 15.00 0.62233
-5.00 15.00 0.75479
0.00 15.00 0.78276
5.00 15.00 0.66938
10.00 15.00 0.46280
15.00 15.00 0.25863
20.00 15.00 0.13315
25.00 15.00 0.10393
30.00 15.00 0.14264
35.00 15.00 0.21455
40.00 15.00 0.30050
45.00 15.00 0.38425
70.00 15.00 -0.24244
-75.00 20.00 0.25788
-65.00 20.00 -0.15676E-01
-60.00 20.00 -0.18009
-55.00 20.00 -0.28553
-50.00 20.00 -0.26495
-45.00 20.00 -0.95004E-01
-40.00 20.00 0.16908
-35.00 20.00 0.41436
-30.00 20.00 0.54343
-25.00 20.00 0.54367
-20.00 20.00 0.49120
-15.00 20.00 0.48209
-10.00 20.00 0.54848
-5.00 20.00 0.63275
0.00 20.00 0.64184
5.00 20.00 0.53188
10.00 20.00 0.34788
15.00 20.00 0.18625
20.00 20.00 0.11850
25.00 20.00 0.14566
30.00 20.00 0.21801
35.00 20.00 0.29055
40.00 20.00 0.35500
45.00 20.00 0.42012
50.00 20.00 0.46978
55.00 20.00 0.45233
60.00 20.00 0.32060
65.00 20.00 0.85594E-01
75.00 20.00 -0.35546
-45.00 25.00 -0.14821
-40.00 25.00 0.15390
-35.00 25.00 0.46177
-30.00 25.00 0.64222
-25.00 25.00 0.64497
-20.00 25.00 0.53094
-15.00 25.00 0.41314
-10.00 25.00 0.36157
-5.00 25.00 0.35526
0.00 25.00 0.32038
5.00 25.00 0.21374
10.00 25.00 0.71350E-01
15.00 25.00 -0.21838E-01
20.00 25.00 -0.81985E-02
25.00 25.00 0.94649E-01
30.00 25.00 0.21725
35.00 25.00 0.30457
40.00 25.00 0.35662
45.00 25.00 0.40525
-80.00 30.00 0.31219
-70.00 30.00 0.17019
-65.00 30.00 0.90540E-02
-60.00 30.00 -0.18147
-55.00 30.00 -0.34452
-50.00 30.00 -0.39093
-45.00 30.00 -0.25326
-40.00 30.00 0.47004E-01
-35.00 30.00 0.38650
-30.00 30.00 0.60830
-25.00 30.00 0.62439
-20.00 30.00 0.46875
-15.00 30.00 0.25694
-10.00 30.00 0.89881E-01
-5.00 30.00 -0.12922E-01
0.00 30.00 -0.96901E-01
5.00 30.00 -0.19874
10.00 30.00 -0.29318
15.00 30.00 -0.31258
20.00 30.00 -0.21665
25.00 30.00 -0.39388E-01
30.00 30.00 0.13517
35.00 30.00 0.24435
40.00 30.00 0.29379
45.00 30.00 0.33366
50.00 30.00 0.39024
55.00 30.00 0.42490
60.00 30.00 0.36530
65.00 30.00 0.18023
70.00 30.00 -0.76078E-01
80.00 30.00 -0.40220
-45.00 35.00 -0.37092
-40.00 35.00 -0.11621
-35.00 35.00 0.20803
-30.00 35.00 0.44121
-25.00 35.00 0.47164
-20.00 35.00 0.30712
-15.00 35.00 0.54388E-01
-10.00 35.00 -0.17057
-5.00 35.00 -0.32055
0.00 35.00 -0.41965
5.00 35.00 -0.50129
10.00 35.00 -0.55237
15.00 35.00 -0.52164
20.00 35.00 -0.38028
25.00 35.00 -0.16788
30.00 35.00 0.28346E-01
35.00 35.00 0.14411
40.00 35.00 0.18851
45.00 35.00 0.22279
-75.00 40.00 0.27058
-65.00 40.00 0.23589E-01
-60.00 40.00 -0.15163
-55.00 40.00 -0.33653
-50.00 40.00 -0.46247
-45.00 40.00 -0.44812
-40.00 40.00 -0.27038
-35.00 40.00 -0.69145E-02
-30.00 40.00 0.19993
-25.00 40.00 0.23757
-20.00 40.00 0.99058E-01
-15.00 40.00 -0.12320
-10.00 40.00 -0.31723
-5.00 40.00 -0.43149
0.00 40.00 -0.48760
5.00 40.00 -0.52582
10.00 40.00 -0.54648
15.00 40.00 -0.50844
20.00 40.00 -0.38224
25.00 40.00 -0.19774
30.00 40.00 -0.31378E-01
35.00 40.00 0.58358E-01
40.00 40.00 0.82553E-01
45.00 40.00 0.10594
50.00 40.00 0.17575
55.00 40.00 0.26517
60.00 40.00 0.28973
65.00 40.00 0.18481
75.00 40.00 -0.25321
-70.00 45.00 0.15430
-45.00 45.00 -0.44457
-40.00 45.00 -0.35349
-35.00 45.00 -0.18002
-30.00 45.00 -0.31670E-01
-25.00 45.00 0.76515E-04
-20.00 45.00 -0.91547E-01
-15.00 45.00 -0.22944
-10.00 45.00 -0.32155
-5.00 45.00 -0.33404
0.00 45.00 -0.30385
5.00 45.00 -0.28571
10.00 45.00 -0.29138
15.00 45.00 -0.28198
20.00 45.00 -0.21743
25.00 45.00 -0.10791
30.00 45.00 -0.10839E-01
35.00 45.00 0.25495E-01
40.00 45.00 0.13434E-01
45.00 45.00 0.16364E-01
70.00 45.00 -0.14079E-01
-65.00 50.00 0.35837E-01
-60.00 50.00 -0.65001E-01
-55.00 50.00 -0.17853
-50.00 50.00 -0.29039
-45.00 50.00 -0.35549
-40.00 50.00 -0.33989
-35.00 50.00 -0.26277
-30.00 50.00 -0.19008
-25.00 50.00 -0.17955
-20.00 50.00 -0.22792
-15.00 50.00 -0.27286
-10.00 50.00 -0.25048
-5.00 50.00 -0.15465
0.00 50.00 -0.41916E-01
5.00 50.00 0.22020E-01
10.00 50.00 0.21323E-01
15.00 50.00 -0.23124E-02
20.00 50.00 0.16436E-02
25.00 50.00 0.38992E-01
30.00 50.00 0.67820E-01
35.00 50.00 0.48945E-01
40.00 50.00 -0.35595E-02
45.00 50.00 -0.27426E-01
50.00 50.00 0.26805E-01
55.00 50.00 0.13709
60.00 50.00 0.21424
65.00 50.00 0.17181
-85.00 55.00 0.23345
-45.00 55.00 -0.21730
-40.00 55.00 -0.25389
-35.00 55.00 -0.25827
-30.00 55.00 -0.25847
-25.00 55.00 -0.27895
-20.00 55.00 -0.30626
-15.00 55.00 -0.29358
-10.00 55.00 -0.20478
-5.00 55.00 -0.56038E-01
0.00 55.00 0.88808E-01
5.00 55.00 0.16846
10.00 55.00 0.17369
15.00 55.00 0.14835
20.00 55.00 0.14136
25.00 55.00 0.15751
30.00 55.00 0.15723
35.00 55.00 0.10586
40.00 55.00 0.21940E-01
45.00 55.00 -0.28298E-01
85.00 55.00 -0.40502
-80.00 60.00 0.27435
-75.00 60.00 0.19991
-70.00 60.00 0.93167E-01
-65.00 60.00 0.24431E-01
-60.00 60.00 0.30058E-02
-55.00 60.00 -0.57232E-02
-50.00 60.00 -0.36171E-01
-45.00 60.00 -0.92468E-01
-40.00 60.00 -0.15603
-35.00 60.00 -0.21211
-30.00 60.00 -0.26176
-25.00 60.00 -0.30758
-20.00 60.00 -0.33450
-15.00 60.00 -0.31357
-10.00 60.00 -0.23000
-5.00 60.00 -0.10654
0.00 60.00 0.67574E-02
5.00 60.00 0.71944E-01
10.00 60.00 0.94653E-01
15.00 60.00 0.11442
20.00 60.00 0.16040
25.00 60.00 0.21583
30.00 60.00 0.22990
35.00 60.00 0.17007
40.00 60.00 0.65188E-01
45.00 60.00 -0.71322E-02
50.00 60.00 0.15287E-01
55.00 60.00 0.11836
60.00 60.00 0.21187
65.00 60.00 0.19628
70.00 60.00 0.43066E-01
75.00 60.00 -0.17976
80.00 60.00 -0.35703
-45.00 65.00 -0.40639E-01
-40.00 65.00 -0.11030
-35.00 65.00 -0.18105
-30.00 65.00 -0.24069
-25.00 65.00 -0.28651
-20.00 65.00 -0.31377
-15.00 65.00 -0.31340
-10.00 65.00 -0.28292
-5.00 65.00 -0.23518
0.00 65.00 -0.18907
5.00 65.00 -0.14812
10.00 65.00 -0.91408E-01
15.00 65.00 0.64652E-02
20.00 65.00 0.14010
25.00 65.00 0.25890
30.00 65.00 0.29667
35.00 65.00 0.22753
40.00 65.00 0.99270E-01
45.00 65.00 0.72789E-02
-65.00 70.00 -0.29530E-01
-60.00 70.00 -0.43949E-01
-55.00 70.00 -0.35047E-01
-50.00 70.00 -0.45954E-01
-45.00 70.00 -0.90702E-01
-40.00 70.00 -0.15101
-35.00 70.00 -0.19999
-30.00 70.00 -0.22569
-25.00 70.00 -0.23532
-20.00 70.00 -0.24326
-15.00 70.00 -0.25877
-10.00 70.00 -0.28261
-5.00 70.00 -0.30779
0.00 70.00 -0.31753
5.00 70.00 -0.28403
10.00 70.00 -0.17940
15.00 70.00 -0.12527E-02
20.00 70.00 0.20577
25.00 70.00 0.35899
30.00 70.00 0.38467
35.00 70.00 0.27441
40.00 70.00 0.10410
45.00 70.00 -0.97203E-02
50.00 70.00 0.85776E-02
55.00 70.00 0.13487
60.00 70.00 0.25840
65.00 70.00 0.26127
-70.00 75.00 0.24112E-01
-45.00 75.00 -0.22779
-40.00 75.00 -0.26692
-35.00 75.00 -0.26627
-30.00 75.00 -0.22572
-25.00 75.00 -0.17188
-20.00 75.00 -0.13900
-15.00 75.00 -0.14749
-10.00 75.00 -0.19327
-5.00 75.00 -0.24882
0.00 75.00 -0.27095
5.00 75.00 -0.21513
10.00 75.00 -0.58421E-01
15.00 75.00 0.17557
20.00 75.00 0.40929
25.00 75.00 0.54001
30.00 75.00 0.49924
35.00 75.00 0.30623
40.00 75.00 0.70840E-01
45.00 75.00 -0.68645E-01
70.00 75.00 0.14102
-75.00 80.00 0.13544
-65.00 80.00 -0.94819E-01
-60.00 80.00 -0.17817
-55.00 80.00 -0.25654
-50.00 80.00 -0.33799
-45.00 80.00 -0.40089
-40.00 80.00 -0.40950
-35.00 80.00 -0.34677
-30.00 80.00 -0.23301
-25.00 80.00 -0.11556
-20.00 80.00 -0.39981E-01
-15.00 80.00 -0.25454E-01
-10.00 80.00 -0.57582E-01
-5.00 80.00 -0.96083E-01
0.00 80.00 -0.89325E-01
5.00 80.00 0.65791E-02
10.00 80.00 0.20324
15.00 80.00 0.45805
20.00 80.00 0.67494
25.00 80.00 0.74389
30.00 80.00 0.60773
35.00 80.00 0.31378
40.00 80.00 0.46084E-02
45.00 80.00 -0.16061
50.00 80.00 -0.10780
55.00 80.00 0.99361E-01
60.00 80.00 0.29893
65.00 80.00 0.33867
75.00 80.00 -0.98106E-01
-45.00 85.00 -0.54624
-40.00 85.00 -0.51873
-35.00 85.00 -0.39995
-30.00 85.00 -0.23468
-25.00 85.00 -0.83695E-01
-20.00 85.00 0.12091E-01
-15.00 85.00 0.48388E-01
-10.00 85.00 0.50125E-01
-5.00 85.00 0.55081E-01
0.00 85.00 0.10257
5.00 85.00 0.22441
10.00 85.00 0.42712
15.00 85.00 0.66844
20.00 85.00 0.85257
25.00 85.00 0.86825
30.00 85.00 0.66115
35.00 85.00 0.29196
40.00 85.00 -0.74359E-01
45.00 85.00 -0.25881
-80.00 90.00 0.19538
-70.00 90.00 0.24406E-01
-65.00 90.00 -0.10277
-60.00 90.00 -0.25379
-55.00 90.00 -0.42061
-50.00 90.00 -0.56050
-45.00 90.00 -0.61423
-40.00 90.00 -0.55128
-35.00 90.00 -0.39826
-30.00 90.00 -0.22197
-25.00 90.00 -0.82172E-01
-20.00 90.00 0.36022E-02
-15.00 90.00 0.55717E-01
-10.00 90.00 0.10168
-5.00 90.00 0.15508
0.00 90.00 0.22302
5.00 90.00 0.32301
10.00 90.00 0.47605
15.00 90.00 0.66997
20.00 90.00 0.82991
25.00 90.00 0.84208
30.00 90.00 0.63364
35.00 90.00 0.25151
40.00 90.00 -0.13456
45.00 90.00 -0.32741
50.00 90.00 -0.23621
55.00 90.00 0.53307E-01
60.00 90.00 0.33203
65.00 90.00 0.40921
70.00 90.00 0.23771
80.00 90.00 -0.32526
-45.00 95.00 -0.58719
-40.00 95.00 -0.49704
-35.00 95.00 -0.33894
-30.00 95.00 -0.19274
-25.00 95.00 -0.99704E-01
-20.00 95.00 -0.38378E-01
-15.00 95.00 0.38240E-01
-10.00 95.00 0.14470
-5.00 95.00 0.24605
0.00 95.00 0.30060
5.00 95.00 0.31616
10.00 95.00 0.35372
15.00 95.00 0.46331
20.00 95.00 0.61078
25.00 95.00 0.67607
30.00 95.00 0.54415
35.00 95.00 0.21885
40.00 95.00 -0.14510
45.00 95.00 -0.33596
-75.00 100.00 0.14013
-65.00 100.00 -0.18030E-01
-60.00 100.00 -0.17119
-55.00 100.00 -0.34822
-50.00 100.00 -0.47347
-45.00 100.00 -0.48135
-40.00 100.00 -0.37759
-35.00 100.00 -0.23976
-30.00 100.00 -0.14838
-25.00 100.00 -0.11240
-20.00 100.00 -0.64705E-01
-15.00 100.00 0.62310E-01
-10.00 100.00 0.25345
-5.00 100.00 0.40683
0.00 100.00 0.42304
5.00 100.00 0.30662
10.00 100.00 0.17754
15.00 100.00 0.16971
20.00 100.00 0.30307
25.00 100.00 0.45061
30.00 100.00 0.44197
35.00 100.00 0.21957
40.00 100.00 -0.92098E-01
45.00 100.00 -0.27339
50.00 100.00 -0.18566
55.00 100.00 0.11130
60.00 100.00 0.40017
65.00 100.00 0.47106
75.00 100.00 -0.58901E-01
-70.00 105.00 0.11739
-45.00 105.00 -0.33468
-40.00 105.00 -0.23086
-35.00 105.00 -0.12504
-30.00 105.00 -0.88605E-01
-25.00 105.00 -0.95131E-01
-20.00 105.00 -0.37816E-01
-15.00 105.00 0.16090
-10.00 105.00 0.44813
-5.00 105.00 0.65421
0.00 105.00 0.62663
5.00 105.00 0.37131
10.00 105.00 0.68064E-01
15.00 105.00 -0.67098E-01
20.00 105.00 0.39789E-01
25.00 105.00 0.25893
30.00 105.00 0.37059
35.00 105.00 0.25797
40.00 105.00 0.10326E-01
45.00 105.00 -0.15448
70.00 105.00 0.27917
-85.00 110.00 0.10835
-65.00 110.00 0.11630
-60.00 110.00 0.14598E-01
-55.00 110.00 -0.12115
-50.00 110.00 -0.20823
-45.00 110.00 -0.18883
-40.00 110.00 -0.92303E-01
-35.00 110.00 -0.12143E-01
-30.00 110.00 -0.84264E-02
-25.00 110.00 -0.30954E-01
-20.00 110.00 0.48250E-01
-15.00 110.00 0.30633
-10.00 110.00 0.66147
-5.00 110.00 0.90035
0.00 110.00 0.83933
5.00 110.00 0.48746
10.00 110.00 0.62425E-01
15.00 110.00 -0.16867
20.00 110.00 -0.95843E-01
25.00 110.00 0.15541
30.00 110.00 0.34143
35.00 110.00 0.31054
40.00 110.00 0.12382
45.00 110.00 -0.14017E-01
50.00 110.00 0.53969E-01
55.00 110.00 0.29481
60.00 110.00 0.51334
65.00 110.00 0.51755
85.00 110.00 -0.41634
-45.00 115.00 -0.74383E-01
-40.00 115.00 0.16601E-01
-35.00 115.00 0.92742E-01
-30.00 115.00 0.98839E-01
-25.00 115.00 0.85246E-01
-20.00 115.00 0.17468
-15.00 115.00 0.43706
-10.00 115.00 0.78654
-5.00 115.00 1.0116
0.00 115.00 0.93349
5.00 115.00 0.56411
10.00 115.00 0.11936
15.00 115.00 -0.13637
20.00 115.00 -0.90011E-01
25.00 115.00 0.14438
30.00 115.00 0.33690
35.00 115.00 0.34056
40.00 115.00 0.20456
45.00 115.00 0.10910
-80.00 120.00 0.88349E-01
-75.00 120.00 0.12524
-70.00 120.00 0.18254
-65.00 120.00 0.20974
-60.00 120.00 0.16231
-55.00 120.00 0.60280E-01
-50.00 120.00 -0.17735E-01
-45.00 120.00 -0.50840E-02
-40.00 120.00 0.88573E-01
-35.00 120.00 0.18785
-30.00 120.00 0.23206
-25.00 120.00 0.24527
-20.00 120.00 0.31853
-15.00 120.00 0.51102
-10.00 120.00 0.76348
-5.00 120.00 0.91707
0.00 120.00 0.83705
5.00 120.00 0.53698
10.00 120.00 0.18761
15.00 120.00 -0.80288E-02
20.00 120.00 0.29343E-01
25.00 120.00 0.20260
30.00 120.00 0.33405
35.00 120.00 0.32322
40.00 120.00 0.22623
45.00 120.00 0.18943
50.00 120.00 0.30170
55.00 120.00 0.50127
60.00 120.00 0.61999
65.00 120.00 0.52368
70.00 120.00 0.22430
75.00 120.00 -0.12941
80.00 120.00 -0.36810
-45.00 125.00 0.19514E-01
-40.00 125.00 0.12302
-35.00 125.00 0.26456
-30.00 125.00 0.37150
-25.00 125.00 0.42420
-20.00 125.00 0.46386
-15.00 125.00 0.53592
-10.00 125.00 0.62818
-5.00 125.00 0.66990
0.00 125.00 0.59820
5.00 125.00 0.42841
10.00 125.00 0.25603
15.00 125.00 0.18110
20.00 125.00 0.22235
25.00 125.00 0.30272
30.00 125.00 0.32372
35.00 125.00 0.26132
40.00 125.00 0.19268
45.00 125.00 0.22434
-65.00 130.00 0.19136
-60.00 130.00 0.17590
-55.00 130.00 0.92490E-01
-50.00 130.00 0.91925E-02
-45.00 130.00 0.75774E-02
-40.00 130.00 0.11910
-35.00 130.00 0.30236
-30.00 130.00 0.47664
-25.00 130.00 0.57867
-20.00 130.00 0.59508
-15.00 130.00 0.55183
-10.00 130.00 0.48226
-5.00 130.00 0.40844
0.00 130.00 0.34669
5.00 130.00 0.31767
10.00 130.00 0.33770
15.00 130.00 0.39490
20.00 130.00 0.44007
25.00 130.00 0.41581
30.00 130.00 0.30912
35.00 130.00 0.18046
40.00 130.00 0.13224
45.00 130.00 0.23034
50.00 130.00 0.43889
55.00 130.00 0.62727
60.00 130.00 0.65286
65.00 130.00 0.46062
-70.00 135.00 0.76691E-01
-45.00 135.00 -0.30150E-01
-40.00 135.00 0.75659E-01
-35.00 135.00 0.27710
-30.00 135.00 0.50008
-25.00 135.00 0.65593
-20.00 135.00 0.68581
-15.00 135.00 0.58714
-10.00 135.00 0.41415
-5.00 135.00 0.25484
0.00 135.00 0.19163
5.00 135.00 0.25907
10.00 135.00 0.41888
15.00 135.00 0.57262
20.00 135.00 0.61518
25.00 135.00 0.50287
30.00 135.00 0.29122
35.00 135.00 0.10921
40.00 135.00 0.78555E-01
45.00 135.00 0.22923
70.00 135.00 0.57013E-01
-75.00 140.00 -0.52408E-01
-65.00 140.00 0.46757E-01
-60.00 140.00 0.49591E-01
-55.00 140.00 -0.90564E-03
-50.00 140.00 -0.65566E-01
-45.00 140.00 -0.82091E-01
-40.00 140.00 -0.21175E-02
-35.00 140.00 0.17921
-30.00 140.00 0.41402
-25.00 140.00 0.61699
-20.00 140.00 0.70222
-15.00 140.00 0.62984
-10.00 140.00 0.43831
-5.00 140.00 0.23658
0.00 140.00 0.14811
5.00 140.00 0.23337
10.00 140.00 0.44190
15.00 140.00 0.63534
20.00 140.00 0.67544
25.00 140.00 0.52062
30.00 140.00 0.26090
35.00 140.00 0.61401E-01
40.00 140.00 0.50893E-01
45.00 140.00 0.23346
50.00 140.00 0.48515
55.00 140.00 0.63572
60.00 140.00 0.57633
65.00 140.00 0.32031
75.00 140.00 -0.29391
-45.00 145.00 -0.13575
-40.00 145.00 -0.96011E-01
-35.00 145.00 0.29661E-01
-30.00 145.00 0.23431
-25.00 145.00 0.46267
-20.00 145.00 0.62332
-15.00 145.00 0.63675
-10.00 145.00 0.49521
-5.00 145.00 0.28643
0.00 145.00 0.14879
5.00 145.00 0.17795
10.00 145.00 0.35189
15.00 145.00 0.53838
20.00 145.00 0.58848
25.00 145.00 0.44932
30.00 145.00 0.20849
35.00 145.00 0.32740E-01
40.00 145.00 0.46034E-01
45.00 145.00 0.23915
-80.00 150.00 -0.15441
-70.00 150.00 -0.20524
-65.00 150.00 -0.18918
-60.00 150.00 -0.17295
-55.00 150.00 -0.16541
-50.00 150.00 -0.16866
-45.00 150.00 -0.17880
-40.00 150.00 -0.17571
-35.00 150.00 -0.11985
-30.00 150.00 0.23741E-01
-25.00 150.00 0.24342
-20.00 150.00 0.46086
-15.00 150.00 0.56690
-10.00 150.00 0.49974
-5.00 150.00 0.30437
0.00 150.00 0.11459
5.00 150.00 0.59315E-01
10.00 150.00 0.16329
15.00 150.00 0.32607
20.00 150.00 0.40201
25.00 150.00 0.31926
30.00 150.00 0.13982
35.00 150.00 0.10413E-01
40.00 150.00 0.44325E-01
45.00 150.00 0.23024
50.00 150.00 0.43921
55.00 150.00 0.51916
60.00 150.00 0.39969
65.00 150.00 0.13024
70.00 150.00 -0.16552
80.00 150.00 -0.44317
-45.00 155.00 -0.20277
-40.00 155.00 -0.20994
-35.00 155.00 -0.20664
-30.00 155.00 -0.13188
-25.00 155.00 0.41374E-01
-20.00 155.00 0.25997
-15.00 155.00 0.40877
-10.00 155.00 0.39325
-5.00 155.00 0.22206
0.00 155.00 0.13806E-01
5.00 155.00 -0.88046E-01
10.00 155.00 -0.26374E-01
15.00 155.00 0.12629
20.00 155.00 0.23157
25.00 155.00 0.20323
30.00 155.00 0.78685E-01
35.00 155.00 -0.16059E-01
40.00 155.00 0.23567E-01
45.00 155.00 0.19025
-75.00 160.00 -0.36340
-65.00 160.00 -0.45525
-60.00 160.00 -0.43661
-55.00 160.00 -0.37116
-50.00 160.00 -0.28039
-45.00 160.00 -0.20746
-40.00 160.00 -0.18248
-35.00 160.00 -0.18752
-30.00 160.00 -0.16399
-25.00 160.00 -0.67250E-01
-20.00 160.00 0.78829E-01
-15.00 160.00 0.18528
-10.00 160.00 0.16818
-5.00 160.00 0.28492E-01
0.00 160.00 -0.13380
5.00 160.00 -0.19311
10.00 160.00 -0.10119
15.00 160.00 0.70193E-01
20.00 160.00 0.18774
25.00 160.00 0.16829
30.00 160.00 0.47746E-01
35.00 160.00 -0.52012E-01
40.00 160.00 -0.28533E-01
45.00 160.00 0.11411
50.00 160.00 0.26828
55.00 160.00 0.30833
60.00 160.00 0.18438
65.00 160.00 -0.48772E-01
75.00 160.00 -0.41988
-85.00 165.00 -0.13837
-70.00 165.00 -0.53356
-45.00 165.00 -0.20272
-40.00 165.00 -0.10352
-35.00 165.00 -0.62932E-01
-30.00 165.00 -0.55547E-01
-25.00 165.00 -0.47412E-01
-20.00 165.00 -0.36471E-01
-15.00 165.00 -0.56189E-01
-10.00 165.00 -0.13291
-5.00 165.00 -0.23806
0.00 165.00 -0.28954
5.00 165.00 -0.21374
10.00 165.00 -0.18394E-01
15.00 165.00 0.19351
20.00 165.00 0.29205
25.00 165.00 0.22049
30.00 165.00 0.43328E-01
35.00 165.00 -0.10145
40.00 165.00 -0.10894
45.00 165.00 0.13708E-01
70.00 165.00 -0.31252
85.00 165.00 -0.38373
-65.00 170.00 -0.68195
-60.00 170.00 -0.67309
-55.00 170.00 -0.58364
-50.00 170.00 -0.41590
-45.00 170.00 -0.20476
-40.00 170.00 -0.83836E-02
-35.00 170.00 0.11897
-30.00 170.00 0.14879
-25.00 170.00 0.80686E-01
-20.00 170.00 -0.66331E-01
-15.00 170.00 -0.25605
-10.00 170.00 -0.42862
-5.00 170.00 -0.50470
0.00 170.00 -0.41848
5.00 170.00 -0.16857
10.00 170.00 0.15452
15.00 170.00 0.40153
20.00 170.00 0.45063
25.00 170.00 0.28966
30.00 170.00 0.29412E-01
35.00 170.00 -0.16874
40.00 170.00 -0.20103
45.00 170.00 -0.85837E-01
50.00 170.00 0.60880E-01
55.00 170.00 0.11517
60.00 170.00 0.29087E-01
65.00 170.00 -0.14956
-45.00 175.00 -0.22784
-40.00 175.00 0.56892E-01
-35.00 175.00 0.28092
-30.00 175.00 0.36033
-25.00 175.00 0.25152
-20.00 175.00 -0.20242E-01
-15.00 175.00 -0.35734
-10.00 175.00 -0.61874
-5.00 175.00 -0.67731
0.00 175.00 -0.48450
5.00 175.00 -0.10745
10.00 175.00 0.29122
15.00 175.00 0.53159
20.00 175.00 0.51367
25.00 175.00 0.27399
30.00 175.00 -0.38202E-01
35.00 175.00 -0.25306
40.00 175.00 -0.28115
45.00 175.00 -0.15731
-80.00 180.00 -0.44416
-75.00 180.00 -0.63873
-70.00 180.00 -0.76055
-65.00 180.00 -0.81215
-60.00 180.00 -0.80174
-55.00 180.00 -0.72131
-50.00 180.00 -0.54839
-45.00 180.00 -0.27529
-40.00 180.00 0.56537E-01
-35.00 180.00 0.34865
-30.00 180.00 0.48120
-25.00 180.00 0.37822
-20.00 180.00 0.63674E-01
-15.00 180.00 -0.33131
-10.00 180.00 -0.62351
-5.00 180.00 -0.66970
0.00 180.00 -0.44463
5.00 180.00 -0.58220E-01
10.00 180.00 0.30117
15.00 180.00 0.46684
20.00 180.00 0.38027
25.00 180.00 0.11497
30.00 180.00 -0.17376
35.00 180.00 -0.34064
40.00 180.00 -0.32791
45.00 180.00 -0.18527
50.00 180.00 -0.26467E-01
55.00 180.00 0.44645E-01
60.00 180.00 -0.87416E-02
65.00 180.00 -0.14710
70.00 180.00 -0.29118
75.00 180.00 -0.37519
80.00 180.00 -0.38400
-45.00 -175 -0.33486
-40.00 -175 -0.17423E-01
-35.00 -175 0.28227
-30.00 -175 0.44196
-25.00 -175 0.38054
-20.00 -175 0.12099
-15.00 -175 -0.20735
-10.00 -175 -0.43642
-5.00 -175 -0.45567
0.00 -175 -0.27406
5.00 -175 -0.90918E-02
10.00 -175 0.18686
15.00 -175 0.21351
20.00 -175 0.70817E-01
25.00 -175 -0.15348
30.00 -175 -0.34077
35.00 -175 -0.40547
40.00 -175 -0.33277
45.00 -175 -0.17672
-65.00 -170 -0.83245
-60.00 -170 -0.77801
-55.00 -170 -0.69335
-50.00 -170 -0.56920
-45.00 -170 -0.38191
-40.00 -170 -0.13948
-35.00 -170 0.94567E-01
-30.00 -170 0.22997
-25.00 -170 0.21390
-20.00 -170 0.77339E-01
-15.00 -170 -0.79089E-01
-10.00 -170 -0.15339
-5.00 -170 -0.11248
0.00 -170 -0.10361E-01
5.00 -170 0.57076E-01
10.00 -170 0.22212E-01
15.00 -170 -0.11237
20.00 -170 -0.28484
25.00 -170 -0.41956
30.00 -170 -0.46827
35.00 -170 -0.42341
40.00 -170 -0.30830
45.00 -170 -0.16290
50.00 -170 -0.34782E-01
55.00 -170 0.30930E-01
60.00 -170 0.93188E-02
65.00 -170 -0.86650E-01
-70.00 -165 -0.84629
-45.00 -165 -0.39013
-40.00 -165 -0.26010
-35.00 -165 -0.15105
-30.00 -165 -0.99524E-01
-25.00 -165 -0.10406
-20.00 -165 -0.11237
-15.00 -165 -0.60876E-01
-10.00 -165 0.63251E-01
-5.00 -165 0.19558
0.00 -165 0.23448
5.00 -165 0.11956
10.00 -165 -0.11677
15.00 -165 -0.36868
20.00 -165 -0.53025
25.00 -165 -0.56126
30.00 -165 -0.49490
35.00 -165 -0.39169
40.00 -165 -0.28880
45.00 -165 -0.18963
70.00 -165 -0.16145
-75.00 -160 -0.78926
-65.00 -160 -0.79262
-60.00 -160 -0.65802
-55.00 -160 -0.51941
-50.00 -160 -0.41204
-45.00 -160 -0.34584
-40.00 -160 -0.32771
-35.00 -160 -0.36432
-30.00 -160 -0.43719
-25.00 -160 -0.48304
-20.00 -160 -0.41886
-15.00 -160 -0.20859
-10.00 -160 0.82877E-01
-5.00 -160 0.30790
0.00 -160 0.32939
5.00 -160 0.12212
10.00 -160 -0.20220
15.00 -160 -0.47164
20.00 -160 -0.57321
25.00 -160 -0.51874
30.00 -160 -0.40938
35.00 -160 -0.33808
40.00 -160 -0.31860
45.00 -160 -0.29774
50.00 -160 -0.22739
55.00 -160 -0.12127
60.00 -160 -0.43375E-01
65.00 -160 -0.45408E-01
75.00 -160 -0.20716
-45.00 -155 -0.25938
-40.00 -155 -0.31474
-35.00 -155 -0.46737
-30.00 -155 -0.66127
-25.00 -155 -0.78537
-20.00 -155 -0.72790
-15.00 -155 -0.46326
-10.00 -155 -0.98505E-01
-5.00 -155 0.17707
0.00 -155 0.21738
5.00 -155 0.25694E-01
10.00 -155 -0.24839
15.00 -155 -0.42435
20.00 -155 -0.42574
25.00 -155 -0.32402
30.00 -155 -0.25892
35.00 -155 -0.30965
40.00 -155 -0.43041
45.00 -155 -0.50101
-80.00 -150 -0.61294
-70.00 -150 -0.88055
-65.00 -150 -0.77637
-60.00 -150 -0.58473
-55.00 -150 -0.38169
-50.00 -150 -0.22708
-45.00 -150 -0.16684
-40.00 -150 -0.23578
-35.00 -150 -0.43453
-30.00 -150 -0.69630
-25.00 -150 -0.89109
-20.00 -150 -0.89339
-15.00 -150 -0.67575
-10.00 -150 -0.34799
-5.00 -150 -0.92164E-01
0.00 -150 -0.31995E-01
5.00 -150 -0.14120
10.00 -150 -0.27254
15.00 -150 -0.28808
20.00 -150 -0.18004
25.00 -150 -0.75936E-01
30.00 -150 -0.12182
35.00 -150 -0.34606
40.00 -150 -0.62359
45.00 -150 -0.77202
50.00 -150 -0.69487
55.00 -150 -0.45033
60.00 -150 -0.19377
65.00 -150 -0.54160E-01
70.00 -150 -0.52967E-01
80.00 -150 -0.20083
-45.00 -145 -0.11882
-40.00 -145 -0.14652
-35.00 -145 -0.31137
-30.00 -145 -0.55961
-25.00 -145 -0.77303
-20.00 -145 -0.83381
-15.00 -145 -0.71117
-10.00 -145 -0.49220
-5.00 -145 -0.31728
0.00 -145 -0.26559
5.00 -145 -0.29096
10.00 -145 -0.27174
15.00 -145 -0.13646
20.00 -145 0.48121E-01
25.00 -145 0.11445
30.00 -145 -0.65325E-01
35.00 -145 -0.45466
40.00 -145 -0.85576
45.00 -145 -1.0447
-85.00 -140 -0.30349
-75.00 -140 -0.85505
-65.00 -140 -0.82893
-60.00 -140 -0.66106
-55.00 -140 -0.46812
-50.00 -140 -0.28878
-45.00 -140 -0.15842
-40.00 -140 -0.11905
-35.00 -140 -0.19622
-30.00 -140 -0.36146
-25.00 -140 -0.52806
-20.00 -140 -0.60280
-15.00 -140 -0.55718
-10.00 -140 -0.45031
-5.00 -140 -0.37276
0.00 -140 -0.35739
5.00 -140 -0.34350
10.00 -140 -0.23870
15.00 -140 -0.29064E-01
20.00 -140 0.16773
25.00 -140 0.17105
30.00 -140 -0.11607
35.00 -140 -0.60446
40.00 -140 -1.0552
45.00 -140 -1.2356
50.00 -140 -1.0736
55.00 -140 -0.69210
60.00 -140 -0.30505
65.00 -140 -0.69631E-01
75.00 -140 -0.61069E-01
85.00 -140 -0.23453
-70.00 -135 -0.92979
-45.00 -135 -0.29763
-40.00 -135 -0.20264
-35.00 -135 -0.18660
-30.00 -135 -0.24586
-25.00 -135 -0.32788
-20.00 -135 -0.36749
-15.00 -135 -0.34275
-10.00 -135 -0.29322
-5.00 -135 -0.27539
0.00 -135 -0.29543
5.00 -135 -0.29065
10.00 -135 -0.19041
15.00 -135 -0.70055E-02
20.00 -135 0.13431
25.00 -135 0.72335E-01
30.00 -135 -0.25685
35.00 -135 -0.74217
40.00 -135 -1.1500
45.00 -135 -1.2750
70.00 -135 0.48289E-02
-65.00 -130 -0.90919
-60.00 -130 -0.82829
-55.00 -130 -0.73316
-50.00 -130 -0.62606
-45.00 -130 -0.50479
-40.00 -130 -0.39035
-35.00 -130 -0.31779
-30.00 -130 -0.30007
-25.00 -130 -0.30807
-20.00 -130 -0.29427
-15.00 -130 -0.23992
-10.00 -130 -0.17566
-5.00 -130 -0.14959
0.00 -130 -0.17229
5.00 -130 -0.19797
10.00 -130 -0.16967
15.00 -130 -0.90421E-01
20.00 -130 -0.47580E-01
25.00 -130 -0.15335
30.00 -130 -0.44291
35.00 -130 -0.81894
40.00 -130 -1.0991
45.00 -130 -1.1361
50.00 -130 -0.91639
55.00 -130 -0.56046
60.00 -130 -0.23232
65.00 -130 -0.36177E-01
-45.00 -125 -0.71270
-40.00 -125 -0.61374
-35.00 -125 -0.53286
-30.00 -125 -0.49141
-25.00 -125 -0.46959
-20.00 -125 -0.42178
-15.00 -125 -0.32281
-10.00 -125 -0.19875
-5.00 -125 -0.10887
0.00 -125 -0.94407E-01
5.00 -125 -0.14415
10.00 -125 -0.21166
15.00 -125 -0.26680
20.00 -125 -0.32853
25.00 -125 -0.44237
30.00 -125 -0.62167
35.00 -125 -0.81046
40.00 -125 -0.90914
45.00 -125 -0.84595
-80.00 -120 -0.61516
-75.00 -120 -0.83297
-70.00 -120 -0.92199
-65.00 -120 -0.92638
-60.00 -120 -0.91133
-55.00 -120 -0.90555
-50.00 -120 -0.89252
-45.00 -120 -0.84698
-40.00 -120 -0.77428
-35.00 -120 -0.71004
-30.00 -120 -0.68105
-25.00 -120 -0.66997
-20.00 -120 -0.62378
-15.00 -120 -0.50261
-10.00 -120 -0.32456
-5.00 -120 -0.16333
0.00 -120 -0.98195E-01
5.00 -120 -0.15879
10.00 -120 -0.30986
15.00 -120 -0.48335
20.00 -120 -0.62444
25.00 -120 -0.71199
30.00 -120 -0.74497
35.00 -120 -0.72007
40.00 -120 -0.62880
45.00 -120 -0.47545
50.00 -120 -0.29148
55.00 -120 -0.12498
60.00 -120 -0.12136E-01
65.00 -120 0.40788E-01
70.00 -120 0.47528E-01
75.00 -120 0.15622E-01
80.00 -120 -0.63305E-01
-45.00 -115 -0.86169
-40.00 -115 -0.79713
-35.00 -115 -0.73609
-30.00 -115 -0.71387
-25.00 -115 -0.72064
-20.00 -115 -0.70050
-15.00 -115 -0.59898
-10.00 -115 -0.41899
-5.00 -115 -0.23463
0.00 -115 -0.14722
5.00 -115 -0.21652
10.00 -115 -0.41924
15.00 -115 -0.66281
20.00 -115 -0.83926
25.00 -115 -0.87918
30.00 -115 -0.77450
35.00 -115 -0.56788
40.00 -115 -0.32581
45.00 -115 -0.11242
-65.00 -110 -0.83040
-60.00 -110 -0.80662
-55.00 -110 -0.80490
-50.00 -110 -0.80351
-45.00 -110 -0.76291
-40.00 -110 -0.67563
-35.00 -110 -0.58014
-30.00 -110 -0.52599
-25.00 -110 -0.52428
-20.00 -110 -0.53250
-15.00 -110 -0.49109
-10.00 -110 -0.38138
-5.00 -110 -0.25385
0.00 -110 -0.19944
5.00 -110 -0.28397
10.00 -110 -0.49509
15.00 -110 -0.74084
20.00 -110 -0.89919
25.00 -110 -0.88411
30.00 -110 -0.68748
35.00 -110 -0.37728
40.00 -110 -0.60055E-01
45.00 -110 0.16917
50.00 -110 0.26559
55.00 -110 0.24656
60.00 -110 0.17223
65.00 -110 0.10459
-70.00 -105 -0.78572
-45.00 -105 -0.60529
-40.00 -105 -0.47698
-35.00 -105 -0.31705
-30.00 -105 -0.19273
-25.00 -105 -0.14902
-20.00 -105 -0.17497
-15.00 -105 -0.21901
-10.00 -105 -0.23813
-5.00 -105 -0.23683
0.00 -105 -0.26226
5.00 -105 -0.35986
10.00 -105 -0.52650
15.00 -105 -0.69832
20.00 -105 -0.78290
25.00 -105 -0.71287
30.00 -105 -0.48606
35.00 -105 -0.16938
40.00 -105 0.13333
45.00 -105 0.33037
70.00 -105 0.74534E-01
-75.00 -100 -0.69384
-65.00 -100 -0.65678
-60.00 -100 -0.58460
-55.00 -100 -0.55057
-50.00 -100 -0.53100
-45.00 -100 -0.46176
-40.00 -100 -0.30258
-35.00 -100 -0.80832E-01
-30.00 -100 0.12056
-25.00 -100 0.21895
-20.00 -100 0.18494
-15.00 -100 0.53146E-01
-10.00 -100 -0.11110
-5.00 -100 -0.25700
0.00 -100 -0.36988
5.00 -100 -0.45881
10.00 -100 -0.52852
15.00 -100 -0.56243
20.00 -100 -0.52965
25.00 -100 -0.40816
30.00 -100 -0.20609
35.00 -100 0.33203E-01
40.00 -100 0.24531
45.00 -100 0.37178
50.00 -100 0.38742
55.00 -100 0.31358
60.00 -100 0.20640
65.00 -100 0.12241
75.00 -100 0.48262E-01
-45.00 -95 -0.38288
-40.00 -95 -0.22620
-35.00 -95 0.22208E-01
-30.00 -95 0.27122
-25.00 -95 0.40934
-20.00 -95 0.37304
-15.00 -95 0.17960
-10.00 -95 -0.90823E-01
-5.00 -95 -0.34251
0.00 -95 -0.50629
5.00 -95 -0.55622
10.00 -95 -0.50323
15.00 -95 -0.37900
20.00 -95 -0.22065
25.00 -95 -0.59649E-01
30.00 -95 0.83978E-01
35.00 -95 0.20044
40.00 -95 0.28318
45.00 -95 0.32318
-80.00 -90 -0.46396
-70.00 -90 -0.58824
-65.00 -90 -0.48060
-60.00 -90 -0.37895
-55.00 -90 -0.35116
-50.00 -90 -0.37721
-45.00 -90 -0.36939
-40.00 -90 -0.24933
-35.00 -90 -0.18245E-01
-30.00 -90 0.23412
-25.00 -90 0.38540
-20.00 -90 0.35648
-15.00 -90 0.15448
-10.00 -90 -0.13795
-5.00 -90 -0.40882
0.00 -90 -0.56551
5.00 -90 -0.56430
10.00 -90 -0.41775
15.00 -90 -0.18481
20.00 -90 0.53005E-01
25.00 -90 0.22482
30.00 -90 0.30006
35.00 -90 0.29650
40.00 -90 0.25941
45.00 -90 0.22649
50.00 -90 0.20627
55.00 -90 0.18581
60.00 -90 0.15534
65.00 -90 0.12116
70.00 -90 0.91610E-01
80.00 -90 -0.26539E-01
-85.00 -85 -0.20265
-45.00 -85 -0.37426
-40.00 -85 -0.30222
-35.00 -85 -0.11343
-30.00 -85 0.11091
-25.00 -85 0.25693
-20.00 -85 0.25266
-15.00 -85 0.10563
-10.00 -85 -0.11266
-5.00 -85 -0.31043
0.00 -85 -0.41380
5.00 -85 -0.38579
10.00 -85 -0.23270
15.00 -85 -0.42647E-02
20.00 -85 0.21878
25.00 -85 0.35686
30.00 -85 0.37269
35.00 -85 0.29272
40.00 -85 0.18729
45.00 -85 0.12082
85.00 -85 -0.16962
-75.00 -80 -0.50794
-65.00 -80 -0.34447
-60.00 -80 -0.23014
-55.00 -80 -0.21246
-50.00 -80 -0.27725
-45.00 -80 -0.33230
-40.00 -80 -0.28947
-35.00 -80 -0.13808
-30.00 -80 0.50912E-01
-25.00 -80 0.18539
-20.00 -80 0.21889
-15.00 -80 0.16979
-10.00 -80 0.89687E-01
-5.00 -80 0.21502E-01
0.00 -80 -0.15017E-01
5.00 -80 -0.11162E-01
10.00 -80 0.40501E-01
15.00 -80 0.13532
20.00 -80 0.24018
25.00 -80 0.30083
30.00 -80 0.27865
35.00 -80 0.18620
40.00 -80 0.83915E-01
45.00 -80 0.34660E-01
50.00 -80 0.55148E-01
55.00 -80 0.10869
60.00 -80 0.14368
65.00 -80 0.13707
75.00 -80 0.44859E-01
-70.00 -75 -0.42741
-45.00 -75 -0.19930
-40.00 -75 -0.15011
-35.00 -75 -0.13749E-01
-30.00 -75 0.14568
-25.00 -75 0.26175
-20.00 -75 0.32243
-15.00 -75 0.36523
-10.00 -75 0.42346
-5.00 -75 0.48342
0.00 -75 0.49693
5.00 -75 0.43326
10.00 -75 0.31465
15.00 -75 0.19843
20.00 -75 0.12569
25.00 -75 0.90131E-01
30.00 -75 0.57417E-01
35.00 -75 0.11171E-01
40.00 -75 -0.25427E-01
45.00 -75 -0.15598E-01
70.00 -75 0.96350E-01
-65.00 -70 -0.24406
-60.00 -70 -0.93315E-01
-55.00 -70 -0.12641E-01
-50.00 -70 0.26317E-02
-45.00 -70 0.22483E-01
-40.00 -70 0.10602
-35.00 -70 0.24379
-30.00 -70 0.37417
-25.00 -70 0.45283
-20.00 -70 0.50058
-15.00 -70 0.57815
-10.00 -70 0.71219
-5.00 -70 0.84838
0.00 -70 0.88297
5.00 -70 0.74783
10.00 -70 0.47162
15.00 -70 0.16233
20.00 -70 -0.70500E-01
25.00 -70 -0.18292
30.00 -70 -0.20016
35.00 -70 -0.16807
40.00 -70 -0.10930
45.00 -70 -0.24400E-01
50.00 -70 0.76719E-01
55.00 -70 0.15896
60.00 -70 0.18479
65.00 -70 0.14889
-45.00 -65 0.28584
-40.00 -65 0.40572
-35.00 -65 0.54050
-30.00 -65 0.63102
-25.00 -65 0.64834
-20.00 -65 0.63549
-15.00 -65 0.67269
-10.00 -65 0.79362
-5.00 -65 0.93347
0.00 -65 0.96468
5.00 -65 0.79554
10.00 -65 0.44757
15.00 -65 0.46207E-01
20.00 -65 -0.26386
25.00 -65 -0.40522
30.00 -65 -0.39109
35.00 -65 -0.28383
40.00 -65 -0.14099
45.00 -65 0.37009E-02
-80.00 -60 -0.24639
-75.00 -60 -0.34661
-70.00 -60 -0.32073
-65.00 -60 -0.16660
-60.00 -60 0.46563E-01
-55.00 -60 0.24195
-50.00 -60 0.39325
-45.00 -60 0.52367
-40.00 -60 0.65498
-35.00 -60 0.76566
-30.00 -60 0.80633
-25.00 -60 0.75759
-20.00 -60 0.66724
-15.00 -60 0.62028
-10.00 -60 0.66203
-5.00 -60 0.74529
0.00 -60 0.75575
5.00 -60 0.60009
10.00 -60 0.28337
15.00 -60 -0.87898E-01
20.00 -60 -0.37625
25.00 -60 -0.49664
30.00 -60 -0.45042
35.00 -60 -0.29859
40.00 -60 -0.11255
45.00 -60 0.54469E-01
50.00 -60 0.16766
55.00 -60 0.20564
60.00 -60 0.16798
65.00 -60 0.83862E-01
70.00 -60 -0.18925E-02
75.00 -60 -0.63270E-01
80.00 -60 -0.11870
-45.00 -55 0.68098
-40.00 -55 0.78734
-35.00 -55 0.85368
-30.00 -55 0.85298
-25.00 -55 0.77158
-20.00 -55 0.64128
-15.00 -55 0.52739
-10.00 -55 0.47686
-5.00 -55 0.47345
0.00 -55 0.44487
5.00 -55 0.32034
10.00 -55 0.91261E-01
15.00 -55 -0.17539
20.00 -55 -0.37987
25.00 -55 -0.45169
30.00 -55 -0.38420
35.00 -55 -0.22502
40.00 -55 -0.41825E-01
45.00 -55 0.10670
-65.00 -50 -0.11735
-60.00 -50 0.14015
-55.00 -50 0.41092
-50.00 -50 0.61723
-45.00 -50 0.73596
-40.00 -50 0.78990
-35.00 -50 0.80819
-30.00 -50 0.79739
-25.00 -50 0.74645
-20.00 -50 0.65252
-15.00 -50 0.53565
-10.00 -50 0.42539
-5.00 -50 0.33356
0.00 -50 0.24252
5.00 -50 0.12288
10.00 -50 -0.34056E-01
15.00 -50 -0.19861
20.00 -50 -0.31593
25.00 -50 -0.34000
30.00 -50 -0.26243
35.00 -50 -0.11761
40.00 -50 0.35313E-01
45.00 -50 0.13908
50.00 -50 0.16031
55.00 -50 0.10065
60.00 -50 -0.51937E-02
65.00 -50 -0.10610
-70.00 -45 -0.24871
-45.00 -45 0.70134
-40.00 -45 0.69707
-35.00 -45 0.68249
-30.00 -45 0.69986
-25.00 -45 0.73645
-20.00 -45 0.74485
-15.00 -45 0.68650
-10.00 -45 0.55987
-5.00 -45 0.39443
0.00 -45 0.22350
5.00 -45 0.64396E-01
10.00 -45 -0.78326E-01
15.00 -45 -0.19551
20.00 -45 -0.26398
25.00 -45 -0.25786
30.00 -45 -0.17227
35.00 -45 -0.38421E-01
40.00 -45 0.84772E-01
45.00 -45 0.13951
70.00 -45 -0.26449
-75.00 -40 -0.20241
-65.00 -40 -0.10719
-60.00 -40 0.13924
-55.00 -40 0.40486
-50.00 -40 0.57554
-45.00 -40 0.60954
-40.00 -40 0.56287
-35.00 -40 0.53930
-30.00 -40 0.60618
-25.00 -40 0.74332
-20.00 -40 0.86223
-15.00 -40 0.87466
-10.00 -40 0.75276
-5.00 -40 0.53717
0.00 -40 0.29689
5.00 -40 0.82617E-01
10.00 -40 -0.88085E-01
15.00 -40 -0.21169
20.00 -40 -0.27540
25.00 -40 -0.25877
30.00 -40 -0.15993
35.00 -40 -0.18223E-01
40.00 -40 0.94194E-01
45.00 -40 0.11164
50.00 -40 0.16835E-01
55.00 -40 -0.14667
60.00 -40 -0.30110
65.00 -40 -0.38123
75.00 -40 -0.30547
-45.00 -35 0.49327
-40.00 -35 0.43178
-35.00 -35 0.41935
-30.00 -35 0.52802
-25.00 -35 0.72444
-20.00 -35 0.89542
-15.00 -35 0.93321
-10.00 -35 0.80835
-5.00 -35 0.57532
0.00 -35 0.31811
5.00 -35 0.91243E-01
10.00 -35 -0.93952E-01
15.00 -35 -0.23834
20.00 -35 -0.32253
25.00 -35 -0.31283
30.00 -35 -0.20161
35.00 -35 -0.39541E-01
40.00 -35 0.79034E-01
45.00 -35 0.73457E-01
-85.00 -30 0.49089E-01
-80.00 -30 -0.13492E-01
-70.00 -30 -0.18974
-65.00 -30 -0.13005
-60.00 -30 0.48062E-01
-55.00 -30 0.25113
-50.00 -30 0.37084
-45.00 -30 0.37254
-40.00 -30 0.32338
-35.00 -30 0.33289
-30.00 -30 0.45608
-25.00 -30 0.64329
-20.00 -30 0.77916
-15.00 -30 0.77455
-10.00 -30 0.63057
-5.00 -30 0.42324
0.00 -30 0.23136
5.00 -30 0.78440E-01
10.00 -30 -0.60223E-01
15.00 -30 -0.20146
20.00 -30 -0.31237
25.00 -30 -0.32988
30.00 -30 -0.22583
35.00 -30 -0.54235E-01
40.00 -30 0.69697E-01
45.00 -30 0.47531E-01
50.00 -30 -0.13030
55.00 -30 -0.37677
60.00 -30 -0.56895
65.00 -30 -0.62723
70.00 -30 -0.55603
80.00 -30 -0.31698
85.00 -30 -0.28409
-45.00 -25 0.25291
-40.00 -25 0.23411
-35.00 -25 0.26926
-30.00 -25 0.38258
-25.00 -25 0.50936
-20.00 -25 0.55095
-15.00 -25 0.46432
-10.00 -25 0.30214
-5.00 -25 0.16539
0.00 -25 0.11289
5.00 -25 0.11282
10.00 -25 0.81994E-01
15.00 -25 -0.25265E-01
20.00 -25 -0.16393
25.00 -25 -0.23361
30.00 -25 -0.17229
35.00 -25 -0.23036E-01
40.00 -25 0.88389E-01
45.00 -25 0.48270E-01
-75.00 -20 -0.40855E-01
-65.00 -20 -0.15879
-60.00 -20 -0.82574E-01
-55.00 -20 0.29969E-01
-50.00 -20 0.10785
-45.00 -20 0.13282
-40.00 -20 0.14990
-35.00 -20 0.21129
-30.00 -20 0.30957
-25.00 -20 0.37074
-20.00 -20 0.32133
-15.00 -20 0.16873
-10.00 -20 0.14149E-01
-5.00 -20 -0.24066E-01
0.00 -20 0.86691E-01
5.00 -20 0.25768
10.00 -20 0.34796
15.00 -20 0.28165
20.00 -20 0.11110
25.00 -20 -0.29890E-01
30.00 -20 -0.42353E-01
35.00 -20 0.52818E-01
40.00 -20 0.13270
45.00 -20 0.74600E-01
50.00 -20 -0.14526
55.00 -20 -0.43525
60.00 -20 -0.65895
65.00 -20 -0.72873
75.00 -20 -0.50250
-70.00 -15 -0.10990
-45.00 -15 0.13547E-01
-40.00 -15 0.60950E-01
-35.00 -15 0.14644
-30.00 -15 0.24144
-25.00 -15 0.27183
-20.00 -15 0.18716
-15.00 -15 0.27621E-01
-10.00 -15 -0.82937E-01
-5.00 -15 -0.26951E-01
0.00 -15 0.20429
5.00 -15 0.48710
10.00 -15 0.64990
15.00 -15 0.60138
20.00 -15 0.39686
25.00 -15 0.18806
30.00 -15 0.99177E-01
35.00 -15 0.13260
40.00 -15 0.17853
45.00 -15 0.11317
70.00 -15 -0.65255
-65.00 -10 -0.16117
-60.00 -10 -0.18540
-55.00 -10 -0.16589
-50.00 -10 -0.13376
-45.00 -10 -0.94730E-01
-40.00 -10 -0.28522E-01
-35.00 -10 0.74013E-01
-30.00 -10 0.17819
-25.00 -10 0.22024
-20.00 -10 0.16650
-15.00 -10 0.63536E-01
-10.00 -10 0.23022E-01
-5.00 -10 0.13961
0.00 -10 0.40488
5.00 -10 0.69401
10.00 -10 0.84615
15.00 -10 0.77967
20.00 -10 0.55057
25.00 -10 0.30650
30.00 -10 0.17401
35.00 -10 0.16938
40.00 -10 0.20035
45.00 -10 0.14977
50.00 -10 -0.31087E-01
55.00 -10 -0.29082
60.00 -10 -0.52242
65.00 -10 -0.63941
-45.00 -5 -0.17438
-40.00 -5 -0.99204E-01
-35.00 -5 0.92190E-02
-30.00 -5 0.12164
-25.00 -5 0.19403
-20.00 -5 0.20682
-15.00 -5 0.19434
-10.00 -5 0.22954
-5.00 -5 0.36632
0.00 -5 0.58392
5.00 -5 0.78429
10.00 -5 0.85332
15.00 -5 0.74301
20.00 -5 0.51002
25.00 -5 0.27823
30.00 -5 0.15250
35.00 -5 0.14906
40.00 -5 0.19302
45.00 -5 0.18035
90.00 0.00 -0.32853
-90.00 0.00 0.21825E-01
