-85.00 0.00 0.32630
-80.00 0.00 0.41317
-75.00 0.00 0.42769
-70.00 0.00 0.38776
-65.00 0.00 0.28450
-60.00 0.00 0.91801E-01
-55.00 0.00 -0.18480
-50.00 0.00 -0.47046
-45.00 0.00 -0.64141
-40.00 0.00 -0.60336
-35.00 0.00 -0.36914
-30.00 0.00 -0.64158E-01
-25.00 0.00 0.15791
-20.00 0.00 0.22929
-15.00 0.00 0.21912
-10.00 0.00 0.27494
-5.00 0.00 0.49798
0.00 0.00 0.85245
5.00 0.00 1.1826
10.00 0.00 1.3237
15.00 0.00 1.2176
20.00 0.00 0.94503
25.00 0.00 0.65633
30.00 0.00 0.46293
35.00 0.00 0.37347
40.00 0.00 0.31354
45.00 0.00 0.19908
50.00 0.00 0.33005E-03
55.00 0.00 -0.24547
60.00 0.00 -0.46733
65.00 0.00 -0.60462
70.00 0.00 -0.63354
75.00 0.00 -0.56637
80.00 0.00 -0.44474
85.00 0.00 -0.31799
-45.00 5.00 -0.48978
-40.00 5.00 -0.40108
-35.00 5.00 -0.13682
-30.00 5.00 0.16939
-25.00 5.00 0.38332
-20.00 5.00 0.46699
-15.00 5.00 0.49437
-10.00 5.00 0.57349
-5.00 5.00 0.74404
0.00 5.00 0.93900
5.00 5.00 1.0409
10.00 5.00 0.98018
15.00 5.00 0.79023
20.00 5.00 0.57671
25.00 5.00 0.43449
30.00 5.00 0.38522
35.00 5.00 0.38090
40.00 5.00 0.35649
45.00 5.00 0.27814
-65.00 10.00 0.36996
-60.00 10.00 0.21048
-55.00 10.00 -0.24601E-01
-50.00 10.00 -0.24249
-45.00 10.00 -0.31662
-40.00 10.00 -0.18225
-35.00 10.00 0.10425
-30.00 10.00 0.40242
-25.00 10.00 0.59456
-20.00 10.00 0.66996
-15.00 10.00 0.71257
-10.00 10.00 0.80623
-5.00 10.00 0.94685
0.00 10.00 1.0426
5.00 10.00 0.99973
10.00 10.00 0.81194
15.00 10.00 0.57144
20.00 10.00 0.39412
25.00 10.00 0.33098
30.00 10.00 0.34413
35.00 10.00 0.35997
40.00 10.00 0.33934
45.00 10.00 0.29633
50.00 10.00 0.25664
55.00 10.00 0.20951
60.00 10.00 0.11093
65.00 10.00 -0.62888E-01
-70.00 15.00 0.44345
-45.00 15.00 -0.17426
-40.00 15.00 -0.89620E-03
-35.00 15.00 0.30598
-30.00 15.00 0.59635
-25.00 15.00 0.75897
-20.00 15.00 0.80169
-15.00 15.00 0.82265
-10.00 15.00 0.90169
-5.00 15.00 1.0164
0.00 15.00 1.0626
5.00 15.00 0.95717
10.00 15.00 0.72410
15.00 15.00 0.48034
20.00 15.00 0.33736
25.00 15.00 0.31342
30.00 15.00 0.33757
35.00 15.00 0.33414
40.00 15.00 0.29827
45.00 15.00 0.28636
70.00 15.00 -0.95287E-01
-75.00 20.00 0.44466
-65.00 20.00 0.37253
-60.00 20.00 0.24985
-55.00 20.00 0.62898E-01
-50.00 20.00 -0.95701E-01
-45.00 20.00 -0.99437E-01
-40.00 20.00 0.10460
-35.00 20.00 0.43533
-30.00 20.00 0.72987
-25.00 20.00 0.86849
-20.00 20.00 0.86030
-15.00 20.00 0.81254
-10.00 20.00 0.81590
-5.00 20.00 0.85738
0.00 20.00 0.84299
5.00 20.00 0.70372
10.00 20.00 0.47677
15.00 20.00 0.28043
20.00 20.00 0.20765
25.00 20.00 0.24510
30.00 20.00 0.29786
35.00 20.00 0.29342
40.00 20.00 0.25719
45.00 20.00 0.27985
50.00 20.00 0.40680
55.00 20.00 0.56278
60.00 20.00 0.59587
65.00 20.00 0.40905
75.00 20.00 -0.27585
-45.00 25.00 -0.10113
-40.00 25.00 0.12235
-35.00 25.00 0.47821
-30.00 25.00 0.79106
-25.00 25.00 0.92021
-20.00 25.00 0.85683
-15.00 25.00 0.70478
-10.00 25.00 0.57038
-5.00 25.00 0.47079
0.00 25.00 0.34661
5.00 25.00 0.15677
10.00 25.00 -0.49363E-01
15.00 25.00 -0.16216
20.00 25.00 -0.11629
25.00 25.00 0.38912E-01
30.00 25.00 0.18081
35.00 25.00 0.23101
40.00 25.00 0.23149
45.00 25.00 0.29716
-80.00 30.00 0.42359
-70.00 30.00 0.32476
-65.00 30.00 0.25433
-60.00 30.00 0.13950
-55.00 30.00 -0.27467E-01
-50.00 30.00 -0.16886
-45.00 30.00 -0.15854
-40.00 30.00 0.68819E-01
-35.00 30.00 0.43852
-30.00 30.00 0.76947
-25.00 30.00 0.89927
-20.00 30.00 0.79231
-15.00 30.00 0.53887
-10.00 30.00 0.25722
-5.00 30.00 -0.31954E-03
0.00 30.00 -0.24974
5.00 30.00 -0.49852
10.00 30.00 -0.68485
15.00 30.00 -0.70924
20.00 30.00 -0.53250
25.00 30.00 -0.23608
30.00 30.00 0.29885E-01
35.00 30.00 0.17241
40.00 30.00 0.23465
45.00 30.00 0.34349
50.00 30.00 0.56735
55.00 30.00 0.82001
60.00 30.00 0.91161
65.00 30.00 0.71138
70.00 30.00 0.27696
80.00 30.00 -0.41802
-45.00 35.00 -0.22993
-40.00 35.00 -0.17288E-01
-35.00 35.00 0.33726
-30.00 35.00 0.65995
-25.00 35.00 0.78168
-20.00 35.00 0.65005
-15.00 35.00 0.34315
-10.00 35.00 -0.15659E-01
-5.00 35.00 -0.35189
0.00 35.00 -0.65505
5.00 35.00 -0.91631
10.00 35.00 -1.0735
15.00 35.00 -1.0374
20.00 35.00 -0.78192
25.00 35.00 -0.39931
30.00 35.00 -0.49871E-01
35.00 35.00 0.16282
40.00 35.00 0.27352
45.00 35.00 0.40780
-75.00 40.00 0.29748
-65.00 40.00 0.52379E-01
-60.00 40.00 -0.56862E-01
-55.00 40.00 -0.18097
-50.00 40.00 -0.28156
-45.00 40.00 -0.26950
-40.00 40.00 -0.87516E-01
-35.00 40.00 0.21188
-30.00 40.00 0.47706
-25.00 40.00 0.55820
-20.00 40.00 0.41188
-15.00 40.00 0.11770
-10.00 40.00 -0.20099
-5.00 40.00 -0.47109
0.00 40.00 -0.69061
5.00 40.00 -0.86987
10.00 40.00 -0.97000
15.00 40.00 -0.91562
20.00 40.00 -0.67465
25.00 40.00 -0.31849
30.00 40.00 0.13247E-01
35.00 40.00 0.22298
40.00 40.00 0.33599
45.00 40.00 0.46508
50.00 40.00 0.68269
55.00 40.00 0.92111
60.00 40.00 1.0054
65.00 40.00 0.80220
75.00 40.00 -0.12772
-70.00 45.00 0.79862E-01
-45.00 45.00 -0.24690
-40.00 45.00 -0.10080
-35.00 45.00 0.10980
-30.00 45.00 0.26599
-25.00 45.00 0.26195
-20.00 45.00 0.90831E-01
-15.00 45.00 -0.14939
-10.00 45.00 -0.33762
-5.00 45.00 -0.42277
0.00 45.00 -0.44259
5.00 45.00 -0.45719
10.00 45.00 -0.47126
15.00 45.00 -0.42710
20.00 45.00 -0.27430
25.00 45.00 -0.39605E-01
30.00 45.00 0.18302
35.00 45.00 0.31888
40.00 45.00 0.38803
45.00 45.00 0.48501
70.00 45.00 0.34477
-65.00 50.00 -0.16357
-60.00 50.00 -0.24588
-55.00 50.00 -0.26559
-50.00 50.00 -0.23893
-45.00 50.00 -0.16229
-40.00 50.00 -0.41522E-01
-35.00 50.00 0.71760E-01
-30.00 50.00 0.93345E-01
-25.00 50.00 -0.27086E-01
-20.00 50.00 -0.24629
-15.00 50.00 -0.44066
-10.00 50.00 -0.49344
-5.00 50.00 -0.38334
0.00 50.00 -0.19463
5.00 50.00 -0.39515E-01
10.00 50.00 0.34781E-01
15.00 50.00 0.69119E-01
20.00 50.00 0.13084
25.00 50.00 0.23578
30.00 50.00 0.33553
35.00 50.00 0.38120
40.00 50.00 0.39190
45.00 50.00 0.44704
50.00 50.00 0.59893
55.00 50.00 0.79026
60.00 50.00 0.86892
65.00 50.00 0.70499
-85.00 55.00 0.34623
-45.00 55.00 -0.50378E-01
-40.00 55.00 0.68694E-01
-35.00 55.00 0.10908
-30.00 55.00 0.14760E-01
-25.00 55.00 -0.21531
-20.00 55.00 -0.49535
-15.00 55.00 -0.68508
-10.00 55.00 -0.67770
-5.00 55.00 -0.47622
0.00 55.00 -0.19072
5.00 55.00 0.45475E-01
10.00 55.00 0.16989
15.00 55.00 0.21585
20.00 55.00 0.25390
25.00 55.00 0.31342
30.00 55.00 0.36294
35.00 55.00 0.36406
40.00 55.00 0.33607
45.00 55.00 0.35444
85.00 55.00 -0.41831
-80.00 60.00 0.32969
-75.00 60.00 0.13536
-70.00 60.00 -0.13296
-65.00 60.00 -0.34320
-60.00 60.00 -0.41458
-55.00 60.00 -0.34009
-50.00 60.00 -0.16741
-45.00 60.00 0.30630E-01
-40.00 60.00 0.17396
-35.00 60.00 0.18923
-30.00 60.00 0.37280E-01
-25.00 60.00 -0.25228
-20.00 60.00 -0.57345
-15.00 60.00 -0.78932
-10.00 60.00 -0.81227
-5.00 60.00 -0.65947
0.00 60.00 -0.43484
5.00 60.00 -0.24787
10.00 60.00 -0.13650
15.00 60.00 -0.59273E-01
20.00 60.00 0.41530E-01
25.00 60.00 0.17018
30.00 60.00 0.27110
35.00 60.00 0.29205
40.00 60.00 0.25164
45.00 60.00 0.23658
50.00 60.00 0.32107
55.00 60.00 0.48065
60.00 60.00 0.58795
65.00 60.00 0.50819
70.00 60.00 0.21883
75.00 60.00 -0.15113
80.00 60.00 -0.40492
-45.00 65.00 0.22996E-01
-40.00 65.00 0.20577
-35.00 65.00 0.24483
-30.00 65.00 0.10595
-25.00 65.00 -0.17124
-20.00 65.00 -0.48261
-15.00 65.00 -0.71207
-10.00 65.00 -0.79896
-5.00 65.00 -0.76926
0.00 65.00 -0.70121
5.00 65.00 -0.65108
10.00 65.00 -0.60378
15.00 65.00 -0.49501
20.00 65.00 -0.28682
25.00 65.00 -0.24927E-01
30.00 65.00 0.18187
35.00 65.00 0.24964
40.00 65.00 0.19661
45.00 65.00 0.13437
-65.00 70.00 -0.45617
-60.00 70.00 -0.58834
-55.00 70.00 -0.54672
-50.00 70.00 -0.35861
-45.00 70.00 -0.10293
-40.00 70.00 0.11664
-35.00 70.00 0.20829
-30.00 70.00 0.13223
-25.00 70.00 -0.76106E-01
-20.00 70.00 -0.32370
-15.00 70.00 -0.51718
-10.00 70.00 -0.62229
-5.00 70.00 -0.67633
0.00 70.00 -0.73807
5.00 70.00 -0.81566
10.00 70.00 -0.84022
15.00 70.00 -0.71821
20.00 70.00 -0.42453
25.00 70.00 -0.52669E-01
30.00 70.00 0.23316
35.00 70.00 0.31543
40.00 70.00 0.21516
45.00 70.00 0.76261E-01
50.00 70.00 0.48689E-01
55.00 70.00 0.16450
60.00 70.00 0.31137
65.00 70.00 0.32804
-70.00 75.00 -0.18502
-45.00 75.00 -0.33059
-40.00 75.00 -0.91069E-01
-35.00 75.00 0.54381E-01
-30.00 75.00 0.51341E-01
-25.00 75.00 -0.74885E-01
-20.00 75.00 -0.23606
-15.00 75.00 -0.34569
-10.00 75.00 -0.38414
-5.00 75.00 -0.40619
0.00 75.00 -0.47760
5.00 75.00 -0.59312
10.00 75.00 -0.65467
15.00 75.00 -0.54249
20.00 75.00 -0.22773
25.00 75.00 0.17289
30.00 75.00 0.46013
35.00 75.00 0.49419
40.00 75.00 0.30264
45.00 75.00 0.61428E-01
70.00 75.00 0.13010
-75.00 80.00 0.12504
-65.00 80.00 -0.46424
-60.00 80.00 -0.71023
-55.00 80.00 -0.82753
-50.00 80.00 -0.78304
-45.00 80.00 -0.59902
-40.00 80.00 -0.35948
-35.00 80.00 -0.17789
-30.00 80.00 -0.13100
-25.00 80.00 -0.20416
-20.00 80.00 -0.29996
-15.00 80.00 -0.31507
-10.00 80.00 -0.22679
-5.00 80.00 -0.11140
0.00 80.00 -0.70454E-01
5.00 80.00 -0.12558
10.00 80.00 -0.18031
15.00 80.00 -0.95118E-01
20.00 80.00 0.18037
25.00 80.00 0.53524
30.00 80.00 0.76026
35.00 80.00 0.70578
40.00 80.00 0.40633
45.00 80.00 0.63376E-01
50.00 80.00 -0.10613
55.00 80.00 -0.34173E-01
60.00 80.00 0.15446
65.00 80.00 0.25192
75.00 80.00 -0.12913
-45.00 85.00 -0.82565
-40.00 85.00 -0.59918
-35.00 85.00 -0.40290
-30.00 85.00 -0.33962
-25.00 85.00 -0.40378
-20.00 85.00 -0.47817
-15.00 85.00 -0.42648
-10.00 85.00 -0.21057
-5.00 85.00 0.71325E-01
0.00 85.00 0.26715
5.00 85.00 0.30734
10.00 85.00 0.27145
15.00 85.00 0.31731
20.00 85.00 0.52839
25.00 85.00 0.81614
30.00 85.00 0.97350
35.00 85.00 0.84413
40.00 85.00 0.46457
45.00 85.00 0.52774E-01
-80.00 90.00 0.28897
-70.00 90.00 -0.44811E-01
-65.00 90.00 -0.33405
-60.00 90.00 -0.64790
-55.00 90.00 -0.90664
-50.00 90.00 -1.0180
-45.00 90.00 -0.93926
-40.00 90.00 -0.73115
-35.00 90.00 -0.53695
-30.00 90.00 -0.48146
-25.00 90.00 -0.56442
-20.00 90.00 -0.64774
-15.00 90.00 -0.56382
-10.00 90.00 -0.26162
-5.00 90.00 0.13834
0.00 90.00 0.43743
5.00 90.00 0.52589
10.00 90.00 0.47531
15.00 90.00 0.46861
20.00 90.00 0.62478
25.00 90.00 0.87548
30.00 90.00 1.0106
35.00 90.00 0.86012
40.00 90.00 0.45521
45.00 90.00 0.22996E-01
50.00 90.00 -0.18567
55.00 90.00 -0.92112E-01
60.00 90.00 0.15501
65.00 90.00 0.30736
70.00 90.00 0.21648
80.00 90.00 -0.32118
-45.00 95.00 -0.90632
-40.00 95.00 -0.72155
-35.00 95.00 -0.54488
-30.00 95.00 -0.50877
-25.00 95.00 -0.61046
-20.00 95.00 -0.69768
-15.00 95.00 -0.59018
-10.00 95.00 -0.24196
-5.00 95.00 0.20074
0.00 95.00 0.50867
5.00 95.00 0.55948
10.00 95.00 0.44110
15.00 95.00 0.37107
20.00 95.00 0.49718
25.00 95.00 0.75621
30.00 95.00 0.92093
35.00 95.00 0.79973
40.00 95.00 0.41450
45.00 95.00 -0.14313E-02
-75.00 100.00 0.21788
-65.00 100.00 -0.95560E-01
-60.00 100.00 -0.35438
-55.00 100.00 -0.61109
-50.00 100.00 -0.76067
-45.00 100.00 -0.73802
-40.00 100.00 -0.58863
-35.00 100.00 -0.45079
-30.00 100.00 -0.44291
-25.00 100.00 -0.54788
-20.00 100.00 -0.60834
-15.00 100.00 -0.45676
-10.00 100.00 -0.76035E-01
-5.00 100.00 0.35753
0.00 100.00 0.60325
5.00 100.00 0.55614
10.00 100.00 0.34203
15.00 100.00 0.21469
20.00 100.00 0.33608
25.00 100.00 0.63036
30.00 100.00 0.84409
35.00 100.00 0.76482
40.00 100.00 0.40963
45.00 100.00 0.18879E-01
50.00 100.00 -0.13983
55.00 100.00 0.10901E-01
60.00 100.00 0.30257
65.00 100.00 0.46685
75.00 100.00 0.32811E-01
-70.00 105.00 0.15723
-45.00 105.00 -0.47719
-40.00 105.00 -0.37997
-35.00 105.00 -0.30623
-30.00 105.00 -0.33914
-25.00 105.00 -0.43615
-20.00 105.00 -0.44304
-15.00 105.00 -0.22594
-10.00 105.00 0.18716
-5.00 105.00 0.59195
0.00 105.00 0.75502
5.00 105.00 0.60867
10.00 105.00 0.32157
15.00 105.00 0.17029
20.00 105.00 0.31031
25.00 105.00 0.64121
30.00 105.00 0.88683
35.00 105.00 0.82705
40.00 105.00 0.48472
45.00 105.00 0.10825
70.00 105.00 0.42514
-85.00 110.00 0.21017
-65.00 110.00 0.12962
-60.00 110.00 0.22637E-01
-55.00 110.00 -0.98294E-01
-50.00 110.00 -0.17515
-45.00 110.00 -0.17656
-40.00 110.00 -0.13971
-35.00 110.00 -0.14374
-30.00 110.00 -0.22482
-25.00 110.00 -0.31241
-20.00 110.00 -0.26436
-15.00 110.00 0.84988E-02
-10.00 110.00 0.43305
-5.00 110.00 0.79211
0.00 110.00 0.87953
5.00 110.00 0.67281
10.00 110.00 0.37051
15.00 110.00 0.24547
20.00 110.00 0.42494
25.00 110.00 0.78107
30.00 110.00 1.0304
35.00 110.00 0.96472
40.00 110.00 0.62211
45.00 110.00 0.25438
50.00 110.00 0.12029
55.00 110.00 0.27808
60.00 110.00 0.54747
65.00 110.00 0.66439
85.00 110.00 -0.34378
-45.00 115.00 0.11684
-40.00 115.00 0.10816
-35.00 115.00 0.43171E-01
-30.00 115.00 -0.70113E-01
-25.00 115.00 -0.14397
-20.00 115.00 -0.61226E-01
-15.00 115.00 0.21995
-10.00 115.00 0.59688
-5.00 115.00 0.86728
0.00 115.00 0.87449
5.00 115.00 0.64171
10.00 115.00 0.37474
15.00 115.00 0.31305
20.00 115.00 0.53968
25.00 115.00 0.90652
30.00 115.00 1.1443
35.00 115.00 1.0741
40.00 115.00 0.74935
45.00 115.00 0.41128
-80.00 120.00 0.15981
-75.00 120.00 0.15076
-70.00 120.00 0.15827
-65.00 120.00 0.18558
-60.00 120.00 0.22695
-55.00 120.00 0.27758
-50.00 120.00 0.33004
-45.00 120.00 0.36394
-40.00 120.00 0.34941
-35.00 120.00 0.27443
-30.00 120.00 0.17602
-25.00 120.00 0.13731
-20.00 120.00 0.23408
-15.00 120.00 0.46295
-10.00 120.00 0.71498
-5.00 120.00 0.83472
0.00 120.00 0.73529
5.00 120.00 0.48144
10.00 120.00 0.26300
15.00 120.00 0.26311
20.00 120.00 0.51621
25.00 120.00 0.87046
30.00 120.00 1.0937
35.00 120.00 1.0465
40.00 120.00 0.78758
45.00 120.00 0.52500
50.00 120.00 0.45100
55.00 120.00 0.59036
60.00 120.00 0.78320
65.00 120.00 0.81382
70.00 120.00 0.58234
75.00 120.00 0.18002
80.00 120.00 -0.17874
-45.00 125.00 0.52779
-40.00 125.00 0.55503
-35.00 125.00 0.53399
-30.00 125.00 0.51133
-25.00 125.00 0.54254
-20.00 125.00 0.64826
-15.00 125.00 0.78507
-10.00 125.00 0.85972
-5.00 125.00 0.78807
0.00 125.00 0.56336
5.00 125.00 0.28202
10.00 125.00 0.97449E-01
15.00 125.00 0.12365
20.00 125.00 0.35320
25.00 125.00 0.65320
30.00 125.00 0.85066
35.00 125.00 0.85136
40.00 125.00 0.70492
45.00 125.00 0.56362
-65.00 130.00 -0.12995E-01
-60.00 130.00 0.85370E-01
-55.00 130.00 0.24660
-50.00 130.00 0.42505
-45.00 130.00 0.57179
-40.00 130.00 0.66946
-35.00 130.00 0.74346
-30.00 130.00 0.83608
-25.00 130.00 0.96256
-20.00 130.00 1.0851
-15.00 130.00 1.1287
-10.00 130.00 1.0301
-5.00 130.00 0.78533
0.00 130.00 0.46306
5.00 130.00 0.17472
10.00 130.00 0.19840E-01
15.00 130.00 0.37489E-01
20.00 130.00 0.18918
25.00 130.00 0.38181
30.00 130.00 0.51982
35.00 130.00 0.55991
40.00 130.00 0.53560
45.00 130.00 0.53071
50.00 130.00 0.61202
55.00 130.00 0.76483
60.00 130.00 0.88410
65.00 130.00 0.84059
-70.00 135.00 -0.17961
-45.00 135.00 0.47031
-40.00 135.00 0.62949
-35.00 135.00 0.79094
-30.00 135.00 0.99031
-25.00 135.00 1.2067
-20.00 135.00 1.3539
-15.00 135.00 1.3360
-10.00 135.00 1.1225
-5.00 135.00 0.78114
0.00 135.00 0.43891
5.00 135.00 0.20435
10.00 135.00 0.11190
15.00 135.00 0.12412
20.00 135.00 0.17711
25.00 135.00 0.22589
30.00 135.00 0.26014
35.00 135.00 0.29428
40.00 135.00 0.35201
45.00 135.00 0.45435
70.00 135.00 0.54684
-75.00 140.00 -0.20291
-65.00 140.00 -0.41514
-60.00 140.00 -0.36440
-55.00 140.00 -0.19726
-50.00 140.00 0.22515E-01
-45.00 140.00 0.22743
-40.00 140.00 0.40564
-35.00 140.00 0.60260
-30.00 140.00 0.85664
-25.00 140.00 1.1292
-20.00 140.00 1.3049
-15.00 140.00 1.2733
-10.00 140.00 1.0263
-5.00 140.00 0.68064
0.00 140.00 0.40119
5.00 140.00 0.28566
10.00 140.00 0.30741
15.00 140.00 0.35803
20.00 140.00 0.34525
25.00 140.00 0.26040
30.00 140.00 0.16778
35.00 140.00 0.14145
40.00 140.00 0.21236
45.00 140.00 0.36195
50.00 140.00 0.54555
55.00 140.00 0.70882
60.00 140.00 0.78844
65.00 140.00 0.72290
75.00 140.00 0.15910
-45.00 145.00 -0.11039
-40.00 145.00 0.36340E-01
-35.00 145.00 0.20520
-30.00 145.00 0.45254
-25.00 145.00 0.74624
-20.00 145.00 0.95957
-15.00 145.00 0.96579
-10.00 145.00 0.75449
-5.00 145.00 0.46067
0.00 145.00 0.27125
5.00 145.00 0.28393
10.00 145.00 0.43808
15.00 145.00 0.57392
20.00 145.00 0.56446
25.00 145.00 0.40771
30.00 145.00 0.21103
35.00 145.00 0.97657E-01
40.00 145.00 0.12309
45.00 145.00 0.26082
-80.00 150.00 -0.17884
-70.00 150.00 -0.67501
-65.00 150.00 -0.85974
-60.00 150.00 -0.89632
-55.00 150.00 -0.78316
-50.00 150.00 -0.60496
-45.00 150.00 -0.46095
-40.00 150.00 -0.37372
-35.00 150.00 -0.27036
-30.00 150.00 -0.63578E-01
-25.00 150.00 0.24020
-20.00 150.00 0.51433
-15.00 150.00 0.60521
-10.00 150.00 0.46871
-5.00 150.00 0.22480
0.00 150.00 0.73230E-01
5.00 150.00 0.13739
10.00 150.00 0.36895
15.00 150.00 0.59232
20.00 150.00 0.64618
25.00 150.00 0.50100
30.00 150.00 0.26336
35.00 150.00 0.81458E-01
40.00 150.00 0.42508E-01
45.00 150.00 0.13882
50.00 150.00 0.30335
55.00 150.00 0.45993
60.00 150.00 0.54569
65.00 150.00 0.51414
70.00 150.00 0.35042
80.00 150.00 -0.13189
-45.00 155.00 -0.73359
-40.00 155.00 -0.69571
-35.00 155.00 -0.65228
-30.00 155.00 -0.48254
-25.00 155.00 -0.15853
-20.00 155.00 0.19955
-15.00 155.00 0.40344
-10.00 155.00 0.35104
-5.00 155.00 0.11996
0.00 155.00 -0.85896E-01
5.00 155.00 -0.94618E-01
10.00 155.00 0.10326
15.00 155.00 0.35820
20.00 155.00 0.48757
25.00 155.00 0.41323
30.00 155.00 0.20309
35.00 155.00 0.11093E-02
40.00 155.00 -0.79885E-01
45.00 155.00 -0.16725E-01
-75.00 160.00 -0.60370
-65.00 160.00 -1.1747
-60.00 160.00 -1.2544
-55.00 160.00 -1.1603
-50.00 160.00 -0.98785
-45.00 160.00 -0.86407
-40.00 160.00 -0.83486
-35.00 160.00 -0.81601
-30.00 160.00 -0.66525
-25.00 160.00 -0.32224
-20.00 160.00 0.10802
-15.00 160.00 0.41278
-10.00 160.00 0.43173
-5.00 160.00 0.18717
0.00 160.00 -0.12762
5.00 160.00 -0.29375
10.00 160.00 -0.22578
15.00 160.00 -0.18075E-01
20.00 160.00 0.14807
25.00 160.00 0.14952
30.00 160.00 0.14239E-02
35.00 160.00 -0.17641
40.00 160.00 -0.25926
45.00 160.00 -0.19734
50.00 160.00 -0.27651E-01
55.00 160.00 0.16592
60.00 160.00 0.29982
65.00 160.00 0.32024
75.00 160.00 0.41427E-01
-85.00 165.00 -0.69273E-01
-70.00 165.00 -1.0065
-45.00 165.00 -0.83845
-40.00 165.00 -0.76974
-35.00 165.00 -0.73876
-30.00 165.00 -0.60614
-25.00 165.00 -0.28871
-20.00 165.00 0.14042
-15.00 165.00 0.47925
-10.00 165.00 0.54078
-5.00 165.00 0.29864
0.00 165.00 -0.86745E-01
5.00 165.00 -0.38434
10.00 165.00 -0.45660
15.00 165.00 -0.34152
20.00 165.00 -0.19678
25.00 165.00 -0.16366
30.00 165.00 -0.26434
35.00 165.00 -0.40420
40.00 165.00 -0.45895
45.00 165.00 -0.36669
70.00 165.00 0.17246
85.00 165.00 -0.20539
-65.00 170.00 -1.2753
-60.00 170.00 -1.3272
-55.00 170.00 -1.1887
-50.00 170.00 -0.93527
-45.00 170.00 -0.69382
-40.00 170.00 -0.55218
-35.00 170.00 -0.49063
-30.00 170.00 -0.40205
-25.00 170.00 -0.19341
-20.00 170.00 0.11491
-15.00 170.00 0.38221
-10.00 170.00 0.44786
-5.00 170.00 0.25957
0.00 170.00 -0.78122E-01
5.00 170.00 -0.37769
10.00 170.00 -0.50474
15.00 170.00 -0.46600
20.00 170.00 -0.38226
25.00 170.00 -0.37679
30.00 170.00 -0.47501
35.00 170.00 -0.59289
40.00 170.00 -0.61246
45.00 170.00 -0.47549
50.00 170.00 -0.22306
55.00 170.00 0.38050E-01
60.00 170.00 0.20500
65.00 170.00 0.23234
-45.00 175.00 -0.49785
-40.00 175.00 -0.27421
-35.00 175.00 -0.18085
-30.00 175.00 -0.16634
-25.00 175.00 -0.14129
-20.00 175.00 -0.59574E-01
-15.00 175.00 0.41053E-01
-10.00 175.00 0.75196E-01
-5.00 175.00 -0.89517E-02
0.00 175.00 -0.17690
5.00 175.00 -0.33245
10.00 175.00 -0.39874
15.00 175.00 -0.38288
20.00 175.00 -0.36567
25.00 175.00 -0.42456
30.00 175.00 -0.55757
35.00 175.00 -0.67504
40.00 175.00 -0.66690
45.00 175.00 -0.48924
-80.00 180.00 -0.46287
-75.00 180.00 -0.78539
-70.00 180.00 -1.0443
-65.00 180.00 -1.1908
-60.00 180.00 -1.1842
-55.00 180.00 -1.0064
-50.00 180.00 -0.68798
-45.00 180.00 -0.31992
-40.00 180.00 -0.26695E-01
-35.00 180.00 0.95736E-01
-30.00 180.00 0.34731E-01
-25.00 180.00 -0.13516
-20.00 180.00 -0.30501
-15.00 180.00 -0.40035
-10.00 180.00 -0.41335
-5.00 180.00 -0.38055
0.00 180.00 -0.33646
5.00 180.00 -0.29008
10.00 180.00 -0.24178
15.00 180.00 -0.21280
20.00 180.00 -0.24554
25.00 180.00 -0.36420
30.00 180.00 -0.53130
35.00 180.00 -0.64898
40.00 180.00 -0.61772
45.00 180.00 -0.41125
50.00 180.00 -0.10584
55.00 180.00 0.16375
60.00 180.00 0.28986
65.00 180.00 0.25394
70.00 180.00 0.12232
75.00 180.00 -0.16079E-01
80.00 180.00 -0.10896
-45.00 -175 -0.20745
-40.00 -175 0.12866
-35.00 -175 0.28014
-30.00 -175 0.18021
-25.00 -175 -0.11695
-20.00 -175 -0.46127
-15.00 -175 -0.69509
-10.00 -175 -0.74017
-5.00 -175 -0.62306
0.00 -175 -0.43270
5.00 -175 -0.25632
10.00 -175 -0.14492
15.00 -175 -0.11879
20.00 -175 -0.18296
25.00 -175 -0.32236
30.00 -175 -0.48293
35.00 -175 -0.57383
40.00 -175 -0.51231
45.00 -175 -0.28635
-65.00 -170 -1.0168
-60.00 -170 -0.96610
-55.00 -170 -0.81041
-50.00 -170 -0.53706
-45.00 -170 -0.17515
-40.00 -170 0.16828
-35.00 -170 0.34319
-30.00 -170 0.25228
-25.00 -170 -0.67576E-01
-20.00 -170 -0.45302
-15.00 -170 -0.71420
-10.00 -170 -0.75196
-5.00 -170 -0.60386
0.00 -170 -0.39321
5.00 -170 -0.23477
10.00 -170 -0.17554
15.00 -170 -0.20259
20.00 -170 -0.28479
25.00 -170 -0.39464
30.00 -170 -0.49494
35.00 -170 -0.52462
40.00 -170 -0.42270
45.00 -170 -0.18273
50.00 -170 0.11531
55.00 -170 0.34032
60.00 -170 0.39638
65.00 -170 0.28990
-70.00 -165 -0.91839
-45.00 -165 -0.20675
-40.00 -165 0.10476
-35.00 -165 0.27884
-30.00 -165 0.21504
-25.00 -165 -0.55221E-01
-20.00 -165 -0.37383
-15.00 -165 -0.56356
-10.00 -165 -0.55212
-5.00 -165 -0.41039
0.00 -165 -0.27915
5.00 -165 -0.25504
10.00 -165 -0.33355
15.00 -165 -0.44461
20.00 -165 -0.52844
25.00 -165 -0.57252
30.00 -165 -0.58371
35.00 -165 -0.54311
40.00 -165 -0.40725
45.00 -165 -0.16231
70.00 -165 0.10608
-75.00 -160 -0.78422
-65.00 -160 -0.85231
-60.00 -160 -0.77678
-55.00 -160 -0.67040
-50.00 -160 -0.50436
-45.00 -160 -0.26568
-40.00 -160 -0.19085E-01
-35.00 -160 0.11276
-30.00 -160 0.46675E-01
-25.00 -160 -0.17520
-20.00 -160 -0.40101
-15.00 -160 -0.48462
-10.00 -160 -0.40277
-5.00 -160 -0.26886
0.00 -160 -0.23128
5.00 -160 -0.34863
10.00 -160 -0.55187
15.00 -160 -0.71807
20.00 -160 -0.77706
25.00 -160 -0.74965
30.00 -160 -0.69239
35.00 -160 -0.61873
40.00 -160 -0.48491
45.00 -160 -0.25485
50.00 -160 0.29164E-01
55.00 -160 0.25318
60.00 -160 0.31911
65.00 -160 0.22983
75.00 -160 -0.14436E-01
-45.00 -155 -0.31155
-40.00 -155 -0.14195
-35.00 -155 -0.88002E-01
-30.00 -155 -0.20795
-25.00 -155 -0.43642
-20.00 -155 -0.61690
-15.00 -155 -0.62648
-10.00 -155 -0.48315
-5.00 -155 -0.33384
0.00 -155 -0.32904
5.00 -155 -0.49594
10.00 -155 -0.72358
15.00 -155 -0.86802
20.00 -155 -0.87428
25.00 -155 -0.80219
30.00 -155 -0.74127
35.00 -155 -0.70846
40.00 -155 -0.63404
45.00 -155 -0.44733
-80.00 -150 -0.55108
-70.00 -150 -0.82412
-65.00 -150 -0.76517
-60.00 -150 -0.67489
-55.00 -150 -0.58248
-50.00 -150 -0.46554
-45.00 -150 -0.31877
-40.00 -150 -0.20710
-35.00 -150 -0.23164
-30.00 -150 -0.43009
-25.00 -150 -0.71210
-20.00 -150 -0.90778
-15.00 -150 -0.90059
-10.00 -150 -0.72678
-5.00 -150 -0.54586
0.00 -150 -0.50407
5.00 -150 -0.61389
10.00 -150 -0.75850
15.00 -150 -0.81183
20.00 -150 -0.75617
25.00 -150 -0.68524
30.00 -150 -0.69509
35.00 -150 -0.77517
40.00 -150 -0.80998
45.00 -150 -0.69036
50.00 -150 -0.42439
55.00 -150 -0.13813
60.00 -150 0.33810E-01
65.00 -150 0.59830E-01
70.00 -150 0.16792E-01
80.00 -150 -0.98898E-02
-45.00 -145 -0.29096
-40.00 -145 -0.19272
-35.00 -145 -0.25179
-30.00 -145 -0.49608
-25.00 -145 -0.82072
-20.00 -145 -1.0471
-15.00 -145 -1.0579
-10.00 -145 -0.88929
-5.00 -145 -0.69262
0.00 -145 -0.60003
5.00 -145 -0.61808
10.00 -145 -0.64685
15.00 -145 -0.60008
20.00 -145 -0.50405
25.00 -145 -0.47481
30.00 -145 -0.59495
35.00 -145 -0.81245
40.00 -145 -0.96553
45.00 -145 -0.91569
-85.00 -140 -0.20686
-75.00 -140 -0.76395
-65.00 -140 -0.77806
-60.00 -140 -0.69849
-55.00 -140 -0.59549
-50.00 -140 -0.44596
-45.00 -140 -0.26247
-40.00 -140 -0.13115
-35.00 -140 -0.16007
-30.00 -140 -0.37743
-25.00 -140 -0.68087
-20.00 -140 -0.89963
-15.00 -140 -0.92381
-10.00 -140 -0.78537
-5.00 -140 -0.61638
0.00 -140 -0.52501
5.00 -140 -0.50792
10.00 -140 -0.48085
15.00 -140 -0.39167
20.00 -140 -0.29749
25.00 -140 -0.32204
30.00 -140 -0.52946
35.00 -140 -0.83771
40.00 -140 -1.0621
45.00 -140 -1.0562
50.00 -140 -0.82484
55.00 -140 -0.50705
60.00 -140 -0.25350
65.00 -140 -0.11527
75.00 -140 0.15689E-01
85.00 -140 -0.35063E-01
-70.00 -135 -0.83300
-45.00 -135 -0.28169
-40.00 -135 -0.96892E-01
-35.00 -135 -0.53048E-01
-30.00 -135 -0.18379
-25.00 -135 -0.40292
-20.00 -135 -0.56402
-15.00 -135 -0.57685
-10.00 -135 -0.47476
-5.00 -135 -0.37094
0.00 -135 -0.34731
5.00 -135 -0.38442
10.00 -135 -0.39906
15.00 -135 -0.34872
20.00 -135 -0.29370
25.00 -135 -0.34867
30.00 -135 -0.56566
35.00 -135 -0.86237
40.00 -135 -1.0702
45.00 -135 -1.0632
70.00 -135 -0.53599E-01
-65.00 -130 -0.85705
-60.00 -130 -0.83239
-55.00 -130 -0.76143
-50.00 -130 -0.60853
-45.00 -130 -0.38144
-40.00 -130 -0.16157
-35.00 -130 -0.53551E-01
-30.00 -130 -0.96361E-01
-25.00 -130 -0.22314
-20.00 -130 -0.31478
-15.00 -130 -0.30227
-10.00 -130 -0.22314
-5.00 -130 -0.17921
0.00 -130 -0.23711
5.00 -130 -0.36761
10.00 -130 -0.48065
15.00 -130 -0.51897
20.00 -130 -0.51559
25.00 -130 -0.55761
30.00 -130 -0.69195
35.00 -130 -0.86698
40.00 -130 -0.96877
45.00 -130 -0.91756
50.00 -130 -0.73239
55.00 -130 -0.50484
60.00 -130 -0.31411
65.00 -130 -0.17113
-45.00 -125 -0.55301
-40.00 -125 -0.34114
-35.00 -125 -0.21973
-30.00 -125 -0.23074
-25.00 -125 -0.31964
-20.00 -125 -0.38149
-15.00 -125 -0.35367
-10.00 -125 -0.27072
-5.00 -125 -0.23117
0.00 -125 -0.30785
5.00 -125 -0.48459
10.00 -125 -0.67420
15.00 -125 -0.79493
20.00 -125 -0.83102
25.00 -125 -0.82461
30.00 -125 -0.81712
35.00 -125 -0.80466
40.00 -125 -0.75080
45.00 -125 -0.63635
-80.00 -120 -0.50095
-75.00 -120 -0.72700
-70.00 -120 -0.85153
-65.00 -120 -0.92135
-60.00 -120 -0.96869
-55.00 -120 -0.97484
-50.00 -120 -0.89921
-45.00 -120 -0.74219
-40.00 -120 -0.57353
-35.00 -120 -0.48996
-30.00 -120 -0.53555
-25.00 -120 -0.65864
-20.00 -120 -0.74951
-15.00 -120 -0.72993
-10.00 -120 -0.61785
-5.00 -120 -0.51200
0.00 -120 -0.51149
5.00 -120 -0.63980
10.00 -120 -0.83269
15.00 -120 -0.99039
20.00 -120 -1.0431
25.00 -120 -0.97906
30.00 -120 -0.82830
35.00 -120 -0.63306
40.00 -120 -0.43416
45.00 -120 -0.27102
50.00 -120 -0.17378
55.00 -120 -0.14145
60.00 -120 -0.13016
65.00 -120 -0.79453E-01
70.00 -120 0.31572E-01
75.00 -120 0.14694
80.00 -120 0.16458
-45.00 -115 -0.87395
-40.00 -115 -0.74832
-35.00 -115 -0.71204
-30.00 -115 -0.81410
-25.00 -115 -1.0030
-20.00 -115 -1.1550
-15.00 -115 -1.1633
-10.00 -115 -1.0192
-5.00 -115 -0.81809
0.00 -115 -0.68940
5.00 -115 -0.70559
10.00 -115 -0.83769
15.00 -115 -0.98170
20.00 -115 -1.0269
25.00 -115 -0.91608
30.00 -115 -0.66592
35.00 -115 -0.35099
40.00 -115 -0.68103E-01
45.00 -115 0.10322
-65.00 -110 -0.89574
-60.00 -110 -0.97635
-55.00 -110 -1.0249
-50.00 -110 -0.99892
-45.00 -110 -0.89312
-40.00 -110 -0.77325
-35.00 -110 -0.74242
-30.00 -110 -0.86040
-25.00 -110 -1.0837
-20.00 -110 -1.2826
-15.00 -110 -1.3287
-10.00 -110 -1.1866
-5.00 -110 -0.93886
0.00 -110 -0.72614
5.00 -110 -0.64967
10.00 -110 -0.70700
15.00 -110 -0.80143
20.00 -110 -0.80986
25.00 -110 -0.65853
30.00 -110 -0.36194
35.00 -110 -0.11028E-01
40.00 -110 0.27498
45.00 -110 0.40716
50.00 -110 0.37063
55.00 -110 0.23291
60.00 -110 0.10689
65.00 -110 0.81279E-01
-70.00 -105 -0.75407
-45.00 -105 -0.79548
-40.00 -105 -0.63272
-35.00 -105 -0.54465
-30.00 -105 -0.60730
-25.00 -105 -0.79850
-20.00 -105 -1.0033
-15.00 -105 -1.0928
-10.00 -105 -1.0153
-5.00 -105 -0.82877
0.00 -105 -0.65096
5.00 -105 -0.56963
10.00 -105 -0.58195
15.00 -105 -0.60397
20.00 -105 -0.53525
25.00 -105 -0.32814
30.00 -105 -0.17123E-01
35.00 -105 0.30188
40.00 -105 0.52264
45.00 -105 0.58106
70.00 -105 0.22538
-75.00 -100 -0.57662
-65.00 -100 -0.76782
-60.00 -100 -0.83052
-55.00 -100 -0.85881
-50.00 -100 -0.79942
-45.00 -100 -0.62814
-40.00 -100 -0.39627
-35.00 -100 -0.21317
-30.00 -100 -0.17225
-25.00 -100 -0.28145
-20.00 -100 -0.45842
-15.00 -100 -0.59536
-10.00 -100 -0.63792
-5.00 -100 -0.61274
0.00 -100 -0.58521
5.00 -100 -0.58975
10.00 -100 -0.59484
15.00 -100 -0.52963
20.00 -100 -0.34485
25.00 -100 -0.56241E-01
30.00 -100 0.26020
35.00 -100 0.51053
40.00 -100 0.62904
45.00 -100 0.60326
50.00 -100 0.47417
55.00 -100 0.31859
60.00 -100 0.21776
65.00 -100 0.21601
75.00 -100 0.33964
-45.00 -95 -0.45789
-40.00 -95 -0.16978
-35.00 -95 0.95733E-01
-30.00 -95 0.23309
-25.00 -95 0.20773
-20.00 -95 0.67346E-01
-15.00 -95 -0.10974
-10.00 -95 -0.27694
-5.00 -95 -0.43479
0.00 -95 -0.59134
5.00 -95 -0.71489
10.00 -95 -0.73300
15.00 -95 -0.58474
20.00 -95 -0.27962
25.00 -95 0.91604E-01
30.00 -95 0.40586
35.00 -95 0.57651
40.00 -95 0.59047
45.00 -95 0.49591
-80.00 -90 -0.30120
-70.00 -90 -0.54340
-65.00 -90 -0.58407
-60.00 -90 -0.61513
-55.00 -90 -0.61935
-50.00 -90 -0.53755
-45.00 -90 -0.32830
-40.00 -90 -0.23899E-01
-35.00 -90 0.27346
-30.00 -90 0.45586
-25.00 -90 0.47724
-20.00 -90 0.36611
-15.00 -90 0.17962
-10.00 -90 -0.48118E-01
-5.00 -90 -0.30994
0.00 -90 -0.58244
5.00 -90 -0.79050
10.00 -90 -0.83040
15.00 -90 -0.64380
20.00 -90 -0.27853
25.00 -90 0.12366
30.00 -90 0.40994
35.00 -90 0.50569
40.00 -90 0.44288
45.00 -90 0.31613
50.00 -90 0.21363
55.00 -90 0.17826
60.00 -90 0.21160
65.00 -90 0.29149
70.00 -90 0.37476
80.00 -90 0.29167
-85.00 -85 -0.54387E-01
-45.00 -85 -0.23407
-40.00 -85 0.49302E-01
-35.00 -85 0.32715
-30.00 -85 0.49854
-25.00 -85 0.52421
-20.00 -85 0.43649
-15.00 -85 0.28924
-10.00 -85 0.10450
-5.00 -85 -0.12707
0.00 -85 -0.39447
5.00 -85 -0.62440
10.00 -85 -0.70569
15.00 -85 -0.57092
20.00 -85 -0.26382
25.00 -85 0.74027E-01
30.00 -85 0.29374
35.00 -85 0.33417
40.00 -85 0.24639
45.00 -85 0.13716
85.00 -85 0.49898E-01
-75.00 -80 -0.33482
-65.00 -80 -0.39163
-60.00 -80 -0.39153
-55.00 -80 -0.37940
-50.00 -80 -0.30533
-45.00 -80 -0.12950
-40.00 -80 0.12179
-35.00 -80 0.35831
-30.00 -80 0.49049
-25.00 -80 0.49718
-20.00 -80 0.43169
-15.00 -80 0.36115
-10.00 -80 0.30035
-5.00 -80 0.20672
0.00 -80 0.41169E-01
5.00 -80 -0.16808
10.00 -80 -0.32699
15.00 -80 -0.34735
20.00 -80 -0.22341
25.00 -80 -0.41324E-01
30.00 -80 0.88244E-01
35.00 -80 0.11329
40.00 -80 0.67760E-01
45.00 -80 0.27542E-01
50.00 -80 0.44699E-01
55.00 -80 0.11941
60.00 -80 0.22110
65.00 -80 0.31957
75.00 -80 0.38834
-70.00 -75 -0.30917
-45.00 -75 0.35963E-01
-40.00 -75 0.26988
-35.00 -75 0.47336
-30.00 -75 0.56722
-25.00 -75 0.54862
-20.00 -75 0.49539
-15.00 -75 0.49596
-10.00 -75 0.56667
-5.00 -75 0.63317
0.00 -75 0.59454
5.00 -75 0.41287
10.00 -75 0.14864
15.00 -75 -0.85884E-01
20.00 -75 -0.20933
25.00 -75 -0.21758
30.00 -75 -0.16245
35.00 -75 -0.95432E-01
40.00 -75 -0.32934E-01
45.00 -75 0.33822E-01
70.00 -75 0.35853
-65.00 -70 -0.20423
-60.00 -70 -0.14299
-55.00 -70 -0.57759E-01
-50.00 -70 0.77229E-01
-45.00 -70 0.27936
-40.00 -70 0.51364
-35.00 -70 0.69686
-30.00 -70 0.75872
-25.00 -70 0.70825
-20.00 -70 0.63928
-15.00 -70 0.65919
-10.00 -70 0.79583
-5.00 -70 0.96262
0.00 -70 1.0149
5.00 -70 0.85469
10.00 -70 0.50157
15.00 -70 0.80199E-01
20.00 -70 -0.25823
25.00 -70 -0.41699
30.00 -70 -0.38638
35.00 -70 -0.22405
40.00 -70 -0.13764E-01
45.00 -70 0.16879
50.00 -70 0.27719
55.00 -70 0.30655
60.00 -70 0.29211
65.00 -70 0.28302
-45.00 -65 0.56819
-40.00 -65 0.79753
-35.00 -65 0.95067
-30.00 -65 0.97137
-25.00 -65 0.87596
-20.00 -65 0.76020
-15.00 -65 0.73829
-10.00 -65 0.85422
-5.00 -65 1.0350
0.00 -65 1.1278
5.00 -65 0.99933
10.00 -65 0.62754
15.00 -65 0.12450
20.00 -65 -0.32235
25.00 -65 -0.54875
30.00 -65 -0.49293
35.00 -65 -0.21661
40.00 -65 0.13445
45.00 -65 0.40513
-80.00 -60 -0.21240E-01
-75.00 -60 -0.95998E-01
-70.00 -60 -0.10534
-65.00 -60 -0.26834E-01
-60.00 -60 0.13288
-55.00 -60 0.35009
-50.00 -60 0.59563
-45.00 -60 0.83498
-40.00 -60 1.0226
-35.00 -60 1.1090
-30.00 -60 1.0673
-25.00 -60 0.92372
-20.00 -60 0.76093
-15.00 -60 0.67847
-10.00 -60 0.72809
-5.00 -60 0.86749
0.00 -60 0.97155
5.00 -60 0.90311
10.00 -60 0.60350
15.00 -60 0.14489
20.00 -60 -0.29330
25.00 -60 -0.51605
30.00 -60 -0.42175
35.00 -60 -0.64017E-01
40.00 -60 0.37322
45.00 -60 0.67680
50.00 -60 0.72329
55.00 -60 0.54261
60.00 -60 0.28480
65.00 -60 0.11077
70.00 -60 0.81149E-01
75.00 -60 0.12621
80.00 -60 0.11407
-45.00 -55 1.0106
-40.00 -55 1.1043
-35.00 -55 1.0828
-30.00 -55 0.97012
-25.00 -55 0.80878
-20.00 -55 0.65234
-15.00 -55 0.55611
-10.00 -55 0.55688
-5.00 -55 0.64460
0.00 -55 0.74735
5.00 -55 0.75515
10.00 -55 0.58508
15.00 -55 0.25250
20.00 -55 -0.10772
25.00 -55 -0.30278
30.00 -55 -0.20107
35.00 -55 0.16860
40.00 -55 0.61473
45.00 -55 0.89272
-65.00 -50 0.11431
-60.00 -50 0.35483
-55.00 -50 0.66393
-50.00 -50 0.92969
-45.00 -50 1.0547
-40.00 -50 1.0159
-35.00 -50 0.87218
-30.00 -50 0.71462
-25.00 -50 0.60344
-20.00 -50 0.54455
-15.00 -50 0.51744
-10.00 -50 0.51641
-5.00 -50 0.55584
0.00 -50 0.63258
5.00 -50 0.69071
10.00 -50 0.64226
15.00 -50 0.44435
20.00 -50 0.16805
25.00 -50 -0.17609E-01
30.00 -50 0.41675E-01
35.00 -50 0.35469
40.00 -50 0.74715
45.00 -50 0.96473
50.00 -50 0.84972
55.00 -50 0.45658
60.00 -50 0.12584E-01
65.00 -50 -0.24840
-70.00 -45 0.48402E-01
-45.00 -45 0.96585
-40.00 -45 0.79213
-35.00 -45 0.55481
-30.00 -45 0.41101
-25.00 -45 0.42754
-20.00 -45 0.54369
-15.00 -45 0.64235
-10.00 -45 0.66004
-5.00 -45 0.63213
0.00 -45 0.63392
5.00 -45 0.68171
10.00 -45 0.69971
15.00 -45 0.59489
20.00 -45 0.37127
25.00 -45 0.16495
30.00 -45 0.14728
35.00 -45 0.36878
40.00 -45 0.68470
45.00 -45 0.84314
70.00 -45 -0.43790
-75.00 -40 0.10462
-65.00 -40 0.18637
-60.00 -40 0.42166
-55.00 -40 0.69958
-50.00 -40 0.85426
-45.00 -40 0.77205
-40.00 -40 0.49929
-35.00 -40 0.22950
-30.00 -40 0.16324
-25.00 -40 0.35081
-20.00 -40 0.65365
-15.00 -40 0.86168
-10.00 -40 0.86531
-5.00 -40 0.73062
0.00 -40 0.61471
5.00 -40 0.60590
10.00 -40 0.64247
15.00 -40 0.58715
20.00 -40 0.38337
25.00 -40 0.13701
30.00 -40 0.34720E-01
35.00 -40 0.16651
40.00 -40 0.41824
45.00 -40 0.54394
50.00 -40 0.36580
55.00 -40 -0.69828E-01
60.00 -40 -0.51856
65.00 -40 -0.72668
75.00 -40 -0.35355
-45.00 -35 0.51127
-40.00 -35 0.19650
-35.00 -35 -0.39825E-01
-30.00 -35 0.79183E-02
-25.00 -35 0.34793
-20.00 -35 0.76954
-15.00 -35 1.0037
-10.00 -35 0.93392
-5.00 -35 0.67618
0.00 -35 0.45921
5.00 -35 0.41632
10.00 -35 0.47780
15.00 -35 0.45888
20.00 -35 0.25493
25.00 -35 -0.43692E-01
30.00 -35 -0.22898
35.00 -35 -0.17422
40.00 -35 0.32581E-01
45.00 -35 0.15041
-85.00 -30 0.22185
-80.00 -30 0.23698
-70.00 -30 0.15462
-65.00 -30 0.19012
-60.00 -30 0.31749
-55.00 -30 0.44558
-50.00 -30 0.43235
-45.00 -30 0.21781
-40.00 -30 -0.84535E-01
-35.00 -30 -0.24256
-30.00 -30 -0.85990E-01
-25.00 -30 0.33523
-20.00 -30 0.76387
-15.00 -30 0.92749
-10.00 -30 0.75408
-5.00 -30 0.42368
0.00 -30 0.20698
5.00 -30 0.23084
10.00 -30 0.37810
15.00 -30 0.40862
20.00 -30 0.18856
25.00 -30 -0.18265
30.00 -30 -0.46256
35.00 -30 -0.48849
40.00 -30 -0.32753
45.00 -30 -0.21692
50.00 -30 -0.34985
55.00 -30 -0.70019
60.00 -30 -1.0406
65.00 -30 -1.1325
70.00 -30 -0.91857
80.00 -30 -0.27006
85.00 -30 -0.17931
-45.00 -25 -0.79723E-01
-40.00 -25 -0.33410
-35.00 -25 -0.39938
-30.00 -25 -0.16910
-25.00 -25 0.24882
-20.00 -25 0.58837
-15.00 -25 0.63010
-10.00 -25 0.38573
-5.00 -25 0.95246E-01
0.00 -25 0.25975E-01
5.00 -25 0.24129
10.00 -25 0.54127
15.00 -25 0.63133
20.00 -25 0.37375
25.00 -25 -0.96934E-01
30.00 -25 -0.49323
35.00 -25 -0.61980
40.00 -25 -0.52801
45.00 -25 -0.44988
-75.00 -20 0.28284
-65.00 -20 0.17430
-60.00 -20 0.14250
-55.00 -20 0.70003E-01
-50.00 -20 -0.10329
-45.00 -20 -0.35296
-40.00 -20 -0.54522
-35.00 -20 -0.52557
-30.00 -20 -0.26082
-25.00 -20 0.97600E-01
-20.00 -20 0.31027
-15.00 -20 0.24557
-10.00 -20 0.80849E-02
-5.00 -20 -0.12797
0.00 -20 0.56364E-01
5.00 -20 0.52519
10.00 -20 0.98977
15.00 -20 1.1223
20.00 -20 0.80910
25.00 -20 0.23335
30.00 -20 -0.27843
35.00 -20 -0.51241
40.00 -20 -0.51140
45.00 -20 -0.49695
50.00 -20 -0.65266
55.00 -20 -0.96201
60.00 -20 -1.2324
65.00 -20 -1.2678
75.00 -20 -0.66485
-70.00 -15 0.26082
-45.00 -15 -0.56988
-40.00 -15 -0.69965
-35.00 -15 -0.61033
-30.00 -15 -0.33414
-25.00 -15 -0.45509E-01
-20.00 -15 0.63145E-01
-15.00 -15 -0.49587E-01
-10.00 -15 -0.20982
-5.00 -15 -0.14689
0.00 -15 0.28282
5.00 -15 0.94826
10.00 -15 1.5061
15.00 -15 1.6371
20.00 -15 1.2740
25.00 -15 0.63919
30.00 -15 0.67708E-01
35.00 -15 -0.23673
40.00 -15 -0.31820
45.00 -15 -0.37901
70.00 -15 -1.0030
-65.00 -10 0.20058
-60.00 -10 0.43727E-01
-55.00 -10 -0.18585
-50.00 -10 -0.46429
-45.00 -10 -0.69915
-40.00 -10 -0.77034
-35.00 -10 -0.62398
-30.00 -10 -0.34034
-25.00 -10 -0.98226E-01
-20.00 -10 -0.40444E-01
-15.00 -10 -0.14227
-10.00 -10 -0.20320
-5.00 -10 0.83383E-02
0.00 -10 0.55918
5.00 -10 1.2635
10.00 -10 1.7857
15.00 -10 1.8647
20.00 -10 1.4891
25.00 -10 0.88994
30.00 -10 0.36332
35.00 -10 0.67127E-01
40.00 -10 -0.53260E-01
45.00 -10 -0.17008
50.00 -10 -0.40457
55.00 -10 -0.72640
60.00 -10 -0.99043
65.00 -10 -1.0623
-45.00 -5 -0.72157
-40.00 -5 -0.73715
-35.00 -5 -0.54260
-30.00 -5 -0.24776
-25.00 -5 -0.22723E-01
-20.00 -5 0.31327E-01
-15.00 -5 -0.27240E-01
-10.00 -5 -0.12563E-01
-5.00 -5 0.24515
0.00 -5 0.75222
5.00 -5 1.3202
10.00 -5 1.6827
15.00 -5 1.6742
20.00 -5 1.3357
25.00 -5 0.86998
30.00 -5 0.49030
35.00 -5 0.28196
40.00 -5 0.17684
45.00 -5 0.43149E-01
90.00 0.00 -0.22323
-90.00 0.00 0.14176
