-85.00 0.00 0.37433
-80.00 0.00 0.28205
-75.00 0.00 0.16641
-70.00 0.00 0.83348E-01
-65.00 0.00 0.62668E-01
-60.00 0.00 0.73709E-01
-55.00 0.00 0.45548E-01
-50.00 0.00 -0.76687E-01
-45.00 0.00 -0.28585
-40.00 0.00 -0.51733
-35.00 0.00 -0.69969
-30.00 0.00 -0.80655
-25.00 0.00 -0.86553
-20.00 0.00 -0.92008
-15.00 0.00 -0.98210
-10.00 0.00 -1.0196
-5.00 0.00 -0.98943
0.00 0.00 -0.88305
5.00 0.00 -0.74274
10.00 0.00 -0.63273
15.00 0.00 -0.59064
20.00 0.00 -0.60035
25.00 0.00 -0.60708
30.00 0.00 -0.55936
35.00 0.00 -0.44334
40.00 0.00 -0.28575
45.00 0.00 -0.13020
50.00 0.00 -0.94100E-02
55.00 0.00 0.67406E-01
60.00 0.00 0.11050
65.00 0.00 0.13910
70.00 0.00 0.17301
75.00 0.00 0.22732
80.00 0.00 0.30322
85.00 0.00 0.38672
-45.00 5.00 -0.38751
-40.00 5.00 -0.65508
-35.00 5.00 -0.86898
-30.00 5.00 -0.98142
-25.00 5.00 -1.0096
-20.00 5.00 -1.0084
-15.00 5.00 -1.0163
-10.00 5.00 -1.0224
-5.00 5.00 -0.98155
0.00 5.00 -0.86276
5.00 5.00 -0.68605
10.00 5.00 -0.51517
15.00 5.00 -0.41195
20.00 5.00 -0.39039
25.00 5.00 -0.40765
30.00 5.00 -0.39734
35.00 5.00 -0.31729
40.00 5.00 -0.17542
45.00 5.00 -0.18157E-01
-65.00 10.00 0.16523E-01
-60.00 10.00 0.47551E-02
-55.00 10.00 -0.40400E-01
-50.00 10.00 -0.18707
-45.00 10.00 -0.44153
-40.00 10.00 -0.73299
-35.00 10.00 -0.95850
-30.00 10.00 -1.0545
-25.00 10.00 -1.0381
-20.00 10.00 -0.98536
-15.00 10.00 -0.96419
-10.00 10.00 -0.97998
-5.00 10.00 -0.97728
0.00 10.00 -0.89491
5.00 10.00 -0.72541
10.00 10.00 -0.52762
15.00 10.00 -0.38198
20.00 10.00 -0.32728
25.00 10.00 -0.33161
30.00 10.00 -0.32030
35.00 10.00 -0.23555
40.00 10.00 -0.78859E-01
45.00 10.00 0.94933E-01
50.00 10.00 0.22200
55.00 10.00 0.27360
60.00 10.00 0.26761
65.00 10.00 0.24598
-70.00 15.00 0.77425E-01
-45.00 15.00 -0.43624
-40.00 15.00 -0.73501
-35.00 15.00 -0.95164
-30.00 15.00 -1.0150
-25.00 15.00 -0.95159
-20.00 15.00 -0.86197
-15.00 15.00 -0.83936
-10.00 15.00 -0.89666
-5.00 15.00 -0.96173
0.00 15.00 -0.94302
5.00 15.00 -0.80886
10.00 15.00 -0.61332
15.00 15.00 -0.44908
20.00 15.00 -0.37006
25.00 15.00 -0.35038
30.00 15.00 -0.31213
35.00 15.00 -0.19464
40.00 15.00 -0.48891E-02
45.00 15.00 0.19047
70.00 15.00 0.27869
-75.00 20.00 0.20544
-65.00 20.00 0.61337E-01
-60.00 20.00 0.63763E-01
-55.00 20.00 0.30458E-01
-50.00 20.00 -0.11553
-45.00 20.00 -0.37853
-40.00 20.00 -0.66985
-35.00 20.00 -0.86324
-30.00 20.00 -0.88791
-25.00 20.00 -0.78438
-20.00 20.00 -0.67430
-15.00 20.00 -0.66551
-10.00 20.00 -0.76894
-5.00 20.00 -0.89510
0.00 20.00 -0.93134
5.00 20.00 -0.83343
10.00 20.00 -0.65505
15.00 20.00 -0.49449
20.00 20.00 -0.40898
25.00 20.00 -0.37165
30.00 20.00 -0.30464
35.00 20.00 -0.15419
40.00 20.00 0.60090E-01
45.00 20.00 0.26174
50.00 20.00 0.37971
55.00 20.00 0.39941
60.00 20.00 0.36232
65.00 20.00 0.32352
75.00 20.00 0.32081
-45.00 25.00 -0.29178
-40.00 25.00 -0.56656
-35.00 25.00 -0.73062
-30.00 25.00 -0.71916
-25.00 25.00 -0.58615
-20.00 25.00 -0.46521
-15.00 25.00 -0.46646
-10.00 25.00 -0.59293
-5.00 25.00 -0.74445
0.00 25.00 -0.80320
5.00 25.00 -0.72680
10.00 25.00 -0.57163
15.00 25.00 -0.43280
20.00 25.00 -0.35885
25.00 25.00 -0.31698
30.00 25.00 -0.23439
35.00 25.00 -0.72532E-01
40.00 25.00 0.13453
45.00 25.00 0.30892
-80.00 30.00 0.36439
-70.00 30.00 0.17626
-65.00 30.00 0.16227
-60.00 30.00 0.19001
-55.00 30.00 0.17386
-50.00 30.00 0.38498E-01
-45.00 30.00 -0.20787
-40.00 30.00 -0.46228
-35.00 30.00 -0.59622
-30.00 30.00 -0.55402
-25.00 30.00 -0.39908
-20.00 30.00 -0.26660
-15.00 30.00 -0.25969
-10.00 30.00 -0.37390
-5.00 30.00 -0.51066
0.00 30.00 -0.56365
5.00 30.00 -0.50168
10.00 30.00 -0.37970
15.00 30.00 -0.27648
20.00 30.00 -0.22159
25.00 30.00 -0.17745
30.00 30.00 -0.87181E-01
35.00 30.00 0.62625E-01
40.00 30.00 0.22463
45.00 30.00 0.33257
50.00 30.00 0.35923
55.00 30.00 0.33555
60.00 30.00 0.31624
65.00 30.00 0.32916
70.00 30.00 0.35832
80.00 30.00 0.36899
-45.00 35.00 -0.15653
-40.00 35.00 -0.38825
-35.00 35.00 -0.49089
-30.00 35.00 -0.41980
-25.00 35.00 -0.24360
-20.00 35.00 -0.91322E-01
-15.00 35.00 -0.55128E-01
-10.00 35.00 -0.12894
-5.00 35.00 -0.22941
0.00 35.00 -0.27352
5.00 35.00 -0.24143
10.00 35.00 -0.17377
15.00 35.00 -0.11659
20.00 35.00 -0.73230E-01
25.00 35.00 -0.92791E-02
30.00 35.00 0.99409E-01
35.00 35.00 0.22870
40.00 35.00 0.31956
45.00 35.00 0.33124
-75.00 40.00 0.31920
-65.00 40.00 0.24514
-60.00 40.00 0.26221
-55.00 40.00 0.22410
-50.00 40.00 0.74640E-01
-45.00 40.00 -0.15637
-40.00 40.00 -0.36028
-35.00 40.00 -0.42545
-30.00 40.00 -0.32088
-25.00 40.00 -0.11859
-20.00 40.00 0.62323E-01
-15.00 40.00 0.14063
-10.00 40.00 0.11722
-5.00 40.00 0.50208E-01
0.00 40.00 -0.54282E-02
5.00 40.00 -0.34497E-01
10.00 40.00 -0.47483E-01
15.00 40.00 -0.42839E-01
20.00 40.00 0.55764E-02
25.00 40.00 0.11825
30.00 40.00 0.26959
35.00 40.00 0.38658
40.00 40.00 0.39958
45.00 40.00 0.30401
50.00 40.00 0.17421
55.00 40.00 0.11014
60.00 40.00 0.15942
65.00 40.00 0.28193
75.00 40.00 0.41937
-70.00 45.00 0.28241
-45.00 45.00 -0.21036
-40.00 45.00 -0.37636
-35.00 45.00 -0.39233
-30.00 45.00 -0.24549
-25.00 45.00 -0.12480E-01
-20.00 45.00 0.19849
-15.00 45.00 0.31720
-10.00 45.00 0.33707
-5.00 45.00 0.28820
0.00 45.00 0.19832
5.00 45.00 0.84327E-01
10.00 45.00 -0.24817E-01
15.00 45.00 -0.73499E-01
20.00 45.00 -0.68318E-02
25.00 45.00 0.17456
30.00 45.00 0.38699
35.00 45.00 0.50456
40.00 45.00 0.44864
45.00 45.00 0.25474
70.00 45.00 0.40454
-65.00 50.00 0.25237
-60.00 50.00 0.19789
-55.00 50.00 0.84315E-01
-50.00 50.00 -0.10361
-45.00 50.00 -0.30636
-40.00 50.00 -0.42072
-35.00 50.00 -0.37399
-30.00 50.00 -0.17764
-25.00 50.00 0.83893E-01
-20.00 50.00 0.31377
-15.00 50.00 0.45641
-10.00 50.00 0.50303
-5.00 50.00 0.46105
0.00 50.00 0.33428
5.00 50.00 0.14087
10.00 50.00 -0.55203E-01
15.00 50.00 -0.15058
20.00 50.00 -0.65810E-01
25.00 50.00 0.17862
30.00 50.00 0.44754
35.00 50.00 0.56994
40.00 50.00 0.46158
45.00 50.00 0.19393
50.00 50.00 -0.52497E-01
55.00 50.00 -0.11863
60.00 50.00 0.21199E-01
65.00 50.00 0.25351
-85.00 55.00 0.47589
-45.00 55.00 -0.42153
-40.00 55.00 -0.47105
-35.00 55.00 -0.35224
-30.00 55.00 -0.10635
-25.00 55.00 0.17145
-20.00 55.00 0.39727
-15.00 55.00 0.53729
-10.00 55.00 0.59200
-5.00 55.00 0.55726
0.00 55.00 0.41665
5.00 55.00 0.18145
10.00 55.00 -0.67161E-01
15.00 55.00 -0.19593
20.00 55.00 -0.10741
25.00 55.00 0.16798
30.00 55.00 0.46443
35.00 55.00 0.58453
40.00 55.00 0.44326
45.00 55.00 0.13675
85.00 55.00 0.37839
-80.00 60.00 0.49007
-75.00 60.00 0.42399
-70.00 60.00 0.31656
-65.00 60.00 0.18672
-60.00 60.00 0.23437E-01
-55.00 60.00 -0.18225
-50.00 60.00 -0.39421
-45.00 60.00 -0.52844
-40.00 60.00 -0.50542
-35.00 60.00 -0.31442
-30.00 60.00 -0.28592E-01
-25.00 60.00 0.24585
-20.00 60.00 0.44035
-15.00 60.00 0.54987
-10.00 60.00 0.59619
-5.00 60.00 0.57574
0.00 60.00 0.45574
5.00 60.00 0.22969
10.00 60.00 -0.26991E-01
15.00 60.00 -0.17370
20.00 60.00 -0.10236
25.00 60.00 0.16075
30.00 60.00 0.44663
35.00 60.00 0.55483
40.00 60.00 0.40404
45.00 60.00 0.99181E-01
50.00 60.00 -0.14491
55.00 60.00 -0.16420
60.00 60.00 0.38467E-01
65.00 60.00 0.31155
70.00 60.00 0.48359
75.00 60.00 0.49340
80.00 60.00 0.41413
-45.00 65.00 -0.60129
-40.00 65.00 -0.50718
-35.00 65.00 -0.25539
-30.00 65.00 0.52786E-01
-25.00 65.00 0.30401
-20.00 65.00 0.44706
-15.00 65.00 0.50791
-10.00 65.00 0.53505
-5.00 65.00 0.53343
0.00 65.00 0.45817
5.00 65.00 0.27863
10.00 65.00 0.47378E-01
15.00 65.00 -0.10614
20.00 65.00 -0.69721E-01
25.00 65.00 0.14644
30.00 65.00 0.39410
35.00 65.00 0.48952
40.00 65.00 0.35732
45.00 65.00 0.94720E-01
-65.00 70.00 0.10768
-60.00 70.00 -0.14576
-55.00 70.00 -0.40129
-50.00 70.00 -0.58690
-45.00 70.00 -0.62102
-40.00 70.00 -0.46743
-35.00 70.00 -0.17684
-30.00 70.00 0.13184
-25.00 70.00 0.34671
-20.00 70.00 0.43483
-15.00 70.00 0.44769
-10.00 70.00 0.45509
-5.00 70.00 0.47066
0.00 70.00 0.44188
5.00 70.00 0.31656
10.00 70.00 0.12026
15.00 70.00 -0.37182E-01
20.00 70.00 -0.44182E-01
25.00 70.00 0.11047
30.00 70.00 0.31236
35.00 70.00 0.40563
40.00 70.00 0.32025
45.00 70.00 0.13252
50.00 70.00 0.40606E-02
55.00 70.00 0.49716E-01
60.00 70.00 0.24663
65.00 70.00 0.45929
-70.00 75.00 0.32571
-45.00 75.00 -0.57886
-40.00 75.00 -0.38580
-35.00 75.00 -0.85553E-01
-30.00 75.00 0.20092
-25.00 75.00 0.37528
-20.00 75.00 0.42296
-15.00 75.00 0.40898
-10.00 75.00 0.40937
-5.00 75.00 0.43868
0.00 75.00 0.44052
5.00 75.00 0.35161
10.00 75.00 0.17905
15.00 75.00 0.14758E-01
20.00 75.00 -0.33560E-01
25.00 75.00 0.64125E-01
30.00 75.00 0.22828
35.00 75.00 0.33319
40.00 75.00 0.31277
45.00 75.00 0.21571
70.00 75.00 0.58303
-75.00 80.00 0.51144
-65.00 80.00 0.85676E-01
-60.00 80.00 -0.19588
-55.00 80.00 -0.42770
-50.00 80.00 -0.53611
-45.00 80.00 -0.47810
-40.00 80.00 -0.27001
-35.00 80.00 0.85482E-02
-30.00 80.00 0.25137
-25.00 80.00 0.38663
-20.00 80.00 0.41802
-15.00 80.00 0.41016
-10.00 80.00 0.42625
-5.00 80.00 0.46993
0.00 80.00 0.48339
5.00 80.00 0.40583
10.00 80.00 0.24076
15.00 80.00 0.69023E-01
20.00 80.00 -0.88128E-02
25.00 80.00 0.47411E-01
30.00 80.00 0.18563
35.00 80.00 0.30735
40.00 80.00 0.35096
45.00 80.00 0.33850
50.00 80.00 0.34531
55.00 80.00 0.42211
60.00 80.00 0.54219
65.00 80.00 0.62231
75.00 80.00 0.48682
-45.00 85.00 -0.33376
-40.00 85.00 -0.13447
-35.00 85.00 0.94814E-01
-30.00 85.00 0.27593
-25.00 85.00 0.37356
-20.00 85.00 0.40955
-15.00 85.00 0.43700
-10.00 85.00 0.49072
-5.00 85.00 0.55329
0.00 85.00 0.56702
5.00 85.00 0.48541
10.00 85.00 0.32180
15.00 85.00 0.15206
20.00 85.00 0.64841E-01
25.00 85.00 0.98736E-01
30.00 85.00 0.21836
35.00 85.00 0.34856
40.00 85.00 0.43591
45.00 85.00 0.48351
-80.00 90.00 0.60191
-70.00 90.00 0.40453
-65.00 90.00 0.15344
-60.00 90.00 -0.97936E-01
-55.00 90.00 -0.25826
-50.00 90.00 -0.27776
-45.00 90.00 -0.16985
-40.00 90.00 0.22230E-02
-35.00 90.00 0.16438
-30.00 90.00 0.27272
-25.00 90.00 0.33198
-20.00 90.00 0.38106
-15.00 90.00 0.45593
-10.00 90.00 0.55594
-5.00 90.00 0.63864
0.00 90.00 0.64869
5.00 90.00 0.56116
10.00 90.00 0.40685
15.00 90.00 0.25865
20.00 90.00 0.18716
25.00 90.00 0.21797
30.00 90.00 0.32213
35.00 90.00 0.44482
40.00 90.00 0.54656
45.00 90.00 0.62245
50.00 90.00 0.68633
55.00 90.00 0.73891
60.00 90.00 0.75386
65.00 90.00 0.69858
70.00 90.00 0.57249
80.00 90.00 0.33355
-45.00 95.00 -0.14374E-01
-40.00 95.00 0.12063
-35.00 95.00 0.21205
-30.00 95.00 0.24810
-25.00 95.00 0.26914
-20.00 95.00 0.32766
-15.00 95.00 0.44197
-10.00 95.00 0.57820
-5.00 95.00 0.67230
0.00 95.00 0.67466
5.00 95.00 0.58482
10.00 95.00 0.45247
15.00 95.00 0.34615
20.00 95.00 0.31313
25.00 95.00 0.35770
30.00 95.00 0.44975
35.00 95.00 0.55227
40.00 95.00 0.64440
45.00 95.00 0.72312
-75.00 100.00 0.63287
-65.00 100.00 0.29276
-60.00 100.00 0.86051E-01
-55.00 100.00 -0.20443E-01
-50.00 100.00 0.31412E-02
-45.00 100.00 0.10729
-40.00 100.00 0.20460
-35.00 100.00 0.23685
-30.00 100.00 0.21538
-25.00 100.00 0.20467
-20.00 100.00 0.26450
-15.00 100.00 0.39826
-10.00 100.00 0.54760
-5.00 100.00 0.63547
0.00 100.00 0.62190
5.00 100.00 0.52985
10.00 100.00 0.42510
15.00 100.00 0.36967
20.00 100.00 0.38578
25.00 100.00 0.45380
30.00 100.00 0.53857
35.00 100.00 0.61805
40.00 100.00 0.69100
45.00 100.00 0.76157
50.00 100.00 0.81875
55.00 100.00 0.83229
60.00 100.00 0.77176
65.00 100.00 0.63510
75.00 100.00 0.32475
-70.00 105.00 0.56667
-45.00 105.00 0.17918
-40.00 105.00 0.24552
-35.00 105.00 0.24165
-30.00 105.00 0.18931
-25.00 105.00 0.16163
-20.00 105.00 0.21785
-15.00 105.00 0.35055
-10.00 105.00 0.48881
-5.00 105.00 0.55305
0.00 105.00 0.51551
5.00 105.00 0.41805
10.00 105.00 0.33664
15.00 105.00 0.32509
20.00 105.00 0.38355
25.00 105.00 0.47219
30.00 105.00 0.55155
35.00 105.00 0.61196
40.00 105.00 0.66891
45.00 105.00 0.73349
70.00 105.00 0.38493
-85.00 110.00 0.53616
-65.00 110.00 0.45966
-60.00 110.00 0.27253
-55.00 110.00 0.15508
-50.00 110.00 0.14367
-45.00 110.00 0.19951
-40.00 110.00 0.24555
-35.00 110.00 0.23280
-30.00 110.00 0.18022
-25.00 110.00 0.15413
-20.00 110.00 0.20586
-15.00 110.00 0.32234
-10.00 110.00 0.43271
-5.00 110.00 0.46502
0.00 110.00 0.40438
5.00 110.00 0.30376
10.00 110.00 0.24063
15.00 110.00 0.25817
20.00 110.00 0.33975
25.00 110.00 0.43371
30.00 110.00 0.50147
35.00 110.00 0.54508
40.00 110.00 0.59248
45.00 110.00 0.65796
50.00 110.00 0.71678
55.00 110.00 0.71863
60.00 110.00 0.62962
65.00 110.00 0.46749
85.00 110.00 0.32889
-45.00 115.00 0.18130
-40.00 115.00 0.21810
-35.00 115.00 0.21989
-30.00 115.00 0.19178
-25.00 115.00 0.18097
-20.00 115.00 0.22591
-15.00 115.00 0.31371
-10.00 115.00 0.38571
-5.00 115.00 0.38703
0.00 115.00 0.31564
5.00 115.00 0.22673
10.00 115.00 0.18846
15.00 115.00 0.22822
20.00 115.00 0.31598
25.00 115.00 0.39663
30.00 115.00 0.43990
35.00 115.00 0.46195
40.00 115.00 0.50074
45.00 115.00 0.56989
-80.00 120.00 0.66251
-75.00 120.00 0.75088
-70.00 120.00 0.74006
-65.00 120.00 0.61617
-60.00 120.00 0.42534
-55.00 120.00 0.25018
-50.00 120.00 0.15526
-45.00 120.00 0.14773
-40.00 120.00 0.18401
-35.00 120.00 0.21404
-30.00 120.00 0.22212
-25.00 120.00 0.22915
-20.00 120.00 0.25857
-15.00 120.00 0.30288
-10.00 120.00 0.32551
-5.00 120.00 0.29699
0.00 120.00 0.22980
5.00 120.00 0.17540
10.00 120.00 0.18299
15.00 120.00 0.25662
20.00 120.00 0.35085
25.00 120.00 0.41064
30.00 120.00 0.41946
35.00 120.00 0.41155
40.00 120.00 0.43590
45.00 120.00 0.50434
50.00 120.00 0.57172
55.00 120.00 0.56869
60.00 120.00 0.46137
65.00 120.00 0.28768
70.00 120.00 0.13822
75.00 120.00 0.95920E-01
80.00 120.00 0.17748
-45.00 125.00 0.12352
-40.00 125.00 0.16355
-35.00 125.00 0.22336
-30.00 125.00 0.26494
-25.00 125.00 0.28183
-20.00 125.00 0.28268
-15.00 125.00 0.26762
-10.00 125.00 0.22640
-5.00 125.00 0.16023
0.00 125.00 0.10020
5.00 125.00 0.94956E-01
10.00 125.00 0.17159
15.00 125.00 0.30463
20.00 125.00 0.42686
25.00 125.00 0.47907
30.00 125.00 0.45782
35.00 125.00 0.41743
40.00 125.00 0.42094
45.00 125.00 0.48090
-65.00 130.00 0.73811
-60.00 130.00 0.55281
-55.00 130.00 0.33577
-50.00 130.00 0.17684
-45.00 130.00 0.12549
-40.00 130.00 0.16741
-35.00 130.00 0.24652
-30.00 130.00 0.30739
-25.00 130.00 0.32181
-20.00 130.00 0.28577
-15.00 130.00 0.20430
-10.00 130.00 0.88740E-01
-5.00 130.00 -0.30693E-01
0.00 130.00 -0.10004
5.00 130.00 -0.65001E-01
10.00 130.00 0.86640E-01
15.00 130.00 0.30095
20.00 130.00 0.48261
25.00 130.00 0.55827
30.00 130.00 0.52920
35.00 130.00 0.46669
40.00 130.00 0.44988
45.00 130.00 0.49650
50.00 130.00 0.54658
55.00 130.00 0.51507
60.00 130.00 0.36999
65.00 130.00 0.16949
-70.00 135.00 0.83519
-45.00 135.00 0.15681
-40.00 135.00 0.19173
-35.00 135.00 0.26931
-30.00 135.00 0.32760
-25.00 135.00 0.32872
-20.00 135.00 0.26047
-15.00 135.00 0.12565
-10.00 135.00 -0.57026E-01
-5.00 135.00 -0.23985
0.00 135.00 -0.34611
5.00 135.00 -0.30390
10.00 135.00 -0.99158E-01
15.00 135.00 0.19682
20.00 135.00 0.46013
25.00 135.00 0.59276
30.00 135.00 0.58742
35.00 135.00 0.52366
40.00 135.00 0.49544
45.00 135.00 0.52993
70.00 135.00 -0.63451E-02
-75.00 140.00 0.75868
-65.00 140.00 0.80362
-60.00 140.00 0.65303
-55.00 140.00 0.44889
-50.00 140.00 0.28154
-45.00 140.00 0.20788
-40.00 140.00 0.22107
-35.00 140.00 0.26938
-30.00 140.00 0.29864
-25.00 140.00 0.27781
-20.00 140.00 0.19408
-15.00 140.00 0.40350E-01
-10.00 140.00 -0.17685
-5.00 140.00 -0.41213
0.00 140.00 -0.57403
5.00 140.00 -0.56443
10.00 140.00 -0.34810
15.00 140.00 0.47574E-02
20.00 140.00 0.34924
25.00 140.00 0.55736
30.00 140.00 0.60073
35.00 140.00 0.55592
40.00 140.00 0.52738
45.00 140.00 0.55428
50.00 140.00 0.58204
55.00 140.00 0.52204
60.00 140.00 0.34469
65.00 140.00 0.12145
75.00 140.00 -0.41753E-02
-45.00 145.00 0.26311
-40.00 145.00 0.23873
-35.00 145.00 0.22960
-30.00 145.00 0.20241
-25.00 145.00 0.14956
-20.00 145.00 0.67947E-01
-15.00 145.00 -0.62725E-01
-10.00 145.00 -0.26477
-5.00 145.00 -0.51664
0.00 145.00 -0.72692
5.00 145.00 -0.77185
10.00 145.00 -0.58212
15.00 145.00 -0.20893
20.00 145.00 0.19485
25.00 145.00 0.47374
30.00 145.00 0.57173
35.00 145.00 0.55343
40.00 145.00 0.52873
45.00 145.00 0.54978
-80.00 150.00 0.58181
-70.00 150.00 0.79192
-65.00 150.00 0.79198
-60.00 150.00 0.69173
-55.00 150.00 0.53991
-50.00 150.00 0.40279
-45.00 150.00 0.30951
-40.00 150.00 0.23811
-35.00 150.00 0.15249
-30.00 150.00 0.46951E-01
-25.00 150.00 -0.51605E-01
-20.00 150.00 -0.12615
-15.00 150.00 -0.20626
-10.00 150.00 -0.34889
-5.00 150.00 -0.57037
0.00 150.00 -0.79539
5.00 150.00 -0.88496
10.00 150.00 -0.73562
15.00 150.00 -0.37012
20.00 150.00 0.63290E-01
25.00 150.00 0.39035
30.00 150.00 0.52900
35.00 150.00 0.52836
40.00 150.00 0.50031
45.00 150.00 0.51029
50.00 150.00 0.52655
55.00 150.00 0.46915
60.00 150.00 0.30648
65.00 150.00 0.10506
70.00 150.00 -0.15028E-01
80.00 150.00 0.18529
-45.00 155.00 0.34169
-40.00 155.00 0.22686
-35.00 155.00 0.64042E-01
-30.00 155.00 -0.12739
-25.00 155.00 -0.28506
-20.00 155.00 -0.36552
-15.00 155.00 -0.39760
-10.00 155.00 -0.46482
-5.00 155.00 -0.62152
0.00 155.00 -0.81887
5.00 155.00 -0.91838
10.00 155.00 -0.79490
15.00 155.00 -0.44512
20.00 155.00 -0.51473E-02
25.00 155.00 0.34315
30.00 155.00 0.49933
35.00 155.00 0.49860
40.00 155.00 0.45322
45.00 155.00 0.44172
-75.00 160.00 0.61335
-65.00 160.00 0.70274
-60.00 160.00 0.64315
-55.00 160.00 0.54715
-50.00 160.00 0.45441
-45.00 160.00 0.36055
-40.00 160.00 0.21982
-35.00 160.00 0.38996E-03
-30.00 160.00 -0.26399
-25.00 160.00 -0.48548
-20.00 160.00 -0.59518
-15.00 160.00 -0.60982
-10.00 160.00 -0.62127
-5.00 160.00 -0.70854
0.00 160.00 -0.85005
5.00 160.00 -0.92249
10.00 160.00 -0.79763
15.00 160.00 -0.45694
20.00 160.00 -0.22244E-01
25.00 160.00 0.32750
30.00 160.00 0.48325
35.00 160.00 0.46960
40.00 160.00 0.39720
45.00 160.00 0.35585
50.00 160.00 0.34724
55.00 160.00 0.31182
60.00 160.00 0.21277
65.00 160.00 0.89874E-01
75.00 160.00 0.93028E-01
-85.00 165.00 0.44326
-70.00 165.00 0.62538
-45.00 165.00 0.36727
-40.00 165.00 0.22482
-35.00 165.00 -0.16762E-01
-30.00 165.00 -0.32329
-25.00 165.00 -0.59827
-20.00 165.00 -0.75577
-15.00 165.00 -0.79298
-10.00 165.00 -0.79025
-5.00 165.00 -0.83140
0.00 165.00 -0.91510
5.00 165.00 -0.94233
10.00 165.00 -0.79865
15.00 165.00 -0.46206
20.00 165.00 -0.39736E-01
25.00 165.00 0.30151
30.00 165.00 0.45275
35.00 165.00 0.42913
40.00 165.00 0.33453
45.00 165.00 0.26482
70.00 165.00 0.66896E-01
85.00 165.00 0.40885
-65.00 170.00 0.57040
-60.00 170.00 0.53351
-55.00 170.00 0.47483
-50.00 170.00 0.42126
-45.00 170.00 0.35832
-40.00 170.00 0.23208
-35.00 170.00 0.80667E-03
-30.00 170.00 -0.31160
-25.00 170.00 -0.61658
-20.00 170.00 -0.82358
-15.00 170.00 -0.90976
-10.00 170.00 -0.93061
-5.00 170.00 -0.95796
0.00 170.00 -1.0016
5.00 170.00 -0.98989
10.00 170.00 -0.83202
15.00 170.00 -0.50901
20.00 170.00 -0.11064
25.00 170.00 0.21736
30.00 170.00 0.37260
35.00 170.00 0.35870
40.00 170.00 0.26341
45.00 170.00 0.17957
50.00 170.00 0.14140
55.00 170.00 0.12607
60.00 170.00 0.10513
65.00 170.00 0.87493E-01
-45.00 175.00 0.32588
-40.00 175.00 0.21657
-35.00 175.00 0.10384E-01
-30.00 175.00 -0.28180
-25.00 175.00 -0.58950
-20.00 175.00 -0.82917
-15.00 175.00 -0.96396
-10.00 175.00 -1.0220
-5.00 175.00 -1.0553
0.00 175.00 -1.0789
5.00 175.00 -1.0475
10.00 175.00 -0.89621
15.00 175.00 -0.60897
20.00 175.00 -0.25243
25.00 175.00 0.57428E-01
30.00 175.00 0.22966
35.00 175.00 0.25261
40.00 175.00 0.18705
45.00 175.00 0.11143
-80.00 180.00 0.39341
-75.00 180.00 0.40828
-70.00 180.00 0.43678
-65.00 180.00 0.44930
-60.00 180.00 0.42834
-55.00 180.00 0.38284
-50.00 180.00 0.32975
-45.00 180.00 0.26437
-40.00 180.00 0.15376
-35.00 180.00 -0.35611E-01
-30.00 180.00 -0.30029
-25.00 180.00 -0.58936
-20.00 180.00 -0.83424
-15.00 180.00 -0.99412
-10.00 180.00 -1.0765
-5.00 180.00 -1.1155
0.00 180.00 -1.1282
5.00 180.00 -1.0926
10.00 180.00 -0.96703
15.00 180.00 -0.73521
20.00 180.00 -0.43584
25.00 180.00 -0.14924
30.00 180.00 0.48856E-01
35.00 180.00 0.12976
40.00 180.00 0.11973
45.00 180.00 0.73195E-01
50.00 180.00 0.37493E-01
55.00 180.00 0.35379E-01
60.00 180.00 0.70067E-01
65.00 180.00 0.13766
70.00 180.00 0.23111
75.00 180.00 0.33497
80.00 180.00 0.42219
-45.00 -175 0.17805
-40.00 -175 0.38750E-01
-35.00 -175 -0.15619
-30.00 -175 -0.40061
-25.00 -175 -0.65870
-20.00 -175 -0.88153
-15.00 -175 -1.0356
-10.00 -175 -1.1194
-5.00 -175 -1.1538
0.00 -175 -1.1557
5.00 -175 -1.1197
10.00 -175 -1.0221
15.00 -175 -0.84580
20.00 -175 -0.60344
25.00 -175 -0.34051
30.00 -175 -0.11559
35.00 -175 0.28465E-01
40.00 -175 0.83635E-01
45.00 -175 0.76517E-01
-65.00 -170 0.37699
-60.00 -170 0.37762
-55.00 -170 0.33043
-50.00 -170 0.23079
-45.00 -170 0.83212E-01
-40.00 -170 -0.10539
-35.00 -170 -0.32489
-30.00 -170 -0.55740
-25.00 -170 -0.77719
-20.00 -170 -0.95838
-15.00 -170 -1.0855
-10.00 -170 -1.1585
-5.00 -170 -1.1877
0.00 -170 -1.1825
5.00 -170 -1.1424
10.00 -170 -1.0561
15.00 -170 -0.91015
20.00 -170 -0.70282
25.00 -170 -0.45486
30.00 -170 -0.20873
35.00 -170 -0.13892E-01
40.00 -170 0.96717E-01
45.00 -170 0.12568
50.00 -170 0.11219
55.00 -170 0.11123
60.00 -170 0.16199
65.00 -170 0.26571
-70.00 -165 0.32072
-45.00 -165 0.17837E-02
-40.00 -165 -0.23760
-35.00 -165 -0.48316
-30.00 -165 -0.70186
-25.00 -165 -0.87622
-20.00 -165 -1.0068
-15.00 -165 -1.1041
-10.00 -165 -1.1754
-5.00 -165 -1.2181
0.00 -165 -1.2221
5.00 -165 -1.1770
10.00 -165 -1.0772
15.00 -165 -0.92137
20.00 -165 -0.71255
25.00 -165 -0.46376
30.00 -165 -0.20556
35.00 -165 0.16106E-01
40.00 -165 0.15896
45.00 -165 0.21134
70.00 -165 0.47496
-75.00 -160 0.27407
-65.00 -160 0.34861
-60.00 -160 0.37147
-55.00 -160 0.32304
-50.00 -160 0.17910
-45.00 -160 -0.50236E-01
-40.00 -160 -0.32149
-35.00 -160 -0.57595
-30.00 -160 -0.76883
-25.00 -160 -0.89220
-20.00 -160 -0.97422
-15.00 -160 -1.0532
-10.00 -160 -1.1452
-5.00 -160 -1.2302
0.00 -160 -1.2667
5.00 -160 -1.2217
10.00 -160 -1.0897
15.00 -160 -0.88958
20.00 -160 -0.64693
25.00 -160 -0.38427
30.00 -160 -0.12541
35.00 -160 0.96628E-01
40.00 -160 0.24638
45.00 -160 0.30911
50.00 -160 0.31014
55.00 -160 0.30656
60.00 -160 0.35024
65.00 -160 0.44928
75.00 -160 0.62643
-45.00 -155 -0.71939E-01
-40.00 -155 -0.34550
-35.00 -155 -0.58471
-30.00 -155 -0.74106
-25.00 -155 -0.81680
-20.00 -155 -0.86239
-15.00 -155 -0.93802
-10.00 -155 -1.0651
-5.00 -155 -1.2056
0.00 -155 -1.2856
5.00 -155 -1.2461
10.00 -155 -1.0791
15.00 -155 -0.82529
20.00 -155 -0.54090
25.00 -155 -0.26653
30.00 -155 -0.21977E-01
35.00 -155 0.17881
40.00 -155 0.31810
45.00 -155 0.38571
-80.00 -150 0.26798
-70.00 -150 0.27556
-65.00 -150 0.32736
-60.00 -150 0.34897
-55.00 -150 0.29535
-50.00 -150 0.14728
-45.00 -150 -0.77562E-01
-40.00 -150 -0.32681
-35.00 -150 -0.53461
-30.00 -150 -0.65749
-25.00 -150 -0.70404
-20.00 -150 -0.73253
-15.00 -150 -0.81016
-10.00 -150 -0.95922
-5.00 -150 -1.1319
0.00 -150 -1.2369
5.00 -150 -1.1998
10.00 -150 -1.0114
15.00 -150 -0.72791
20.00 -150 -0.42806
25.00 -150 -0.16580
30.00 -150 0.44913E-01
35.00 -150 0.21077
40.00 -150 0.33423
45.00 -150 0.41107
50.00 -150 0.44849
55.00 -150 0.47647
60.00 -150 0.53118
65.00 -150 0.62121
70.00 -150 0.71069
80.00 -150 0.68762
-45.00 -145 -0.86981E-01
-40.00 -145 -0.29679
-35.00 -145 -0.47202
-30.00 -145 -0.58059
-25.00 -145 -0.62819
-20.00 -145 -0.65952
-15.00 -145 -0.72897
-10.00 -145 -0.85630
-5.00 -145 -1.0015
0.00 -145 -1.0841
5.00 -145 -1.0367
10.00 -145 -0.85267
15.00 -145 -0.58932
20.00 -145 -0.32658
25.00 -145 -0.11581
30.00 -145 0.39887E-01
35.00 -145 0.16467
40.00 -145 0.27585
45.00 -145 0.37123
-85.00 -140 0.32491
-75.00 -140 0.23316
-65.00 -140 0.28341
-60.00 -140 0.26311
-55.00 -140 0.18092
-50.00 -140 0.47931E-01
-45.00 -140 -0.11292
-40.00 -140 -0.27919
-35.00 -140 -0.43067
-30.00 -140 -0.54948
-25.00 -140 -0.62730
-20.00 -140 -0.67409
-15.00 -140 -0.71376
-10.00 -140 -0.76317
-5.00 -140 -0.81077
0.00 -140 -0.81793
5.00 -140 -0.74763
10.00 -140 -0.59800
15.00 -140 -0.40990
20.00 -140 -0.23910
25.00 -140 -0.11642
30.00 -140 -0.30608E-01
35.00 -140 0.52690E-01
40.00 -140 0.15636
45.00 -140 0.27534
50.00 -140 0.39097
55.00 -140 0.49608
60.00 -140 0.60011
65.00 -140 0.70731
75.00 -140 0.81195
85.00 -140 0.59041
-70.00 -135 0.25095
-45.00 -135 -0.15335
-40.00 -135 -0.27688
-35.00 -135 -0.41233
-30.00 -135 -0.55609
-25.00 -135 -0.67831
-20.00 -135 -0.74205
-15.00 -135 -0.73202
-10.00 -135 -0.66470
-5.00 -135 -0.57179
0.00 -135 -0.47583
5.00 -135 -0.38220
10.00 -135 -0.29140
15.00 -135 -0.21284
20.00 -135 -0.16127
25.00 -135 -0.13839
30.00 -135 -0.12169
35.00 -135 -0.76368E-01
40.00 -135 0.18157E-01
45.00 -135 0.15306
70.00 -135 0.80055
-65.00 -130 0.22416
-60.00 -130 0.14008
-55.00 -130 0.13842E-01
-50.00 -130 -0.10550
-45.00 -130 -0.19374
-40.00 -130 -0.27545
-35.00 -130 -0.39483
-30.00 -130 -0.56120
-25.00 -130 -0.72302
-20.00 -130 -0.79802
-15.00 -130 -0.73483
-10.00 -130 -0.55291
-5.00 -130 -0.32888
0.00 -130 -0.14465
5.00 -130 -0.42290E-01
10.00 -130 -0.16954E-01
15.00 -130 -0.40968E-01
20.00 -130 -0.88313E-01
25.00 -130 -0.13907
30.00 -130 -0.17091
35.00 -130 -0.15807
40.00 -130 -0.84534E-01
45.00 -130 0.43032E-01
50.00 -130 0.19996
55.00 -130 0.36289
60.00 -130 0.52197
65.00 -130 0.67054
-45.00 -125 -0.21668
-40.00 -125 -0.25881
-35.00 -125 -0.35798
-30.00 -125 -0.53418
-25.00 -125 -0.72064
-20.00 -125 -0.80318
-15.00 -125 -0.70638
-10.00 -125 -0.45431
-5.00 -125 -0.15598
0.00 -125 0.69055E-01
5.00 -125 0.16219
10.00 -125 0.14227
15.00 -125 0.67486E-01
20.00 -125 -0.13396E-01
25.00 -125 -0.79947E-01
30.00 -125 -0.12606
35.00 -125 -0.14096
40.00 -125 -0.10876
45.00 -125 -0.22439E-01
-80.00 -120 0.24650
-75.00 -120 0.23658
-70.00 -120 0.23665
-65.00 -120 0.18381
-60.00 -120 0.59354E-01
-55.00 -120 -0.87582E-01
-50.00 -120 -0.18519
-45.00 -120 -0.21166
-40.00 -120 -0.22313
-35.00 -120 -0.30405
-30.00 -120 -0.48111
-25.00 -120 -0.68091
-20.00 -120 -0.77518
-15.00 -120 -0.67920
-10.00 -120 -0.42028
-5.00 -120 -0.11911
0.00 -120 0.97388E-01
5.00 -120 0.17736
10.00 -120 0.15732
15.00 -120 0.10936
20.00 -120 0.77913E-01
25.00 -120 0.59686E-01
30.00 -120 0.31862E-01
35.00 -120 -0.98530E-02
40.00 -120 -0.41175E-01
45.00 -120 -0.29515E-01
50.00 -120 0.42429E-01
55.00 -120 0.17155
60.00 -120 0.34250
65.00 -120 0.53020
70.00 -120 0.69324
75.00 -120 0.77635
80.00 -120 0.74060
-45.00 -115 -0.17843
-40.00 -115 -0.17800
-35.00 -115 -0.25537
-30.00 -115 -0.43738
-25.00 -115 -0.64936
-20.00 -115 -0.76352
-15.00 -115 -0.69757
-10.00 -115 -0.47920
-5.00 -115 -0.22179
0.00 -115 -0.35290E-01
5.00 -115 0.49394E-01
10.00 -115 0.81889E-01
15.00 -115 0.12838
20.00 -115 0.20629
25.00 -115 0.27444
30.00 -115 0.27897
35.00 -115 0.20635
40.00 -115 0.96676E-01
45.00 -115 0.13642E-01
-65.00 -110 0.18392
-60.00 -110 0.71942E-01
-55.00 -110 -0.48098E-01
-50.00 -110 -0.11541
-45.00 -110 -0.12314
-40.00 -110 -0.13507
-35.00 -110 -0.23184
-30.00 -110 -0.43153
-25.00 -110 -0.65840
-20.00 -110 -0.79270
-15.00 -110 -0.76136
-10.00 -110 -0.59101
-5.00 -110 -0.37842
0.00 -110 -0.20771
5.00 -110 -0.89139E-01
10.00 -110 0.28975E-01
15.00 -110 0.19263
20.00 -110 0.38482
25.00 -110 0.53037
30.00 -110 0.55518
35.00 -110 0.44541
40.00 -110 0.25816
45.00 -110 0.82981E-01
50.00 -110 -0.76261E-02
55.00 -110 0.16999E-01
60.00 -110 0.14834
65.00 -110 0.34843
-70.00 -105 0.23899
-45.00 -105 -0.51631E-01
-40.00 -105 -0.94886E-01
-35.00 -105 -0.22816
-30.00 -105 -0.45238
-25.00 -105 -0.68787
-20.00 -105 -0.82532
-15.00 -105 -0.80436
-10.00 -105 -0.65232
-5.00 -105 -0.45105
0.00 -105 -0.26464
5.00 -105 -0.94065E-01
10.00 -105 0.10263
15.00 -105 0.34779
20.00 -105 0.60016
25.00 -105 0.77087
30.00 -105 0.78506
35.00 -105 0.63629
40.00 -105 0.39162
45.00 -105 0.15077
70.00 -105 0.48286
-75.00 -100 0.24138
-65.00 -100 0.20943
-60.00 -100 0.15156
-55.00 -100 0.94965E-01
-50.00 -100 0.62047E-01
-45.00 -100 0.33800E-01
-40.00 -100 -0.43695E-01
-35.00 -100 -0.21137
-30.00 -100 -0.44869
-25.00 -100 -0.67113
-20.00 -100 -0.78140
-15.00 -100 -0.73435
-10.00 -100 -0.56146
-5.00 -100 -0.33648
0.00 -100 -0.11507
5.00 -100 0.97878E-01
10.00 -100 0.32739
15.00 -100 0.57834
20.00 -100 0.80567
25.00 -100 0.93334
30.00 -100 0.90553
35.00 -100 0.72673
40.00 -100 0.46101
45.00 -100 0.19751
50.00 -100 0.12564E-01
55.00 -100 -0.49427E-01
60.00 -100 0.21016E-01
65.00 -100 0.19750
75.00 -100 0.59178
-45.00 -95 0.13183
-40.00 -95 0.36015E-01
-35.00 -95 -0.14230
-30.00 -95 -0.36391
-25.00 -95 -0.54401
-20.00 -95 -0.60120
-15.00 -95 -0.50713
-10.00 -95 -0.29846
-5.00 -95 -0.44206E-01
0.00 -95 0.20160
5.00 -95 0.42289
10.00 -95 0.62627
15.00 -95 0.80819
20.00 -95 0.93816
25.00 -95 0.97334
30.00 -95 0.88965
35.00 -95 0.70169
40.00 -95 0.45754
45.00 -95 0.21771
-80.00 -90 0.25285
-70.00 -90 0.22994
-65.00 -90 0.22500
-60.00 -90 0.22587
-55.00 -90 0.24014
-50.00 -90 0.25540
-45.00 -90 0.23644
-40.00 -90 0.14931
-35.00 -90 -0.54923E-02
-30.00 -90 -0.17970
-25.00 -90 -0.29805
-20.00 -90 -0.30021
-15.00 -90 -0.17355
-10.00 -90 0.45398E-01
-5.00 -90 0.29777
0.00 -90 0.53386
5.00 -90 0.72702
10.00 -90 0.86660
15.00 -90 0.94460
20.00 -90 0.95181
25.00 -90 0.88514
30.00 -90 0.75519
35.00 -90 0.58428
40.00 -90 0.39742
45.00 -90 0.21744
50.00 -90 0.69583E-01
55.00 -90 -0.13067E-01
60.00 -90 0.23388E-02
65.00 -90 0.12452
70.00 -90 0.31592
80.00 -90 0.59080
-85.00 -85 0.30940
-45.00 -85 0.33369
-40.00 -85 0.27947
-35.00 -85 0.17517
-30.00 -85 0.65301E-01
-25.00 -85 0.48261E-02
-20.00 -85 0.29794E-01
-15.00 -85 0.14270
-10.00 -85 0.31849
-5.00 -85 0.52072
0.00 -85 0.71332
5.00 -85 0.86356
10.00 -85 0.94322
15.00 -85 0.93564
20.00 -85 0.84627
25.00 -85 0.70510
30.00 -85 0.55313
35.00 -85 0.41964
40.00 -85 0.30835
45.00 -85 0.20607
85.00 -85 0.54878
-75.00 -80 0.22295
-65.00 -80 0.21194
-60.00 -80 0.24543
-55.00 -80 0.30632
-50.00 -80 0.37026
-45.00 -80 0.40473
-40.00 -80 0.39308
-35.00 -80 0.34669
-30.00 -80 0.29559
-25.00 -80 0.26788
-20.00 -80 0.27672
-15.00 -80 0.32329
-10.00 -80 0.40639
-5.00 -80 0.52365
0.00 -80 0.66092
5.00 -80 0.78269
10.00 -80 0.84042
15.00 -80 0.79972
20.00 -80 0.66725
25.00 -80 0.49305
30.00 -80 0.34160
35.00 -80 0.25124
40.00 -80 0.21337
45.00 -80 0.18830
50.00 -80 0.14499
55.00 -80 0.91908E-01
60.00 -80 0.72835E-01
65.00 -80 0.13013
75.00 -80 0.42304
-70.00 -75 0.19614
-45.00 -75 0.43368
-40.00 -75 0.45651
-35.00 -75 0.45568
-30.00 -75 0.44235
-25.00 -75 0.41794
-20.00 -75 0.37815
-15.00 -75 0.33054
-10.00 -75 0.30406
-5.00 -75 0.33390
0.00 -75 0.42915
5.00 -75 0.55175
10.00 -75 0.63075
15.00 -75 0.60747
20.00 -75 0.47864
25.00 -75 0.30249
30.00 -75 0.16067
35.00 -75 0.10387
40.00 -75 0.12222
45.00 -75 0.16173
70.00 -75 0.25328
-65.00 -70 0.18760
-60.00 -70 0.22467
-55.00 -70 0.28963
-50.00 -70 0.35980
-45.00 -70 0.41557
-40.00 -70 0.45274
-35.00 -70 0.47559
-30.00 -70 0.47919
-25.00 -70 0.44380
-20.00 -70 0.35340
-15.00 -70 0.22384
-10.00 -70 0.11034
-5.00 -70 0.78387E-01
0.00 -70 0.15476
5.00 -70 0.29817
10.00 -70 0.41820
15.00 -70 0.43353
20.00 -70 0.32765
25.00 -70 0.15987
30.00 -70 0.23469E-01
35.00 -70 -0.17325E-01
40.00 -70 0.34680E-01
45.00 -70 0.12166
50.00 -70 0.17943
55.00 -70 0.18440
60.00 -70 0.16540
65.00 -70 0.17560
-45.00 -65 0.35906
-40.00 -65 0.38814
-35.00 -65 0.41564
-30.00 -65 0.42774
-25.00 -65 0.39028
-20.00 -65 0.27782
-15.00 -65 0.10907
-10.00 -65 -0.46692E-01
-5.00 -65 -0.10727
0.00 -65 -0.35958E-01
5.00 -65 0.12469
10.00 -65 0.27403
15.00 -65 0.31776
20.00 -65 0.22973
25.00 -65 0.66793E-01
30.00 -65 -0.72445E-01
35.00 -65 -0.11316
40.00 -65 -0.47830E-01
45.00 -65 0.69197E-01
-80.00 -60 0.25376
-75.00 -60 0.20624
-70.00 -60 0.18118
-65.00 -60 0.18821
-60.00 -60 0.22210
-55.00 -60 0.26033
-50.00 -60 0.28068
-45.00 -60 0.28258
-40.00 -60 0.28666
-35.00 -60 0.30905
-30.00 -60 0.33454
-25.00 -60 0.31871
-20.00 -60 0.22443
-15.00 -60 0.63805E-01
-10.00 -60 -0.93699E-01
-5.00 -60 -0.16144
0.00 -60 -0.97474E-01
5.00 -60 0.59662E-01
10.00 -60 0.21115
15.00 -60 0.26156
20.00 -60 0.18051
25.00 -60 0.19410E-01
30.00 -60 -0.12552
35.00 -60 -0.17532
40.00 -60 -0.11282
45.00 -60 0.16075E-01
50.00 -60 0.13953
55.00 -60 0.20724
60.00 -60 0.21809
65.00 -60 0.21333
70.00 -60 0.24246
75.00 -60 0.32330
80.00 -60 0.42452
-45.00 -55 0.20667
-40.00 -55 0.17694
-35.00 -55 0.19228
-30.00 -55 0.24044
-25.00 -55 0.26715
-20.00 -55 0.21923
-15.00 -55 0.94514E-01
-10.00 -55 -0.45549E-01
-5.00 -55 -0.11524
0.00 -55 -0.67494E-01
5.00 -55 0.68496E-01
10.00 -55 0.20424
15.00 -55 0.25079
20.00 -55 0.17629
25.00 -55 0.23217E-01
30.00 -55 -0.12233
35.00 -55 -0.18449
40.00 -55 -0.13884
45.00 -55 -0.18864E-01
-65.00 -50 0.23112
-60.00 -50 0.27768
-55.00 -50 0.28868
-50.00 -50 0.23690
-45.00 -50 0.14689
-40.00 -50 0.81371E-01
-35.00 -50 0.90108E-01
-30.00 -50 0.16417
-25.00 -50 0.23763
-20.00 -50 0.23892
-15.00 -50 0.15038
-10.00 -50 0.26088E-01
-5.00 -50 -0.47510E-01
0.00 -50 -0.16779E-01
5.00 -50 0.99280E-01
10.00 -50 0.22328
15.00 -50 0.27362
20.00 -50 0.21707
25.00 -50 0.84897E-01
30.00 -50 -0.51980E-01
35.00 -50 -0.12657
40.00 -50 -0.11006
45.00 -50 -0.20720E-01
50.00 -50 0.92004E-01
55.00 -50 0.17738
60.00 -50 0.21234
65.00 -50 0.21411
-70.00 -45 0.21059
-45.00 -45 0.11061
-40.00 -45 0.11948E-01
-35.00 -45 0.13213E-01
-30.00 -45 0.10627
-25.00 -45 0.21229
-20.00 -45 0.24342
-15.00 -45 0.17239
-10.00 -45 0.53023E-01
-5.00 -45 -0.23298E-01
0.00 -45 0.24289E-02
5.00 -45 0.11587
10.00 -45 0.24486
15.00 -45 0.31263
20.00 -45 0.28561
25.00 -45 0.18558
30.00 -45 0.67237E-01
35.00 -45 -0.15526E-01
40.00 -45 -0.33664E-01
45.00 -45 0.96444E-02
70.00 -45 0.21166
-75.00 -40 0.21101
-65.00 -40 0.29198
-60.00 -40 0.36705
-55.00 -40 0.36935
-50.00 -40 0.26376
-45.00 -40 0.97516E-01
-40.00 -40 -0.28067E-01
-35.00 -40 -0.36106E-01
-30.00 -40 0.62702E-01
-25.00 -40 0.17752
-20.00 -40 0.21048
-15.00 -40 0.13414
-10.00 -40 0.99665E-02
-5.00 -40 -0.63945E-01
0.00 -40 -0.28772E-01
5.00 -40 0.96585E-01
10.00 -40 0.23834
15.00 -40 0.32429
20.00 -40 0.32623
25.00 -40 0.26284
30.00 -40 0.17445
35.00 -40 0.97506E-01
40.00 -40 0.54133E-01
45.00 -40 0.51730E-01
50.00 -40 0.82816E-01
55.00 -40 0.12630
60.00 -40 0.15874
65.00 -40 0.17402
75.00 -40 0.24874
-45.00 -35 0.10155
-40.00 -35 -0.41541E-01
-35.00 -35 -0.59230E-01
-30.00 -35 0.32576E-01
-25.00 -35 0.13415
-20.00 -35 0.14529
-15.00 -35 0.46623E-01
-10.00 -35 -0.88842E-01
-5.00 -35 -0.15908
0.00 -35 -0.11319
5.00 -35 0.17762E-01
10.00 -35 0.15625
15.00 -35 0.23997
20.00 -35 0.25607
25.00 -35 0.22885
30.00 -35 0.18643
35.00 -35 0.14224
40.00 -35 0.10158
45.00 -35 0.73900E-01
-85.00 -30 0.33968
-80.00 -30 0.26169
-70.00 -30 0.22706
-65.00 -30 0.31949
-60.00 -30 0.41768
-55.00 -30 0.42667
-50.00 -30 0.30571
-45.00 -30 0.11237
-40.00 -30 -0.37239E-01
-35.00 -30 -0.62737E-01
-30.00 -30 0.13679E-01
-25.00 -30 0.87780E-01
-20.00 -30 0.63576E-01
-15.00 -30 -0.66294E-01
-10.00 -30 -0.21870
-5.00 -30 -0.29347
0.00 -30 -0.25364
5.00 -30 -0.14446
10.00 -30 -0.43218E-01
15.00 -30 0.64035E-02
20.00 -30 0.16655E-01
25.00 -30 0.24335E-01
30.00 -30 0.46456E-01
35.00 -30 0.68331E-01
40.00 -30 0.69139E-01
45.00 -30 0.50636E-01
50.00 -30 0.36414E-01
55.00 -30 0.45828E-01
60.00 -30 0.75611E-01
65.00 -30 0.11115
70.00 -30 0.15242
80.00 -30 0.31811
85.00 -30 0.41864
-45.00 -25 0.11632
-40.00 -25 -0.31053E-01
-35.00 -25 -0.63070E-01
-30.00 -25 -0.73148E-02
-25.00 -25 0.32542E-01
-20.00 -25 -0.30877E-01
-15.00 -25 -0.19329
-10.00 -25 -0.36645
-5.00 -25 -0.45764
0.00 -25 -0.44568
5.00 -25 -0.38657
10.00 -25 -0.35108
15.00 -25 -0.35845
20.00 -25 -0.36756
25.00 -25 -0.32706
30.00 -25 -0.22986
35.00 -25 -0.11917
40.00 -25 -0.45471E-01
45.00 -25 -0.21545E-01
-75.00 -20 0.19593
-65.00 -20 0.27610
-60.00 -20 0.36961
-55.00 -20 0.38358
-50.00 -20 0.27594
-45.00 -20 0.98338E-01
-40.00 -20 -0.44747E-01
-35.00 -20 -0.86767E-01
-30.00 -20 -0.57330E-01
-25.00 -20 -0.53810E-01
-20.00 -20 -0.15226
-15.00 -20 -0.33970
-10.00 -20 -0.52878
-5.00 -20 -0.63767
0.00 -20 -0.65880
5.00 -20 -0.65363
10.00 -20 -0.68339
15.00 -20 -0.74542
20.00 -20 -0.77537
25.00 -20 -0.71011
30.00 -20 -0.54864
35.00 -20 -0.35457
40.00 -20 -0.20206
45.00 -20 -0.11968
50.00 -20 -0.81979E-01
55.00 -20 -0.47332E-01
60.00 -20 0.28973E-02
65.00 -20 0.61854E-01
75.00 -20 0.20029
-70.00 -15 0.16965
-45.00 -15 0.46237E-01
-40.00 -15 -0.99483E-01
-35.00 -15 -0.16153
-30.00 -15 -0.16565
-25.00 -15 -0.19662
-20.00 -15 -0.31769
-15.00 -15 -0.51153
-10.00 -15 -0.69717
-5.00 -15 -0.80488
0.00 -15 -0.83649
5.00 -15 -0.85478
10.00 -15 -0.91449
15.00 -15 -1.0027
20.00 -15 -1.0454
25.00 -15 -0.97326
30.00 -15 -0.78370
35.00 -15 -0.54416
40.00 -15 -0.33782
45.00 -15 -0.20478
70.00 -15 0.12138
-65.00 -10 0.17156
-60.00 -10 0.22878
-55.00 -10 0.22925
-50.00 -10 0.12803
-45.00 -10 -0.43554E-01
-40.00 -10 -0.20563
-35.00 -10 -0.30113
-30.00 -10 -0.34442
-25.00 -10 -0.40209
-20.00 -10 -0.52515
-15.00 -10 -0.69765
-10.00 -10 -0.85029
-5.00 -10 -0.92498
0.00 -10 -0.92776
5.00 -10 -0.91990
10.00 -10 -0.95622
15.00 -10 -1.0296
20.00 -10 -1.0731
25.00 -10 -1.0173
30.00 -10 -0.84842
35.00 -10 -0.61807
40.00 -10 -0.40069
45.00 -10 -0.24117
50.00 -10 -0.13727
55.00 -10 -0.62232E-01
60.00 -10 0.40452E-02
65.00 -10 0.66493E-01
-45.00 -5 -0.16163
-40.00 -5 -0.35443
-35.00 -5 -0.49336
-30.00 -5 -0.57435
-25.00 -5 -0.64326
-20.00 -5 -0.74306
-15.00 -5 -0.86705
-10.00 -5 -0.96268
-5.00 -5 -0.98151
0.00 -5 -0.92697
5.00 -5 -0.85459
10.00 -5 -0.82415
15.00 -5 -0.84780
20.00 -5 -0.88008
25.00 -5 -0.85663
30.00 -5 -0.74545
35.00 -5 -0.56757
40.00 -5 -0.37529
45.00 -5 -0.21320
90.00 0.00 0.44996
-90.00 0.00 0.40996
