-85.00 0.00 0.34980
-80.00 0.00 0.38741
-75.00 0.00 0.23103
-70.00 0.00 -0.19140E-01
-65.00 0.00 -0.21073
-60.00 0.00 -0.25256
-55.00 0.00 -0.17064
-50.00 0.00 -0.69358E-01
-45.00 0.00 -0.36892E-01
-40.00 0.00 -0.78882E-01
-35.00 0.00 -0.13278
-30.00 0.00 -0.13861
-25.00 0.00 -0.94097E-01
-20.00 0.00 -0.44943E-01
-15.00 0.00 -0.27849E-01
-10.00 0.00 -0.28528E-01
-5.00 0.00 0.22092E-02
0.00 0.00 0.92098E-01
5.00 0.00 0.20950
10.00 0.00 0.28390
15.00 0.00 0.26663
20.00 0.00 0.17440
25.00 0.00 0.75253E-01
30.00 0.00 0.31561E-01
35.00 0.00 0.53134E-01
40.00 0.00 0.99514E-01
45.00 0.00 0.12163
50.00 0.00 0.99092E-01
55.00 0.00 0.41974E-01
60.00 0.00 -0.33083E-01
65.00 0.00 -0.11811
70.00 0.00 -0.20364
75.00 0.00 -0.26172
80.00 0.00 -0.25748
85.00 0.00 -0.18366
-45.00 5.00 -0.23093E-01
-40.00 5.00 -0.64827E-01
-35.00 5.00 -0.11542
-30.00 5.00 -0.12055
-25.00 5.00 -0.78657E-01
-20.00 5.00 -0.28810E-01
-15.00 5.00 0.65764E-03
-10.00 5.00 0.24440E-01
-5.00 5.00 0.79588E-01
0.00 5.00 0.17550
5.00 5.00 0.26964
10.00 5.00 0.29814
15.00 5.00 0.23433
20.00 5.00 0.11866
25.00 5.00 0.30052E-01
30.00 5.00 0.24103E-01
35.00 5.00 0.93426E-01
40.00 5.00 0.18187
45.00 5.00 0.23301
-65.00 10.00 -0.97148E-01
-60.00 10.00 -0.14584
-55.00 10.00 -0.92398E-01
-50.00 10.00 -0.25409E-01
-45.00 10.00 -0.11428E-01
-40.00 10.00 -0.46785E-01
-35.00 10.00 -0.80451E-01
-30.00 10.00 -0.73737E-01
-25.00 10.00 -0.33773E-01
-20.00 10.00 0.75278E-02
-15.00 10.00 0.38339E-01
-10.00 10.00 0.82510E-01
-5.00 10.00 0.16748
0.00 10.00 0.27987
5.00 10.00 0.36016
10.00 10.00 0.34909
15.00 10.00 0.24456
20.00 10.00 0.11329
25.00 10.00 0.42886E-01
30.00 10.00 0.75672E-01
35.00 10.00 0.18187
40.00 10.00 0.29119
45.00 10.00 0.34825
50.00 10.00 0.34076
55.00 10.00 0.28370
60.00 10.00 0.18888
65.00 10.00 0.59163E-01
-70.00 15.00 0.14526
-45.00 15.00 -0.22688E-01
-40.00 15.00 -0.41431E-01
-35.00 15.00 -0.37347E-01
-30.00 15.00 0.15177E-02
-25.00 15.00 0.48236E-01
-20.00 15.00 0.73582E-01
-15.00 15.00 0.86034E-01
-10.00 15.00 0.12710
-5.00 15.00 0.22298
0.00 15.00 0.34325
5.00 15.00 0.41445
10.00 15.00 0.38242
15.00 15.00 0.26611
20.00 15.00 0.14969
25.00 15.00 0.11719
30.00 15.00 0.18780
35.00 15.00 0.30827
40.00 15.00 0.40377
45.00 15.00 0.43508
70.00 15.00 -0.36941E-01
-75.00 20.00 0.38741
-65.00 20.00 0.64420E-01
-60.00 20.00 -0.79074E-02
-55.00 20.00 -0.30452E-01
-50.00 20.00 -0.48715E-01
-45.00 20.00 -0.69934E-01
-40.00 20.00 -0.61228E-01
-35.00 20.00 0.17433E-02
-30.00 20.00 0.94293E-01
-25.00 20.00 0.15819
-20.00 20.00 0.15906
-15.00 20.00 0.12458
-10.00 20.00 0.11987
-5.00 20.00 0.18133
0.00 20.00 0.27553
5.00 20.00 0.32723
10.00 20.00 0.29238
15.00 20.00 0.20493
20.00 20.00 0.15044
25.00 20.00 0.19012
30.00 20.00 0.30732
35.00 20.00 0.42584
40.00 20.00 0.47890
45.00 20.00 0.46022
50.00 20.00 0.41040
55.00 20.00 0.35988
60.00 20.00 0.29330
65.00 20.00 0.17444
75.00 20.00 -0.15561
-45.00 25.00 -0.15445
-40.00 25.00 -0.11302
-35.00 25.00 0.18962E-01
-30.00 25.00 0.17515
-25.00 25.00 0.26002
-20.00 25.00 0.22853
-15.00 25.00 0.12411
-10.00 25.00 0.36388E-01
-5.00 25.00 0.19195E-01
0.00 25.00 0.48850E-01
5.00 25.00 0.62012E-01
10.00 25.00 0.32046E-01
15.00 25.00 0.39777E-02
20.00 25.00 0.50637E-01
25.00 25.00 0.19363
30.00 25.00 0.37023
35.00 25.00 0.48235
40.00 25.00 0.48131
45.00 25.00 0.40534
-80.00 30.00 0.50630
-70.00 30.00 0.32886
-65.00 30.00 0.19612
-60.00 30.00 0.70506E-01
-55.00 30.00 -0.65966E-01
-50.00 30.00 -0.19968
-45.00 30.00 -0.26459
-40.00 30.00 -0.19547
-35.00 30.00 -0.38873E-02
-30.00 30.00 0.20540
-25.00 30.00 0.30472
-20.00 30.00 0.24094
-15.00 30.00 0.70634E-01
-10.00 30.00 -0.98069E-01
-5.00 30.00 -0.19850
0.00 30.00 -0.24390
5.00 30.00 -0.28044
10.00 30.00 -0.31194
15.00 30.00 -0.28101
20.00 30.00 -0.13075
25.00 30.00 0.11676
30.00 30.00 0.35159
35.00 30.00 0.45649
40.00 30.00 0.40459
45.00 30.00 0.28000
50.00 30.00 0.19852
55.00 30.00 0.20260
60.00 30.00 0.23063
65.00 30.00 0.18790
70.00 30.00 0.47714E-01
80.00 30.00 -0.20598
-45.00 35.00 -0.37794
-40.00 35.00 -0.29602
-35.00 35.00 -0.73323E-01
-30.00 35.00 0.15936
-25.00 35.00 0.25947
-20.00 35.00 0.17773
-15.00 35.00 -0.16833E-01
-10.00 35.00 -0.21056
-5.00 35.00 -0.34199
0.00 35.00 -0.42879
5.00 35.00 -0.50713
10.00 35.00 -0.55738
15.00 35.00 -0.50357
20.00 35.00 -0.29464
25.00 35.00 0.15765E-01
30.00 35.00 0.28160
35.00 35.00 0.37193
40.00 35.00 0.27880
45.00 35.00 0.12249
-75.00 40.00 0.49180
-65.00 40.00 0.26138
-60.00 40.00 0.83896E-01
-55.00 40.00 -0.14235
-50.00 40.00 -0.36099
-45.00 40.00 -0.46711
-40.00 40.00 -0.39116
-35.00 40.00 -0.17470
-30.00 40.00 0.43913E-01
-25.00 40.00 0.13124
-20.00 40.00 0.57934E-01
-15.00 40.00 -0.95370E-01
-10.00 40.00 -0.22627
-5.00 40.00 -0.30294
0.00 40.00 -0.36977
5.00 40.00 -0.46693
10.00 40.00 -0.55496
15.00 40.00 -0.53226
20.00 40.00 -0.33705
25.00 40.00 -0.32546E-01
30.00 40.00 0.21862
35.00 40.00 0.28014
40.00 40.00 0.15604
45.00 40.00 -0.14376E-01
50.00 40.00 -0.79104E-01
55.00 40.00 -0.21510E-02
60.00 40.00 0.11776
65.00 40.00 0.14958
75.00 40.00 -0.98546E-01
-70.00 45.00 0.40491
-45.00 45.00 -0.50872
-40.00 45.00 -0.45316
-35.00 45.00 -0.27447
-30.00 45.00 -0.99780E-01
-25.00 45.00 -0.32181E-01
-20.00 45.00 -0.70009E-01
-15.00 45.00 -0.12524
-10.00 45.00 -0.12214
-5.00 45.00 -0.76377E-01
0.00 45.00 -0.73378E-01
5.00 45.00 -0.16673
10.00 45.00 -0.30198
15.00 45.00 -0.35040
20.00 45.00 -0.22873
25.00 45.00 0.95666E-02
30.00 45.00 0.20539
35.00 45.00 0.22678
40.00 45.00 0.83020E-01
45.00 45.00 -0.85975E-01
70.00 45.00 0.48653E-01
-65.00 50.00 0.26631
-60.00 50.00 0.77176E-01
-55.00 50.00 -0.15805
-50.00 50.00 -0.37752
-45.00 50.00 -0.49272
-40.00 50.00 -0.46220
-35.00 50.00 -0.33585
-30.00 50.00 -0.21599
-25.00 50.00 -0.16557
-20.00 50.00 -0.15305
-15.00 50.00 -0.92663E-01
-10.00 50.00 0.56042E-01
-5.00 50.00 0.22956
0.00 50.00 0.30765
5.00 50.00 0.22747
10.00 50.00 0.54386E-01
15.00 50.00 -0.65097E-01
20.00 50.00 -0.31087E-01
25.00 50.00 0.11905
30.00 50.00 0.24386
35.00 50.00 0.22603
40.00 50.00 0.77381E-01
45.00 50.00 -0.75733E-01
50.00 50.00 -0.11008
55.00 50.00 -0.14835E-01
60.00 50.00 0.10657
65.00 50.00 0.13654
-85.00 55.00 0.37884
-45.00 55.00 -0.42791
-40.00 55.00 -0.41782
-35.00 55.00 -0.33931
-30.00 55.00 -0.26445
-25.00 55.00 -0.22037
-20.00 55.00 -0.16001
-15.00 55.00 -0.13441E-01
-10.00 55.00 0.22537
-5.00 55.00 0.46460
0.00 55.00 0.57664
5.00 55.00 0.50665
10.00 55.00 0.32664
15.00 55.00 0.17980
20.00 55.00 0.16104
25.00 55.00 0.24134
30.00 55.00 0.30412
35.00 55.00 0.25811
40.00 55.00 0.12090
45.00 55.00 -0.20903E-02
85.00 55.00 -0.15658
-80.00 60.00 0.46704
-75.00 60.00 0.44916
-70.00 60.00 0.36025
-65.00 60.00 0.23211
-60.00 60.00 0.72850E-01
-55.00 60.00 -0.10303
-50.00 60.00 -0.25583
-45.00 60.00 -0.33975
-40.00 60.00 -0.34193
-35.00 60.00 -0.29491
-30.00 60.00 -0.24219
-25.00 60.00 -0.18963
-20.00 60.00 -0.96045E-01
-15.00 60.00 0.79728E-01
-10.00 60.00 0.31855
-5.00 60.00 0.53143
0.00 60.00 0.62026
5.00 60.00 0.55869
10.00 60.00 0.41812
15.00 60.00 0.31021
20.00 60.00 0.29526
25.00 60.00 0.33856
30.00 60.00 0.35313
35.00 60.00 0.28679
40.00 60.00 0.17149
45.00 60.00 0.90526E-01
50.00 60.00 0.97660E-01
55.00 60.00 0.16583
60.00 60.00 0.21205
65.00 60.00 0.17177
70.00 60.00 0.52671E-01
75.00 60.00 -0.78008E-01
80.00 60.00 -0.15379
-45.00 65.00 -0.26027
-40.00 65.00 -0.26964
-35.00 65.00 -0.23707
-30.00 65.00 -0.18327
-25.00 65.00 -0.10936
-20.00 65.00 0.11983E-02
-15.00 65.00 0.15373
-10.00 65.00 0.31716
-5.00 65.00 0.43445
0.00 65.00 0.46581
5.00 65.00 0.42516
10.00 65.00 0.37169
15.00 65.00 0.35938
20.00 65.00 0.38966
25.00 65.00 0.41238
30.00 65.00 0.37622
35.00 65.00 0.28160
40.00 65.00 0.18544
45.00 65.00 0.15185
-65.00 70.00 0.18017
-60.00 70.00 0.59068E-01
-55.00 70.00 -0.56216E-01
-50.00 70.00 -0.15229
-45.00 70.00 -0.21385
-40.00 70.00 -0.23137
-35.00 70.00 -0.20404
-30.00 70.00 -0.13618
-25.00 70.00 -0.35487E-01
-20.00 70.00 0.81795E-01
-15.00 70.00 0.18689
-10.00 70.00 0.24859
-5.00 70.00 0.25662
0.00 70.00 0.23779
5.00 70.00 0.24305
10.00 70.00 0.30710
15.00 70.00 0.41251
20.00 70.00 0.49363
25.00 70.00 0.48493
30.00 70.00 0.37699
35.00 70.00 0.23148
40.00 70.00 0.13827
45.00 70.00 0.14749
50.00 70.00 0.23204
55.00 70.00 0.31062
60.00 70.00 0.31011
65.00 70.00 0.21553
-70.00 75.00 0.26412
-45.00 75.00 -0.20599
-40.00 75.00 -0.23620
-35.00 75.00 -0.21420
-30.00 75.00 -0.13348
-25.00 75.00 -0.10736E-01
-20.00 75.00 0.11000
-15.00 75.00 0.17559
-10.00 75.00 0.16069
-5.00 75.00 0.96949E-01
0.00 75.00 0.63413E-01
5.00 75.00 0.13320
10.00 75.00 0.31117
15.00 75.00 0.51479
20.00 75.00 0.62277
25.00 75.00 0.56140
30.00 75.00 0.36271
35.00 75.00 0.14609
40.00 75.00 0.35041E-01
45.00 75.00 0.72824E-01
70.00 75.00 0.84103E-01
-75.00 80.00 0.32059
-65.00 80.00 0.13721
-60.00 80.00 0.39496E-01
-55.00 80.00 -0.54443E-01
-50.00 80.00 -0.14400
-45.00 80.00 -0.22118
-40.00 80.00 -0.26649
-35.00 80.00 -0.25475
-30.00 80.00 -0.17318
-25.00 80.00 -0.42054E-01
-20.00 80.00 0.82216E-01
-15.00 80.00 0.13623
-10.00 80.00 0.98740E-01
-5.00 80.00 0.21313E-01
0.00 80.00 0.51930E-02
5.00 80.00 0.12849
10.00 80.00 0.37485
15.00 80.00 0.62494
20.00 80.00 0.72896
25.00 80.00 0.61222
30.00 80.00 0.33364
35.00 80.00 0.49382E-01
40.00 80.00 -0.92404E-01
45.00 80.00 -0.46346E-01
50.00 80.00 0.11387
55.00 80.00 0.26110
60.00 80.00 0.30388
65.00 80.00 0.23250
75.00 80.00 -0.26752E-01
-45.00 85.00 -0.23135
-40.00 85.00 -0.28761
-35.00 85.00 -0.29008
-30.00 85.00 -0.22376
-25.00 85.00 -0.10268
-20.00 85.00 0.24729E-01
-15.00 85.00 0.99142E-01
-10.00 85.00 0.95008E-01
-5.00 85.00 0.52086E-01
0.00 85.00 0.58614E-01
5.00 85.00 0.18595
10.00 85.00 0.42014
15.00 85.00 0.64981
20.00 85.00 0.73160
25.00 85.00 0.59157
30.00 85.00 0.28580
35.00 85.00 -0.29615E-01
40.00 85.00 -0.19936
45.00 85.00 -0.16600
-80.00 90.00 0.29139
-70.00 90.00 0.20148
-65.00 90.00 0.13364
-60.00 90.00 0.55179E-01
-55.00 90.00 -0.34777E-01
-50.00 90.00 -0.12807
-45.00 90.00 -0.21055
-40.00 90.00 -0.26751
-35.00 90.00 -0.28447
-30.00 90.00 -0.24814
-25.00 90.00 -0.15579
-20.00 90.00 -0.27993E-01
-15.00 90.00 0.92158E-01
-10.00 90.00 0.16378
-5.00 90.00 0.18244
0.00 90.00 0.19155
5.00 90.00 0.25080
10.00 90.00 0.37979
15.00 90.00 0.52418
20.00 90.00 0.58136
25.00 90.00 0.47481
30.00 90.00 0.22108
35.00 90.00 -0.66763E-01
40.00 90.00 -0.24762
45.00 90.00 -0.24333
50.00 90.00 -0.85159E-01
55.00 90.00 0.11528
60.00 90.00 0.24308
65.00 90.00 0.24626
70.00 90.00 0.14975
80.00 90.00 -0.77726E-01
-45.00 95.00 -0.14802
-40.00 95.00 -0.19429
-35.00 95.00 -0.22377
-30.00 95.00 -0.22838
-25.00 95.00 -0.18070
-20.00 95.00 -0.58114E-01
-15.00 95.00 0.12193
-10.00 95.00 0.29492
-5.00 95.00 0.38799
0.00 95.00 0.37648
5.00 95.00 0.30633
10.00 95.00 0.25600
15.00 95.00 0.26668
20.00 95.00 0.30276
25.00 95.00 0.28177
30.00 95.00 0.15142
35.00 95.00 -0.52863E-01
40.00 95.00 -0.22266
45.00 95.00 -0.25475
-75.00 100.00 0.20710
-65.00 100.00 0.18234
-60.00 100.00 0.13799
-55.00 100.00 0.64946E-01
-50.00 100.00 -0.70627E-02
-45.00 100.00 -0.53011E-01
-40.00 100.00 -0.81874E-01
-35.00 100.00 -0.12197
-30.00 100.00 -0.17325
-25.00 100.00 -0.18094
-20.00 100.00 -0.71802E-01
-15.00 100.00 0.16882
-10.00 100.00 0.45192
-5.00 100.00 0.62719
0.00 100.00 0.59097
5.00 100.00 0.37172
10.00 100.00 0.11448
15.00 100.00 -0.29159E-01
20.00 100.00 -0.15642E-01
25.00 100.00 0.68159E-01
30.00 100.00 0.91876E-01
35.00 100.00 0.76750E-04
40.00 100.00 -0.14081
45.00 100.00 -0.20446
50.00 100.00 -0.11703
55.00 100.00 0.78623E-01
60.00 100.00 0.25822
65.00 100.00 0.31388
75.00 100.00 0.76773E-01
-70.00 105.00 0.20217
-45.00 105.00 0.50653E-01
-40.00 105.00 0.38582E-01
-35.00 105.00 -0.98956E-02
-30.00 105.00 -0.10495
-25.00 105.00 -0.16919
-20.00 105.00 -0.82290E-01
-15.00 105.00 0.20440
-10.00 105.00 0.58562
-5.00 105.00 0.84388
0.00 105.00 0.80168
5.00 105.00 0.46472
10.00 105.00 0.30677E-01
15.00 105.00 -0.25315
20.00 105.00 -0.27003
25.00 105.00 -0.10439
30.00 105.00 0.50571E-01
35.00 105.00 0.62162E-01
40.00 105.00 -0.41718E-01
45.00 105.00 -0.11960
70.00 105.00 0.27819
-85.00 110.00 0.16709
-65.00 110.00 0.26023
-60.00 110.00 0.26265
-55.00 110.00 0.21044
-50.00 110.00 0.15398
-45.00 110.00 0.13610
-40.00 110.00 0.13495
-35.00 110.00 0.84227E-01
-30.00 110.00 -0.38012E-01
-25.00 110.00 -0.14465
-20.00 110.00 -0.84544E-01
-15.00 110.00 0.21958
-10.00 110.00 0.66100
-5.00 110.00 0.98396
0.00 110.00 0.96051
5.00 110.00 0.57205
10.00 110.00 0.38902E-01
15.00 110.00 -0.33670
20.00 110.00 -0.38964
25.00 110.00 -0.19435
30.00 110.00 0.26845E-01
35.00 110.00 0.10033
40.00 110.00 0.31245E-01
45.00 110.00 -0.34997E-01
50.00 110.00 0.32316E-01
55.00 110.00 0.22537
60.00 110.00 0.41069
65.00 110.00 0.45272
85.00 110.00 -0.96077E-01
-45.00 115.00 0.18469
-40.00 115.00 0.18768
-35.00 115.00 0.14752
-30.00 115.00 0.30015E-01
-25.00 115.00 -0.86780E-01
-20.00 115.00 -0.48363E-01
-15.00 115.00 0.23689
-10.00 115.00 0.67644
-5.00 115.00 1.0174
0.00 115.00 1.0210
5.00 115.00 0.65204
10.00 115.00 0.11957
15.00 115.00 -0.27444
20.00 115.00 -0.35600
25.00 115.00 -0.18741
30.00 115.00 0.19411E-01
35.00 115.00 0.97371E-01
40.00 115.00 0.52634E-01
45.00 115.00 0.24225E-01
-80.00 120.00 0.78529E-01
-75.00 120.00 0.99635E-01
-70.00 120.00 0.20006
-65.00 120.00 0.31566
-60.00 120.00 0.36095
-55.00 120.00 0.31421
-50.00 120.00 0.23393
-45.00 120.00 0.19165
-40.00 120.00 0.19406
-35.00 120.00 0.18122
-30.00 120.00 0.10838
-25.00 120.00 0.25192E-01
-20.00 120.00 0.57560E-01
-15.00 120.00 0.29019
-10.00 120.00 0.65549
-5.00 120.00 0.94549
0.00 120.00 0.95789
5.00 120.00 0.65920
10.00 120.00 0.22084
15.00 120.00 -0.10962
20.00 120.00 -0.19435
25.00 120.00 -0.90084E-01
30.00 120.00 0.34056E-01
35.00 120.00 0.61934E-01
40.00 120.00 0.25953E-01
45.00 120.00 0.52419E-01
50.00 120.00 0.21887
55.00 120.00 0.46332
60.00 120.00 0.62936
65.00 120.00 0.60028
70.00 120.00 0.39511
75.00 120.00 0.14346
80.00 120.00 -0.29589E-01
-45.00 125.00 0.16522
-40.00 125.00 0.16402
-35.00 125.00 0.19047
-30.00 125.00 0.19373
-25.00 125.00 0.18256
-20.00 125.00 0.22795
-15.00 125.00 0.38587
-10.00 125.00 0.61616
-5.00 125.00 0.78675
0.00 125.00 0.77309
5.00 125.00 0.56639
10.00 125.00 0.28829
15.00 125.00 0.92835E-01
20.00 125.00 0.43059E-01
25.00 125.00 0.74890E-01
30.00 125.00 0.79178E-01
35.00 125.00 0.20562E-01
40.00 125.00 -0.23001E-01
45.00 125.00 0.60597E-01
-65.00 130.00 0.29534
-60.00 130.00 0.37004
-55.00 130.00 0.32573
-50.00 130.00 0.21177
-45.00 130.00 0.12140
-40.00 130.00 0.11349
-35.00 130.00 0.17691
-30.00 130.00 0.26192
-25.00 130.00 0.33613
-20.00 130.00 0.40499
-15.00 130.00 0.48155
-10.00 130.00 0.54791
-5.00 130.00 0.55898
0.00 130.00 0.48971
5.00 130.00 0.37389
10.00 130.00 0.28475
15.00 130.00 0.26729
20.00 130.00 0.28893
25.00 130.00 0.26579
30.00 130.00 0.14980
35.00 130.00 -0.45209E-02
40.00 130.00 -0.66217E-01
45.00 130.00 0.63826E-01
50.00 130.00 0.35422
55.00 130.00 0.64618
60.00 130.00 0.76417
65.00 130.00 0.64401
-70.00 135.00 0.92606E-01
-45.00 135.00 0.77779E-01
-40.00 135.00 0.60258E-01
-35.00 135.00 0.14194
-30.00 135.00 0.28205
-25.00 135.00 0.42019
-20.00 135.00 0.50564
-15.00 135.00 0.50811
-10.00 135.00 0.42274
-5.00 135.00 0.28026
0.00 135.00 0.14997
5.00 135.00 0.11199
10.00 135.00 0.20098
15.00 135.00 0.36249
20.00 135.00 0.47203
25.00 135.00 0.42179
30.00 135.00 0.21486
35.00 135.00 -0.15707E-01
40.00 135.00 -0.93395E-01
45.00 135.00 0.67912E-01
70.00 135.00 0.31275
-75.00 140.00 -0.82691E-01
-65.00 140.00 0.17015
-60.00 140.00 0.25789
-55.00 140.00 0.24038
-50.00 140.00 0.14492
-45.00 140.00 0.48021E-01
-40.00 140.00 0.22360E-01
-35.00 140.00 0.96236E-01
-30.00 140.00 0.24340
-25.00 140.00 0.39704
-20.00 140.00 0.47641
-15.00 140.00 0.42180
-10.00 140.00 0.23247
-5.00 140.00 -0.12879E-01
0.00 140.00 -0.18084
5.00 140.00 -0.15831
10.00 140.00 0.62631E-01
15.00 140.00 0.35722
20.00 140.00 0.53676
25.00 140.00 0.47875
30.00 140.00 0.22393
35.00 140.00 -0.41861E-01
40.00 140.00 -0.11777
45.00 140.00 0.64718E-01
50.00 140.00 0.39121
55.00 140.00 0.65002
60.00 140.00 0.68526
65.00 140.00 0.49772
75.00 140.00 0.85002E-02
-45.00 145.00 0.37529E-01
-40.00 145.00 0.14999E-01
-35.00 145.00 0.63502E-01
-30.00 145.00 0.17152
-25.00 145.00 0.28720
-20.00 145.00 0.33257
-15.00 145.00 0.24184
-10.00 145.00 0.13816E-01
-5.00 145.00 -0.25862
0.00 145.00 -0.42196
5.00 145.00 -0.35664
10.00 145.00 -0.73050E-01
15.00 145.00 0.27173
20.00 145.00 0.46779
25.00 145.00 0.39950
30.00 145.00 0.13503
35.00 145.00 -0.11800
40.00 145.00 -0.16356
45.00 145.00 0.39470E-01
-80.00 150.00 -0.16329
-70.00 150.00 -0.14491
-65.00 150.00 -0.49694E-01
-60.00 150.00 0.24838E-01
-55.00 150.00 0.54206E-01
-50.00 150.00 0.50721E-01
-45.00 150.00 0.40407E-01
-40.00 150.00 0.43717E-01
-35.00 150.00 0.70247E-01
-30.00 150.00 0.11660
-25.00 150.00 0.15834
-20.00 150.00 0.14776
-15.00 150.00 0.37780E-01
-10.00 150.00 -0.17094
-5.00 150.00 -0.39828
0.00 150.00 -0.51258
5.00 150.00 -0.41818
10.00 150.00 -0.14186
15.00 150.00 0.16059
20.00 150.00 0.30177
25.00 150.00 0.19967
30.00 150.00 -0.53904E-01
35.00 150.00 -0.25609
40.00 150.00 -0.24376
45.00 150.00 -0.15043E-01
50.00 150.00 0.27445
55.00 150.00 0.43420
60.00 150.00 0.37869
65.00 150.00 0.17482
70.00 150.00 -0.30141E-01
80.00 150.00 -0.12020
-45.00 155.00 0.39433E-01
-40.00 155.00 0.96893E-01
-35.00 155.00 0.12616
-30.00 155.00 0.11970
-25.00 155.00 0.79429E-01
-20.00 155.00 0.11931E-02
-15.00 155.00 -0.12443
-10.00 155.00 -0.28567
-5.00 155.00 -0.42547
0.00 155.00 -0.45947
5.00 155.00 -0.33961
10.00 155.00 -0.11381
15.00 155.00 0.81657E-01
20.00 155.00 0.11098
25.00 155.00 -0.53084E-01
30.00 155.00 -0.29380
35.00 155.00 -0.42827
40.00 155.00 -0.34431
45.00 155.00 -0.87504E-01
-75.00 160.00 -0.31923
-65.00 160.00 -0.31076
-60.00 160.00 -0.28674
-55.00 160.00 -0.23580
-50.00 160.00 -0.13292
-45.00 160.00 0.11068E-01
-40.00 160.00 0.14470
-35.00 160.00 0.21024
-30.00 160.00 0.18206
-25.00 160.00 0.75332E-01
-20.00 160.00 -0.73967E-01
-15.00 160.00 -0.22937
-10.00 160.00 -0.35467
-5.00 160.00 -0.40748
0.00 160.00 -0.35250
5.00 160.00 -0.19817
10.00 160.00 -0.21680E-01
15.00 160.00 0.58995E-01
20.00 160.00 -0.35217E-01
25.00 160.00 -0.27093
30.00 160.00 -0.50470
35.00 160.00 -0.57603
40.00 160.00 -0.42651
45.00 160.00 -0.14879
50.00 160.00 0.78974E-01
55.00 160.00 0.12416
60.00 160.00 -0.82912E-02
65.00 160.00 -0.19376
75.00 160.00 -0.26195
-85.00 165.00 -0.89738E-01
-70.00 165.00 -0.40884
-45.00 165.00 -0.64408E-01
-40.00 165.00 0.14935
-35.00 165.00 0.27588
-30.00 165.00 0.26148
-25.00 165.00 0.11630
-20.00 165.00 -0.99775E-01
-15.00 165.00 -0.30863
-10.00 165.00 -0.43896
-5.00 165.00 -0.44294
0.00 165.00 -0.31543
5.00 165.00 -0.11276
10.00 165.00 0.53686E-01
15.00 165.00 0.69251E-01
20.00 165.00 -0.10593
25.00 165.00 -0.39036
30.00 165.00 -0.61694
35.00 165.00 -0.64143
40.00 165.00 -0.44779
45.00 165.00 -0.16544
70.00 165.00 -0.39561
85.00 165.00 -0.79151E-01
-65.00 170.00 -0.52981
-60.00 170.00 -0.57902
-55.00 170.00 -0.56628
-50.00 170.00 -0.43518
-45.00 170.00 -0.19115
-40.00 170.00 0.83808E-01
-35.00 170.00 0.27465
-30.00 170.00 0.29871
-25.00 170.00 0.14678
-20.00 170.00 -0.11832
-15.00 170.00 -0.39249
-10.00 170.00 -0.56929
-5.00 170.00 -0.57749
0.00 170.00 -0.41448
5.00 170.00 -0.16172
10.00 170.00 0.40434E-01
15.00 170.00 0.64999E-01
20.00 170.00 -0.11686
25.00 170.00 -0.40127
30.00 170.00 -0.60800
35.00 170.00 -0.60109
40.00 170.00 -0.38821
45.00 170.00 -0.11864
50.00 170.00 0.24735E-01
55.00 170.00 -0.41416E-01
60.00 170.00 -0.24608
65.00 170.00 -0.42768
-45.00 175.00 -0.35059
-40.00 175.00 -0.51127E-01
-35.00 175.00 0.18404
-30.00 175.00 0.25347
-25.00 175.00 0.12567
-20.00 175.00 -0.15041
-15.00 175.00 -0.46751
-10.00 175.00 -0.69959
-5.00 175.00 -0.74967
0.00 175.00 -0.59659
5.00 175.00 -0.31870
10.00 175.00 -0.66899E-01
15.00 175.00 0.16523E-01
20.00 175.00 -0.10878
25.00 175.00 -0.34429
30.00 175.00 -0.51252
35.00 175.00 -0.48201
40.00 175.00 -0.26647
45.00 175.00 -0.17867E-01
-80.00 180.00 -0.35725
-75.00 180.00 -0.47929
-70.00 180.00 -0.55096
-65.00 180.00 -0.63235
-60.00 180.00 -0.72914
-55.00 180.00 -0.78013
-50.00 180.00 -0.71118
-45.00 180.00 -0.50399
-40.00 180.00 -0.22215
-35.00 180.00 0.21267E-01
-30.00 180.00 0.12462
-25.00 180.00 0.44930E-01
-20.00 180.00 -0.18836
-15.00 180.00 -0.48722
-10.00 180.00 -0.73462
-5.00 180.00 -0.82622
0.00 180.00 -0.71914
5.00 180.00 -0.46571
10.00 180.00 -0.19978
15.00 180.00 -0.64176E-01
20.00 180.00 -0.11633
25.00 180.00 -0.28162
30.00 180.00 -0.40110
35.00 180.00 -0.34948
40.00 180.00 -0.13532
45.00 180.00 0.99108E-01
50.00 180.00 0.18431
55.00 180.00 0.54217E-01
60.00 180.00 -0.20347
65.00 180.00 -0.41655
70.00 180.00 -0.45887
75.00 180.00 -0.33552
80.00 180.00 -0.16380
-45.00 -175 -0.60527
-40.00 -175 -0.37495
-35.00 -175 -0.16440
-30.00 -175 -0.55431E-01
-25.00 -175 -0.81778E-01
-20.00 -175 -0.22518
-15.00 -175 -0.42973
-10.00 -175 -0.61811
-5.00 -175 -0.71121
0.00 -175 -0.66039
5.00 -175 -0.48303
10.00 -175 -0.26966
15.00 -175 -0.13775
20.00 -175 -0.15058
25.00 -175 -0.26201
30.00 -175 -0.34171
35.00 -175 -0.27432
40.00 -175 -0.58249E-01
45.00 -175 0.18043
-65.00 -170 -0.60257
-60.00 -170 -0.67919
-55.00 -170 -0.74260
-50.00 -170 -0.72926
-45.00 -170 -0.61905
-40.00 -170 -0.45626
-35.00 -170 -0.31394
-30.00 -170 -0.24094
-25.00 -170 -0.23933
-20.00 -170 -0.28245
-15.00 -170 -0.34348
-10.00 -170 -0.40340
-5.00 -170 -0.43972
0.00 -170 -0.42443
5.00 -170 -0.34691
10.00 -170 -0.24075
15.00 -170 -0.17534
20.00 -170 -0.20253
25.00 -170 -0.29921
30.00 -170 -0.36575
35.00 -170 -0.29783
40.00 -170 -0.80053E-01
45.00 -170 0.18173
50.00 -170 0.32791
55.00 -170 0.26487
60.00 -170 0.39402E-01
65.00 -170 -0.19633
-70.00 -165 -0.53999
-45.00 -165 -0.53590
-40.00 -165 -0.43550
-35.00 -165 -0.38160
-30.00 -165 -0.38943
-25.00 -165 -0.41461
-20.00 -165 -0.39882
-15.00 -165 -0.32588
-10.00 -165 -0.23272
-5.00 -165 -0.16858
0.00 -165 -0.14894
5.00 -165 -0.15234
10.00 -165 -0.15920
15.00 -165 -0.18369
20.00 -165 -0.25634
25.00 -165 -0.37086
30.00 -165 -0.45531
35.00 -165 -0.41250
40.00 -165 -0.20621
45.00 -165 0.84656E-01
70.00 -165 -0.18880
-75.00 -160 -0.52266
-65.00 -160 -0.50172
-60.00 -160 -0.50610
-55.00 -160 -0.50874
-50.00 -160 -0.46449
-45.00 -160 -0.37806
-40.00 -160 -0.31674
-35.00 -160 -0.34877
-30.00 -160 -0.46770
-25.00 -160 -0.58133
-20.00 -160 -0.58290
-15.00 -160 -0.44162
-10.00 -160 -0.22937
-5.00 -160 -0.60282E-01
0.00 -160 -0.17186E-02
5.00 -160 -0.38072E-01
10.00 -160 -0.11261
15.00 -160 -0.19451
20.00 -160 -0.29761
25.00 -160 -0.43339
30.00 -160 -0.55552
35.00 -160 -0.56736
40.00 -160 -0.40085
45.00 -160 -0.96084E-01
50.00 -160 0.20167
55.00 -160 0.33942
60.00 -160 0.27027
65.00 -160 0.84292E-01
75.00 -160 -0.11129
-45.00 -155 -0.19335
-40.00 -155 -0.13771
-35.00 -155 -0.22812
-30.00 -155 -0.45509
-25.00 -155 -0.69106
-20.00 -155 -0.77800
-15.00 -155 -0.65136
-10.00 -155 -0.39082
-5.00 -155 -0.15296
0.00 -155 -0.48655E-01
5.00 -155 -0.75107E-01
10.00 -155 -0.15490
15.00 -155 -0.23050
20.00 -155 -0.31391
25.00 -155 -0.44399
30.00 -155 -0.60363
35.00 -155 -0.69346
40.00 -155 -0.60320
45.00 -155 -0.31936
-80.00 -150 -0.43913
-70.00 -150 -0.49507
-65.00 -150 -0.42340
-60.00 -150 -0.36887
-55.00 -150 -0.30755
-50.00 -150 -0.19187
-45.00 -150 -0.39689E-01
-40.00 -150 0.42031E-01
-35.00 -150 -0.61156E-01
-30.00 -150 -0.35384
-25.00 -150 -0.69385
-20.00 -150 -0.88448
-15.00 -150 -0.82372
-10.00 -150 -0.58007
-5.00 -150 -0.32801
0.00 -150 -0.20380
5.00 -150 -0.21232
10.00 -150 -0.26222
15.00 -150 -0.28209
20.00 -150 -0.29569
25.00 -150 -0.38126
30.00 -150 -0.56043
35.00 -150 -0.73621
40.00 -150 -0.75349
45.00 -150 -0.53390
50.00 -150 -0.15899
55.00 -150 0.18060
60.00 -150 0.32882
65.00 -150 0.27382
70.00 -150 0.13141
80.00 -150 -0.69426E-02
-45.00 -145 0.34250E-01
-40.00 -145 0.15982
-35.00 -145 0.90387E-01
-30.00 -145 -0.20188
-25.00 -145 -0.58099
-20.00 -145 -0.83385
-15.00 -145 -0.83285
-10.00 -145 -0.63140
-5.00 -145 -0.40664
0.00 -145 -0.30332
5.00 -145 -0.32295
10.00 -145 -0.35620
15.00 -145 -0.31753
20.00 -145 -0.24393
25.00 -145 -0.25780
30.00 -145 -0.42977
35.00 -145 -0.67902
40.00 -145 -0.81593
45.00 -145 -0.69623
-85.00 -140 -0.19325
-75.00 -140 -0.54281
-65.00 -140 -0.41708
-60.00 -140 -0.36071
-55.00 -140 -0.30742
-50.00 -140 -0.18816
-45.00 -140 0.57806E-02
-40.00 -140 0.17117
-35.00 -140 0.16288
-30.00 -140 -0.69619E-01
-25.00 -140 -0.41084
-20.00 -140 -0.65355
-15.00 -140 -0.66298
-10.00 -140 -0.48449
-5.00 -140 -0.29438
0.00 -140 -0.23843
5.00 -140 -0.30838
10.00 -140 -0.37049
15.00 -140 -0.31503
20.00 -140 -0.17884
25.00 -140 -0.11882
30.00 -140 -0.25759
35.00 -140 -0.54803
40.00 -140 -0.78867
45.00 -140 -0.78256
50.00 -140 -0.49890
55.00 -140 -0.95443E-01
60.00 -140 0.21162
65.00 -140 0.30902
75.00 -140 0.12702
85.00 -140 -0.15175E-01
-70.00 -135 -0.51244
-45.00 -135 -0.11335
-40.00 -135 0.67740E-01
-35.00 -135 0.11811
-30.00 -135 -0.28470E-01
-25.00 -135 -0.28284
-20.00 -135 -0.45812
-15.00 -135 -0.42624
-10.00 -135 -0.23143
-5.00 -135 -0.50960E-01
0.00 -135 -0.34407E-01
5.00 -135 -0.16942
10.00 -135 -0.30061
15.00 -135 -0.28509
20.00 -135 -0.13742
25.00 -135 -0.24555E-01
30.00 -135 -0.11110
35.00 -135 -0.39689
40.00 -135 -0.69797
45.00 -135 -0.79080
70.00 -135 0.25636
-65.00 -130 -0.45521
-60.00 -130 -0.42696
-55.00 -130 -0.43626
-50.00 -130 -0.40462
-45.00 -130 -0.28064
-40.00 -130 -0.11586
-35.00 -130 -0.32115E-01
-30.00 -130 -0.10332
-25.00 -130 -0.26705
-20.00 -130 -0.36243
-15.00 -130 -0.27152
-10.00 -130 -0.35386E-01
-5.00 -130 0.17001
0.00 -130 0.18500
5.00 -130 0.91739E-02
10.00 -130 -0.19772
15.00 -130 -0.26181
20.00 -130 -0.15528
25.00 -130 -0.22729E-01
30.00 -130 -0.47581E-01
35.00 -130 -0.27981
40.00 -130 -0.58083
45.00 -130 -0.73375
50.00 -130 -0.61881
55.00 -130 -0.30153
60.00 -130 0.33001E-01
65.00 -130 0.22778
-45.00 -125 -0.43871
-40.00 -125 -0.31311
-35.00 -125 -0.22272
-30.00 -125 -0.24432
-25.00 -125 -0.34269
-20.00 -125 -0.38505
-15.00 -125 -0.25988
-10.00 -125 0.66467E-02
-5.00 -125 0.25174
0.00 -125 0.30511
5.00 -125 0.13521
10.00 -125 -0.12062
15.00 -125 -0.27328
20.00 -125 -0.24358
25.00 -125 -0.12409
30.00 -125 -0.87474E-01
35.00 -125 -0.22591
40.00 -125 -0.46554
45.00 -125 -0.62832
-80.00 -120 -0.43694
-75.00 -120 -0.56421
-70.00 -120 -0.54898
-65.00 -120 -0.47598
-60.00 -120 -0.44671
-55.00 -120 -0.48989
-50.00 -120 -0.54640
-45.00 -120 -0.53816
-40.00 -120 -0.45383
-35.00 -120 -0.36415
-30.00 -120 -0.34819
-25.00 -120 -0.40246
-20.00 -120 -0.42753
-15.00 -120 -0.31590
-10.00 -120 -0.64451E-01
-5.00 -120 0.19724
0.00 -120 0.29963
5.00 -120 0.17208
10.00 -120 -0.94558E-01
15.00 -120 -0.31968
20.00 -120 -0.37834
25.00 -120 -0.29447
30.00 -120 -0.20407
35.00 -120 -0.22637
40.00 -120 -0.35928
45.00 -120 -0.48694
50.00 -120 -0.48431
55.00 -120 -0.32132
60.00 -120 -0.79858E-01
65.00 -120 0.11856
70.00 -120 0.20135
75.00 -120 0.17589
80.00 -120 0.92292E-01
-45.00 -115 -0.55781
-40.00 -115 -0.49768
-35.00 -115 -0.39207
-30.00 -115 -0.32431
-25.00 -115 -0.33053
-20.00 -115 -0.35543
-15.00 -115 -0.30043
-10.00 -115 -0.12434
-5.00 -115 0.97710E-01
0.00 -115 0.21911
5.00 -115 0.13882
10.00 -115 -0.10959
15.00 -115 -0.37670
20.00 -115 -0.51025
25.00 -115 -0.46748
30.00 -115 -0.33407
35.00 -115 -0.23975
40.00 -115 -0.24837
45.00 -115 -0.31520
-65.00 -110 -0.44835
-60.00 -110 -0.37532
-55.00 -110 -0.39046
-50.00 -110 -0.46675
-45.00 -110 -0.51191
-40.00 -110 -0.45383
-35.00 -110 -0.30733
-30.00 -110 -0.16150
-25.00 -110 -0.98401E-01
-20.00 -110 -0.11819
-15.00 -110 -0.14166
-10.00 -110 -0.90317E-01
-5.00 -110 0.29338E-01
0.00 -110 0.11810
5.00 -110 0.65904E-01
10.00 -110 -0.14623
15.00 -110 -0.41525
20.00 -110 -0.58690
25.00 -110 -0.57077
30.00 -110 -0.40388
35.00 -110 -0.21276
40.00 -110 -0.11051
45.00 -110 -0.11645
50.00 -110 -0.15968
55.00 -110 -0.15272
60.00 -110 -0.65962E-01
65.00 -110 0.56766E-01
-70.00 -105 -0.52697
-45.00 -105 -0.43971
-40.00 -105 -0.37324
-35.00 -105 -0.17656
-30.00 -105 0.56566E-01
-25.00 -105 0.19967
-20.00 -105 0.19453
-15.00 -105 0.92824E-01
-10.00 -105 0.21546E-02
-5.00 -105 -0.14454E-01
0.00 -105 0.58030E-02
5.00 -105 -0.34205E-01
10.00 -105 -0.19153
15.00 -105 -0.41486
20.00 -105 -0.57223
25.00 -105 -0.55361
30.00 -105 -0.36071
35.00 -105 -0.10751
40.00 -105 0.67080E-01
45.00 -105 0.99796E-01
70.00 -105 0.12327
-75.00 -100 -0.50938
-65.00 -100 -0.38591
-60.00 -100 -0.27041
-55.00 -100 -0.24905
-50.00 -100 -0.32003
-45.00 -100 -0.38203
-40.00 -100 -0.31563
-35.00 -100 -0.88405E-01
-30.00 -100 0.20505
-25.00 -100 0.40668
-20.00 -100 0.41304
-15.00 -100 0.25016
-10.00 -100 0.43369E-01
-5.00 -100 -0.89778E-01
0.00 -100 -0.12927
5.00 -100 -0.14896
10.00 -100 -0.22807
15.00 -100 -0.36218
20.00 -100 -0.45631
25.00 -100 -0.40664
30.00 -100 -0.19706
35.00 -100 0.76005E-01
40.00 -100 0.27245
45.00 -100 0.31119
50.00 -100 0.22116
55.00 -100 0.10398
60.00 -100 0.47944E-01
65.00 -100 0.67670E-01
75.00 -100 0.11897
-45.00 -95 -0.35810
-40.00 -95 -0.31120
-35.00 -95 -0.93304E-01
-30.00 -95 0.20518
-25.00 -95 0.41668
-20.00 -95 0.41959
-15.00 -95 0.22723
-10.00 -95 -0.29376E-01
-5.00 -95 -0.20734
0.00 -95 -0.25524
5.00 -95 -0.22936
10.00 -95 -0.21783
15.00 -95 -0.24758
20.00 -95 -0.25930
25.00 -95 -0.16960
30.00 -95 0.40465E-01
35.00 -95 0.29284
40.00 -95 0.46533
45.00 -95 0.48278
-80.00 -90 -0.29883
-70.00 -90 -0.42659
-65.00 -90 -0.30710
-60.00 -90 -0.18681
-55.00 -90 -0.16708
-50.00 -90 -0.25594
-45.00 -90 -0.35586
-40.00 -90 -0.34176
-35.00 -90 -0.16870
-30.00 -90 0.81075E-01
-25.00 -90 0.25459
-20.00 -90 0.24409
-15.00 -90 0.67570E-01
-10.00 -90 -0.15087
-5.00 -90 -0.28023
0.00 -90 -0.27603
5.00 -90 -0.19294
10.00 -90 -0.11562
15.00 -90 -0.76421E-01
20.00 -90 -0.33727E-01
25.00 -90 0.75670E-01
30.00 -90 0.26380
35.00 -90 0.46676
40.00 -90 0.58914
45.00 -90 0.57635
50.00 -90 0.45264
55.00 -90 0.29671
60.00 -90 0.18148
65.00 -90 0.12939
70.00 -90 0.11324
80.00 -90 0.40971E-01
-85.00 -85 -0.52817E-01
-45.00 -85 -0.34161
-40.00 -85 -0.35427
-35.00 -85 -0.23505
-30.00 -85 -0.57034E-01
-25.00 -85 0.59037E-01
-20.00 -85 0.43959E-01
-15.00 -85 -0.66953E-01
-10.00 -85 -0.16959
-5.00 -85 -0.17972
0.00 -85 -0.95750E-01
5.00 -85 0.14865E-01
10.00 -85 0.85725E-01
15.00 -85 0.11079
20.00 -85 0.14155
25.00 -85 0.23065
30.00 -85 0.37720
35.00 -85 0.52245
40.00 -85 0.59552
45.00 -85 0.56611
85.00 -85 -0.37351E-01
-75.00 -80 -0.33420
-65.00 -80 -0.20504
-60.00 -80 -0.10106
-55.00 -80 -0.94551E-01
-50.00 -80 -0.18387
-45.00 -80 -0.28229
-40.00 -80 -0.29737
-35.00 -80 -0.21148
-30.00 -80 -0.90849E-01
-25.00 -80 -0.18422E-01
-20.00 -80 -0.15790E-01
-15.00 -80 -0.27587E-01
-10.00 -80 0.19654E-01
-5.00 -80 0.14242
0.00 -80 0.28054
5.00 -80 0.35041
10.00 -80 0.32013
15.00 -80 0.23745
20.00 -80 0.18756
25.00 -80 0.22211
30.00 -80 0.32242
35.00 -80 0.42374
40.00 -80 0.47086
45.00 -80 0.45367
50.00 -80 0.39823
55.00 -80 0.33333
60.00 -80 0.26900
65.00 -80 0.20191
75.00 -80 0.65319E-01
-70.00 -75 -0.25284
-45.00 -75 -0.16623
-40.00 -75 -0.15614
-35.00 -75 -0.70997E-01
-30.00 -75 0.25284E-01
-25.00 -75 0.81245E-01
-20.00 -75 0.11596
-15.00 -75 0.19903
-10.00 -75 0.37015
-5.00 -75 0.57883
0.00 -75 0.70821
5.00 -75 0.66743
10.00 -75 0.47023
15.00 -75 0.22892
20.00 -75 0.69796E-01
25.00 -75 0.45172E-01
30.00 -75 0.11441
35.00 -75 0.19880
40.00 -75 0.25049
45.00 -75 0.27370
70.00 -75 0.13922
-65.00 -70 -0.66891E-01
-60.00 -70 0.37481E-01
-55.00 -70 0.59438E-01
-50.00 -70 0.16960E-01
-45.00 -70 -0.97280E-02
-40.00 -70 0.38250E-01
-35.00 -70 0.14322
-30.00 -70 0.23960
-25.00 -70 0.29401
-20.00 -70 0.34947
-15.00 -70 0.48103
-10.00 -70 0.70227
-5.00 -70 0.91784
0.00 -70 0.97916
5.00 -70 0.80246
10.00 -70 0.44525
15.00 -70 0.71323E-01
20.00 -70 -0.16577
25.00 -70 -0.22034
30.00 -70 -0.15598
35.00 -70 -0.65019E-01
40.00 -70 0.10115E-01
45.00 -70 0.84895E-01
50.00 -70 0.17907
55.00 -70 0.26982
60.00 -70 0.30382
65.00 -70 0.25146
-45.00 -65 0.15341
-40.00 -65 0.22873
-35.00 -65 0.34959
-30.00 -65 0.44778
-25.00 -65 0.49411
-20.00 -65 0.53678
-15.00 -65 0.64937
-10.00 -65 0.83537
-5.00 -65 0.98884
0.00 -65 0.96222
5.00 -65 0.68959
10.00 -65 0.25490
15.00 -65 -0.15960
20.00 -65 -0.40141
25.00 -65 -0.44202
30.00 -65 -0.36270
35.00 -65 -0.25968
40.00 -65 -0.16498
45.00 -65 -0.51699E-01
-80.00 -60 -0.32438E-01
-75.00 -60 -0.94366E-01
-70.00 -60 -0.47012E-01
-65.00 -60 0.87135E-01
-60.00 -60 0.21812
-55.00 -60 0.27726
-50.00 -60 0.27767
-45.00 -60 0.29077
-40.00 -60 0.36656
-35.00 -60 0.48168
-30.00 -60 0.56842
-25.00 -60 0.59171
-20.00 -60 0.58963
-15.00 -60 0.62960
-10.00 -60 0.72213
-5.00 -60 0.78330
0.00 -60 0.69399
5.00 -60 0.40839
10.00 -60 0.10642E-01
15.00 -60 -0.33716
20.00 -60 -0.51187
25.00 -60 -0.50783
30.00 -60 -0.41227
35.00 -60 -0.31096
40.00 -60 -0.21891
45.00 -60 -0.97745E-01
50.00 -60 0.69753E-01
55.00 -60 0.23309
60.00 -60 0.30738
65.00 -60 0.25233
70.00 -60 0.11364
75.00 -60 -0.16090E-01
80.00 -60 -0.79276E-01
-45.00 -55 0.38585
-40.00 -55 0.43561
-35.00 -55 0.52435
-30.00 -55 0.59067
-25.00 -55 0.58878
-20.00 -55 0.53576
-15.00 -55 0.48846
-10.00 -55 0.47444
-5.00 -55 0.45167
0.00 -55 0.34388
5.00 -55 0.12084
10.00 -55 -0.15613
15.00 -55 -0.37224
20.00 -55 -0.44825
25.00 -55 -0.39751
30.00 -55 -0.29922
35.00 -55 -0.21811
40.00 -55 -0.15142
45.00 -55 -0.53286E-01
-65.00 -50 0.19713
-60.00 -50 0.35821
-55.00 -50 0.45267
-50.00 -50 0.46199
-45.00 -50 0.44007
-40.00 -50 0.45215
-35.00 -50 0.50975
-30.00 -50 0.56352
-25.00 -50 0.55574
-20.00 -50 0.47589
-15.00 -50 0.36438
-10.00 -50 0.26555
-5.00 -50 0.18292
0.00 -50 0.84238E-01
5.00 -50 -0.50860E-01
10.00 -50 -0.19372
15.00 -50 -0.28262
20.00 -50 -0.27795
25.00 -50 -0.20024
30.00 -50 -0.11067
35.00 -50 -0.52862E-01
40.00 -50 -0.15414E-01
45.00 -50 0.45449E-01
50.00 -50 0.14643
55.00 -50 0.24414
60.00 -50 0.26677
65.00 -50 0.18248
-70.00 -45 0.80526E-01
-45.00 -45 0.46336
-40.00 -45 0.44435
-35.00 -45 0.48248
-30.00 -45 0.54350
-25.00 -45 0.55876
-20.00 -45 0.48783
-15.00 -45 0.34925
-10.00 -45 0.19659
-5.00 -45 0.70541E-01
0.00 -45 -0.24476E-01
5.00 -45 -0.10197
10.00 -45 -0.16118
15.00 -45 -0.18008
20.00 -45 -0.14095
25.00 -45 -0.57800E-01
30.00 -45 0.28282E-01
35.00 -45 0.84193E-01
40.00 -45 0.11334
45.00 -45 0.14520
70.00 -45 -0.19698E-01
-75.00 -40 0.79137E-01
-65.00 -40 0.20145
-60.00 -40 0.36550
-55.00 -40 0.48584
-50.00 -40 0.50836
-45.00 -40 0.46259
-40.00 -40 0.42922
-35.00 -40 0.46397
-30.00 -40 0.54726
-25.00 -40 0.60252
-20.00 -40 0.56255
-15.00 -40 0.42267
-10.00 -40 0.23744
-5.00 -40 0.71763E-01
0.00 -40 -0.43876E-01
5.00 -40 -0.11698
10.00 -40 -0.16265
15.00 -40 -0.17780
20.00 -40 -0.14673
25.00 -40 -0.67309E-01
30.00 -40 0.35086E-01
35.00 -40 0.12333
40.00 -40 0.17688
45.00 -40 0.20135
50.00 -40 0.20944
55.00 -40 0.19659
60.00 -40 0.14218
65.00 -40 0.38800E-01
75.00 -40 -0.16698
-45.00 -35 0.43654
-40.00 -35 0.40365
-35.00 -35 0.44220
-30.00 -35 0.54489
-25.00 -35 0.63259
-20.00 -35 0.62029
-15.00 -35 0.48521
-10.00 -35 0.27865
-5.00 -35 0.78262E-01
0.00 -35 -0.70347E-01
5.00 -35 -0.17065
10.00 -35 -0.24442
15.00 -35 -0.29246
20.00 -35 -0.28900
25.00 -35 -0.21270
30.00 -35 -0.78659E-01
35.00 -35 0.63186E-01
40.00 -35 0.16170
45.00 -35 0.19637
-85.00 -30 0.23155
-80.00 -30 0.21320
-70.00 -30 0.54631E-01
-65.00 -30 0.88295E-01
-60.00 -30 0.21130
-55.00 -30 0.34079
-50.00 -30 0.39866
-45.00 -30 0.38025
-40.00 -30 0.35349
-35.00 -30 0.38994
-30.00 -30 0.49264
-25.00 -30 0.58728
-20.00 -30 0.58369
-15.00 -30 0.45032
-10.00 -30 0.23556
-5.00 -30 0.21780E-01
0.00 -30 -0.14001
5.00 -30 -0.25435
10.00 -30 -0.34891
15.00 -30 -0.42558
20.00 -30 -0.44802
25.00 -30 -0.37780
30.00 -30 -0.22113
35.00 -30 -0.37839E-01
40.00 -30 0.96918E-01
45.00 -30 0.14238
50.00 -30 0.10905
55.00 -30 0.34348E-01
60.00 -30 -0.51756E-01
65.00 -30 -0.13631
70.00 -30 -0.20753
80.00 -30 -0.21871
85.00 -30 -0.15165
-45.00 -25 0.29404
-40.00 -25 0.27061
-35.00 -25 0.29259
-30.00 -25 0.37320
-25.00 -25 0.45053
-20.00 -25 0.44067
-15.00 -25 0.31200
-10.00 -25 0.11138
-5.00 -25 -0.79018E-01
0.00 -25 -0.20992
5.00 -25 -0.29314
10.00 -25 -0.36781
15.00 -25 -0.44390
20.00 -25 -0.48255
25.00 -25 -0.43308
30.00 -25 -0.28916
35.00 -25 -0.10768
40.00 -25 0.28501E-01
45.00 -25 0.69132E-01
-75.00 -20 0.14678
-65.00 -20 -0.81700E-01
-60.00 -20 -0.30790E-01
-55.00 -20 0.85510E-01
-50.00 -20 0.17418
-45.00 -20 0.18951
-40.00 -20 0.16392
-35.00 -20 0.16268
-30.00 -20 0.21058
-25.00 -20 0.26299
-20.00 -20 0.24812
-15.00 -20 0.13757
-10.00 -20 -0.23916E-01
-5.00 -20 -0.15741
0.00 -20 -0.21837
5.00 -20 -0.22878
10.00 -20 -0.24420
15.00 -20 -0.29147
20.00 -20 -0.33937
25.00 -20 -0.33037
30.00 -20 -0.24071
35.00 -20 -0.10964
40.00 -20 -0.10493E-01
45.00 -20 0.72554E-02
50.00 -20 -0.49380E-01
55.00 -20 -0.13483
60.00 -20 -0.20842
65.00 -20 -0.25810
75.00 -20 -0.28858
-70.00 -15 -0.35902E-01
-45.00 -15 0.87587E-01
-40.00 -15 0.56682E-01
-35.00 -15 0.32359E-01
-30.00 -15 0.52056E-01
-25.00 -15 0.88972E-01
-20.00 -15 0.82660E-01
-15.00 -15 0.54261E-02
-10.00 -15 -0.10335
-5.00 -15 -0.16970
0.00 -15 -0.15276
5.00 -15 -0.81839E-01
10.00 -15 -0.27771E-01
15.00 -15 -0.37066E-01
20.00 -15 -0.92073E-01
25.00 -15 -0.13299
30.00 -15 -0.11745
35.00 -15 -0.59483E-01
40.00 -15 -0.13465E-01
45.00 -15 -0.23098E-01
70.00 -15 -0.29680
-65.00 -10 -0.20647
-60.00 -10 -0.21988
-55.00 -10 -0.12399
-50.00 -10 -0.21414E-01
-45.00 -10 0.99303E-02
-40.00 -10 -0.26134E-01
-35.00 -10 -0.67004E-01
-30.00 -10 -0.63432E-01
-25.00 -10 -0.27627E-01
-20.00 -10 -0.13077E-01
-15.00 -10 -0.51226E-01
-10.00 -10 -0.11157
-5.00 -10 -0.12637
0.00 -10 -0.56173E-01
5.00 -10 0.68201E-01
10.00 -10 0.16824
15.00 -10 0.18380
20.00 -10 0.12097
25.00 -10 0.39585E-01
30.00 -10 -0.36877E-02
35.00 -10 -0.15367E-02
40.00 -10 0.83118E-02
45.00 -10 -0.13765E-01
50.00 -10 -0.73489E-01
55.00 -10 -0.14615
60.00 -10 -0.20722
65.00 -10 -0.25210
-45.00 -5 -0.30917E-01
-40.00 -5 -0.70648E-01
-35.00 -5 -0.12081
-30.00 -5 -0.12382
-25.00 -5 -0.82176E-01
-20.00 -5 -0.45683E-01
-15.00 -5 -0.50734E-01
-10.00 -5 -0.76562E-01
-5.00 -5 -0.63440E-01
0.00 -5 0.25578E-01
5.00 -5 0.16117
10.00 -5 0.26619
15.00 -5 0.27943
20.00 -5 0.20531
25.00 -5 0.10531
30.00 -5 0.42668E-01
35.00 -5 0.33373E-01
40.00 -5 0.44954E-01
45.00 -5 0.35810E-01
90.00 0.00 -0.91414E-01
-90.00 0.00 0.13538
