-85.00 0.00 0.23100
-80.00 0.00 0.18053
-75.00 0.00 0.24283E-01
-70.00 0.00 -0.16583
-65.00 0.00 -0.29178
-60.00 0.00 -0.29762
-55.00 0.00 -0.20300
-50.00 0.00 -0.75534E-01
-45.00 0.00 0.25081E-01
-40.00 0.00 0.80872E-01
-35.00 0.00 0.10428
-30.00 0.00 0.10451
-25.00 0.00 0.71922E-01
-20.00 0.00 -0.41660E-02
-15.00 0.00 -0.10800
-10.00 0.00 -0.19561
-5.00 0.00 -0.22664
0.00 0.00 -0.19989
5.00 0.00 -0.15517
10.00 0.00 -0.13586
15.00 0.00 -0.14658
20.00 0.00 -0.14828
25.00 0.00 -0.98108E-01
30.00 0.00 0.22287E-02
35.00 0.00 0.97096E-01
40.00 0.00 0.11865
45.00 0.00 0.44218E-01
50.00 0.00 -0.82010E-01
55.00 0.00 -0.18259
60.00 0.00 -0.20589
65.00 0.00 -0.15935
70.00 0.00 -0.90867E-01
75.00 0.00 -0.40298E-01
80.00 0.00 -0.60997E-02
85.00 0.00 0.42795E-01
-45.00 5.00 0.56991E-01
-40.00 5.00 0.10488
-35.00 5.00 0.11925
-30.00 5.00 0.11465
-25.00 5.00 0.82413E-01
-20.00 5.00 0.77758E-02
-15.00 5.00 -0.98179E-01
-10.00 5.00 -0.19173
-5.00 5.00 -0.22796
0.00 5.00 -0.20127
5.00 5.00 -0.15240
10.00 5.00 -0.13038
15.00 5.00 -0.14396
20.00 5.00 -0.15063
25.00 5.00 -0.97765E-01
30.00 5.00 0.20138E-01
35.00 5.00 0.14306
40.00 5.00 0.18706
45.00 5.00 0.11237
-65.00 10.00 -0.23323
-60.00 10.00 -0.23600
-55.00 10.00 -0.13610
-50.00 10.00 -0.62102E-02
-45.00 10.00 0.87767E-01
-40.00 10.00 0.12733
-35.00 10.00 0.13170
-30.00 10.00 0.11837
-25.00 10.00 0.79932E-01
-20.00 10.00 0.36923E-03
-15.00 10.00 -0.11094
-10.00 10.00 -0.20983
-5.00 10.00 -0.24879
0.00 10.00 -0.22052
5.00 10.00 -0.16786
10.00 10.00 -0.14471
15.00 10.00 -0.16235
20.00 10.00 -0.17408
25.00 10.00 -0.11811
30.00 10.00 0.17620E-01
35.00 10.00 0.16918
40.00 10.00 0.23813
45.00 10.00 0.16877
50.00 10.00 -0.44911E-02
55.00 10.00 -0.18079
60.00 10.00 -0.26713
65.00 10.00 -0.24078
-70.00 15.00 -0.65886E-01
-45.00 15.00 0.87121E-01
-40.00 15.00 0.10830
-35.00 15.00 0.93816E-01
-30.00 15.00 0.65166E-01
-25.00 15.00 0.18900E-01
-20.00 15.00 -0.60181E-01
-15.00 15.00 -0.16588
-10.00 15.00 -0.25870
-5.00 15.00 -0.29377
0.00 15.00 -0.26310
5.00 15.00 -0.20732
10.00 15.00 -0.17912
15.00 15.00 -0.19019
20.00 15.00 -0.19410
25.00 15.00 -0.12774
30.00 15.00 0.22397E-01
35.00 15.00 0.19067
40.00 15.00 0.27226
45.00 15.00 0.20373
70.00 15.00 -0.16839
-75.00 20.00 0.14724
-65.00 20.00 -0.13802
-60.00 20.00 -0.15962
-55.00 20.00 -0.94261E-01
-50.00 20.00 -0.72554E-02
-45.00 20.00 0.39300E-01
-40.00 20.00 0.28515E-01
-35.00 20.00 -0.14985E-01
-30.00 20.00 -0.61970E-01
-25.00 20.00 -0.10775
-20.00 20.00 -0.16616
-15.00 20.00 -0.24028
-10.00 20.00 -0.30616
-5.00 20.00 -0.33033
0.00 20.00 -0.30396
5.00 20.00 -0.25567
10.00 20.00 -0.22466
15.00 20.00 -0.21784
20.00 20.00 -0.19546
25.00 20.00 -0.10640
30.00 20.00 0.54496E-01
35.00 20.00 0.22116
40.00 20.00 0.29377
45.00 20.00 0.21396
50.00 20.00 0.15833E-01
55.00 20.00 -0.19236
60.00 20.00 -0.30327
65.00 20.00 -0.28178
75.00 20.00 -0.66887E-01
-45.00 25.00 -0.47478E-01
-40.00 25.00 -0.97352E-01
-35.00 25.00 -0.17224
-30.00 25.00 -0.23194
-25.00 25.00 -0.26035
-20.00 25.00 -0.27065
-15.00 25.00 -0.28284
-10.00 25.00 -0.30079
-5.00 25.00 -0.31193
0.00 25.00 -0.30587
5.00 25.00 -0.28739
10.00 25.00 -0.26687
15.00 25.00 -0.23849
20.00 25.00 -0.17440
25.00 25.00 -0.49637E-01
30.00 25.00 0.12041
35.00 25.00 0.26823
40.00 25.00 0.30935
45.00 25.00 0.20391
-80.00 30.00 0.30537
-70.00 30.00 0.90002E-01
-65.00 30.00 -0.37427E-01
-60.00 30.00 -0.10423
-55.00 30.00 -0.11303
-50.00 30.00 -0.11045
-45.00 30.00 -0.14524
-40.00 30.00 -0.22809
-35.00 30.00 -0.32463
-30.00 30.00 -0.38430
-25.00 30.00 -0.37936
-20.00 30.00 -0.32306
-15.00 30.00 -0.25616
-10.00 30.00 -0.21709
-5.00 30.00 -0.21987
0.00 30.00 -0.25215
5.00 30.00 -0.28687
10.00 30.00 -0.29411
15.00 30.00 -0.24816
20.00 30.00 -0.13520
25.00 30.00 0.33810E-01
30.00 30.00 0.21313
35.00 30.00 0.33127
40.00 30.00 0.32537
45.00 30.00 0.18381
50.00 30.00 -0.35212E-01
55.00 30.00 -0.23036
60.00 30.00 -0.31651
65.00 30.00 -0.27557
70.00 30.00 -0.16056
80.00 30.00 0.18874E-01
-45.00 35.00 -0.22120
-40.00 35.00 -0.31870
-35.00 35.00 -0.41829
-30.00 35.00 -0.46501
-25.00 35.00 -0.42310
-20.00 35.00 -0.30508
-15.00 35.00 -0.16841
-10.00 35.00 -0.81880E-01
-5.00 35.00 -0.84438E-01
0.00 35.00 -0.16261
5.00 35.00 -0.25862
10.00 35.00 -0.30179
15.00 35.00 -0.24451
20.00 35.00 -0.85633E-01
25.00 35.00 0.12707
30.00 35.00 0.31496
35.00 35.00 0.40085
40.00 35.00 0.34435
45.00 35.00 0.16492
-75.00 40.00 0.30367
-65.00 40.00 0.60715E-01
-60.00 40.00 -0.50510E-01
-55.00 40.00 -0.12642
-50.00 40.00 -0.18491
-45.00 40.00 -0.25443
-40.00 40.00 -0.34398
-35.00 40.00 -0.42697
-30.00 40.00 -0.45379
-25.00 40.00 -0.38727
-20.00 40.00 -0.23699
-15.00 40.00 -0.65330E-01
-10.00 40.00 0.43723E-01
-5.00 40.00 0.35633E-01
0.00 40.00 -0.77316E-01
5.00 40.00 -0.21843
10.00 40.00 -0.28905
15.00 40.00 -0.22511
20.00 40.00 -0.33793E-01
25.00 40.00 0.20982
30.00 40.00 0.40161
35.00 40.00 0.45976
40.00 40.00 0.36224
45.00 40.00 0.15431
50.00 40.00 -0.75096E-01
55.00 40.00 -0.23603
60.00 40.00 -0.27916
65.00 40.00 -0.21578
75.00 40.00 -0.95169E-02
-70.00 45.00 0.24007
-45.00 45.00 -0.24483
-40.00 45.00 -0.30952
-35.00 45.00 -0.36218
-30.00 45.00 -0.36811
-25.00 45.00 -0.29681
-20.00 45.00 -0.15350
-15.00 45.00 0.86281E-02
-10.00 45.00 0.11085
-5.00 45.00 0.97048E-01
0.00 45.00 -0.24268E-01
5.00 45.00 -0.17585
10.00 45.00 -0.25315
15.00 45.00 -0.18689
20.00 45.00 0.13530E-01
25.00 45.00 0.26322
30.00 45.00 0.44855
35.00 45.00 0.48752
40.00 45.00 0.36893
45.00 45.00 0.15195
70.00 45.00 -0.64884E-01
-65.00 50.00 0.15797
-60.00 50.00 0.28137E-01
-55.00 50.00 -0.80378E-01
-50.00 50.00 -0.15813
-45.00 50.00 -0.21039
-40.00 50.00 -0.24566
-35.00 50.00 -0.26284
-30.00 50.00 -0.24759
-25.00 50.00 -0.18403
-20.00 50.00 -0.75401E-01
-15.00 50.00 0.43241E-01
-10.00 50.00 0.11599
-5.00 50.00 0.99639E-01
0.00 50.00 -0.14420E-02
5.00 50.00 -0.12666
10.00 50.00 -0.18890
15.00 50.00 -0.12695
20.00 50.00 0.53210E-01
25.00 50.00 0.27683
30.00 50.00 0.44050
35.00 50.00 0.46882
40.00 50.00 0.35317
45.00 50.00 0.15166
50.00 50.00 -0.45700E-01
55.00 50.00 -0.16398
60.00 50.00 -0.17673
65.00 50.00 -0.11057
-85.00 55.00 0.30552
-45.00 55.00 -0.17514
-40.00 55.00 -0.18956
-35.00 55.00 -0.17388
-30.00 55.00 -0.13350
-25.00 55.00 -0.73557E-01
-20.00 55.00 -0.30720E-02
-15.00 55.00 0.60352E-01
-10.00 55.00 0.92485E-01
-5.00 55.00 0.74895E-01
0.00 55.00 0.11851E-01
5.00 55.00 -0.61991E-01
10.00 55.00 -0.94013E-01
15.00 55.00 -0.43329E-01
20.00 55.00 0.89900E-01
25.00 55.00 0.25665
30.00 55.00 0.38140
35.00 55.00 0.40311
40.00 55.00 0.30984
45.00 55.00 0.14547
85.00 55.00 0.84209E-01
-80.00 60.00 0.38903
-75.00 60.00 0.40161
-70.00 60.00 0.34759
-65.00 60.00 0.24782
-60.00 60.00 0.12738
-55.00 60.00 0.74897E-02
-50.00 60.00 -0.92865E-01
-45.00 60.00 -0.15514
-40.00 60.00 -0.16598
-35.00 60.00 -0.12627
-30.00 60.00 -0.55150E-01
-25.00 60.00 0.17500E-01
-20.00 60.00 0.66297E-01
-15.00 60.00 0.82085E-01
-10.00 60.00 0.72031E-01
-5.00 60.00 0.50317E-01
0.00 60.00 0.29279E-01
5.00 60.00 0.18174E-01
10.00 60.00 0.27013E-01
15.00 60.00 0.66485E-01
20.00 60.00 0.13919
25.00 60.00 0.22855
30.00 60.00 0.29825
35.00 60.00 0.30917
40.00 60.00 0.24514
45.00 60.00 0.12872
50.00 60.00 0.12119E-01
55.00 60.00 -0.53236E-01
60.00 60.00 -0.47985E-01
65.00 60.00 0.56156E-02
70.00 60.00 0.63001E-01
75.00 60.00 0.90294E-01
80.00 60.00 0.88455E-01
-45.00 65.00 -0.14998
-40.00 65.00 -0.17615
-35.00 65.00 -0.12651
-30.00 65.00 -0.25447E-01
-25.00 65.00 0.73165E-01
-20.00 65.00 0.11968
-15.00 65.00 0.10265
-10.00 65.00 0.54913E-01
-5.00 65.00 0.26298E-01
0.00 65.00 0.45638E-01
5.00 65.00 0.10325
10.00 65.00 0.16578
15.00 65.00 0.20665
20.00 65.00 0.22363
25.00 65.00 0.22999
30.00 65.00 0.23225
35.00 65.00 0.21943
40.00 65.00 0.17560
45.00 65.00 0.10268
-65.00 70.00 0.31476
-60.00 70.00 0.22453
-55.00 70.00 0.10959
-50.00 70.00 -0.24034E-01
-45.00 70.00 -0.14380
-40.00 70.00 -0.19888
-35.00 70.00 -0.15732
-30.00 70.00 -0.40795E-01
-25.00 70.00 0.79322E-01
-20.00 70.00 0.12988
-15.00 70.00 0.91913E-01
-10.00 70.00 0.16978E-01
-5.00 70.00 -0.12792E-01
0.00 70.00 0.50562E-01
5.00 70.00 0.18435
10.00 70.00 0.31560
15.00 70.00 0.37822
20.00 70.00 0.35761
25.00 70.00 0.28889
30.00 70.00 0.21785
35.00 70.00 0.16457
40.00 70.00 0.12037
45.00 70.00 0.73521E-01
50.00 70.00 0.31794E-01
55.00 70.00 0.17549E-01
60.00 70.00 0.42195E-01
65.00 70.00 0.88996E-01
-70.00 75.00 0.38487
-45.00 75.00 -0.11484
-40.00 75.00 -0.20222
-35.00 75.00 -0.18694
-30.00 75.00 -0.82593E-01
-25.00 75.00 0.34150E-01
-20.00 75.00 0.78382E-01
-15.00 75.00 0.27246E-01
-10.00 75.00 -0.55668E-01
-5.00 75.00 -0.67511E-01
0.00 75.00 0.50973E-01
5.00 75.00 0.26516
10.00 75.00 0.47009
15.00 75.00 0.56664
20.00 75.00 0.52688
25.00 75.00 0.39948
30.00 75.00 0.26013
35.00 75.00 0.15638
40.00 75.00 0.91393E-01
45.00 75.00 0.48872E-01
70.00 75.00 0.14136
-75.00 80.00 0.39944
-65.00 80.00 0.34279
-60.00 80.00 0.29547
-55.00 80.00 0.21910
-50.00 80.00 0.97376E-01
-45.00 80.00 -0.48609E-01
-40.00 80.00 -0.15989
-35.00 80.00 -0.18320
-30.00 80.00 -0.12188
-25.00 80.00 -0.42504E-01
-20.00 80.00 -0.22129E-01
-15.00 80.00 -0.77493E-01
-10.00 80.00 -0.14038
-5.00 80.00 -0.10712
0.00 80.00 0.74904E-01
5.00 80.00 0.35610
10.00 80.00 0.61258
15.00 80.00 0.73054
20.00 80.00 0.67845
25.00 80.00 0.51342
30.00 80.00 0.32661
35.00 80.00 0.18062
40.00 80.00 0.87994E-01
45.00 80.00 0.34656E-01
50.00 80.00 0.12182E-01
55.00 80.00 0.24289E-01
60.00 80.00 0.68306E-01
65.00 80.00 0.12093
75.00 80.00 0.14323
-45.00 85.00 0.52112E-01
-40.00 85.00 -0.65191E-01
-35.00 85.00 -0.12775
-30.00 85.00 -0.12958
-25.00 85.00 -0.11327
-20.00 85.00 -0.12806
-15.00 85.00 -0.17408
-10.00 85.00 -0.18767
-5.00 85.00 -0.88364E-01
0.00 85.00 0.14824
5.00 85.00 0.45489
10.00 85.00 0.70813
15.00 85.00 0.80774
20.00 85.00 0.73697
25.00 85.00 0.55932
30.00 85.00 0.36327
35.00 85.00 0.20622
40.00 85.00 0.99784E-01
45.00 85.00 0.34257E-01
-80.00 90.00 0.35077
-70.00 90.00 0.34790
-65.00 90.00 0.32440
-60.00 90.00 0.31193
-55.00 90.00 0.29572
-50.00 90.00 0.24949
-45.00 90.00 0.16528
-40.00 90.00 0.63821E-01
-35.00 90.00 -0.24979E-01
-30.00 90.00 -0.89611E-01
-25.00 90.00 -0.14154
-20.00 90.00 -0.18981
-15.00 90.00 -0.21248
-10.00 90.00 -0.15968
-5.00 90.00 0.60308E-02
0.00 90.00 0.26507
5.00 90.00 0.53485
10.00 90.00 0.71431
15.00 90.00 0.74610
20.00 90.00 0.64706
25.00 90.00 0.48538
30.00 90.00 0.32839
35.00 90.00 0.20616
40.00 90.00 0.11560
45.00 90.00 0.49542E-01
50.00 90.00 0.15194E-01
55.00 90.00 0.24218E-01
60.00 90.00 0.70093E-01
65.00 90.00 0.12254
70.00 90.00 0.14899
80.00 90.00 0.12229
-45.00 95.00 0.25713
-40.00 95.00 0.19052
-35.00 95.00 0.98818E-01
-30.00 95.00 -0.72265E-02
-25.00 95.00 -0.11091
-20.00 95.00 -0.18124
-15.00 95.00 -0.17543
-10.00 95.00 -0.62564E-01
-5.00 95.00 0.14506
0.00 95.00 0.38187
5.00 95.00 0.55789
10.00 95.00 0.61116
15.00 95.00 0.54459
20.00 95.00 0.41748
25.00 95.00 0.29897
30.00 95.00 0.22223
35.00 95.00 0.17544
40.00 95.00 0.13108
45.00 95.00 0.81358E-01
-75.00 100.00 0.32691
-65.00 100.00 0.27119
-60.00 100.00 0.25795
-55.00 100.00 0.26665
-50.00 100.00 0.28597
-45.00 100.00 0.29594
-40.00 100.00 0.27484
-35.00 100.00 0.20688
-30.00 100.00 0.94252E-01
-25.00 100.00 -0.31026E-01
-20.00 100.00 -0.11028
-15.00 100.00 -0.86127E-01
-10.00 100.00 0.56347E-01
-5.00 100.00 0.26583
0.00 100.00 0.44446
5.00 100.00 0.50523
10.00 100.00 0.42825
15.00 100.00 0.27249
20.00 100.00 0.13236
25.00 100.00 0.72220E-01
30.00 100.00 0.89543E-01
35.00 100.00 0.13191
40.00 100.00 0.14811
45.00 100.00 0.12762
50.00 100.00 0.98041E-01
55.00 100.00 0.90352E-01
60.00 100.00 0.10867
65.00 100.00 0.13161
75.00 100.00 0.12926
-70.00 105.00 0.28003
-45.00 105.00 0.26588
-40.00 105.00 0.29040
-35.00 105.00 0.26866
-30.00 105.00 0.18677
-25.00 105.00 0.73383E-01
-20.00 105.00 -0.51342E-02
-15.00 105.00 0.15066E-01
-10.00 105.00 0.14381
-5.00 105.00 0.31602
0.00 105.00 0.42600
5.00 105.00 0.39783
10.00 105.00 0.24026
15.00 105.00 0.42268E-01
20.00 105.00 -0.88607E-01
25.00 105.00 -0.97705E-01
30.00 105.00 -0.10805E-01
35.00 105.00 0.98070E-01
40.00 105.00 0.16627
45.00 105.00 0.17992
70.00 105.00 0.13371
-85.00 110.00 0.24492
-65.00 110.00 0.21779
-60.00 110.00 0.16807
-55.00 110.00 0.13300
-50.00 110.00 0.13298
-45.00 110.00 0.17432
-40.00 110.00 0.23539
-35.00 110.00 0.27279
-30.00 110.00 0.25176
-25.00 110.00 0.17936
-20.00 110.00 0.10858
-15.00 110.00 0.10170
-10.00 110.00 0.17754
-5.00 110.00 0.28718
0.00 110.00 0.34337
5.00 110.00 0.28478
10.00 110.00 0.12475
15.00 110.00 -0.55144E-01
20.00 110.00 -0.16158
25.00 110.00 -0.15094
30.00 110.00 -0.49395E-01
35.00 110.00 0.77438E-01
40.00 110.00 0.17396
45.00 110.00 0.22229
50.00 110.00 0.23395
55.00 110.00 0.22461
60.00 110.00 0.20045
65.00 110.00 0.16495
85.00 110.00 0.13165
-45.00 115.00 0.49229E-01
-40.00 115.00 0.13215
-35.00 115.00 0.22940
-30.00 115.00 0.28544
-25.00 115.00 0.27408
-20.00 115.00 0.21891
-15.00 115.00 0.17324
-10.00 115.00 0.17476
-5.00 115.00 0.21336
0.00 115.00 0.23969
5.00 115.00 0.20696
10.00 115.00 0.11017
15.00 115.00 -0.90252E-02
20.00 115.00 -0.92909E-01
25.00 115.00 -0.10577
30.00 115.00 -0.50005E-01
35.00 115.00 0.45830E-01
40.00 115.00 0.14922
45.00 115.00 0.23577
-80.00 120.00 0.24807
-75.00 120.00 0.25630
-70.00 120.00 0.24476
-65.00 120.00 0.20131
-60.00 120.00 0.11814
-55.00 120.00 0.13074E-01
-50.00 120.00 -0.67230E-01
-45.00 120.00 -0.71922E-01
-40.00 120.00 0.16234E-01
-35.00 120.00 0.16140
-30.00 120.00 0.29290
-25.00 120.00 0.35008
-20.00 120.00 0.32007
-15.00 120.00 0.24073
-10.00 120.00 0.16888
-5.00 120.00 0.14035
0.00 120.00 0.15099
5.00 120.00 0.16785
10.00 120.00 0.15674
15.00 120.00 0.10484
20.00 120.00 0.26610E-01
25.00 120.00 -0.44708E-01
30.00 120.00 -0.72233E-01
35.00 120.00 -0.31881E-01
40.00 120.00 0.73425E-01
45.00 120.00 0.20834
50.00 120.00 0.31672
55.00 120.00 0.35049
60.00 120.00 0.30030
65.00 120.00 0.20419
70.00 120.00 0.12310
75.00 120.00 0.97018E-01
80.00 120.00 0.11782
-45.00 125.00 -0.15646
-40.00 125.00 -0.78585E-01
-35.00 125.00 0.91687E-01
-30.00 125.00 0.27840
-25.00 125.00 0.39576
-20.00 125.00 0.39798
-15.00 125.00 0.30314
-10.00 125.00 0.17766
-5.00 125.00 0.93651E-01
0.00 125.00 0.86716E-01
5.00 125.00 0.13808
10.00 125.00 0.18924
15.00 125.00 0.17984
20.00 125.00 0.87657E-01
25.00 125.00 -0.52196E-01
30.00 125.00 -0.16259
35.00 125.00 -0.16922
40.00 125.00 -0.49893E-01
45.00 125.00 0.14488
-65.00 130.00 0.22399
-60.00 130.00 0.14555
-55.00 130.00 0.12821E-01
-50.00 130.00 -0.12266
-45.00 130.00 -0.18744
-40.00 130.00 -0.13168
-35.00 130.00 0.34745E-01
-30.00 130.00 0.24138
-25.00 130.00 0.39400
-20.00 130.00 0.42664
-15.00 130.00 0.33774
-10.00 130.00 0.18913
-5.00 130.00 0.68456E-01
0.00 130.00 0.36165E-01
5.00 130.00 0.87920E-01
10.00 130.00 0.15646
15.00 130.00 0.15543
20.00 130.00 0.40953E-01
25.00 130.00 -0.14935
30.00 130.00 -0.31052
35.00 130.00 -0.33480
40.00 130.00 -0.18597
45.00 130.00 0.69650E-01
50.00 130.00 0.30200
55.00 130.00 0.40142
60.00 130.00 0.34809
65.00 130.00 0.21591
-70.00 135.00 0.23930
-45.00 135.00 -0.16715
-40.00 135.00 -0.13878
-35.00 135.00 -0.34504E-02
-30.00 135.00 0.18192
-25.00 135.00 0.33293
-20.00 135.00 0.38175
-15.00 135.00 0.31324
-10.00 135.00 0.17320
-5.00 135.00 0.42275E-01
0.00 135.00 -0.13105E-01
5.00 135.00 0.15027E-01
10.00 135.00 0.67074E-01
15.00 135.00 0.54740E-01
20.00 135.00 -0.72160E-01
25.00 135.00 -0.27685
30.00 135.00 -0.44580
35.00 135.00 -0.45988
40.00 135.00 -0.27993
45.00 135.00 0.17088E-01
70.00 135.00 0.99008E-01
-75.00 140.00 0.19584
-65.00 140.00 0.24078
-60.00 140.00 0.19270
-55.00 140.00 0.87122E-01
-50.00 140.00 -0.34308E-01
-45.00 140.00 -0.11290
-40.00 140.00 -0.10801
-35.00 140.00 -0.20216E-01
-30.00 140.00 0.10944
-25.00 140.00 0.22027
-20.00 140.00 0.26089
-15.00 140.00 0.21381
-10.00 140.00 0.10536
-5.00 140.00 -0.66694E-02
0.00 140.00 -0.66634E-01
5.00 140.00 -0.59795E-01
10.00 140.00 -0.28621E-01
15.00 140.00 -0.46855E-01
20.00 140.00 -0.16112
25.00 140.00 -0.34123
30.00 140.00 -0.48368
35.00 140.00 -0.47680
40.00 140.00 -0.28487
45.00 140.00 0.14545E-01
50.00 140.00 0.27528
55.00 140.00 0.38035
60.00 140.00 0.31886
65.00 140.00 0.18267
75.00 140.00 0.85056E-01
-45.00 145.00 -0.48371E-01
-40.00 145.00 -0.53276E-01
-35.00 145.00 -0.12514E-01
-30.00 145.00 0.44687E-01
-25.00 145.00 0.86950E-01
-20.00 145.00 0.92310E-01
-15.00 145.00 0.53841E-01
-10.00 145.00 -0.16589E-01
-5.00 145.00 -0.89106E-01
0.00 145.00 -0.12906
5.00 145.00 -0.12196
10.00 145.00 -0.92319E-01
15.00 145.00 -0.93379E-01
20.00 145.00 -0.16505
25.00 145.00 -0.28949
30.00 145.00 -0.38635
35.00 145.00 -0.36345
40.00 145.00 -0.19008
45.00 145.00 0.66850E-01
-80.00 150.00 0.13519
-70.00 150.00 0.18682
-65.00 150.00 0.19818
-60.00 150.00 0.16264
-55.00 150.00 0.94278E-01
-50.00 150.00 0.31974E-01
-45.00 150.00 0.50501E-02
-40.00 150.00 0.10529E-01
-35.00 150.00 0.20763E-01
-30.00 150.00 0.10074E-01
-25.00 150.00 -0.26512E-01
-20.00 150.00 -0.76828E-01
-15.00 150.00 -0.12732
-10.00 150.00 -0.17110
-5.00 150.00 -0.20219
0.00 150.00 -0.20922
5.00 150.00 -0.18316
10.00 150.00 -0.13432
15.00 150.00 -0.96373E-01
20.00 150.00 -0.10302
25.00 150.00 -0.15229
30.00 150.00 -0.19395
35.00 150.00 -0.16162
40.00 150.00 -0.29914E-01
45.00 150.00 0.15281
50.00 150.00 0.29125
55.00 150.00 0.31385
60.00 150.00 0.22921
65.00 150.00 0.11841
70.00 150.00 0.67909E-01
80.00 150.00 0.16123
-45.00 155.00 0.34081E-01
-40.00 155.00 0.69223E-01
-35.00 155.00 0.72534E-01
-30.00 155.00 0.13579E-01
-25.00 155.00 -0.93864E-01
-20.00 155.00 -0.20627
-15.00 155.00 -0.28587
-10.00 155.00 -0.32284
-5.00 155.00 -0.32775
0.00 155.00 -0.30950
5.00 155.00 -0.26604
10.00 155.00 -0.19651
15.00 155.00 -0.11654
20.00 155.00 -0.53255E-01
25.00 155.00 -0.20324E-01
30.00 155.00 0.46035E-03
35.00 155.00 0.46101E-01
40.00 155.00 0.13432
45.00 155.00 0.23664
-75.00 160.00 0.99289E-01
-65.00 160.00 0.90234E-01
-60.00 160.00 0.31773E-01
-55.00 160.00 -0.23842E-01
-50.00 160.00 -0.25714E-01
-45.00 160.00 0.35486E-01
-40.00 160.00 0.10990
-35.00 160.00 0.12393
-30.00 160.00 0.38474E-01
-25.00 160.00 -0.12064
-20.00 160.00 -0.28486
-15.00 160.00 -0.39487
-10.00 160.00 -0.43608
-5.00 160.00 -0.43147
0.00 160.00 -0.40688
5.00 160.00 -0.36617
10.00 160.00 -0.29732
15.00 160.00 -0.19638
20.00 160.00 -0.79884E-01
25.00 160.00 0.27552E-01
30.00 160.00 0.11434
35.00 160.00 0.18621
40.00 160.00 0.24836
45.00 160.00 0.28747
50.00 160.00 0.27813
55.00 160.00 0.21218
60.00 160.00 0.12082
65.00 160.00 0.61000E-01
75.00 160.00 0.13695
-85.00 165.00 0.11876
-70.00 165.00 0.67934E-01
-45.00 165.00 0.14957E-01
-40.00 165.00 0.12288
-35.00 165.00 0.14898
-30.00 165.00 0.48559E-01
-25.00 165.00 -0.14190
-20.00 165.00 -0.33425
-15.00 165.00 -0.45433
-10.00 165.00 -0.48786
-5.00 165.00 -0.47247
0.00 165.00 -0.45127
5.00 165.00 -0.43359
10.00 165.00 -0.39481
15.00 165.00 -0.30780
20.00 165.00 -0.17186
25.00 165.00 -0.14388E-01
30.00 165.00 0.12954
35.00 165.00 0.23568
40.00 165.00 0.29255
45.00 165.00 0.29448
70.00 165.00 0.88053E-01
85.00 165.00 0.20276
-65.00 170.00 -0.30160E-01
-60.00 170.00 -0.11735
-55.00 170.00 -0.17201
-50.00 170.00 -0.13584
-45.00 170.00 -0.15975E-01
-40.00 170.00 0.10525
-35.00 170.00 0.12710
-30.00 170.00 0.82627E-02
-25.00 170.00 -0.19975
-20.00 170.00 -0.39169
-15.00 170.00 -0.48628
-10.00 170.00 -0.47845
-5.00 170.00 -0.42724
0.00 170.00 -0.39680
5.00 170.00 -0.40366
10.00 170.00 -0.41113
15.00 170.00 -0.36735
20.00 170.00 -0.24937
25.00 170.00 -0.78767E-01
30.00 170.00 0.95574E-01
35.00 170.00 0.22605
40.00 170.00 0.28483
45.00 170.00 0.26818
50.00 170.00 0.19513
55.00 170.00 0.10444
60.00 170.00 0.44106E-01
65.00 170.00 0.48704E-01
-45.00 175.00 -0.44226E-01
-40.00 175.00 0.63589E-01
-35.00 175.00 0.56036E-01
-30.00 175.00 -0.93979E-01
-25.00 175.00 -0.31384
-20.00 175.00 -0.48252
-15.00 175.00 -0.51853
-10.00 175.00 -0.43386
-5.00 175.00 -0.31427
0.00 175.00 -0.24739
5.00 175.00 -0.25909
10.00 175.00 -0.30434
15.00 175.00 -0.31083
20.00 175.00 -0.23459
25.00 175.00 -0.86443E-01
30.00 175.00 0.81322E-01
35.00 175.00 0.20904
40.00 175.00 0.25901
45.00 175.00 0.22825
-80.00 180.00 0.27262E-01
-75.00 180.00 -0.29084E-03
-70.00 180.00 -0.31552E-01
-65.00 180.00 -0.99460E-01
-60.00 180.00 -0.18387
-55.00 180.00 -0.22213
-50.00 180.00 -0.17058
-45.00 180.00 -0.59996E-01
-40.00 180.00 0.12479E-01
-35.00 180.00 -0.43781E-01
-30.00 180.00 -0.23437
-25.00 180.00 -0.46383
-20.00 180.00 -0.59948
-15.00 180.00 -0.56554
-10.00 180.00 -0.39390
-5.00 180.00 -0.19467
0.00 180.00 -0.74393E-01
5.00 180.00 -0.66766E-01
10.00 180.00 -0.12353
15.00 180.00 -0.16203
20.00 180.00 -0.12619
25.00 180.00 -0.17766E-01
30.00 180.00 0.11483
35.00 180.00 0.21196
40.00 180.00 0.23608
45.00 180.00 0.18771
50.00 180.00 0.10264
55.00 180.00 0.34536E-01
60.00 180.00 0.28229E-01
65.00 180.00 0.93943E-01
70.00 180.00 0.19741
75.00 180.00 0.27903
80.00 180.00 0.28984
-45.00 -175 -0.60953E-01
-40.00 -175 -0.31958E-01
-35.00 -175 -0.13798
-30.00 -175 -0.36317
-25.00 -175 -0.59614
-20.00 -175 -0.70217
-15.00 -175 -0.61673
-10.00 -175 -0.38793
-5.00 -175 -0.13834
0.00 -175 0.20278E-01
5.00 -175 0.53662E-01
10.00 -175 0.98471E-02
15.00 -175 -0.30064E-01
20.00 -175 -0.11187E-01
25.00 -175 0.66522E-01
30.00 -175 0.16015
35.00 -175 0.21791
40.00 -175 0.21046
45.00 -175 0.14542
-65.00 -170 -0.99043E-01
-60.00 -170 -0.15124
-55.00 -170 -0.16422
-50.00 -170 -0.11730
-45.00 -170 -0.53937E-01
-40.00 -170 -0.60608E-01
-35.00 -170 -0.19607
-30.00 -170 -0.43085
-25.00 -170 -0.65270
-20.00 -170 -0.73899
-15.00 -170 -0.64083
-10.00 -170 -0.41391
-5.00 -170 -0.17544
0.00 -170 -0.24301E-01
5.00 -170 0.14913E-01
10.00 -170 -0.10578E-01
15.00 -170 -0.29824E-01
20.00 -170 0.19564E-03
25.00 -170 0.73555E-01
30.00 -170 0.14985
35.00 -170 0.18567
40.00 -170 0.16145
45.00 -170 0.92453E-01
50.00 -170 0.22177E-01
55.00 -170 0.90529E-03
60.00 -170 0.56878E-01
65.00 -170 0.17471
-70.00 -165 -0.52211E-01
-45.00 -165 -0.52589E-01
-40.00 -165 -0.76573E-01
-35.00 -165 -0.20781
-30.00 -165 -0.41588
-25.00 -165 -0.60572
-20.00 -165 -0.68027
-15.00 -165 -0.60757
-10.00 -165 -0.43990
-5.00 -165 -0.27273
0.00 -165 -0.17860
5.00 -165 -0.16619
10.00 -165 -0.18896
15.00 -165 -0.18828
20.00 -165 -0.13494
25.00 -165 -0.42814E-01
30.00 -165 0.46604E-01
35.00 -165 0.92704E-01
40.00 -165 0.79777E-01
45.00 -165 0.26839E-01
70.00 -165 0.34647
-75.00 -160 -0.42411E-01
-65.00 -160 -0.60393E-01
-60.00 -160 -0.87100E-01
-55.00 -160 -0.10217
-50.00 -160 -0.89832E-01
-45.00 -160 -0.70982E-01
-40.00 -160 -0.92981E-01
-35.00 -160 -0.18782
-30.00 -160 -0.33698
-25.00 -160 -0.47679
-20.00 -160 -0.54238
-15.00 -160 -0.51444
-10.00 -160 -0.43128
-5.00 -160 -0.35815
0.00 -160 -0.33998
5.00 -160 -0.37344
10.00 -160 -0.41526
15.00 -160 -0.41565
20.00 -160 -0.35108
25.00 -160 -0.23683
30.00 -160 -0.11590
35.00 -160 -0.33780E-01
40.00 -160 -0.12344E-01
45.00 -160 -0.35422E-01
50.00 -160 -0.54914E-01
55.00 -160 -0.18263E-01
60.00 -160 0.95463E-01
65.00 -160 0.25463
75.00 -160 0.43193
-45.00 -155 -0.11572
-40.00 -155 -0.12389
-35.00 -155 -0.16517
-30.00 -155 -0.24193
-25.00 -155 -0.32718
-20.00 -155 -0.38476
-15.00 -155 -0.39804
-10.00 -155 -0.38312
-5.00 -155 -0.37649
0.00 -155 -0.40717
5.00 -155 -0.47392
10.00 -155 -0.54319
15.00 -155 -0.56826
20.00 -155 -0.51777
25.00 -155 -0.39661
30.00 -155 -0.24651
35.00 -155 -0.12382
40.00 -155 -0.65407E-01
45.00 -155 -0.63073E-01
-80.00 -150 -0.25679E-01
-70.00 -150 -0.29877E-01
-65.00 -150 -0.23640E-01
-60.00 -150 -0.53178E-01
-55.00 -150 -0.10916
-50.00 -150 -0.15988
-45.00 -150 -0.18059
-40.00 -150 -0.17360
-35.00 -150 -0.16443
-30.00 -150 -0.17928
-25.00 -150 -0.22339
-20.00 -150 -0.27768
-15.00 -150 -0.31578
-10.00 -150 -0.32749
-5.00 -150 -0.32929
0.00 -150 -0.35202
5.00 -150 -0.41356
10.00 -150 -0.49706
15.00 -150 -0.55393
20.00 -150 -0.53371
25.00 -150 -0.42176
30.00 -150 -0.25619
35.00 -150 -0.10738
40.00 -150 -0.30798E-01
45.00 -150 -0.26432E-01
50.00 -150 -0.37379E-01
55.00 -150 0.76629E-02
60.00 -150 0.13773
65.00 -150 0.31246
70.00 -150 0.44729
80.00 -150 0.38630
-45.00 -145 -0.24723
-40.00 -145 -0.23153
-35.00 -145 -0.19041
-30.00 -145 -0.17072
-25.00 -145 -0.19884
-20.00 -145 -0.25878
-15.00 -145 -0.30570
-10.00 -145 -0.30486
-5.00 -145 -0.26400
0.00 -145 -0.22986
5.00 -145 -0.24872
10.00 -145 -0.32207
15.00 -145 -0.39606
20.00 -145 -0.39794
25.00 -145 -0.29371
30.00 -145 -0.12032
35.00 -145 0.36491E-01
40.00 -145 0.10486
45.00 -145 0.81677E-01
-85.00 -140 0.51620E-01
-75.00 -140 -0.44621E-01
-65.00 -140 -0.33051E-02
-60.00 -140 -0.44821E-01
-55.00 -140 -0.13946
-50.00 -140 -0.24037
-45.00 -140 -0.29238
-40.00 -140 -0.27647
-35.00 -140 -0.22643
-30.00 -140 -0.20161
-25.00 -140 -0.23634
-20.00 -140 -0.30804
-15.00 -140 -0.35343
-10.00 -140 -0.32218
-5.00 -140 -0.22343
0.00 -140 -0.12330
5.00 -140 -0.91610E-01
10.00 -140 -0.14048
15.00 -140 -0.20802
20.00 -140 -0.20477
25.00 -140 -0.87488E-01
30.00 -140 0.10051
35.00 -140 0.25792
40.00 -140 0.30246
45.00 -140 0.23476
50.00 -140 0.13785
55.00 -140 0.11235
60.00 -140 0.19935
65.00 -140 0.35099
75.00 -140 0.48059
85.00 -140 0.24136
-70.00 -135 -0.14405E-01
-45.00 -135 -0.29841
-40.00 -135 -0.28823
-35.00 -135 -0.24671
-30.00 -135 -0.23471
-25.00 -135 -0.28308
-20.00 -135 -0.36068
-15.00 -135 -0.39599
-10.00 -135 -0.33790
-5.00 -135 -0.20411
0.00 -135 -0.72904E-01
5.00 -135 -0.20448E-01
10.00 -135 -0.54732E-01
15.00 -135 -0.10367
20.00 -135 -0.71556E-01
25.00 -135 0.80104E-01
30.00 -135 0.29442
35.00 -135 0.45727
40.00 -135 0.48303
45.00 -135 0.37985
70.00 -135 0.46972
-65.00 -130 0.54820E-02
-60.00 -130 -0.27786E-01
-55.00 -130 -0.11331
-50.00 -130 -0.20813
-45.00 -130 -0.26187
-40.00 -130 -0.25946
-35.00 -130 -0.23405
-30.00 -130 -0.23668
-25.00 -130 -0.28739
-20.00 -130 -0.35149
-15.00 -130 -0.36548
-10.00 -130 -0.29344
-5.00 -130 -0.16480
0.00 -130 -0.56727E-01
5.00 -130 -0.31265E-01
10.00 -130 -0.78705E-01
15.00 -130 -0.11787
20.00 -130 -0.58051E-01
25.00 -130 0.12519
30.00 -130 0.36245
35.00 -130 0.53603
40.00 -130 0.56449
45.00 -130 0.46074
50.00 -130 0.31950
55.00 -130 0.24608
60.00 -130 0.28239
65.00 -130 0.38479
-45.00 -125 -0.19535
-40.00 -125 -0.20024
-35.00 -125 -0.19034
-30.00 -125 -0.19838
-25.00 -125 -0.23118
-20.00 -125 -0.25909
-15.00 -125 -0.24165
-10.00 -125 -0.16857
-5.00 -125 -0.78212E-01
0.00 -125 -0.32680E-01
5.00 -125 -0.65881E-01
10.00 -125 -0.14742
15.00 -125 -0.19589
20.00 -125 -0.13612
25.00 -125 0.42271E-01
30.00 -125 0.27111
35.00 -125 0.44736
40.00 -125 0.50238
45.00 -125 0.44543
-80.00 -120 -0.23863E-01
-75.00 -120 -0.40996E-01
-70.00 -120 -0.18628E-01
-65.00 -120 0.35567E-02
-60.00 -120 -0.41926E-02
-55.00 -120 -0.42860E-01
-50.00 -120 -0.89981E-01
-45.00 -120 -0.12199
-40.00 -120 -0.13289
-35.00 -120 -0.13377
-30.00 -120 -0.13599
-25.00 -120 -0.13593
-20.00 -120 -0.11742
-15.00 -120 -0.70805E-01
-10.00 -120 -0.10836E-01
-5.00 -120 0.25438E-01
0.00 -120 0.32693E-02
5.00 -120 -0.80177E-01
10.00 -120 -0.18520
15.00 -120 -0.24888
20.00 -120 -0.22285
25.00 -120 -0.10376
30.00 -120 0.64606E-01
35.00 -120 0.21867
40.00 -120 0.31295
45.00 -120 0.34332
50.00 -120 0.34181
55.00 -120 0.34875
60.00 -120 0.38247
65.00 -120 0.42726
70.00 -120 0.44624
75.00 -120 0.41074
80.00 -120 0.32178
-45.00 -115 -0.65533E-01
-40.00 -115 -0.80591E-01
-35.00 -115 -0.86052E-01
-30.00 -115 -0.75187E-01
-25.00 -115 -0.40974E-01
-20.00 -115 0.13120E-01
-15.00 -115 0.67234E-01
-10.00 -115 0.93034E-01
-5.00 -115 0.71251E-01
0.00 -115 0.47197E-02
5.00 -115 -0.83754E-01
10.00 -115 -0.16584
15.00 -115 -0.22150
20.00 -115 -0.24195
25.00 -115 -0.22367
30.00 -115 -0.16369
35.00 -115 -0.62816E-01
40.00 -115 0.67241E-01
45.00 -115 0.20300
-65.00 -110 -0.14303E-01
-60.00 -110 -0.97549E-02
-55.00 -110 -0.14764E-01
-50.00 -110 -0.25730E-01
-45.00 -110 -0.41338E-01
-40.00 -110 -0.57432E-01
-35.00 -110 -0.60387E-01
-30.00 -110 -0.33251E-01
-25.00 -110 0.25696E-01
-20.00 -110 0.90449E-01
-15.00 -110 0.11907
-10.00 -110 0.85637E-01
-5.00 -110 0.50288E-02
0.00 -110 -0.75464E-01
5.00 -110 -0.11494
10.00 -110 -0.11492
15.00 -110 -0.11779
20.00 -110 -0.16525
25.00 -110 -0.25209
30.00 -110 -0.31830
35.00 -110 -0.29045
40.00 -110 -0.13980
45.00 -110 0.91455E-01
50.00 -110 0.31705
55.00 -110 0.46321
60.00 -110 0.50877
65.00 -110 0.48104
-70.00 -105 -0.31762E-01
-45.00 -105 -0.52149E-01
-40.00 -105 -0.65141E-01
-35.00 -105 -0.58536E-01
-30.00 -105 -0.13635E-01
-25.00 -105 0.59807E-01
-20.00 -105 0.11458
-15.00 -105 0.95576E-01
-10.00 -105 -0.96144E-02
-5.00 -105 -0.14526
0.00 -105 -0.22019
5.00 -105 -0.18075
10.00 -105 -0.63619E-01
15.00 -105 0.23647E-01
20.00 -105 -0.13001E-01
25.00 -105 -0.17105
30.00 -105 -0.34116
35.00 -105 -0.38317
40.00 -105 -0.22975
45.00 -105 0.64411E-01
70.00 -105 0.40371
-75.00 -100 -0.25459E-01
-65.00 -100 -0.40236E-01
-60.00 -100 -0.52743E-01
-55.00 -100 -0.65233E-01
-50.00 -100 -0.76614E-01
-45.00 -100 -0.89377E-01
-40.00 -100 -0.96478E-01
-35.00 -100 -0.76688E-01
-30.00 -100 -0.14551E-01
-25.00 -100 0.69220E-01
-20.00 -100 0.11314
-15.00 -100 0.56194E-01
-10.00 -100 -0.10091
-5.00 -100 -0.27194
0.00 -100 -0.33471
5.00 -100 -0.22646
10.00 -100 -0.74257E-02
15.00 -100 0.16973
20.00 -100 0.17202
25.00 -100 -0.61197E-02
30.00 -100 -0.22894
35.00 -100 -0.31561
40.00 -100 -0.17253
45.00 -100 0.14146
50.00 -100 0.46398
55.00 -100 0.64652
60.00 -100 0.64562
65.00 -100 0.52467
75.00 -100 0.27923
-45.00 -95 -0.13765
-40.00 -95 -0.14063
-35.00 -95 -0.11211
-30.00 -95 -0.39523E-01
-25.00 -95 0.54043E-01
-20.00 -95 0.10573
-15.00 -95 0.54383E-01
-10.00 -95 -0.97784E-01
-5.00 -95 -0.26088
0.00 -95 -0.30761
5.00 -95 -0.17130
10.00 -95 0.87042E-01
15.00 -95 0.30784
20.00 -95 0.34740
25.00 -95 0.19120
30.00 -95 -0.27478E-01
35.00 -95 -0.12347
40.00 -95 0.32591E-02
45.00 -95 0.29681
-80.00 -90 0.21397E-01
-70.00 -90 -0.19754E-01
-65.00 -90 -0.46056E-01
-60.00 -90 -0.85683E-01
-55.00 -90 -0.12656
-50.00 -90 -0.15863
-45.00 -90 -0.17978
-40.00 -90 -0.18601
-35.00 -90 -0.16280
-30.00 -90 -0.96229E-01
-25.00 -90 0.17459E-02
-20.00 -90 0.83331E-01
-15.00 -90 0.92903E-01
-10.00 -90 0.18631E-01
-5.00 -90 -0.79183E-01
0.00 -90 -0.10021
5.00 -90 0.17450E-01
10.00 -90 0.23533
15.00 -90 0.42884
20.00 -90 0.47743
25.00 -90 0.36235
30.00 -90 0.18984
35.00 -90 0.11505
40.00 -90 0.22432
45.00 -90 0.46947
50.00 -90 0.70510
55.00 -90 0.79602
60.00 -90 0.70768
65.00 -90 0.51315
70.00 -90 0.32334
80.00 -90 0.15976
-85.00 -85 0.88932E-01
-45.00 -85 -0.20068
-40.00 -85 -0.22003
-35.00 -85 -0.22046
-30.00 -85 -0.18238
-25.00 -85 -0.94887E-01
-20.00 -85 0.23364E-01
-15.00 -85 0.12827
-10.00 -85 0.18355
-5.00 -85 0.19523
0.00 -85 0.21128
5.00 -85 0.27948
10.00 -85 0.39794
15.00 -85 0.50613
20.00 -85 0.53200
25.00 -85 0.45866
30.00 -85 0.35103
35.00 -85 0.31272
40.00 -85 0.40394
45.00 -85 0.58804
85.00 -85 0.13045
-75.00 -80 0.24974E-01
-65.00 -80 -0.54198E-02
-60.00 -80 -0.50157E-01
-55.00 -80 -0.10403
-50.00 -80 -0.15144
-45.00 -80 -0.19057
-40.00 -80 -0.22943
-35.00 -80 -0.26554
-30.00 -80 -0.27269
-25.00 -80 -0.21397
-20.00 -80 -0.74056E-01
-15.00 -80 0.11851
-10.00 -80 0.30325
-5.00 -80 0.42736
0.00 -80 0.47978
5.00 -80 0.48998
10.00 -80 0.49402
15.00 -80 0.50122
20.00 -80 0.49358
25.00 -80 0.45735
30.00 -80 0.41274
35.00 -80 0.40784
40.00 -80 0.47676
45.00 -80 0.59936
50.00 -80 0.70303
55.00 -80 0.71096
60.00 -80 0.59921
65.00 -80 0.41501
75.00 -80 0.13800
-70.00 -75 0.42593E-01
-45.00 -75 -0.14774
-40.00 -75 -0.20451
-35.00 -75 -0.27305
-30.00 -75 -0.32384
-25.00 -75 -0.30211
-20.00 -75 -0.16672
-15.00 -75 0.68319E-01
-10.00 -75 0.32804
-5.00 -75 0.51811
0.00 -75 0.58421
5.00 -75 0.54269
10.00 -75 0.45912
15.00 -75 0.39568
20.00 -75 0.37264
25.00 -75 0.37265
30.00 -75 0.37569
35.00 -75 0.38572
40.00 -75 0.42239
45.00 -75 0.48883
70.00 -75 0.19635
-65.00 -70 0.75627E-01
-60.00 -70 0.58508E-01
-55.00 -70 0.19756E-01
-50.00 -70 -0.27884E-01
-45.00 -70 -0.80188E-01
-40.00 -70 -0.14606
-35.00 -70 -0.22844
-30.00 -70 -0.30000
-25.00 -70 -0.30428
-20.00 -70 -0.19279
-15.00 -70 0.27813E-01
-10.00 -70 0.28145
-5.00 -70 0.46236
0.00 -70 0.50359
5.00 -70 0.42123
10.00 -70 0.29783
15.00 -70 0.21884
20.00 -70 0.21438
25.00 -70 0.25202
30.00 -70 0.28012
35.00 -70 0.27814
40.00 -70 0.26856
45.00 -70 0.28420
50.00 -70 0.32690
55.00 -70 0.35954
60.00 -70 0.33895
65.00 -70 0.25765
-45.00 -65 -0.38653E-02
-40.00 -65 -0.68966E-01
-35.00 -65 -0.14176
-30.00 -65 -0.20150
-25.00 -65 -0.20646
-20.00 -65 -0.12125
-15.00 -65 0.44743E-01
-10.00 -65 0.22519
-5.00 -65 0.33159
0.00 -65 0.31473
5.00 -65 0.20348
10.00 -65 0.85219E-01
15.00 -65 0.39980E-01
20.00 -65 0.81300E-01
25.00 -65 0.15271
30.00 -65 0.18144
35.00 -65 0.14184
40.00 -65 0.73736E-01
45.00 -65 0.42340E-01
-80.00 -60 0.85927E-01
-75.00 -60 0.79942E-01
-70.00 -60 0.10986
-65.00 -60 0.15324
-60.00 -60 0.17844
-55.00 -60 0.16721
-50.00 -60 0.12320
-45.00 -60 0.63191E-01
-40.00 -60 0.30056E-02
-35.00 -60 -0.46311E-01
-30.00 -60 -0.71616E-01
-25.00 -60 -0.54948E-01
-20.00 -60 0.13364E-01
-15.00 -60 0.11435
-10.00 -60 0.19691
-5.00 -60 0.20567
0.00 -60 0.12490
5.00 -60 0.74390E-03
10.00 -60 -0.84749E-01
15.00 -60 -0.74330E-01
20.00 -60 0.16677E-01
25.00 -60 0.10836
30.00 -60 0.11810
35.00 -60 0.27577E-01
40.00 -60 -0.10106
45.00 -60 -0.17428
50.00 -60 -0.14103
55.00 -60 -0.30025E-01
60.00 -60 0.78458E-01
65.00 -60 0.11963
70.00 -60 0.92104E-01
75.00 -60 0.47988E-01
80.00 -60 0.41095E-01
-45.00 -55 0.10896
-40.00 -55 0.50289E-01
-35.00 -55 0.21003E-01
-30.00 -55 0.28697E-01
-25.00 -55 0.69046E-01
-20.00 -55 0.12702
-15.00 -55 0.17534
-10.00 -55 0.17942
-5.00 -55 0.11654
0.00 -55 -0.11012E-03
5.00 -55 -0.11550
10.00 -55 -0.16113
15.00 -55 -0.10504
20.00 -55 0.14824E-01
25.00 -55 0.10729
30.00 -55 0.90744E-01
35.00 -55 -0.43190E-01
40.00 -55 -0.21705
45.00 -55 -0.32055
-65.00 -50 0.17334
-60.00 -50 0.22998
-55.00 -50 0.24391
-50.00 -50 0.20394
-45.00 -50 0.13296
-40.00 -50 0.70231E-01
-35.00 -50 0.45160E-01
-30.00 -50 0.62429E-01
-25.00 -50 0.10486
-20.00 -50 0.14565
-15.00 -50 0.15892
-10.00 -50 0.12667
-5.00 -50 0.46584E-01
0.00 -50 -0.59049E-01
5.00 -50 -0.14418
10.00 -50 -0.16004
15.00 -50 -0.90574E-01
20.00 -50 0.23636E-01
25.00 -50 0.99871E-01
30.00 -50 0.66234E-01
35.00 -50 -0.81857E-01
40.00 -50 -0.26794
45.00 -50 -0.38142
50.00 -50 -0.35427
55.00 -50 -0.20902
60.00 -50 -0.39192E-01
65.00 -50 0.62622E-01
-70.00 -45 0.94482E-01
-45.00 -45 0.14502
-40.00 -45 0.79159E-01
-35.00 -45 0.44273E-01
-30.00 -45 0.42773E-01
-25.00 -45 0.55654E-01
-20.00 -45 0.61408E-01
-15.00 -45 0.49049E-01
-10.00 -45 0.17530E-01
-5.00 -45 -0.29933E-01
0.00 -45 -0.85236E-01
5.00 -45 -0.12984
10.00 -45 -0.13767
15.00 -45 -0.94142E-01
20.00 -45 -0.18923E-01
25.00 -45 0.32964E-01
30.00 -45 0.42769E-02
35.00 -45 -0.11649
40.00 -45 -0.27293
45.00 -45 -0.37078
70.00 -45 0.72379E-01
-75.00 -40 0.68871E-01
-65.00 -40 0.10810
-60.00 -40 0.17245
-55.00 -40 0.21312
-50.00 -40 0.20477
-45.00 -40 0.15713
-40.00 -40 0.10038
-35.00 -40 0.55999E-01
-30.00 -40 0.21989E-01
-25.00 -40 -0.15740E-01
-20.00 -40 -0.61070E-01
-15.00 -40 -0.10000
-10.00 -40 -0.11591
-5.00 -40 -0.11010
0.00 -40 -0.10352
5.00 -40 -0.11539
10.00 -40 -0.14107
15.00 -40 -0.15510
20.00 -40 -0.13981
25.00 -40 -0.11115
30.00 -40 -0.11112
35.00 -40 -0.16785
40.00 -40 -0.25929
45.00 -40 -0.31922
50.00 -40 -0.28783
55.00 -40 -0.16502
60.00 -40 -0.17017E-01
65.00 -40 0.74298E-01
75.00 -40 0.32403E-01
-45.00 -35 0.17368
-40.00 -35 0.14559
-35.00 -35 0.10758
-30.00 -35 0.49874E-01
-25.00 -35 -0.36370E-01
-20.00 -35 -0.13490
-15.00 -35 -0.20489
-10.00 -35 -0.21249
-5.00 -35 -0.16547
0.00 -35 -0.11463
5.00 -35 -0.11473
10.00 -35 -0.17781
15.00 -35 -0.26231
20.00 -35 -0.31019
25.00 -35 -0.29846
30.00 -35 -0.25666
35.00 -35 -0.23361
40.00 -35 -0.24571
45.00 -35 -0.25821
-85.00 -30 0.17608
-80.00 -30 0.12177
-70.00 -30 -0.21516E-01
-65.00 -30 -0.25733E-01
-60.00 -30 0.23176E-01
-55.00 -30 0.92393E-01
-50.00 -30 0.15058
-45.00 -30 0.18718
-40.00 -30 0.20357
-35.00 -30 0.19225
-30.00 -30 0.13388
-25.00 -30 0.20978E-01
-20.00 -30 -0.11653
-15.00 -30 -0.21774
-10.00 -30 -0.23434
-5.00 -30 -0.17585
0.00 -30 -0.11166
5.00 -30 -0.11985
10.00 -30 -0.22293
15.00 -30 -0.36675
20.00 -30 -0.46333
25.00 -30 -0.46110
30.00 -30 -0.38126
35.00 -30 -0.28990
40.00 -30 -0.23502
45.00 -30 -0.20809
50.00 -30 -0.16433
55.00 -30 -0.77991E-01
60.00 -30 0.24288E-01
65.00 -30 0.86145E-01
70.00 -30 0.77812E-01
80.00 -30 0.66590E-02
85.00 -30 0.47524E-01
-45.00 -25 0.18339
-40.00 -25 0.24585
-35.00 -25 0.27122
-30.00 -25 0.23264
-25.00 -25 0.11998
-20.00 -25 -0.33551E-01
-15.00 -25 -0.15871
-10.00 -25 -0.19764
-5.00 -25 -0.15460
0.00 -25 -0.10121
5.00 -25 -0.12294
10.00 -25 -0.24785
15.00 -25 -0.41898
20.00 -25 -0.53686
25.00 -25 -0.53693
30.00 -25 -0.43564
35.00 -25 -0.30753
40.00 -25 -0.21794
45.00 -25 -0.17392
-75.00 -20 0.12224E-01
-65.00 -20 -0.17448
-60.00 -20 -0.15421
-55.00 -20 -0.69877E-01
-50.00 -20 0.41773E-01
-45.00 -20 0.15298
-40.00 -20 0.24656
-35.00 -20 0.30115
-30.00 -20 0.28818
-25.00 -20 0.19374
-20.00 -20 0.45355E-01
-15.00 -20 -0.91136E-01
-10.00 -20 -0.15436
-5.00 -20 -0.13818
0.00 -20 -0.10250
5.00 -20 -0.12696
10.00 -20 -0.24261
15.00 -20 -0.40084
20.00 -20 -0.50912
25.00 -20 -0.50434
30.00 -20 -0.40047
35.00 -20 -0.27067
40.00 -20 -0.18295
45.00 -20 -0.14871
50.00 -20 -0.12811
55.00 -20 -0.80928E-01
60.00 -20 -0.10254E-01
65.00 -20 0.43086E-01
75.00 -20 0.15854E-01
-70.00 -15 -0.14524
-45.00 -15 0.10136
-40.00 -15 0.20253
-35.00 -15 0.26676
-30.00 -15 0.27094
-25.00 -15 0.19943
-20.00 -15 0.69275E-01
-15.00 -15 -0.65288E-01
-10.00 -15 -0.14497
-5.00 -15 -0.15190
0.00 -15 -0.12714
5.00 -15 -0.13751
10.00 -15 -0.21642
15.00 -15 -0.33098
20.00 -15 -0.40694
25.00 -15 -0.39100
30.00 -15 -0.29556
35.00 -15 -0.18623
40.00 -15 -0.12488
45.00 -15 -0.12057
70.00 -15 0.18278E-01
-65.00 -10 -0.27531
-60.00 -10 -0.27784
-55.00 -10 -0.19146
-50.00 -10 -0.67634E-01
-45.00 -10 0.48787E-01
-40.00 -10 0.13803
-35.00 -10 0.19307
-30.00 -10 0.20157
-25.00 -10 0.14907
-20.00 -10 0.41440E-01
-15.00 -10 -0.82059E-01
-10.00 -10 -0.16777
-5.00 -10 -0.18792
0.00 -10 -0.16469
5.00 -10 -0.15144
10.00 -10 -0.18410
15.00 -10 -0.24666
20.00 -10 -0.28434
25.00 -10 -0.25411
30.00 -10 -0.16644
35.00 -10 -0.79074E-01
40.00 -10 -0.47903E-01
45.00 -10 -0.79794E-01
50.00 -10 -0.13004
55.00 -10 -0.14503
60.00 -10 -0.10907
65.00 -10 -0.52529E-01
-45.00 -5 0.19281E-01
-40.00 -5 0.89629E-01
-35.00 -5 0.12743
-30.00 -5 0.13242
-25.00 -5 0.92841E-01
-20.00 -5 0.49831E-02
-15.00 -5 -0.10572
-10.00 -5 -0.19172
-5.00 -5 -0.21806
0.00 -5 -0.19242
5.00 -5 -0.15857
10.00 -5 -0.15553
15.00 -5 -0.18027
20.00 -5 -0.19061
25.00 -5 -0.14778
30.00 -5 -0.58936E-01
35.00 -5 0.21829E-01
40.00 -5 0.37285E-01
45.00 -5 -0.23316E-01
90.00 0.00 0.12688
-90.00 0.00 0.17931
