-85.00 0.00 0.31728
-80.00 0.00 0.20508
-75.00 0.00 0.74918E-01
-70.00 0.00 -0.10442E-01
-65.00 0.00 -0.21910E-01
-60.00 0.00 0.44446E-02
-55.00 0.00 -0.46093E-02
-50.00 0.00 -0.99976E-01
-45.00 0.00 -0.26992
-40.00 0.00 -0.45397
-35.00 0.00 -0.59616
-30.00 0.00 -0.68820
-25.00 0.00 -0.76470
-20.00 0.00 -0.85872
-15.00 0.00 -0.96155
-10.00 0.00 -1.0256
-5.00 0.00 -1.0070
0.00 0.00 -0.90929
5.00 0.00 -0.78628
10.00 0.00 -0.70307
15.00 0.00 -0.68689
20.00 0.00 -0.70907
25.00 0.00 -0.70987
30.00 0.00 -0.64355
35.00 0.00 -0.50790
40.00 0.00 -0.34016
45.00 0.00 -0.18868
50.00 0.00 -0.84293E-01
55.00 0.00 -0.28814E-01
60.00 0.00 -0.14717E-02
65.00 0.00 0.26431E-01
70.00 0.00 0.77883E-01
75.00 0.00 0.16197
80.00 0.00 0.26807
85.00 0.00 0.37426
-45.00 5.00 -0.36827
-40.00 5.00 -0.58266
-35.00 5.00 -0.75249
-30.00 5.00 -0.84536
-25.00 5.00 -0.88341
-20.00 5.00 -0.91291
-15.00 5.00 -0.95694
-10.00 5.00 -0.99321
-5.00 5.00 -0.97516
0.00 5.00 -0.87689
5.00 5.00 -0.72234
10.00 5.00 -0.57332
15.00 5.00 -0.48588
20.00 5.00 -0.46972
25.00 5.00 -0.48233
30.00 5.00 -0.46127
35.00 5.00 -0.36910
40.00 5.00 -0.21817
45.00 5.00 -0.59118E-01
-65.00 10.00 -0.93192E-01
-60.00 10.00 -0.89652E-01
-55.00 10.00 -0.10811
-50.00 10.00 -0.21494
-45.00 10.00 -0.41806
-40.00 10.00 -0.65563
-35.00 10.00 -0.83853
-30.00 10.00 -0.91447
-25.00 10.00 -0.90288
-20.00 10.00 -0.87285
-15.00 10.00 -0.88251
-10.00 10.00 -0.93012
-5.00 10.00 -0.95714
0.00 10.00 -0.90051
5.00 10.00 -0.74993
10.00 10.00 -0.56197
15.00 10.00 -0.41839
20.00 10.00 -0.36290
25.00 10.00 -0.36793
30.00 10.00 -0.35823
35.00 10.00 -0.27157
40.00 10.00 -0.10709
45.00 10.00 0.75606E-01
50.00 10.00 0.20334
55.00 10.00 0.24229
60.00 10.00 0.21632
65.00 10.00 0.18128
-70.00 15.00 -0.40930E-01
-45.00 15.00 -0.40645
-40.00 15.00 -0.65562
-35.00 15.00 -0.83637
-30.00 15.00 -0.88372
-25.00 15.00 -0.82317
-20.00 15.00 -0.75028
-15.00 15.00 -0.75348
-10.00 15.00 -0.84191
-5.00 15.00 -0.93783
0.00 15.00 -0.94108
5.00 15.00 -0.81246
10.00 15.00 -0.60664
15.00 15.00 -0.42739
20.00 15.00 -0.34335
25.00 15.00 -0.33511
30.00 15.00 -0.31679
35.00 15.00 -0.21168
40.00 15.00 -0.17142E-01
45.00 15.00 0.19406
70.00 15.00 0.23562
-75.00 20.00 0.95605E-01
-65.00 20.00 -0.50817E-01
-60.00 20.00 -0.27961E-01
-55.00 20.00 -0.26143E-01
-50.00 20.00 -0.12545
-45.00 20.00 -0.33881
-40.00 20.00 -0.58898
-35.00 20.00 -0.75780
-30.00 20.00 -0.77514
-25.00 20.00 -0.67700
-20.00 20.00 -0.58105
-15.00 20.00 -0.59421
-10.00 20.00 -0.72548
-5.00 20.00 -0.87675
0.00 20.00 -0.92123
5.00 20.00 -0.80528
10.00 20.00 -0.58923
15.00 20.00 -0.39419
20.00 20.00 -0.30167
25.00 20.00 -0.29144
30.00 20.00 -0.26795
35.00 20.00 -0.14850
40.00 20.00 0.64496E-01
45.00 20.00 0.28676
50.00 20.00 0.42251
55.00 20.00 0.43753
60.00 20.00 0.37488
65.00 20.00 0.30872
75.00 20.00 0.30058
-45.00 25.00 -0.23812
-40.00 25.00 -0.48322
-35.00 25.00 -0.63793
-30.00 25.00 -0.63291
-25.00 25.00 -0.51364
-20.00 25.00 -0.40927
-15.00 25.00 -0.43062
-10.00 25.00 -0.57918
-5.00 25.00 -0.74358
0.00 25.00 -0.78876
5.00 25.00 -0.66414
10.00 25.00 -0.44068
15.00 25.00 -0.24780
20.00 25.00 -0.16615
25.00 25.00 -0.16816
30.00 25.00 -0.15332
35.00 25.00 -0.42163E-01
40.00 25.00 0.15514
45.00 25.00 0.35151
-80.00 30.00 0.27708
-70.00 30.00 0.73361E-01
-65.00 30.00 0.73761E-01
-60.00 30.00 0.13100
-55.00 30.00 0.15748
-50.00 30.00 0.69830E-01
-45.00 30.00 -0.13788
-40.00 30.00 -0.37573
-35.00 30.00 -0.51816
-30.00 30.00 -0.50058
-25.00 30.00 -0.37350
-20.00 30.00 -0.26508
-15.00 30.00 -0.27829
-10.00 30.00 -0.40672
-5.00 30.00 -0.53999
0.00 30.00 -0.55501
5.00 30.00 -0.41605
10.00 30.00 -0.19976
15.00 30.00 -0.27091E-01
20.00 30.00 0.36220E-01
25.00 30.00 0.24761E-01
30.00 30.00 0.30325E-01
35.00 30.00 0.11497
40.00 30.00 0.25930
45.00 30.00 0.38723
50.00 30.00 0.43742
55.00 30.00 0.41270
60.00 30.00 0.36645
65.00 30.00 0.34693
70.00 30.00 0.35793
80.00 30.00 0.37073
-45.00 35.00 -0.71440E-01
-40.00 35.00 -0.29949
-35.00 35.00 -0.42828
-30.00 35.00 -0.40120
-25.00 35.00 -0.26954
-20.00 35.00 -0.15093
-15.00 35.00 -0.13478
-10.00 35.00 -0.21305
-5.00 35.00 -0.29329
0.00 35.00 -0.28009
5.00 35.00 -0.15369
10.00 35.00 0.20318E-01
15.00 35.00 0.15295
20.00 35.00 0.20600
25.00 35.00 0.21310
30.00 35.00 0.23482
35.00 35.00 0.29592
40.00 35.00 0.36501
45.00 35.00 0.39202
-75.00 40.00 0.23502
-65.00 40.00 0.19681
-60.00 40.00 0.24916
-55.00 40.00 0.25349
-50.00 40.00 0.14479
-45.00 40.00 -0.62162E-01
-40.00 40.00 -0.27265
-35.00 40.00 -0.37724
-30.00 40.00 -0.33181
-25.00 40.00 -0.18749
-20.00 40.00 -0.47142E-01
-15.00 40.00 0.14005E-01
-10.00 40.00 -0.25279E-02
-5.00 40.00 -0.35662E-01
0.00 40.00 -0.25698E-01
5.00 40.00 0.38448E-01
10.00 40.00 0.12398
15.00 40.00 0.19719
20.00 40.00 0.25658
25.00 40.00 0.32322
30.00 40.00 0.40235
35.00 40.00 0.46146
40.00 40.00 0.45345
45.00 40.00 0.36602
50.00 40.00 0.24749
55.00 40.00 0.17770
60.00 40.00 0.20474
65.00 40.00 0.30396
75.00 40.00 0.42883
-70.00 45.00 0.22723
-45.00 45.00 -0.11768
-40.00 45.00 -0.29568
-35.00 45.00 -0.35590
-30.00 45.00 -0.27364
-25.00 45.00 -0.10345
-20.00 45.00 0.66491E-01
-15.00 45.00 0.17487
-10.00 45.00 0.21347
-5.00 45.00 0.20727
0.00 45.00 0.17957
5.00 45.00 0.14047
10.00 45.00 0.10433
15.00 45.00 0.10593
20.00 45.00 0.18406
25.00 45.00 0.33897
30.00 45.00 0.50632
35.00 45.00 0.58537
40.00 45.00 0.51138
45.00 45.00 0.31512
70.00 45.00 0.41495
-65.00 50.00 0.24366
-60.00 50.00 0.21747
-55.00 50.00 0.12979
-50.00 50.00 -0.36594E-01
-45.00 50.00 -0.22913
-40.00 50.00 -0.35506
-35.00 50.00 -0.34699
-30.00 50.00 -0.20857
-25.00 50.00 -0.43919E-02
-20.00 50.00 0.19027
-15.00 50.00 0.33126
-10.00 50.00 0.40675
-5.00 50.00 0.41191
0.00 50.00 0.33760
5.00 50.00 0.19330
10.00 50.00 0.37715E-01
15.00 50.00 -0.30188E-01
20.00 50.00 0.65683E-01
25.00 50.00 0.30524
30.00 50.00 0.55867
35.00 50.00 0.66229
40.00 50.00 0.53627
45.00 50.00 0.25163
50.00 50.00 -0.13169E-01
55.00 50.00 -0.97921E-01
60.00 50.00 0.28313E-01
65.00 50.00 0.25675
-85.00 55.00 0.41920
-45.00 55.00 -0.37434
-40.00 55.00 -0.42983
-35.00 55.00 -0.33492
-30.00 55.00 -0.12999
-25.00 55.00 0.10368
-20.00 55.00 0.30270
-15.00 55.00 0.44741
-10.00 55.00 0.53688
-5.00 55.00 0.55137
0.00 55.00 0.45541
5.00 55.00 0.24926
10.00 55.00 0.15290E-01
15.00 55.00 -0.10462
20.00 55.00 -0.58188E-02
25.00 55.00 0.28121
30.00 55.00 0.58392
35.00 55.00 0.69702
40.00 55.00 0.53250
45.00 55.00 0.19113
85.00 55.00 0.38650
-80.00 60.00 0.43756
-75.00 60.00 0.39105
-70.00 60.00 0.31165
-65.00 60.00 0.20347
-60.00 60.00 0.46008E-01
-55.00 60.00 -0.16675
-50.00 60.00 -0.38733
-45.00 60.00 -0.52318
-40.00 60.00 -0.49732
-35.00 60.00 -0.31002
-30.00 60.00 -0.42480E-01
-25.00 60.00 0.20418
-20.00 60.00 0.37884
-15.00 60.00 0.49412
-10.00 60.00 0.57572
-5.00 60.00 0.60621
0.00 60.00 0.53067
5.00 60.00 0.32781
10.00 60.00 0.75072E-01
15.00 60.00 -0.72224E-01
20.00 60.00 0.76797E-02
25.00 60.00 0.28898
30.00 60.00 0.58913
35.00 60.00 0.69069
40.00 60.00 0.50563
45.00 60.00 0.14835
50.00 60.00 -0.14617
55.00 60.00 -0.19566
60.00 60.00 0.31331E-02
65.00 60.00 0.29117
70.00 60.00 0.48277
75.00 60.00 0.50501
80.00 60.00 0.42747
-45.00 65.00 -0.64377
-40.00 65.00 -0.53712
-35.00 65.00 -0.26794
-30.00 65.00 0.45266E-01
-25.00 65.00 0.28462
-20.00 65.00 0.41236
-15.00 65.00 0.47575
-10.00 65.00 0.53489
-5.00 65.00 0.58632
0.00 65.00 0.56253
5.00 65.00 0.41323
10.00 65.00 0.18857
15.00 65.00 0.32238E-01
20.00 65.00 0.72756E-01
25.00 65.00 0.30265
30.00 65.00 0.55944
35.00 65.00 0.64021
40.00 65.00 0.46229
45.00 65.00 0.13538
-65.00 70.00 0.13339
-60.00 70.00 -0.14374
-55.00 70.00 -0.44195
-50.00 70.00 -0.66483
-45.00 70.00 -0.70883
-40.00 70.00 -0.53393
-35.00 70.00 -0.20784
-30.00 70.00 0.12601
-25.00 70.00 0.34316
-20.00 70.00 0.42025
-15.00 70.00 0.43257
-10.00 70.00 0.46838
-5.00 70.00 0.53891
0.00 70.00 0.56998
5.00 70.00 0.48532
10.00 70.00 0.30184
15.00 70.00 0.13988
20.00 70.00 0.12798
25.00 70.00 0.28377
30.00 70.00 0.48262
35.00 70.00 0.55198
40.00 70.00 0.41548
45.00 70.00 0.16197
50.00 70.00 -0.22828E-01
55.00 70.00 -0.48428E-02
60.00 70.00 0.19541
65.00 70.00 0.42935
-70.00 75.00 0.35488
-45.00 75.00 -0.70150
-40.00 75.00 -0.48035
-35.00 75.00 -0.13218
-30.00 75.00 0.19368
-25.00 75.00 0.38206
-20.00 75.00 0.42515
-15.00 75.00 0.41196
-10.00 75.00 0.43987
-5.00 75.00 0.52448
0.00 75.00 0.58909
5.00 75.00 0.54438
10.00 75.00 0.38479
15.00 75.00 0.20958
20.00 75.00 0.14372
25.00 75.00 0.22765
30.00 75.00 0.37733
35.00 75.00 0.45460
40.00 75.00 0.38780
45.00 75.00 0.23506
70.00 75.00 0.57403
-75.00 80.00 0.52654
-65.00 80.00 0.11156
-60.00 80.00 -0.21746
-55.00 80.00 -0.51261
-50.00 80.00 -0.66893
-45.00 80.00 -0.61961
-40.00 80.00 -0.37912
-35.00 80.00 -0.47571E-01
-30.00 80.00 0.24058
-25.00 80.00 0.39712
-20.00 80.00 0.43173
-15.00 80.00 0.43077
-10.00 80.00 0.47662
-5.00 80.00 0.57348
0.00 80.00 0.64444
5.00 80.00 0.60426
10.00 80.00 0.44415
15.00 80.00 0.25166
20.00 80.00 0.14472
25.00 80.00 0.17652
30.00 80.00 0.29509
35.00 80.00 0.39348
40.00 80.00 0.40451
45.00 80.00 0.35485
50.00 80.00 0.33141
55.00 80.00 0.39372
60.00 80.00 0.51460
65.00 80.00 0.60337
75.00 80.00 0.48523
-45.00 85.00 -0.47704
-40.00 85.00 -0.24355
-35.00 85.00 0.35908E-01
-30.00 85.00 0.25828
-25.00 85.00 0.37677
-20.00 85.00 0.42098
-15.00 85.00 0.46244
-10.00 85.00 0.54925
-5.00 85.00 0.66088
0.00 85.00 0.72173
5.00 85.00 0.66541
10.00 85.00 0.49703
15.00 85.00 0.30015
20.00 85.00 0.17964
25.00 85.00 0.18686
30.00 85.00 0.28889
35.00 85.00 0.40537
40.00 85.00 0.47764
45.00 85.00 0.50867
-80.00 90.00 0.59650
-70.00 90.00 0.45759
-65.00 90.00 0.18115
-60.00 90.00 -0.13006
-55.00 90.00 -0.35498
-50.00 90.00 -0.41213
-45.00 90.00 -0.30106
-40.00 90.00 -0.95074E-01
-35.00 90.00 0.10788
-30.00 90.00 0.24398
-25.00 90.00 0.31440
-20.00 90.00 0.37004
-15.00 90.00 0.46262
-10.00 90.00 0.59791
-5.00 90.00 0.72542
0.00 90.00 0.77311
5.00 90.00 0.70202
10.00 90.00 0.53993
15.00 90.00 0.36792
20.00 90.00 0.26929
25.00 90.00 0.27920
30.00 90.00 0.37172
35.00 90.00 0.49019
40.00 90.00 0.59168
45.00 90.00 0.66802
50.00 90.00 0.72962
55.00 90.00 0.77389
60.00 90.00 0.77363
65.00 90.00 0.70037
70.00 90.00 0.56161
80.00 90.00 0.33179
-45.00 95.00 -0.12605
-40.00 95.00 0.41583E-01
-35.00 95.00 0.16145
-30.00 95.00 0.20678
-25.00 95.00 0.22308
-20.00 95.00 0.28054
-15.00 95.00 0.41209
-10.00 95.00 0.58443
-5.00 95.00 0.72097
0.00 95.00 0.75646
5.00 95.00 0.68167
10.00 95.00 0.54742
15.00 95.00 0.42935
20.00 95.00 0.38202
25.00 95.00 0.41457
30.00 95.00 0.49996
35.00 95.00 0.60342
40.00 95.00 0.70411
45.00 95.00 0.79432
-75.00 100.00 0.68792
-65.00 100.00 0.33150
-60.00 100.00 0.59840E-01
-55.00 100.00 -0.10602
-50.00 100.00 -0.10523
-45.00 100.00 0.15321E-01
-40.00 100.00 0.14431
-35.00 100.00 0.19462
-30.00 100.00 0.16635
-25.00 100.00 0.13640
-20.00 100.00 0.18761
-15.00 100.00 0.33775
-10.00 100.00 0.52467
-5.00 100.00 0.65509
0.00 100.00 0.67392
5.00 100.00 0.59915
10.00 100.00 0.50039
15.00 100.00 0.44507
20.00 100.00 0.45765
25.00 100.00 0.51930
30.00 100.00 0.59842
35.00 100.00 0.67948
40.00 100.00 0.76496
45.00 100.00 0.85364
50.00 100.00 0.92063
55.00 100.00 0.92251
60.00 100.00 0.82759
65.00 100.00 0.64789
75.00 100.00 0.30128
-70.00 105.00 0.64905
-45.00 105.00 0.10095
-40.00 105.00 0.19906
-35.00 105.00 0.20882
-30.00 105.00 0.14277
-25.00 105.00 0.90719E-01
-20.00 105.00 0.13794
-15.00 105.00 0.29066
-10.00 105.00 0.47048
-5.00 105.00 0.57828
0.00 105.00 0.57102
5.00 105.00 0.48815
10.00 105.00 0.41206
15.00 105.00 0.40198
20.00 105.00 0.45809
25.00 105.00 0.53956
30.00 105.00 0.61129
35.00 105.00 0.67292
40.00 105.00 0.74558
45.00 105.00 0.83374
70.00 105.00 0.36047
-85.00 110.00 0.50661
-65.00 110.00 0.52216
-60.00 110.00 0.26669
-55.00 110.00 0.86478E-01
-50.00 110.00 0.51685E-01
-45.00 110.00 0.12547
-40.00 110.00 0.20368
-35.00 110.00 0.20677
-30.00 110.00 0.14481
-25.00 110.00 0.10137
-20.00 110.00 0.15343
-15.00 110.00 0.29925
-10.00 110.00 0.45684
-5.00 110.00 0.53172
0.00 110.00 0.49317
5.00 110.00 0.39414
10.00 110.00 0.32226
15.00 110.00 0.32927
20.00 110.00 0.40011
25.00 110.00 0.48240
30.00 110.00 0.54185
35.00 110.00 0.58959
40.00 110.00 0.65817
45.00 110.00 0.75304
50.00 110.00 0.82907
55.00 110.00 0.81804
60.00 110.00 0.68578
65.00 110.00 0.47041
85.00 110.00 0.33506
-45.00 115.00 0.10154
-40.00 115.00 0.16914
-35.00 115.00 0.19231
-30.00 115.00 0.16625
-25.00 115.00 0.15269
-20.00 115.00 0.21229
-15.00 115.00 0.34000
-10.00 115.00 0.46289
-5.00 115.00 0.50151
0.00 115.00 0.43811
5.00 115.00 0.33065
10.00 115.00 0.26241
15.00 115.00 0.27471
20.00 115.00 0.34264
25.00 115.00 0.41093
30.00 115.00 0.45128
35.00 115.00 0.48523
40.00 115.00 0.55198
45.00 115.00 0.65436
-80.00 120.00 0.68722
-75.00 120.00 0.83898
-70.00 120.00 0.86099
-65.00 120.00 0.71379
-60.00 120.00 0.45390
-55.00 120.00 0.20281
-50.00 120.00 0.63532E-01
-45.00 120.00 0.55183E-01
-40.00 120.00 0.11682
-35.00 120.00 0.17187
-30.00 120.00 0.19282
-25.00 120.00 0.21027
-20.00 120.00 0.26493
-15.00 120.00 0.35390
-10.00 120.00 0.42503
-5.00 120.00 0.42444
0.00 120.00 0.35037
5.00 120.00 0.26030
10.00 120.00 0.22336
15.00 120.00 0.26232
20.00 120.00 0.33935
25.00 120.00 0.39748
30.00 120.00 0.41690
35.00 120.00 0.43111
40.00 120.00 0.48670
45.00 120.00 0.58519
50.00 120.00 0.66449
55.00 120.00 0.64279
60.00 120.00 0.49029
65.00 120.00 0.26668
70.00 120.00 0.88776E-01
75.00 120.00 0.51649E-01
80.00 120.00 0.16064
-45.00 125.00 0.16281E-01
-40.00 125.00 0.71469E-01
-35.00 125.00 0.15432
-30.00 125.00 0.21272
-25.00 125.00 0.24455
-20.00 125.00 0.27105
-15.00 125.00 0.29538
-10.00 125.00 0.29311
-5.00 125.00 0.24386
0.00 125.00 0.16754
5.00 125.00 0.12194
10.00 125.00 0.15720
15.00 125.00 0.26858
20.00 125.00 0.39518
25.00 125.00 0.47044
30.00 125.00 0.47955
35.00 125.00 0.46937
40.00 125.00 0.49884
45.00 125.00 0.57451
-65.00 130.00 0.87261
-60.00 130.00 0.62489
-55.00 130.00 0.32108
-50.00 130.00 0.91174E-01
-45.00 130.00 0.77161E-02
-40.00 130.00 0.51861E-01
-35.00 130.00 0.14670
-30.00 130.00 0.22059
-25.00 130.00 0.24505
-20.00 130.00 0.22538
-15.00 130.00 0.16998
-10.00 130.00 0.79609E-01
-5.00 130.00 -0.32611E-01
0.00 130.00 -0.12005
5.00 130.00 -0.11664
10.00 130.00 0.14174E-01
15.00 130.00 0.23808
20.00 130.00 0.46124
25.00 130.00 0.59422
30.00 130.00 0.61715
35.00 130.00 0.58764
40.00 130.00 0.58172
45.00 130.00 0.61919
50.00 130.00 0.64175
55.00 130.00 0.56673
60.00 130.00 0.37065
65.00 130.00 0.12796
-70.00 135.00 0.98226
-45.00 135.00 0.37738E-01
-40.00 135.00 0.63416E-01
-35.00 135.00 0.14829
-30.00 135.00 0.21255
-25.00 135.00 0.21476
-20.00 135.00 0.15030
-15.00 135.00 0.26837E-01
-10.00 135.00 -0.14365
-5.00 135.00 -0.32630
0.00 135.00 -0.44846
5.00 135.00 -0.42435
10.00 135.00 -0.21485
15.00 135.00 0.12647
20.00 135.00 0.47126
25.00 135.00 0.69581
30.00 135.00 0.76158
35.00 135.00 0.72891
40.00 135.00 0.69116
45.00 135.00 0.68726
70.00 135.00 -0.63739E-01
-75.00 140.00 0.84975
-65.00 140.00 0.95872
-60.00 140.00 0.75952
-55.00 140.00 0.47125
-50.00 140.00 0.22247
-45.00 140.00 0.99095E-01
-40.00 140.00 0.97688E-01
-35.00 140.00 0.14917
-30.00 140.00 0.18024
-25.00 140.00 0.15423
-20.00 140.00 0.65358E-01
-15.00 140.00 -0.86993E-01
-10.00 140.00 -0.30052
-5.00 140.00 -0.54060
0.00 140.00 -0.71835
5.00 140.00 -0.72024
10.00 140.00 -0.48427
15.00 140.00 -0.62735E-01
20.00 140.00 0.39149
25.00 140.00 0.71702
30.00 140.00 0.84530
35.00 140.00 0.82839
40.00 140.00 0.77208
45.00 140.00 0.73582
50.00 140.00 0.68905
55.00 140.00 0.56033
60.00 140.00 0.32969
65.00 140.00 0.74945E-01
75.00 140.00 -0.39160E-01
-45.00 145.00 0.17502
-40.00 145.00 0.13965
-35.00 145.00 0.13722
-30.00 145.00 0.11379
-25.00 145.00 0.54942E-01
-20.00 145.00 -0.34973E-01
-15.00 145.00 -0.16818
-10.00 145.00 -0.37015
-5.00 145.00 -0.63059
0.00 145.00 -0.86173
5.00 145.00 -0.92397
10.00 145.00 -0.71844
15.00 145.00 -0.27490
20.00 145.00 0.24667
25.00 145.00 0.65382
30.00 145.00 0.84389
35.00 145.00 0.85181
40.00 145.00 0.78879
45.00 145.00 0.73267
-80.00 150.00 0.59484
-70.00 150.00 0.91798
-65.00 150.00 0.93400
-60.00 150.00 0.79913
-55.00 150.00 0.57901
-50.00 150.00 0.37583
-45.00 150.00 0.24824
-40.00 150.00 0.17812
-35.00 150.00 0.10972
-30.00 150.00 0.14339E-01
-25.00 150.00 -0.88610E-01
-20.00 150.00 -0.17283
-15.00 150.00 -0.25699
-10.00 150.00 -0.40008
-5.00 150.00 -0.63173
0.00 150.00 -0.88397
5.00 150.00 -1.0038
10.00 150.00 -0.85615
15.00 150.00 -0.43684
20.00 150.00 0.10362
25.00 150.00 0.55502
30.00 150.00 0.78546
35.00 150.00 0.81010
40.00 150.00 0.74043
45.00 150.00 0.66985
50.00 150.00 0.60209
55.00 150.00 0.48115
60.00 150.00 0.28235
65.00 150.00 0.68567E-01
70.00 150.00 -0.46242E-01
80.00 150.00 0.18912
-45.00 155.00 0.30750
-40.00 155.00 0.21152
-35.00 155.00 0.79153E-01
-30.00 155.00 -0.96537E-01
-25.00 155.00 -0.26071
-20.00 155.00 -0.35668
-15.00 155.00 -0.39682
-10.00 155.00 -0.46365
-5.00 155.00 -0.62689
0.00 155.00 -0.85094
5.00 155.00 -0.98877
10.00 155.00 -0.88422
15.00 155.00 -0.50271
20.00 155.00 0.24022E-01
25.00 155.00 0.48249
30.00 155.00 0.72257
35.00 155.00 0.74306
40.00 155.00 0.65410
45.00 155.00 0.56302
-75.00 160.00 0.65565
-65.00 160.00 0.79565
-60.00 160.00 0.70963
-55.00 160.00 0.56629
-50.00 160.00 0.43896
-45.00 160.00 0.34809
-40.00 160.00 0.24386
-35.00 160.00 0.65139E-01
-30.00 160.00 -0.18418
-25.00 160.00 -0.42251
-20.00 160.00 -0.56126
-15.00 160.00 -0.59213
-10.00 160.00 -0.60065
-5.00 160.00 -0.68263
0.00 160.00 -0.83732
5.00 160.00 -0.94162
10.00 160.00 -0.84086
15.00 160.00 -0.48330
20.00 160.00 0.19506E-01
25.00 160.00 0.46243
30.00 160.00 0.68885
35.00 160.00 0.68636
40.00 160.00 0.56314
45.00 160.00 0.43942
50.00 160.00 0.35725
55.00 160.00 0.28227
60.00 160.00 0.17834
65.00 160.00 0.70081E-01
75.00 160.00 0.10462
-85.00 165.00 0.41363
-70.00 165.00 0.67949
-45.00 165.00 0.36751
-40.00 165.00 0.27391
-35.00 165.00 0.75457E-01
-30.00 165.00 -0.22560
-25.00 165.00 -0.53574
-20.00 165.00 -0.74091
-15.00 165.00 -0.80347
-10.00 165.00 -0.79153
-5.00 165.00 -0.80757
0.00 165.00 -0.87966
5.00 165.00 -0.91918
10.00 165.00 -0.79141
15.00 165.00 -0.44082
20.00 165.00 0.40204E-01
25.00 165.00 0.46299
30.00 165.00 0.67243
35.00 165.00 0.64626
40.00 165.00 0.48668
45.00 165.00 0.32374
70.00 165.00 0.80563E-01
85.00 165.00 0.42709
-65.00 170.00 0.59711
-60.00 170.00 0.53852
-55.00 170.00 0.45249
-50.00 170.00 0.39338
-45.00 170.00 0.36127
-40.00 170.00 0.28695
-35.00 170.00 0.91061E-01
-30.00 170.00 -0.23331
-25.00 170.00 -0.59487
-20.00 170.00 -0.86622
-15.00 170.00 -0.98173
-10.00 170.00 -0.98175
-5.00 170.00 -0.96071
0.00 170.00 -0.96663
5.00 170.00 -0.94676
10.00 170.00 -0.79358
15.00 170.00 -0.45254
20.00 170.00 0.55833E-02
25.00 170.00 0.41512
30.00 170.00 0.62549
35.00 170.00 0.59968
40.00 170.00 0.42382
45.00 170.00 0.23019
50.00 170.00 0.10594
55.00 170.00 0.60067E-01
60.00 170.00 0.59448E-01
65.00 170.00 0.83195E-01
-45.00 175.00 0.32339
-40.00 175.00 0.25836
-35.00 175.00 0.70498E-01
-30.00 175.00 -0.25490
-25.00 175.00 -0.63699
-20.00 175.00 -0.94849
-15.00 175.00 -1.1068
-10.00 175.00 -1.1275
-5.00 175.00 -1.0928
0.00 175.00 -1.0636
5.00 175.00 -1.0176
10.00 175.00 -0.87086
15.00 175.00 -0.56486
20.00 175.00 -0.14147
25.00 175.00 0.26310
30.00 175.00 0.50309
35.00 175.00 0.51810
40.00 175.00 0.36418
45.00 175.00 0.16402
-80.00 180.00 0.36573
-75.00 180.00 0.38486
-70.00 180.00 0.41544
-65.00 180.00 0.42286
-60.00 180.00 0.38932
-55.00 180.00 0.33447
-50.00 180.00 0.28966
-45.00 180.00 0.25222
-40.00 180.00 0.16927
-35.00 180.00 -0.24229E-01
-30.00 180.00 -0.34161
-25.00 180.00 -0.71374
-20.00 180.00 -1.0253
-15.00 180.00 -1.1932
-10.00 180.00 -1.2207
-5.00 180.00 -1.1810
0.00 180.00 -1.1437
5.00 180.00 -1.1082
10.00 180.00 -1.0053
15.00 180.00 -0.76464
20.00 180.00 -0.39229
25.00 180.00 0.10318E-01
30.00 180.00 0.30311
35.00 180.00 0.39640
40.00 180.00 0.30446
45.00 180.00 0.12797
50.00 180.00 -0.14510E-01
55.00 180.00 -0.52322E-01
60.00 180.00 0.15690E-01
65.00 180.00 0.14486
70.00 180.00 0.28357
75.00 180.00 0.39711
80.00 180.00 0.46747
-45.00 -175 0.15665
-40.00 -175 0.23881E-01
-35.00 -175 -0.19675
-30.00 -175 -0.50570
-25.00 -175 -0.84364
-20.00 -175 -1.1174
-15.00 -175 -1.2598
-10.00 -175 -1.2756
-5.00 -175 -1.2328
0.00 -175 -1.2024
5.00 -175 -1.1955
10.00 -175 -1.1508
15.00 -175 -0.98508
20.00 -175 -0.67013
25.00 -175 -0.27205
30.00 -175 0.78252E-01
35.00 -175 0.26459
40.00 -175 0.25725
45.00 -175 0.12695
-65.00 -170 0.33250
-60.00 -170 0.33745
-55.00 -170 0.29592
-50.00 -170 0.20223
-45.00 -170 0.56339E-01
-40.00 -170 -0.14561
-35.00 -170 -0.40459
-30.00 -170 -0.70084
-25.00 -170 -0.98539
-20.00 -170 -1.1969
-15.00 -170 -1.2977
-10.00 -170 -1.3014
-5.00 -170 -1.2662
0.00 -170 -1.2513
5.00 -170 -1.2672
10.00 -170 -1.2592
15.00 -170 -1.1429
20.00 -170 -0.87089
25.00 -170 -0.48135
30.00 -170 -0.90502E-01
35.00 -170 0.17247
40.00 -170 0.24436
45.00 -170 0.16596
50.00 -170 0.52569E-01
55.00 -170 0.18567E-01
60.00 -170 0.10918
65.00 -170 0.28418
-70.00 -165 0.27322
-45.00 -165 -0.26456E-01
-40.00 -165 -0.29316
-35.00 -165 -0.57929
-30.00 -165 -0.84590
-25.00 -165 -1.0603
-20.00 -165 -1.2028
-15.00 -165 -1.2727
-10.00 -165 -1.2911
-5.00 -165 -1.2925
0.00 -165 -1.3043
5.00 -165 -1.3229
10.00 -165 -1.3042
15.00 -165 -1.1840
20.00 -165 -0.92164
25.00 -165 -0.54252
30.00 -165 -0.14250
35.00 -165 0.15677
40.00 -165 0.27911
45.00 -165 0.24279
70.00 -165 0.55179
-75.00 -160 0.22896
-65.00 -160 0.32233
-60.00 -160 0.36757
-55.00 -160 0.33102
-50.00 -160 0.17788
-45.00 -160 -0.79169E-01
-40.00 -160 -0.38446
-35.00 -160 -0.66760
-30.00 -160 -0.87927
-25.00 -160 -1.0121
-20.00 -160 -1.0941
-15.00 -160 -1.1626
-10.00 -160 -1.2374
-5.00 -160 -1.3128
0.00 -160 -1.3654
5.00 -160 -1.3664
10.00 -160 -1.2881
15.00 -160 -1.1080
20.00 -160 -0.81988
25.00 -160 -0.45214
30.00 -160 -0.76506E-01
35.00 -160 0.21328
40.00 -160 0.35049
45.00 -160 0.34143
50.00 -160 0.26898
55.00 -160 0.24204
60.00 -160 0.32278
65.00 -160 0.48624
75.00 -160 0.71188
-45.00 -155 -0.10681
-40.00 -155 -0.41665
-35.00 -155 -0.66497
-30.00 -155 -0.80417
-25.00 -155 -0.85764
-20.00 -155 -0.89865
-15.00 -155 -0.99389
-10.00 -155 -1.1531
-5.00 -155 -1.3218
0.00 -155 -1.4196
5.00 -155 -1.3901
10.00 -155 -1.2264
15.00 -155 -0.95881
20.00 -155 -0.62955
25.00 -155 -0.27958
30.00 -155 0.45769E-01
35.00 -155 0.29352
40.00 -155 0.42180
45.00 -155 0.43270
-80.00 -150 0.23532
-70.00 -150 0.25461
-65.00 -150 0.33859
-60.00 -150 0.39152
-55.00 -150 0.34056
-50.00 -150 0.15472
-45.00 -150 -0.12876
-40.00 -150 -0.41750
-35.00 -150 -0.61632
-30.00 -150 -0.68907
-25.00 -150 -0.68556
-20.00 -150 -0.70834
-15.00 -150 -0.83754
-10.00 -150 -1.0678
-5.00 -150 -1.3052
0.00 -150 -1.4277
5.00 -150 -1.3628
10.00 -150 -1.1242
15.00 -150 -0.78872
20.00 -150 -0.43926
25.00 -150 -0.12551
30.00 -150 0.13454
35.00 -150 0.33009
40.00 -150 0.44684
45.00 -150 0.48394
50.00 -150 0.47576
55.00 -150 0.48452
60.00 -150 0.55794
65.00 -150 0.68625
70.00 -150 0.80140
80.00 -150 0.74068
-45.00 -145 -0.16542
-40.00 -145 -0.42376
-35.00 -145 -0.58248
-30.00 -145 -0.62049
-25.00 -145 -0.59855
-20.00 -145 -0.62104
-15.00 -145 -0.76103
-10.00 -145 -1.0009
-5.00 -145 -1.2350
0.00 -145 -1.3357
5.00 -145 -1.2359
10.00 -145 -0.96698
15.00 -145 -0.62711
20.00 -145 -0.31219
25.00 -145 -0.64828E-01
30.00 -145 0.12392
35.00 -145 0.27592
40.00 -145 0.39517
45.00 -145 0.47335
-85.00 -140 0.29701
-75.00 -140 0.21569
-65.00 -140 0.32982
-60.00 -140 0.33788
-55.00 -140 0.23914
-50.00 -140 0.34181E-01
-45.00 -140 -0.22327
-40.00 -140 -0.45397
-35.00 -140 -0.59642
-30.00 -140 -0.64240
-25.00 -140 -0.64215
-20.00 -140 -0.67141
-15.00 -140 -0.77750
-10.00 -140 -0.94031
-5.00 -140 -1.0789
0.00 -140 -1.1036
5.00 -140 -0.97687
10.00 -140 -0.73851
15.00 -140 -0.47509
20.00 -140 -0.25942
25.00 -140 -0.10842
30.00 -140 0.10021E-01
35.00 -140 0.13409
40.00 -140 0.27146
45.00 -140 0.40110
50.00 -140 0.50514
55.00 -140 0.59313
60.00 -140 0.69025
65.00 -140 0.80044
75.00 -140 0.88654
85.00 -140 0.60704
-70.00 -135 0.26978
-45.00 -135 -0.28861
-40.00 -135 -0.49518
-35.00 -135 -0.64151
-30.00 -135 -0.72754
-25.00 -135 -0.77464
-20.00 -135 -0.80758
-15.00 -135 -0.83747
-10.00 -135 -0.85366
-5.00 -135 -0.83057
0.00 -135 -0.74765
5.00 -135 -0.61034
10.00 -135 -0.45437
15.00 -135 -0.32561
20.00 -135 -0.24759
25.00 -135 -0.20285
30.00 -135 -0.14592
35.00 -135 -0.39355E-01
40.00 -135 0.11722
45.00 -135 0.29059
70.00 -135 0.88921
-65.00 -130 0.28814
-60.00 -130 0.22450
-55.00 -130 0.72039E-01
-50.00 -130 -0.13094
-45.00 -130 -0.33476
-40.00 -130 -0.51319
-35.00 -130 -0.66736
-30.00 -130 -0.80168
-25.00 -130 -0.90093
-20.00 -130 -0.93267
-15.00 -130 -0.87248
-10.00 -130 -0.72763
-5.00 -130 -0.53871
0.00 -130 -0.35958
5.00 -130 -0.23301
10.00 -130 -0.17714
15.00 -130 -0.18453
20.00 -130 -0.22693
25.00 -130 -0.26251
30.00 -130 -0.24877
35.00 -130 -0.16111
40.00 -130 -0.70015E-02
45.00 -130 0.17856
50.00 -130 0.35720
55.00 -130 0.51209
60.00 -130 0.64980
65.00 -130 0.77549
-45.00 -125 -0.33794
-40.00 -125 -0.47841
-35.00 -125 -0.63017
-30.00 -125 -0.80077
-25.00 -125 -0.94272
-20.00 -125 -0.97647
-15.00 -125 -0.85197
-10.00 -125 -0.59548
-5.00 -125 -0.30119
0.00 -125 -0.74610E-01
5.00 -125 0.26383E-01
10.00 -125 0.10970E-01
15.00 -125 -0.68754E-01
20.00 -125 -0.15614
25.00 -125 -0.21226
30.00 -125 -0.21654
35.00 -125 -0.16088
40.00 -125 -0.49578E-01
45.00 -125 0.99162E-01
-80.00 -120 0.24247
-75.00 -120 0.24962
-70.00 -120 0.27039
-65.00 -120 0.24098
-60.00 -120 0.12996
-55.00 -120 -0.31746E-01
-50.00 -120 -0.18247
-45.00 -120 -0.29141
-40.00 -120 -0.38804
-35.00 -120 -0.52645
-30.00 -120 -0.71648
-25.00 -120 -0.88967
-20.00 -120 -0.93880
-15.00 -120 -0.80201
-10.00 -120 -0.51887
-5.00 -120 -0.20913
0.00 -120 0.81382E-02
5.00 -120 0.87402E-01
10.00 -120 0.66712E-01
15.00 -120 0.17833E-01
20.00 -120 -0.12057E-01
25.00 -120 -0.19194E-01
30.00 -120 -0.19223E-01
35.00 -120 -0.15407E-01
40.00 -120 0.83354E-02
45.00 -120 0.70069E-01
50.00 -120 0.17336
55.00 -120 0.30870
60.00 -120 0.46369
65.00 -120 0.62247
70.00 -120 0.75381
75.00 -120 0.80994
80.00 -120 0.75524
-45.00 -115 -0.20834
-40.00 -115 -0.26857
-35.00 -115 -0.39497
-30.00 -115 -0.59638
-25.00 -115 -0.79387
-20.00 -115 -0.87183
-15.00 -115 -0.76927
-10.00 -115 -0.53137
-5.00 -115 -0.27492
0.00 -115 -0.98628E-01
5.00 -115 -0.16765E-01
10.00 -115 0.29927E-01
15.00 -115 0.10396
20.00 -115 0.20995
25.00 -115 0.29571
30.00 -115 0.30697
35.00 -115 0.23982
40.00 -115 0.14490
45.00 -115 0.87429E-01
-65.00 -110 0.21066
-60.00 -110 0.10299
-55.00 -110 -0.13191E-01
-50.00 -110 -0.84935E-01
-45.00 -110 -0.11234
-40.00 -110 -0.15715
-35.00 -110 -0.28661
-30.00 -110 -0.50127
-25.00 -110 -0.71650
-20.00 -110 -0.82111
-15.00 -110 -0.76420
-10.00 -110 -0.59244
-5.00 -110 -0.40392
0.00 -110 -0.26161
5.00 -110 -0.14624
10.00 -110 0.93417E-02
15.00 -110 0.23897
20.00 -110 0.49268
25.00 -110 0.66448
30.00 -110 0.67321
35.00 -110 0.52527
40.00 -110 0.30868
45.00 -110 0.13138
50.00 -110 0.60200E-01
55.00 -110 0.10389
60.00 -110 0.23473
65.00 -110 0.41213
-70.00 -105 0.25334
-45.00 -105 -0.22799E-01
-40.00 -105 -0.76346E-01
-35.00 -105 -0.22605
-30.00 -105 -0.45518
-25.00 -105 -0.67298
-20.00 -105 -0.77879
-15.00 -105 -0.73779
-10.00 -105 -0.60001
-5.00 -105 -0.44529
0.00 -105 -0.30612
5.00 -105 -0.14187
10.00 -105 0.10959
15.00 -105 0.45064
20.00 -105 0.79018
25.00 -105 0.99280
30.00 -105 0.97201
35.00 -105 0.75057
40.00 -105 0.44238
45.00 -105 0.17822
70.00 -105 0.50005
-75.00 -100 0.25733
-65.00 -100 0.19147
-60.00 -100 0.12298
-55.00 -100 0.75926E-01
-50.00 -100 0.65267E-01
-45.00 -100 0.54681E-01
-40.00 -100 -0.20544E-01
-35.00 -100 -0.19438
-30.00 -100 -0.42692
-25.00 -100 -0.62087
-20.00 -100 -0.68914
-15.00 -100 -0.61671
-10.00 -100 -0.46174
-5.00 -100 -0.29519
0.00 -100 -0.13477
5.00 -100 0.64159E-01
10.00 -100 0.35084
15.00 -100 0.70723
20.00 -100 1.0305
25.00 -100 1.1905
30.00 -100 1.1179
35.00 -100 0.85064
40.00 -100 0.50690
45.00 -100 0.21202
50.00 -100 0.39704E-01
55.00 -100 0.27929E-02
60.00 -100 0.79198E-01
65.00 -100 0.23418
75.00 -100 0.57269
-45.00 -95 0.12688
-40.00 -95 0.36609E-01
-35.00 -95 -0.14476
-30.00 -95 -0.35600
-25.00 -95 -0.49780
-20.00 -95 -0.50025
-15.00 -95 -0.36904
-10.00 -95 -0.17169
-5.00 -95 0.23568E-01
0.00 -95 0.20128
5.00 -95 0.39742
10.00 -95 0.64567
15.00 -95 0.92206
20.00 -95 1.1403
25.00 -95 1.2050
30.00 -95 1.0788
35.00 -95 0.80867
40.00 -95 0.49425
45.00 -95 0.22942
-80.00 -90 0.26171
-70.00 -90 0.21078
-65.00 -90 0.16504
-60.00 -90 0.14097
-55.00 -90 0.16007
-50.00 -90 0.20008
-45.00 -90 0.20270
-40.00 -90 0.11998
-35.00 -90 -0.38782E-01
-30.00 -90 -0.20125
-25.00 -90 -0.27664
-20.00 -90 -0.21659
-15.00 -90 -0.44075E-01
-10.00 -90 0.17149
-5.00 -90 0.36935
0.00 -90 0.53516
5.00 -90 0.69178
10.00 -90 0.85633
15.00 -90 1.0059
20.00 -90 1.0846
25.00 -90 1.0446
30.00 -90 0.88537
35.00 -90 0.65616
40.00 -90 0.42385
45.00 -90 0.23583
50.00 -90 0.10913
55.00 -90 0.46858E-01
60.00 -90 0.56390E-01
65.00 -90 0.14501
70.00 -90 0.29621
80.00 -90 0.55407
-85.00 -85 0.29249
-45.00 -85 0.28232
-40.00 -85 0.23222
-35.00 -85 0.12351
-30.00 -85 0.24806E-01
-25.00 -85 0.61335E-02
-20.00 -85 0.91638E-01
-15.00 -85 0.24966
-10.00 -85 0.42392
-5.00 -85 0.57528
0.00 -85 0.69850
5.00 -85 0.80440
10.00 -85 0.89024
15.00 -85 0.92971
20.00 -85 0.89284
25.00 -85 0.77599
30.00 -85 0.61235
35.00 -85 0.45145
40.00 -85 0.32603
45.00 -85 0.23627
85.00 -85 0.53102
-75.00 -80 0.22597
-65.00 -80 0.12898
-60.00 -80 0.13449
-55.00 -80 0.20183
-50.00 -80 0.29412
-45.00 -80 0.35352
-40.00 -80 0.34887
-35.00 -80 0.30023
-30.00 -80 0.25992
-25.00 -80 0.26918
-20.00 -80 0.32975
-15.00 -80 0.41250
-10.00 -80 0.48997
-5.00 -80 0.55880
0.00 -80 0.63138
5.00 -80 0.70785
10.00 -80 0.75982
15.00 -80 0.74586
20.00 -80 0.64739
25.00 -80 0.49219
30.00 -80 0.34159
35.00 -80 0.24900
40.00 -80 0.22332
45.00 -80 0.22788
50.00 -80 0.21580
55.00 -80 0.17242
60.00 -80 0.12935
65.00 -80 0.13821
75.00 -80 0.36209
-70.00 -75 0.15797
-45.00 -75 0.39764
-40.00 -75 0.43163
-35.00 -75 0.43175
-30.00 -75 0.42901
-25.00 -75 0.43576
-20.00 -75 0.43717
-15.00 -75 0.41548
-10.00 -75 0.37969
-5.00 -75 0.36666
0.00 -75 0.40799
5.00 -75 0.49245
10.00 -75 0.56188
15.00 -75 0.55028
20.00 -75 0.43661
25.00 -75 0.26700
30.00 -75 0.12588
35.00 -75 0.77216E-01
40.00 -75 0.12130
45.00 -75 0.19978
70.00 -75 0.20431
-65.00 -70 0.10643
-60.00 -70 0.12529
-55.00 -70 0.20693
-50.00 -70 0.31369
-45.00 -70 0.40069
-40.00 -70 0.45031
-35.00 -70 0.47455
-30.00 -70 0.48676
-25.00 -70 0.47692
-20.00 -70 0.41993
-15.00 -70 0.31103
-10.00 -70 0.19081
-5.00 -70 0.12806
0.00 -70 0.16770
5.00 -70 0.28664
10.00 -70 0.39952
15.00 -70 0.41573
20.00 -70 0.30577
25.00 -70 0.12497
30.00 -70 -0.24234E-01
35.00 -70 -0.62736E-01
40.00 -70 0.14328E-01
45.00 -70 0.14127
50.00 -70 0.23327
55.00 -70 0.24564
60.00 -70 0.19976
65.00 -70 0.16118
-45.00 -65 0.36205
-40.00 -65 0.39905
-35.00 -65 0.42293
-30.00 -65 0.43820
-25.00 -65 0.42057
-20.00 -65 0.33729
-15.00 -65 0.18989
-10.00 -65 0.35967E-01
-5.00 -65 -0.39161E-01
0.00 -65 0.14814E-01
5.00 -65 0.16647
10.00 -65 0.31414
15.00 -65 0.35215
20.00 -65 0.24389
25.00 -65 0.47389E-01
30.00 -65 -0.12447
35.00 -65 -0.17874
40.00 -65 -0.98872E-01
45.00 -65 0.53111E-01
-80.00 -60 0.24994
-75.00 -60 0.19890
-70.00 -60 0.14725
-65.00 -60 0.12739
-60.00 -60 0.15767
-55.00 -60 0.21964
-50.00 -60 0.27348
-45.00 -60 0.29564
-40.00 -60 0.29791
-35.00 -60 0.30740
-30.00 -60 0.32815
-25.00 -60 0.32623
-20.00 -60 0.25845
-15.00 -60 0.12155
-10.00 -60 -0.25808E-01
-5.00 -60 -0.95152E-01
0.00 -60 -0.34372E-01
5.00 -60 0.12499
10.00 -60 0.28011
15.00 -60 0.32320
20.00 -60 0.21407
25.00 -60 0.67435E-02
30.00 -60 -0.18645
35.00 -60 -0.26595
40.00 -60 -0.20250
45.00 -60 -0.46586E-01
50.00 -60 0.11066
55.00 -60 0.19628
60.00 -60 0.19729
65.00 -60 0.16175
70.00 -60 0.16068
75.00 -60 0.23433
80.00 -60 0.35828
-45.00 -55 0.22336
-40.00 -55 0.18116
-35.00 -55 0.17487
-30.00 -55 0.21179
-25.00 -55 0.24756
-20.00 -55 0.22300
-15.00 -55 0.12102
-10.00 -55 -0.75588E-02
-5.00 -55 -0.76063E-01
0.00 -55 -0.28569E-01
5.00 -55 0.11209
10.00 -55 0.25385
15.00 -55 0.29603
20.00 -55 0.19630
25.00 -55 -0.24175E-02
30.00 -55 -0.20026
35.00 -55 -0.30112
40.00 -55 -0.26578
45.00 -55 -0.12764
-65.00 -50 0.19705
-60.00 -50 0.25242
-55.00 -50 0.28639
-50.00 -50 0.25451
-45.00 -50 0.16546
-40.00 -50 0.81009E-01
-35.00 -50 0.65387E-01
-30.00 -50 0.12737
-25.00 -50 0.20824
-20.00 -50 0.22891
-15.00 -50 0.15711
-10.00 -50 0.37098E-01
-5.00 -50 -0.43186E-01
0.00 -50 -0.20707E-01
5.00 -50 0.93529E-01
10.00 -50 0.22132
15.00 -50 0.27156
20.00 -50 0.19993
25.00 -50 0.33972E-01
30.00 -50 -0.14733
35.00 -50 -0.26053
40.00 -50 -0.26132
45.00 -50 -0.16324
50.00 -50 -0.25291E-01
55.00 -50 0.83777E-01
60.00 -50 0.12657
65.00 -50 0.12002
-70.00 -45 0.18869
-45.00 -45 0.13312
-40.00 -45 0.16109E-01
-35.00 -45 -0.14151E-02
-30.00 -45 0.85750E-01
-25.00 -45 0.20118
-20.00 -45 0.24760
-15.00 -45 0.18449
-10.00 -45 0.58377E-01
-5.00 -45 -0.36293E-01
0.00 -45 -0.30602E-01
5.00 -45 0.70304E-01
10.00 -45 0.19644
15.00 -45 0.26508
20.00 -45 0.23279
25.00 -45 0.11428
30.00 -45 -0.34430E-01
35.00 -45 -0.14945
40.00 -45 -0.18846
45.00 -45 -0.14665
70.00 -45 0.97514E-01
-75.00 -40 0.19061
-65.00 -40 0.27894
-60.00 -40 0.37117
-55.00 -40 0.39272
-50.00 -40 0.29685
-45.00 -40 0.12629
-40.00 -40 -0.11024E-01
-35.00 -40 -0.26369E-01
-30.00 -40 0.76594E-01
-25.00 -40 0.20396
-20.00 -40 0.24767
-15.00 -40 0.17082
-10.00 -40 0.32037E-01
-5.00 -40 -0.66139E-01
0.00 -40 -0.56865E-01
5.00 -40 0.48081E-01
10.00 -40 0.17822
15.00 -40 0.25984
20.00 -40 0.25917
25.00 -40 0.18799
30.00 -40 0.82637E-01
35.00 -40 -0.18054E-01
40.00 -40 -0.83705E-01
45.00 -40 -0.98163E-01
50.00 -40 -0.66208E-01
55.00 -40 -0.14280E-01
60.00 -40 0.25862E-01
65.00 -40 0.45154E-01
75.00 -40 0.14514
-45.00 -35 0.13595
-40.00 -35 -0.99180E-02
-35.00 -35 -0.22916E-01
-30.00 -35 0.81144E-01
-25.00 -35 0.19497
-20.00 -35 0.20997
-15.00 -35 0.10395
-10.00 -35 -0.46971E-01
-5.00 -35 -0.13608
0.00 -35 -0.11005
5.00 -35 0.64573E-03
10.00 -35 0.11999
15.00 -35 0.18890
20.00 -35 0.19642
25.00 -35 0.16430
30.00 -35 0.11431
35.00 -35 0.54937E-01
40.00 -35 -0.73208E-02
45.00 -35 -0.56158E-01
-85.00 -30 0.29985
-80.00 -30 0.22538
-70.00 -30 0.20262
-65.00 -30 0.31240
-60.00 -30 0.43181
-55.00 -30 0.45644
-50.00 -30 0.34106
-45.00 -30 0.14833
-40.00 -30 0.35552E-02
-35.00 -30 -0.94052E-02
-30.00 -30 0.80946E-01
-25.00 -30 0.16032
-20.00 -30 0.12880
-15.00 -30 -0.14987E-01
-10.00 -30 -0.17822
-5.00 -30 -0.25710
0.00 -30 -0.22068
5.00 -30 -0.12340
10.00 -30 -0.45155E-01
15.00 -30 -0.22181E-01
20.00 -30 -0.31128E-01
25.00 -30 -0.30586E-01
30.00 -30 -0.95828E-02
35.00 -30 0.60344E-02
40.00 -30 -0.11110E-01
45.00 -30 -0.56187E-01
50.00 -30 -0.96317E-01
55.00 -30 -0.10402
60.00 -30 -0.79690E-01
65.00 -30 -0.38393E-01
70.00 -30 0.19920E-01
80.00 -30 0.25344
85.00 -30 0.39375
-45.00 -25 0.14855
-40.00 -25 0.11081E-01
-35.00 -25 -0.56703E-02
-30.00 -25 0.59271E-01
-25.00 -25 0.91590E-01
-20.00 -25 0.59002E-02
-15.00 -25 -0.17836
-10.00 -25 -0.35718
-5.00 -25 -0.43596
0.00 -25 -0.40823
5.00 -25 -0.34924
10.00 -25 -0.33703
15.00 -25 -0.38002
20.00 -25 -0.41761
25.00 -25 -0.38650
30.00 -25 -0.28417
35.00 -25 -0.16966
40.00 -25 -0.10699
45.00 -25 -0.11022
-75.00 -20 0.14524
-65.00 -20 0.25571
-60.00 -20 0.37024
-55.00 -20 0.39714
-50.00 -20 0.29469
-45.00 -20 0.12345
-40.00 -20 -0.57051E-02
-35.00 -20 -0.32019E-01
-30.00 -20 -0.29799E-03
-25.00 -20 -0.18067E-01
-20.00 -20 -0.15391
-15.00 -20 -0.37231
-10.00 -20 -0.56567
-5.00 -20 -0.65176
0.00 -20 -0.64413
5.00 -20 -0.63044
10.00 -20 -0.68240
15.00 -20 -0.78430
20.00 -20 -0.84675
25.00 -20 -0.78981
30.00 -20 -0.61598
35.00 -20 -0.40768
40.00 -20 -0.25748
45.00 -20 -0.19880
50.00 -20 -0.19635
55.00 -20 -0.19277
60.00 -20 -0.15752
65.00 -20 -0.93426E-01
75.00 -20 0.10306
-70.00 -15 0.11723
-45.00 -15 0.64361E-01
-40.00 -15 -0.61878E-01
-35.00 -15 -0.10605
-30.00 -15 -0.11161
-25.00 -15 -0.17279
-20.00 -15 -0.34180
-15.00 -15 -0.57465
-10.00 -15 -0.76803
-5.00 -15 -0.85255
0.00 -15 -0.85360
5.00 -15 -0.86229
10.00 -15 -0.94425
15.00 -15 -1.0724
20.00 -15 -1.1461
25.00 -15 -1.0782
30.00 -15 -0.86943
35.00 -15 -0.60744
40.00 -15 -0.39567
45.00 -15 -0.28099
70.00 -15 -0.64395E-02
-65.00 -10 0.12178
-60.00 -10 0.19717
-55.00 -10 0.21141
-50.00 -10 0.12267
-45.00 -10 -0.29444E-01
-40.00 -10 -0.16365
-35.00 -10 -0.23532
-30.00 -10 -0.27790
-25.00 -10 -0.36690
-20.00 -10 -0.54099
-15.00 -10 -0.75707
-10.00 -10 -0.92389
-5.00 -10 -0.98374
0.00 -10 -0.96477
5.00 -10 -0.95381
10.00 -10 -1.0144
15.00 -10 -1.1251
20.00 -10 -1.1947
25.00 -10 -1.1381
30.00 -10 -0.94611
35.00 -10 -0.68965
40.00 -10 -0.46233
45.00 -10 -0.31596
50.00 -10 -0.24084
55.00 -10 -0.19507
60.00 -10 -0.14465
65.00 -10 -0.77548E-01
-45.00 -5 -0.14787
-40.00 -5 -0.30258
-35.00 -5 -0.40914
-30.00 -5 -0.48275
-25.00 -5 -0.57750
-20.00 -5 -0.72454
-15.00 -5 -0.89238
-10.00 -5 -1.0090
-5.00 -5 -1.0260
0.00 -5 -0.96455
5.00 -5 -0.89964
10.00 -5 -0.89588
15.00 -5 -0.95239
20.00 -5 -1.0042
25.00 -5 -0.97629
30.00 -5 -0.84229
35.00 -5 -0.63967
40.00 -5 -0.43641
45.00 -5 -0.28300
90.00 0.00 0.45385
-90.00 0.00 0.36915
