-85.00 0.00 0.81769
-80.00 0.00 0.93931
-75.00 0.00 0.91955
-70.00 0.00 0.75284
-65.00 0.00 0.45491
-60.00 0.00 0.82278E-01
-55.00 0.00 -0.27127
-50.00 0.00 -0.51166
-45.00 0.00 -0.58912
-40.00 0.00 -0.51996
-35.00 0.00 -0.37344
-30.00 0.00 -0.23344
-25.00 0.00 -0.15546
-20.00 0.00 -0.13728
-15.00 0.00 -0.11532
-10.00 0.00 0.74396E-02
-5.00 0.00 0.30615
0.00 0.00 0.77338
5.00 0.00 1.2907
10.00 0.00 1.6646
15.00 0.00 1.7229
20.00 0.00 1.4193
25.00 0.00 0.87596
30.00 0.00 0.32391
35.00 0.00 -0.29238E-01
40.00 0.00 -0.11729
45.00 0.00 -0.39101E-01
50.00 0.00 0.27524E-01
55.00 0.00 -0.42468E-01
60.00 0.00 -0.23869
65.00 0.00 -0.43536
70.00 0.00 -0.49102
75.00 0.00 -0.34466
80.00 0.00 -0.55083E-01
85.00 0.00 0.25300
-45.00 5.00 -0.44476
-40.00 5.00 -0.37578
-35.00 5.00 -0.25291
-30.00 5.00 -0.15320
-25.00 5.00 -0.89285E-01
-20.00 5.00 -0.98292E-02
-15.00 5.00 0.15139
-10.00 5.00 0.42059
-5.00 5.00 0.76290
0.00 5.00 1.1007
5.00 5.00 1.3476
10.00 5.00 1.4347
15.00 5.00 1.3258
20.00 5.00 1.0336
25.00 5.00 0.63236
30.00 5.00 0.25020
35.00 5.00 0.20832E-01
40.00 5.00 0.10186E-01
45.00 5.00 0.16652
-65.00 10.00 0.72176
-60.00 10.00 0.37473
-55.00 10.00 0.19496E-01
-50.00 10.00 -0.22182
-45.00 10.00 -0.28633
-40.00 10.00 -0.21453
-35.00 10.00 -0.10889
-30.00 10.00 -0.38710E-01
-25.00 10.00 0.22620E-01
-20.00 10.00 0.16743
-15.00 10.00 0.45610
-10.00 10.00 0.84185
-5.00 10.00 1.1884
0.00 10.00 1.3657
5.00 10.00 1.3369
10.00 10.00 1.1640
15.00 10.00 0.93694
20.00 10.00 0.70321
25.00 10.00 0.46568
30.00 10.00 0.23925
35.00 10.00 0.92232E-01
40.00 10.00 0.11208
45.00 10.00 0.31619
50.00 10.00 0.59605
55.00 10.00 0.76520
60.00 10.00 0.68905
65.00 10.00 0.39323
-70.00 15.00 1.0572
-45.00 15.00 -0.16024
-40.00 15.00 -0.63842E-01
-35.00 15.00 0.59073E-01
-30.00 15.00 0.13288
-25.00 15.00 0.20202
-20.00 15.00 0.38321
-15.00 15.00 0.73206
-10.00 15.00 1.1511
-5.00 15.00 1.4367
0.00 15.00 1.4335
5.00 15.00 1.1612
10.00 15.00 0.79598
15.00 15.00 0.52424
20.00 15.00 0.40254
25.00 15.00 0.34993
30.00 15.00 0.27078
35.00 15.00 0.17966
40.00 15.00 0.19883
45.00 15.00 0.42551
70.00 15.00 0.34687
-75.00 20.00 1.1852
-65.00 20.00 0.92623
-60.00 20.00 0.57091
-55.00 20.00 0.18322
-50.00 20.00 -0.73901E-01
-45.00 20.00 -0.10288
-40.00 20.00 0.50515E-01
-35.00 20.00 0.24268
-30.00 20.00 0.36784
-25.00 20.00 0.45409
-20.00 20.00 0.61869
-15.00 20.00 0.91862
-10.00 20.00 1.2444
-5.00 20.00 1.3762
0.00 20.00 1.1683
5.00 20.00 0.69526
10.00 20.00 0.21636
15.00 20.00 -0.23707E-01
20.00 20.00 0.18378E-01
25.00 20.00 0.17838
30.00 20.00 0.26243
35.00 20.00 0.23964
40.00 20.00 0.26529
45.00 20.00 0.51092
50.00 20.00 0.96258
55.00 20.00 1.3835
60.00 20.00 1.4877
65.00 20.00 1.1757
75.00 20.00 0.16265
-45.00 25.00 -0.13663
-40.00 25.00 0.99564E-01
-35.00 25.00 0.40673
-30.00 25.00 0.62602
-25.00 25.00 0.73453
-20.00 25.00 0.82608
-15.00 25.00 0.96746
-10.00 25.00 1.0798
-5.00 25.00 0.98046
0.00 25.00 0.56348
5.00 25.00 -0.52358E-01
10.00 25.00 -0.56645
15.00 25.00 -0.71590
20.00 25.00 -0.48304
25.00 25.00 -0.98871E-01
30.00 25.00 0.16810
35.00 25.00 0.24833
40.00 25.00 0.31494
45.00 25.00 0.59276
-80.00 30.00 1.1715
-70.00 30.00 1.2261
-65.00 30.00 0.97537
-60.00 30.00 0.53735
-55.00 30.00 0.47142E-01
-50.00 30.00 -0.27514
-45.00 30.00 -0.26578
-40.00 30.00 0.54929E-01
-35.00 30.00 0.49163
-30.00 30.00 0.82159
-25.00 30.00 0.94999
-20.00 30.00 0.93244
-15.00 30.00 0.85439
-10.00 30.00 0.70181
-5.00 30.00 0.36773
0.00 30.00 -0.20092
5.00 30.00 -0.86705
10.00 30.00 -1.3373
15.00 30.00 -1.3677
20.00 30.00 -0.96569
25.00 30.00 -0.39513
30.00 30.00 0.38664E-01
35.00 30.00 0.23886
40.00 30.00 0.37573
45.00 30.00 0.69629
50.00 30.00 1.2567
55.00 30.00 1.8254
60.00 30.00 2.0519
65.00 30.00 1.7575
70.00 30.00 1.0936
80.00 30.00 0.10303
-45.00 35.00 -0.47210
-40.00 35.00 -0.95974E-01
-35.00 35.00 0.44204
-30.00 35.00 0.86319
-25.00 35.00 1.0020
-20.00 35.00 0.87505
-15.00 35.00 0.59312
-10.00 35.00 0.22310
-5.00 35.00 -0.25339
0.00 35.00 -0.84551
5.00 35.00 -1.4353
10.00 35.00 -1.7857
15.00 35.00 -1.7013
20.00 35.00 -1.2029
25.00 35.00 -0.54131
30.00 35.00 -0.10763E-01
35.00 35.00 0.28293
40.00 35.00 0.48899
45.00 35.00 0.84363
-75.00 40.00 1.3263
-65.00 40.00 0.88916
-60.00 40.00 0.34124
-55.00 40.00 -0.26636
-50.00 40.00 -0.68684
-45.00 40.00 -0.71397
-40.00 40.00 -0.33306
-35.00 40.00 0.24486
-30.00 40.00 0.71013
-25.00 40.00 0.84809
-20.00 40.00 0.64603
-15.00 40.00 0.23978
-10.00 40.00 -0.22888
-5.00 40.00 -0.70153
0.00 40.00 -1.1662
5.00 40.00 -1.5589
10.00 40.00 -1.7350
15.00 40.00 -1.5638
20.00 40.00 -1.0635
25.00 40.00 -0.42862
30.00 40.00 0.10184
35.00 40.00 0.43239
40.00 40.00 0.67881
45.00 40.00 1.0399
50.00 40.00 1.5788
55.00 40.00 2.1154
60.00 40.00 2.3401
65.00 40.00 2.0624
75.00 40.00 0.64513
-70.00 45.00 1.2048
-45.00 45.00 -0.93435
-40.00 45.00 -0.60035
-35.00 45.00 -0.51874E-01
-30.00 45.00 0.40411
-25.00 45.00 0.53485
-20.00 45.00 0.31006
-15.00 45.00 -0.12095
-10.00 45.00 -0.56670
-5.00 45.00 -0.91797
0.00 45.00 -1.1616
5.00 45.00 -1.3016
10.00 45.00 -1.2940
15.00 45.00 -1.0731
20.00 45.00 -0.64099
25.00 45.00 -0.11300
30.00 45.00 0.35007
35.00 45.00 0.67238
40.00 45.00 0.92858
45.00 45.00 1.2647
70.00 45.00 1.4580
-65.00 50.00 0.75802
-60.00 50.00 0.15276
-55.00 50.00 -0.48876
-50.00 50.00 -0.95760
-45.00 50.00 -1.0789
-40.00 50.00 -0.82469
-35.00 50.00 -0.35725
-30.00 50.00 0.50043E-01
-25.00 50.00 0.17468
-20.00 50.00 -0.25171E-01
-15.00 50.00 -0.40812
-10.00 50.00 -0.76817
-5.00 50.00 -0.97244
0.00 50.00 -1.0112
5.00 50.00 -0.94047
10.00 50.00 -0.79379
15.00 50.00 -0.55425
20.00 50.00 -0.20431
25.00 50.00 0.21528
30.00 50.00 0.61402
35.00 50.00 0.92843
40.00 50.00 1.1863
45.00 50.00 1.4784
50.00 50.00 1.8485
55.00 50.00 2.2021
60.00 50.00 2.3368
65.00 50.00 2.0902
-85.00 55.00 0.96848
-45.00 55.00 -1.1179
-40.00 55.00 -0.94926
-35.00 55.00 -0.58468
-30.00 55.00 -0.24431
-25.00 55.00 -0.12221
-20.00 55.00 -0.27156
-15.00 55.00 -0.58166
-10.00 55.00 -0.86477
-5.00 55.00 -0.98401
0.00 55.00 -0.92331
5.00 55.00 -0.75428
10.00 55.00 -0.54573
15.00 55.00 -0.30505
20.00 55.00 0.48687E-03
25.00 55.00 0.37788
30.00 55.00 0.77567
35.00 55.00 1.1227
40.00 55.00 1.3963
45.00 55.00 1.6405
85.00 55.00 0.20044
-80.00 60.00 1.2752
-75.00 60.00 1.3448
-70.00 60.00 1.1226
-65.00 60.00 0.65765
-60.00 60.00 0.69200E-01
-55.00 60.00 -0.49549
-50.00 60.00 -0.90135
-45.00 60.00 -1.0598
-40.00 60.00 -0.96211
-35.00 60.00 -0.69781
-30.00 60.00 -0.42884
-25.00 60.00 -0.31277
-20.00 60.00 -0.41323
-15.00 60.00 -0.66224
-10.00 60.00 -0.90960
-5.00 60.00 -1.0256
0.00 60.00 -0.97699
5.00 60.00 -0.81811
10.00 60.00 -0.61460
15.00 60.00 -0.37632
20.00 60.00 -0.62840E-01
25.00 60.00 0.34972
30.00 60.00 0.81434
35.00 60.00 1.2327
40.00 60.00 1.5333
45.00 60.00 1.7283
50.00 60.00 1.8837
55.00 60.00 2.0266
60.00 60.00 2.0817
65.00 60.00 1.9169
70.00 60.00 1.4737
75.00 60.00 0.87028
80.00 60.00 0.36717
-45.00 65.00 -0.94854
-40.00 65.00 -0.90058
-35.00 65.00 -0.72387
-30.00 65.00 -0.52920
-25.00 65.00 -0.43567
-20.00 65.00 -0.50868
-15.00 65.00 -0.71616
-10.00 65.00 -0.94652
-5.00 65.00 -1.0838
0.00 65.00 -1.0803
5.00 65.00 -0.96552
10.00 65.00 -0.78692
15.00 65.00 -0.54633
20.00 65.00 -0.19967
25.00 65.00 0.27641
30.00 65.00 0.82088
35.00 65.00 1.3023
40.00 65.00 1.6108
45.00 65.00 1.7432
-65.00 70.00 0.61018
-60.00 70.00 0.55694E-01
-55.00 70.00 -0.41341
-50.00 70.00 -0.71553
-45.00 70.00 -0.84250
-40.00 70.00 -0.82775
-35.00 70.00 -0.72607
-30.00 70.00 -0.61141
-25.00 70.00 -0.56498
-20.00 70.00 -0.63718
-15.00 70.00 -0.80833
-10.00 70.00 -0.99211
-5.00 70.00 -1.0921
0.00 70.00 -1.0668
5.00 70.00 -0.94172
10.00 70.00 -0.75779
15.00 70.00 -0.51014
20.00 70.00 -0.14870
25.00 70.00 0.35100
30.00 70.00 0.91752
35.00 70.00 1.3972
40.00 70.00 1.6593
45.00 70.00 1.7019
50.00 70.00 1.6531
55.00 70.00 1.6505
60.00 70.00 1.7037
65.00 70.00 1.6760
-70.00 75.00 1.0939
-45.00 75.00 -0.78635
-40.00 75.00 -0.79498
-35.00 75.00 -0.75549
-30.00 75.00 -0.72167
-25.00 75.00 -0.73988
-20.00 75.00 -0.82817
-15.00 75.00 -0.95166
-10.00 75.00 -1.0315
-5.00 75.00 -0.99720
0.00 75.00 -0.84066
5.00 75.00 -0.61677
10.00 75.00 -0.38188
15.00 75.00 -0.12991
20.00 75.00 0.20180
25.00 75.00 0.65072
30.00 75.00 1.1497
35.00 75.00 1.5414
40.00 75.00 1.6941
45.00 75.00 1.6202
70.00 75.00 1.3982
-75.00 80.00 1.3395
-65.00 80.00 0.61195
-60.00 80.00 0.54348E-01
-55.00 80.00 -0.40091
-50.00 80.00 -0.67579
-45.00 80.00 -0.79032
-40.00 80.00 -0.81395
-35.00 80.00 -0.81689
-30.00 80.00 -0.84796
-25.00 80.00 -0.92610
-20.00 80.00 -1.0291
-15.00 80.00 -1.0904
-10.00 80.00 -1.0275
-5.00 80.00 -0.80044
0.00 80.00 -0.45283
5.00 80.00 -0.88220E-01
10.00 80.00 0.21129
15.00 80.00 0.45353
20.00 80.00 0.71969
25.00 80.00 1.0668
30.00 80.00 1.4398
35.00 80.00 1.6898
40.00 80.00 1.6988
45.00 80.00 1.5035
50.00 80.00 1.2897
55.00 80.00 1.2428
60.00 80.00 1.3767
65.00 80.00 1.5047
75.00 80.00 0.99522
-45.00 85.00 -0.82747
-40.00 85.00 -0.85393
-35.00 85.00 -0.87011
-30.00 85.00 -0.93091
-25.00 85.00 -1.0393
-20.00 85.00 -1.1394
-15.00 85.00 -1.1348
-10.00 85.00 -0.94115
-5.00 85.00 -0.55062
0.00 85.00 -0.56334E-01
5.00 85.00 0.39865
10.00 85.00 0.72062
15.00 85.00 0.93034
20.00 85.00 1.1284
25.00 85.00 1.3827
30.00 85.00 1.6404
35.00 85.00 1.7586
40.00 85.00 1.6396
45.00 85.00 1.3501
-80.00 90.00 1.2046
-70.00 90.00 1.1255
-65.00 90.00 0.66232
-60.00 90.00 0.91167E-01
-55.00 90.00 -0.40671
-50.00 90.00 -0.72155
-45.00 90.00 -0.84884
-40.00 90.00 -0.86295
-35.00 90.00 -0.86151
-30.00 90.00 -0.91073
-25.00 90.00 -1.0094
-20.00 90.00 -1.0838
-15.00 90.00 -1.0248
-10.00 90.00 -0.75758
-5.00 90.00 -0.30469
0.00 90.00 0.21017
5.00 90.00 0.63670
10.00 90.00 0.90185
15.00 90.00 1.0563
20.00 90.00 1.2150
25.00 90.00 1.4350
30.00 90.00 1.6429
35.00 90.00 1.6894
40.00 90.00 1.4965
45.00 90.00 1.1636
50.00 90.00 0.92197
55.00 90.00 0.95295
60.00 90.00 1.2207
65.00 90.00 1.4754
70.00 90.00 1.4453
80.00 90.00 0.56472
-45.00 95.00 -0.80731
-40.00 95.00 -0.79652
-35.00 95.00 -0.75840
-30.00 95.00 -0.76944
-25.00 95.00 -0.83062
-20.00 95.00 -0.86586
-15.00 95.00 -0.77229
-10.00 95.00 -0.49752
-5.00 95.00 -0.91381E-01
0.00 95.00 0.31496
5.00 95.00 0.59856
10.00 95.00 0.73736
15.00 95.00 0.82429
20.00 95.00 0.97928
25.00 95.00 1.2274
30.00 95.00 1.4543
35.00 95.00 1.4940
40.00 95.00 1.2857
45.00 95.00 0.96120
-75.00 100.00 1.2545
-65.00 100.00 0.73719
-60.00 100.00 0.21470
-55.00 100.00 -0.26756
-50.00 100.00 -0.57647
-45.00 100.00 -0.67809
-40.00 100.00 -0.63681
-35.00 100.00 -0.56193
-30.00 100.00 -0.53440
-25.00 100.00 -0.55622
-20.00 100.00 -0.55504
-15.00 100.00 -0.44467
-10.00 100.00 -0.20178
-5.00 100.00 0.10075
0.00 100.00 0.33868
5.00 100.00 0.43358
10.00 100.00 0.42466
15.00 100.00 0.44596
20.00 100.00 0.61364
25.00 100.00 0.91197
30.00 100.00 1.1827
35.00 100.00 1.2446
40.00 100.00 1.0548
45.00 100.00 0.77207
50.00 100.00 0.65143
55.00 100.00 0.83982
60.00 100.00 1.2387
65.00 100.00 1.5573
75.00 100.00 1.1280
-70.00 105.00 1.0951
-45.00 105.00 -0.46804
-40.00 105.00 -0.39525
-35.00 105.00 -0.29517
-30.00 105.00 -0.24592
-25.00 105.00 -0.24459
-20.00 105.00 -0.22049
-15.00 105.00 -0.10340
-10.00 105.00 0.10394
-5.00 105.00 0.31084
0.00 105.00 0.40276
5.00 105.00 0.34056
10.00 105.00 0.21139
15.00 105.00 0.17626
20.00 105.00 0.34254
25.00 105.00 0.66211
30.00 105.00 0.94937
35.00 105.00 1.0213
40.00 105.00 0.85443
45.00 105.00 0.62443
70.00 105.00 1.5602
-85.00 110.00 0.75358
-65.00 110.00 0.74555
-60.00 110.00 0.34996
-55.00 110.00 -0.59196E-02
-50.00 110.00 -0.20291
-45.00 110.00 -0.21346
-40.00 110.00 -0.10513
-35.00 110.00 0.14778E-01
-30.00 110.00 0.75939E-01
-25.00 110.00 0.89443E-01
-20.00 110.00 0.12669
-15.00 110.00 0.24698
-10.00 110.00 0.43081
-5.00 110.00 0.57787
0.00 110.00 0.58135
5.00 110.00 0.42462
10.00 110.00 0.21758
15.00 110.00 0.12944
20.00 110.00 0.25918
25.00 110.00 0.54602
30.00 110.00 0.80295
35.00 110.00 0.86050
40.00 110.00 0.71147
45.00 110.00 0.53322
50.00 110.00 0.55533
55.00 110.00 0.86817
60.00 110.00 1.3266
65.00 110.00 1.6367
85.00 110.00 0.33387
-45.00 115.00 0.29628E-01
-40.00 115.00 0.18599
-35.00 115.00 0.34035
-30.00 115.00 0.43012
-25.00 115.00 0.46940
-20.00 115.00 0.52445
-15.00 115.00 0.64478
-10.00 115.00 0.80454
-5.00 115.00 0.90642
0.00 115.00 0.85406
5.00 115.00 0.64049
10.00 115.00 0.37701
15.00 115.00 0.22701
20.00 115.00 0.28568
25.00 115.00 0.50015
30.00 115.00 0.70302
35.00 115.00 0.74455
40.00 115.00 0.62209
45.00 115.00 0.49616
-80.00 120.00 0.80048
-75.00 120.00 0.85881
-70.00 120.00 0.77309
-65.00 120.00 0.55409
-60.00 120.00 0.29020
-55.00 120.00 0.10088
-50.00 120.00 0.69232E-01
-45.00 120.00 0.19896
-40.00 120.00 0.42053
-35.00 120.00 0.64012
-30.00 120.00 0.79810
-25.00 120.00 0.89787
-20.00 120.00 0.98568
-15.00 120.00 1.0962
-10.00 120.00 1.2065
-5.00 120.00 1.2387
0.00 120.00 1.1181
5.00 120.00 0.84510
10.00 120.00 0.52193
15.00 120.00 0.29916
20.00 120.00 0.27346
25.00 120.00 0.41336
30.00 120.00 0.57995
35.00 120.00 0.63716
40.00 120.00 0.56840
45.00 120.00 0.49980
50.00 120.00 0.59871
55.00 120.00 0.92080
60.00 120.00 1.3320
65.00 120.00 1.5823
70.00 120.00 1.4876
75.00 120.00 1.0791
80.00 120.00 0.60223
-45.00 125.00 0.24126
-40.00 125.00 0.53719
-35.00 125.00 0.84752
-30.00 125.00 1.1089
-25.00 125.00 1.2984
-20.00 125.00 1.4263
-15.00 125.00 1.5070
-10.00 125.00 1.5298
-5.00 125.00 1.4545
0.00 125.00 1.2419
5.00 125.00 0.90298
10.00 125.00 0.52472
15.00 125.00 0.23953
20.00 125.00 0.14679
25.00 125.00 0.24151
30.00 125.00 0.41313
35.00 125.00 0.52848
40.00 125.00 0.54013
45.00 125.00 0.52844
-65.00 130.00 0.90291E-01
-60.00 130.00 -0.12047
-55.00 130.00 -0.20687
-50.00 130.00 -0.12065
-45.00 130.00 0.12802
-40.00 130.00 0.48652
-35.00 130.00 0.88361
-30.00 130.00 1.2479
-25.00 130.00 1.5219
-20.00 130.00 1.6730
-15.00 130.00 1.6974
-10.00 130.00 1.6083
-5.00 130.00 1.4177
0.00 130.00 1.1305
5.00 130.00 0.76529
10.00 130.00 0.38229
15.00 130.00 0.84171E-01
20.00 130.00 -0.32689E-01
25.00 130.00 0.52758E-01
30.00 130.00 0.25794
35.00 130.00 0.44852
40.00 130.00 0.54052
45.00 130.00 0.56742
50.00 130.00 0.64492
55.00 130.00 0.85278
60.00 130.00 1.1354
65.00 130.00 1.3196
-70.00 135.00 0.57254E-01
-45.00 135.00 -0.13221
-40.00 135.00 0.25369
-35.00 135.00 0.69599
-30.00 135.00 1.1173
-25.00 135.00 1.4295
-20.00 135.00 1.5653
-15.00 135.00 1.5130
-10.00 135.00 1.3207
-5.00 135.00 1.0591
0.00 135.00 0.77469
5.00 135.00 0.48057
10.00 135.00 0.19145
15.00 135.00 -0.38431E-01
20.00 135.00 -0.12763
25.00 135.00 -0.31993E-01
30.00 135.00 0.19837
35.00 135.00 0.43647
40.00 135.00 0.57145
45.00 135.00 0.59925
70.00 135.00 1.0830
-75.00 140.00 0.93759E-01
-65.00 140.00 -0.56941
-60.00 140.00 -0.80471
-55.00 140.00 -0.86825
-50.00 140.00 -0.75264
-45.00 140.00 -0.49104
-40.00 140.00 -0.12461
-35.00 140.00 0.29964
-30.00 140.00 0.70755
-25.00 140.00 0.99681
-20.00 140.00 1.0819
-15.00 140.00 0.95491
-10.00 140.00 0.70162
-5.00 140.00 0.44551
0.00 140.00 0.26348
5.00 140.00 0.14877
10.00 140.00 0.54374E-01
15.00 140.00 -0.30340E-01
20.00 140.00 -0.52224E-01
25.00 140.00 0.50659E-01
30.00 140.00 0.26688
35.00 140.00 0.49333
40.00 140.00 0.61267
45.00 140.00 0.59909
50.00 140.00 0.54606
55.00 140.00 0.57830
60.00 140.00 0.72545
65.00 140.00 0.88133
75.00 140.00 0.73086
-45.00 145.00 -0.87164
-40.00 145.00 -0.56393
-35.00 145.00 -0.21313
-30.00 145.00 0.12476
-25.00 145.00 0.35396
-20.00 145.00 0.38654
-15.00 145.00 0.21963
-10.00 145.00 -0.36824E-01
-5.00 145.00 -0.22478
0.00 145.00 -0.24946
5.00 145.00 -0.13957
10.00 145.00 -0.14127E-02
15.00 145.00 0.88070E-01
20.00 145.00 0.14524
25.00 145.00 0.24051
30.00 145.00 0.40105
35.00 145.00 0.56101
40.00 145.00 0.61736
45.00 145.00 0.53850
-80.00 150.00 0.87535E-01
-70.00 150.00 -0.79360
-65.00 150.00 -1.2221
-60.00 150.00 -1.4773
-55.00 150.00 -1.5173
-50.00 150.00 -1.3942
-45.00 150.00 -1.1922
-40.00 150.00 -0.96006
-35.00 150.00 -0.70715
-30.00 150.00 -0.45560
-25.00 150.00 -0.27690
-20.00 150.00 -0.25508
-15.00 150.00 -0.40176
-10.00 150.00 -0.61161
-5.00 150.00 -0.71872
0.00 150.00 -0.61748
5.00 150.00 -0.34191
10.00 150.00 -0.29863E-01
15.00 150.00 0.19480
20.00 150.00 0.31206
25.00 150.00 0.38775
30.00 150.00 0.47627
35.00 150.00 0.55055
40.00 150.00 0.53395
45.00 150.00 0.39949
50.00 150.00 0.22722
55.00 150.00 0.14984
60.00 150.00 0.23247
65.00 150.00 0.40668
70.00 150.00 0.53114
80.00 150.00 0.44506
-45.00 155.00 -1.3920
-40.00 155.00 -1.2280
-35.00 155.00 -1.0641
-30.00 155.00 -0.87796
-25.00 155.00 -0.70741
-20.00 155.00 -0.63505
-15.00 155.00 -0.70206
-10.00 155.00 -0.84046
-5.00 155.00 -0.90278
0.00 155.00 -0.77406
5.00 155.00 -0.46616
10.00 155.00 -0.10667
15.00 155.00 0.16657
20.00 155.00 0.30590
25.00 155.00 0.35968
30.00 155.00 0.39086
35.00 155.00 0.40114
40.00 155.00 0.34112
45.00 155.00 0.19109
-75.00 160.00 -0.65273
-65.00 160.00 -1.6600
-60.00 160.00 -1.8598
-55.00 160.00 -1.8104
-50.00 160.00 -1.6270
-45.00 160.00 -1.4482
-40.00 160.00 -1.3304
-35.00 160.00 -1.2289
-30.00 160.00 -1.0774
-25.00 160.00 -0.87978
-20.00 160.00 -0.72052
-15.00 160.00 -0.68205
-10.00 160.00 -0.75262
-5.00 160.00 -0.81974
0.00 160.00 -0.76057
5.00 160.00 -0.54547
10.00 160.00 -0.25898
15.00 160.00 -0.23101E-01
20.00 160.00 0.99795E-01
25.00 160.00 0.13460
30.00 160.00 0.13738
35.00 160.00 0.12536
40.00 160.00 0.69927E-01
45.00 160.00 -0.44965E-01
50.00 160.00 -0.17057
55.00 160.00 -0.21406
60.00 160.00 -0.11917
65.00 160.00 0.75641E-01
75.00 160.00 0.37597
-85.00 165.00 0.23637
-70.00 165.00 -1.3474
-45.00 165.00 -1.3766
-40.00 165.00 -1.2800
-35.00 165.00 -1.2154
-30.00 165.00 -1.0853
-25.00 165.00 -0.86692
-20.00 165.00 -0.64260
-15.00 165.00 -0.52532
-10.00 165.00 -0.55188
-5.00 165.00 -0.64644
0.00 165.00 -0.68630
5.00 165.00 -0.60553
10.00 165.00 -0.44114
15.00 165.00 -0.28644
20.00 165.00 -0.20528
25.00 165.00 -0.19028
30.00 165.00 -0.19526
35.00 165.00 -0.19529
40.00 165.00 -0.20626
45.00 165.00 -0.24732
70.00 165.00 0.19689
85.00 165.00 0.45835
-65.00 170.00 -1.7866
-60.00 170.00 -1.8679
-55.00 170.00 -1.6992
-50.00 170.00 -1.4298
-45.00 170.00 -1.2177
-40.00 170.00 -1.1210
-35.00 170.00 -1.0756
-30.00 170.00 -0.97689
-25.00 170.00 -0.78718
-20.00 170.00 -0.57384
-15.00 170.00 -0.44706
-10.00 170.00 -0.45958
-5.00 170.00 -0.56144
0.00 170.00 -0.64700
5.00 170.00 -0.64564
10.00 170.00 -0.57167
15.00 170.00 -0.49447
20.00 170.00 -0.46630
25.00 170.00 -0.47973
30.00 170.00 -0.48876
35.00 170.00 -0.46212
40.00 170.00 -0.41033
45.00 170.00 -0.36256
50.00 170.00 -0.32480
55.00 170.00 -0.26821
60.00 170.00 -0.15984
65.00 170.00 -0.38188E-03
-45.00 175.00 -1.0198
-40.00 175.00 -0.90453
-35.00 175.00 -0.86283
-30.00 175.00 -0.81129
-25.00 175.00 -0.71167
-20.00 175.00 -0.59962
-15.00 175.00 -0.54062
-10.00 175.00 -0.56164
-5.00 175.00 -0.62448
0.00 175.00 -0.66319
5.00 175.00 -0.64562
10.00 175.00 -0.59931
15.00 175.00 -0.57901
20.00 175.00 -0.61011
25.00 175.00 -0.66256
30.00 175.00 -0.67789
35.00 175.00 -0.62034
40.00 175.00 -0.50364
45.00 175.00 -0.37220
-80.00 180.00 -0.39136
-75.00 180.00 -0.95211
-70.00 180.00 -1.4088
-65.00 180.00 -1.6412
-60.00 180.00 -1.6099
-55.00 180.00 -1.3792
-50.00 180.00 -1.0778
-45.00 180.00 -0.82473
-40.00 180.00 -0.67479
-35.00 180.00 -0.61701
-30.00 180.00 -0.61388
-25.00 180.00 -0.63957
-20.00 180.00 -0.68585
-15.00 180.00 -0.74142
-10.00 180.00 -0.77717
-5.00 180.00 -0.76008
0.00 180.00 -0.68542
5.00 180.00 -0.59314
10.00 180.00 -0.54603
15.00 180.00 -0.58228
20.00 180.00 -0.68141
25.00 180.00 -0.77321
30.00 180.00 -0.78412
35.00 180.00 -0.68480
40.00 180.00 -0.50401
45.00 180.00 -0.30312
50.00 180.00 -0.13508
55.00 180.00 -0.18055E-01
60.00 180.00 0.63983E-01
65.00 180.00 0.14228
70.00 180.00 0.24192
75.00 180.00 0.36385
80.00 180.00 0.47893
-45.00 -175 -0.66302
-40.00 -175 -0.46851
-35.00 -175 -0.37492
-30.00 -175 -0.40387
-25.00 -175 -0.54938
-20.00 -175 -0.75533
-15.00 -175 -0.92307
-10.00 -175 -0.96162
-5.00 -175 -0.84959
0.00 -175 -0.65803
5.00 -175 -0.50869
10.00 -175 -0.49393
15.00 -175 -0.61625
20.00 -175 -0.79049
25.00 -175 -0.90245
30.00 -175 -0.87769
35.00 -175 -0.71454
40.00 -175 -0.46918
45.00 -175 -0.21549
-65.00 -170 -1.3431
-60.00 -170 -1.2564
-55.00 -170 -1.0590
-50.00 -170 -0.81262
-45.00 -170 -0.55174
-40.00 -170 -0.31687
-35.00 -170 -0.18212
-30.00 -170 -0.22687
-25.00 -170 -0.46317
-20.00 -170 -0.78882
-15.00 -170 -1.0277
-10.00 -170 -1.0442
-5.00 -170 -0.84532
0.00 -170 -0.58230
5.00 -170 -0.44436
10.00 -170 -0.52536
15.00 -170 -0.76552
20.00 -170 -1.0057
25.00 -170 -1.1011
30.00 -170 -1.0030
35.00 -170 -0.75977
40.00 -170 -0.45981
45.00 -170 -0.17585
50.00 -170 0.52518E-01
55.00 -170 0.20988
60.00 -170 0.29973
65.00 -170 0.34942
-70.00 -165 -1.1304
-45.00 -165 -0.49309
-40.00 -165 -0.23935
-35.00 -165 -0.83267E-01
-30.00 -165 -0.14806
-25.00 -165 -0.45235
-20.00 -165 -0.85067
-15.00 -165 -1.1099
-10.00 -165 -1.0779
-5.00 -165 -0.80693
0.00 -165 -0.52202
5.00 -165 -0.45210
10.00 -165 -0.66092
15.00 -165 -1.0112
20.00 -165 -1.2799
25.00 -165 -1.3188
30.00 -165 -1.1314
35.00 -165 -0.82538
40.00 -165 -0.50920
45.00 -165 -0.23099
70.00 -165 0.49617
-75.00 -160 -0.81993
-65.00 -160 -1.0200
-60.00 -160 -0.93364
-55.00 -160 -0.82310
-50.00 -160 -0.68158
-45.00 -160 -0.47304
-40.00 -160 -0.23112
-35.00 -160 -0.92412E-01
-30.00 -160 -0.20358
-25.00 -160 -0.57338
-20.00 -160 -1.0155
-15.00 -160 -1.2612
-10.00 -160 -1.1662
-5.00 -160 -0.83490
0.00 -160 -0.54810
5.00 -160 -0.54526
10.00 -160 -0.84303
15.00 -160 -1.2368
20.00 -160 -1.4723
25.00 -160 -1.4316
30.00 -160 -1.1830
35.00 -160 -0.87936
40.00 -160 -0.61851
45.00 -160 -0.39525
50.00 -160 -0.16160
55.00 -160 0.90972E-01
60.00 -160 0.31869
65.00 -160 0.48169
75.00 -160 0.67281
-45.00 -155 -0.46482
-40.00 -155 -0.25779
-35.00 -155 -0.17099
-30.00 -155 -0.35497
-25.00 -155 -0.79537
-20.00 -155 -1.2704
-15.00 -155 -1.4952
-10.00 -155 -1.3459
-5.00 -155 -0.96997
0.00 -155 -0.67537
5.00 -155 -0.68744
10.00 -155 -0.97894
15.00 -155 -1.3138
20.00 -155 -1.4540
25.00 -155 -1.3409
30.00 -155 -1.1012
35.00 -155 -0.89694
40.00 -155 -0.77510
45.00 -155 -0.65295
-80.00 -150 -0.37785
-70.00 -150 -0.79494
-65.00 -150 -0.76577
-60.00 -150 -0.70583
-55.00 -150 -0.66161
-50.00 -150 -0.58955
-45.00 -150 -0.44051
-40.00 -150 -0.26978
-35.00 -150 -0.24208
-30.00 -150 -0.49819
-25.00 -150 -0.99719
-20.00 -150 -1.4954
-15.00 -150 -1.7100
-10.00 -150 -1.5408
-5.00 -150 -1.1547
0.00 -150 -0.85094
5.00 -150 -0.82115
10.00 -150 -1.0113
15.00 -150 -1.2008
20.00 -150 -1.2142
25.00 -150 -1.0670
30.00 -150 -0.92007
35.00 -150 -0.90122
40.00 -150 -0.97301
45.00 -150 -0.96823
50.00 -150 -0.74839
55.00 -150 -0.32732
60.00 -150 0.15036
65.00 -150 0.53643
70.00 -150 0.77599
80.00 -150 0.89144
-45.00 -145 -0.38687
-40.00 -145 -0.23297
-35.00 -145 -0.24044
-30.00 -145 -0.53357
-25.00 -145 -1.0521
-20.00 -145 -1.5517
-15.00 -145 -1.7713
-10.00 -145 -1.6315
-5.00 -145 -1.2901
0.00 -145 -1.0027
5.00 -145 -0.91301
10.00 -145 -0.96059
15.00 -145 -0.97985
20.00 -145 -0.88548
25.00 -145 -0.76095
30.00 -145 -0.76685
35.00 -145 -0.96212
40.00 -145 -1.2150
45.00 -145 -1.2924
-85.00 -140 0.94603E-01
-75.00 -140 -0.54968
-65.00 -140 -0.62307
-60.00 -140 -0.59970
-55.00 -140 -0.57024
-50.00 -140 -0.48256
-45.00 -140 -0.31526
-40.00 -140 -0.15473
-35.00 -140 -0.16311
-30.00 -140 -0.44560
-25.00 -140 -0.93431
-20.00 -140 -1.4070
-15.00 -140 -1.6406
-10.00 -140 -1.5729
-5.00 -140 -1.3296
0.00 -140 -1.0995
5.00 -140 -0.97462
10.00 -140 -0.90536
15.00 -140 -0.80096
20.00 -140 -0.66473
25.00 -140 -0.61950
30.00 -140 -0.78912
35.00 -140 -1.1485
40.00 -140 -1.4926
45.00 -140 -1.5659
50.00 -140 -1.2464
55.00 -140 -0.62603
60.00 -140 0.70059E-01
65.00 -140 0.63913
75.00 -140 1.1338
85.00 -140 0.82678
-70.00 -135 -0.57229
-45.00 -135 -0.25609
-40.00 -135 -0.82615E-01
-35.00 -135 -0.77135E-01
-30.00 -135 -0.32319
-25.00 -135 -0.75295
-20.00 -135 -1.1795
-15.00 -135 -1.4262
-10.00 -135 -1.4442
-5.00 -135 -1.3179
0.00 -135 -1.1662
5.00 -135 -1.0404
10.00 -135 -0.91658
15.00 -135 -0.77742
20.00 -135 -0.68630
25.00 -135 -0.76038
30.00 -135 -1.0546
35.00 -135 -1.4659
40.00 -135 -1.7610
45.00 -135 -1.7202
70.00 -135 1.1239
-65.00 -130 -0.57549
-60.00 -130 -0.60143
-55.00 -130 -0.56917
-50.00 -130 -0.44017
-45.00 -130 -0.23823
-40.00 -130 -0.71296E-01
-35.00 -130 -0.71073E-01
-30.00 -130 -0.29444
-25.00 -130 -0.67201
-20.00 -130 -1.0516
-15.00 -130 -1.3004
-10.00 -130 -1.3802
-5.00 -130 -1.3387
0.00 -130 -1.2425
5.00 -130 -1.1260
10.00 -130 -1.0029
15.00 -130 -0.91378
20.00 -130 -0.93965
25.00 -130 -1.1447
30.00 -130 -1.4934
35.00 -130 -1.8260
40.00 -130 -1.9342
45.00 -130 -1.6887
50.00 -130 -1.1179
55.00 -130 -0.38061
60.00 -130 0.33681
65.00 -130 0.90628
-45.00 -125 -0.26586
-40.00 -125 -0.13863
-35.00 -125 -0.18250
-30.00 -125 -0.42099
-25.00 -125 -0.77477
-20.00 -125 -1.1164
-15.00 -125 -1.3483
-10.00 -125 -1.4428
-5.00 -125 -1.4248
0.00 -125 -1.3342
5.00 -125 -1.2119
10.00 -125 -1.1145
15.00 -125 -1.1195
20.00 -125 -1.2876
25.00 -125 -1.5988
30.00 -125 -1.9240
35.00 -125 -2.0750
40.00 -125 -1.9120
45.00 -125 -1.4282
-80.00 -120 -0.10738
-75.00 -120 -0.28798
-70.00 -120 -0.42837
-65.00 -120 -0.55420
-60.00 -120 -0.63160
-55.00 -120 -0.60538
-50.00 -120 -0.47119
-45.00 -120 -0.30934
-40.00 -120 -0.24377
-35.00 -120 -0.35752
-30.00 -120 -0.63608
-25.00 -120 -0.98292
-20.00 -120 -1.2870
-15.00 -120 -1.4814
-10.00 -120 -1.5533
-5.00 -120 -1.5187
0.00 -120 -1.4066
5.00 -120 -1.2707
10.00 -120 -1.2008
15.00 -120 -1.2904
20.00 -120 -1.5629
25.00 -120 -1.9153
30.00 -120 -2.1457
35.00 -120 -2.0671
40.00 -120 -1.6282
45.00 -120 -0.94423
50.00 -120 -0.21122
55.00 -120 0.42312
60.00 -120 0.92194
65.00 -120 1.3105
70.00 -120 1.5784
75.00 -120 1.6428
80.00 -120 1.4225
-45.00 -115 -0.31901
-40.00 -115 -0.30676
-35.00 -115 -0.47770
-30.00 -115 -0.78054
-25.00 -115 -1.1030
-20.00 -115 -1.3527
-15.00 -115 -1.4987
-10.00 -115 -1.5516
-5.00 -115 -1.5243
0.00 -115 -1.4287
5.00 -115 -1.3105
10.00 -115 -1.2646
15.00 -115 -1.3842
20.00 -115 -1.6658
25.00 -115 -1.9604
30.00 -115 -2.0380
35.00 -115 -1.7388
40.00 -115 -1.0930
45.00 -115 -0.30465
-65.00 -110 -0.47752
-60.00 -110 -0.57951
-55.00 -110 -0.54209
-50.00 -110 -0.39234
-45.00 -110 -0.25477
-40.00 -110 -0.25895
-35.00 -110 -0.43879
-30.00 -110 -0.71476
-25.00 -110 -0.96984
-20.00 -110 -1.1422
-15.00 -110 -1.2489
-10.00 -110 -1.3322
-5.00 -110 -1.3970
0.00 -110 -1.4139
5.00 -110 -1.3795
10.00 -110 -1.3560
15.00 -110 -1.4267
20.00 -110 -1.5935
25.00 -110 -1.7221
30.00 -110 -1.6101
35.00 -110 -1.1431
40.00 -110 -0.40387
45.00 -110 0.36995
50.00 -110 0.95512
55.00 -110 1.2940
60.00 -110 1.4946
65.00 -110 1.6827
-70.00 -105 -0.22553
-45.00 -105 -0.11245
-40.00 -105 -0.89700E-01
-35.00 -105 -0.22447
-30.00 -105 -0.42242
-25.00 -105 -0.57584
-20.00 -105 -0.66430
-15.00 -105 -0.76007
-10.00 -105 -0.93819
-5.00 -105 -1.1864
0.00 -105 -1.4081
5.00 -105 -1.5140
10.00 -105 -1.5037
15.00 -105 -1.4497
20.00 -105 -1.3963
25.00 -105 -1.2825
30.00 -105 -0.98066
35.00 -105 -0.42636
40.00 -105 0.28477
45.00 -105 0.93973
70.00 -105 1.9473
-75.00 -100 0.18590E-01
-65.00 -100 -0.30669
-60.00 -100 -0.40109
-55.00 -100 -0.33099
-50.00 -100 -0.12866
-45.00 -100 0.71180E-01
-40.00 -100 0.14426
-35.00 -100 0.80041E-01
-30.00 -100 -0.25937E-01
-25.00 -100 -0.83165E-01
-20.00 -100 -0.11026
-15.00 -100 -0.22568
-10.00 -100 -0.52907
-5.00 -100 -0.98576
0.00 -100 -1.4274
5.00 -100 -1.6713
10.00 -100 -1.6491
15.00 -100 -1.4280
20.00 -100 -1.1167
25.00 -100 -0.75776
30.00 -100 -0.31611
35.00 -100 0.23263
40.00 -100 0.81702
45.00 -100 1.2912
50.00 -100 1.5538
55.00 -100 1.6446
60.00 -100 1.7100
65.00 -100 1.8530
75.00 -100 1.9813
-45.00 -95 0.23889
-40.00 -95 0.35393
-35.00 -95 0.34472
-30.00 -95 0.29845
-25.00 -95 0.29115
-20.00 -95 0.28451
-15.00 -95 0.14010
-10.00 -95 -0.25072
-5.00 -95 -0.83793
0.00 -95 -1.4083
5.00 -95 -1.7185
10.00 -95 -1.6540
15.00 -95 -1.2830
20.00 -95 -0.77180
25.00 -95 -0.25330
30.00 -95 0.23186
35.00 -95 0.68862
40.00 -95 1.0915
45.00 -95 1.3764
-80.00 -90 0.24840
-70.00 -90 0.83588E-01
-65.00 -90 -0.65790E-01
-60.00 -90 -0.15211
-55.00 -90 -0.84778E-01
-50.00 -90 0.12035
-45.00 -90 0.34598
-40.00 -90 0.47333
-35.00 -90 0.48029
-30.00 -90 0.44115
-25.00 -90 0.42731
-20.00 -90 0.40859
-15.00 -90 0.25980
-10.00 -90 -0.12104
-5.00 -90 -0.68742
0.00 -90 -1.2318
5.00 -90 -1.5085
10.00 -90 -1.3946
15.00 -90 -0.95773
20.00 -90 -0.38623
25.00 -90 0.14608
30.00 -90 0.56402
35.00 -90 0.87342
40.00 -90 1.0939
45.00 -90 1.2284
50.00 -90 1.2958
55.00 -90 1.3661
60.00 -90 1.5269
65.00 -90 1.7870
70.00 -90 2.0150
80.00 -90 1.6310
-85.00 -85 0.36724
-45.00 -85 0.38493
-40.00 -85 0.49712
-35.00 -85 0.49059
-30.00 -85 0.42516
-25.00 -85 0.37577
-20.00 -85 0.34165
-15.00 -85 0.23582
-10.00 -85 -0.27803E-01
-5.00 -85 -0.42811
0.00 -85 -0.81384
5.00 -85 -0.99380
10.00 -85 -0.86817
15.00 -85 -0.49244
20.00 -85 -0.27042E-01
25.00 -85 0.37538
30.00 -85 0.64871
35.00 -85 0.80836
40.00 -85 0.89668
45.00 -85 0.94842
85.00 -85 1.0001
-75.00 -80 0.36097
-65.00 -80 0.19178
-60.00 -80 0.97921E-01
-55.00 -80 0.10732
-50.00 -80 0.22977
-45.00 -80 0.38691
-40.00 -80 0.47672
-35.00 -80 0.45715
-30.00 -80 0.37248
-25.00 -80 0.30076
-20.00 -80 0.27477
-15.00 -80 0.25249
-10.00 -80 0.16505
-5.00 -80 -0.48338E-02
0.00 -80 -0.18962
5.00 -80 -0.28201
10.00 -80 -0.21775
15.00 -80 -0.22701E-01
20.00 -80 0.21349
25.00 -80 0.40651
30.00 -80 0.52589
35.00 -80 0.58948
40.00 -80 0.62811
45.00 -80 0.66785
50.00 -80 0.74362
55.00 -80 0.90878
60.00 -80 1.2004
65.00 -80 1.5731
75.00 -80 1.8958
-70.00 -75 0.40561
-45.00 -75 0.40105
-40.00 -75 0.48105
-35.00 -75 0.47238
-30.00 -75 0.40306
-25.00 -75 0.34621
-20.00 -75 0.35587
-15.00 -75 0.42498
-10.00 -75 0.49847
-5.00 -75 0.52340
0.00 -75 0.48841
5.00 -75 0.42149
10.00 -75 0.35765
15.00 -75 0.31290
20.00 -75 0.28651
25.00 -75 0.27918
30.00 -75 0.29956
35.00 -75 0.35140
40.00 -75 0.42253
45.00 -75 0.49925
70.00 -75 1.7446
-65.00 -70 0.42145
-60.00 -70 0.33667
-55.00 -70 0.30714
-50.00 -70 0.36172
-45.00 -70 0.46575
-40.00 -70 0.55114
-35.00 -70 0.57312
-30.00 -70 0.54615
-25.00 -70 0.53078
-20.00 -70 0.58478
-15.00 -70 0.71856
-10.00 -70 0.88668
-5.00 -70 1.0156
0.00 -70 1.0432
5.00 -70 0.94427
10.00 -70 0.73751
15.00 -70 0.47817
20.00 -70 0.24337
25.00 -70 0.10678
30.00 -70 0.10530
35.00 -70 0.21596
40.00 -70 0.36794
45.00 -70 0.49406
50.00 -70 0.58799
55.00 -70 0.71434
60.00 -70 0.94783
65.00 -70 1.2806
-45.00 -65 0.58913
-40.00 -65 0.67831
-35.00 -65 0.72073
-30.00 -65 0.72730
-25.00 -65 0.74786
-20.00 -65 0.83276
-15.00 -65 0.99393
-10.00 -65 1.1909
-5.00 -65 1.3465
0.00 -65 1.3799
5.00 -65 1.2424
10.00 -65 0.94328
15.00 -65 0.55887
20.00 -65 0.21252
25.00 -65 0.24381E-01
30.00 -65 0.48731E-01
35.00 -65 0.23800
40.00 -65 0.46836
45.00 -65 0.62221
-80.00 -60 0.55151
-75.00 -60 0.60175
-70.00 -60 0.61479
-65.00 -60 0.58704
-60.00 -60 0.55884
-55.00 -60 0.57690
-50.00 -60 0.65131
-45.00 -60 0.74719
-40.00 -60 0.81552
-35.00 -60 0.83537
-30.00 -60 0.83214
-25.00 -60 0.85871
-20.00 -60 0.95683
-15.00 -60 1.1275
-10.00 -60 1.3267
-5.00 -60 1.4819
0.00 -60 1.5173
5.00 -60 1.3815
10.00 -60 1.0748
15.00 -60 0.66884
20.00 -60 0.29618
25.00 -60 0.97034E-01
30.00 -60 0.14061
35.00 -60 0.37249
40.00 -60 0.63829
45.00 -60 0.78344
50.00 -60 0.76371
55.00 -60 0.67790
60.00 -60 0.68580
65.00 -60 0.86726
70.00 -60 1.1363
75.00 -60 1.2934
80.00 -60 1.1808
-45.00 -55 0.89660
-40.00 -55 0.90801
-35.00 -55 0.85234
-30.00 -55 0.79098
-25.00 -55 0.79827
-20.00 -55 0.90970
-15.00 -55 1.1021
-10.00 -55 1.3129
-5.00 -55 1.4724
0.00 -55 1.5237
5.00 -55 1.4287
10.00 -55 1.1797
15.00 -55 0.82276
20.00 -55 0.46875
25.00 -55 0.25739
30.00 -55 0.27635
35.00 -55 0.48868
40.00 -55 0.73786
45.00 -55 0.84859
-65.00 -50 0.64723
-60.00 -50 0.69046
-55.00 -50 0.80374
-50.00 -50 0.93498
-45.00 -50 0.99186
-40.00 -50 0.91987
-35.00 -50 0.75818
-30.00 -50 0.62029
-25.00 -50 0.61290
-20.00 -50 0.76114
-15.00 -50 1.0000
-10.00 -50 1.2303
-5.00 -50 1.3809
0.00 -50 1.4271
5.00 -50 1.3635
10.00 -50 1.1836
15.00 -50 0.89869
20.00 -50 0.57606
25.00 -50 0.33803
30.00 -50 0.29188
35.00 -50 0.43714
40.00 -50 0.63931
45.00 -50 0.71640
50.00 -50 0.58353
55.00 -50 0.33418
60.00 -50 0.17598
65.00 -50 0.26121
-70.00 -45 0.64431
-45.00 -45 0.99805
-40.00 -45 0.84181
-35.00 -45 0.58592
-30.00 -45 0.39803
-25.00 -45 0.41163
-20.00 -45 0.62677
-15.00 -45 0.91835
-10.00 -45 1.1390
-5.00 -45 1.2209
0.00 -45 1.1905
5.00 -45 1.1000
10.00 -45 0.95912
15.00 -45 0.74227
20.00 -45 0.45814
25.00 -45 0.19517
30.00 -45 0.74555E-01
35.00 -45 0.14052
40.00 -45 0.29561
45.00 -45 0.36180
70.00 -45 0.22935
-75.00 -40 0.67532
-65.00 -40 0.57686
-60.00 -40 0.62659
-55.00 -40 0.77339
-50.00 -40 0.91114
-45.00 -40 0.89716
-40.00 -40 0.68294
-35.00 -40 0.38243
-30.00 -40 0.20203
-25.00 -40 0.28015
-20.00 -40 0.57251
-15.00 -40 0.88581
-10.00 -40 1.0311
-5.00 -40 0.96180
0.00 -40 0.77781
5.00 -40 0.60634
10.00 -40 0.48081
15.00 -40 0.33481
20.00 -40 0.10667
25.00 -40 -0.16173
30.00 -40 -0.34271
35.00 -40 -0.34645
40.00 -40 -0.22605
45.00 -40 -0.14768
50.00 -40 -0.23901
55.00 -40 -0.45491
60.00 -40 -0.59549
65.00 -40 -0.47421
75.00 -40 0.35754
-45.00 -35 0.69047
-40.00 -35 0.45979
-35.00 -35 0.17871
-30.00 -35 0.63314E-01
-25.00 -35 0.22788
-20.00 -35 0.57239
-15.00 -35 0.84821
-10.00 -35 0.85352
-5.00 -35 0.58961
0.00 -35 0.24146
5.00 -35 0.50342E-02
10.00 -35 -0.77478E-01
15.00 -35 -0.12632
20.00 -35 -0.27941
25.00 -35 -0.54198
30.00 -35 -0.77863
35.00 -35 -0.85236
40.00 -35 -0.76877
45.00 -35 -0.67715
-85.00 -30 0.67550
-80.00 -30 0.73137
-70.00 -30 0.55552
-65.00 -30 0.41433
-60.00 -30 0.36120
-55.00 -30 0.41119
-50.00 -30 0.46612
-45.00 -30 0.39985
-40.00 -30 0.19317
-35.00 -30 -0.15806E-01
-30.00 -30 -0.35031E-01
-25.00 -30 0.20179
-20.00 -30 0.54461
-15.00 -30 0.72491
-10.00 -30 0.57149
-5.00 -30 0.15687
0.00 -30 -0.26086
5.00 -30 -0.45457
10.00 -30 -0.41225
15.00 -30 -0.32675
20.00 -30 -0.40668
25.00 -30 -0.68624
30.00 -30 -1.0070
35.00 -30 -1.1787
40.00 -30 -1.1594
45.00 -30 -1.0805
50.00 -30 -1.0990
55.00 -30 -1.2230
60.00 -30 -1.2865
65.00 -30 -1.0989
70.00 -30 -0.63140
80.00 -30 0.35631
85.00 -30 0.50694
-45.00 -25 0.66879E-01
-40.00 -25 -0.87798E-01
-35.00 -25 -0.19785
-30.00 -25 -0.12327
-25.00 -25 0.14398
-20.00 -25 0.42646
-15.00 -25 0.48275
-10.00 -25 0.21420
-5.00 -25 -0.22846
0.00 -25 -0.54982
5.00 -25 -0.54963
10.00 -25 -0.29255
15.00 -25 -0.55773E-01
20.00 -25 -0.97376E-01
25.00 -25 -0.44742
30.00 -25 -0.90131
35.00 -25 -1.2106
40.00 -25 -1.2907
45.00 -25 -1.2602
-75.00 -20 0.72294
-65.00 -20 0.27274
-60.00 -20 0.54716E-01
-55.00 -20 -0.80132E-01
-50.00 -20 -0.16407
-45.00 -20 -0.25333
-40.00 -20 -0.34374
-35.00 -20 -0.35389
-30.00 -20 -0.21074
-25.00 -20 0.40344E-01
-20.00 -20 0.22477
-15.00 -20 0.16841
-10.00 -20 -0.13247
-5.00 -20 -0.46386
0.00 -20 -0.54040
5.00 -20 -0.24155
10.00 -20 0.26367
15.00 -20 0.62339
20.00 -20 0.56465
25.00 -20 0.95553E-01
30.00 -20 -0.51864
35.00 -20 -0.97692
40.00 -20 -1.1661
45.00 -20 -1.2001
50.00 -20 -1.2601
55.00 -20 -1.3985
60.00 -20 -1.4859
65.00 -20 -1.3417
75.00 -20 -0.34444
-70.00 -15 0.54582
-45.00 -15 -0.50507
-40.00 -15 -0.53260
-35.00 -15 -0.45980
-30.00 -15 -0.28007
-25.00 -15 -0.75683E-01
-20.00 -15 0.78262E-02
-15.00 -15 -0.11838
-10.00 -15 -0.37045
-5.00 -15 -0.50498
0.00 -15 -0.28846
5.00 -15 0.29700
10.00 -15 0.98877
15.00 -15 1.3973
20.00 -15 1.2736
25.00 -15 0.68234
30.00 -15 -0.59225E-01
35.00 -15 -0.62100
40.00 -15 -0.88183
45.00 -15 -0.95940
70.00 -15 -0.92804
-65.00 -10 0.27481
-60.00 -10 -0.68609E-01
-55.00 -10 -0.36150
-50.00 -10 -0.55938
-45.00 -10 -0.64818
-40.00 -10 -0.62447
-35.00 -10 -0.49587
-30.00 -10 -0.30809
-25.00 -10 -0.15766
-20.00 -10 -0.14523
-15.00 -10 -0.28229
-10.00 -10 -0.43229
-5.00 -10 -0.36678
0.00 -10 0.71172E-01
5.00 -10 0.81158
10.00 -10 1.5479
15.00 -10 1.9094
20.00 -10 1.7035
25.00 -10 1.0445
30.00 -10 0.26791
35.00 -10 -0.30428
40.00 -10 -0.56361
45.00 -10 -0.63372
50.00 -10 -0.71309
55.00 -10 -0.88772
60.00 -10 -1.0684
65.00 -10 -1.0878
-45.00 -5 -0.67027
-40.00 -5 -0.61384
-35.00 -5 -0.46127
-30.00 -5 -0.28856
-25.00 -5 -0.18226
-20.00 -5 -0.19193
-15.00 -5 -0.27717
-10.00 -5 -0.29812
-5.00 -5 -0.85663E-01
0.00 -5 0.43310
5.00 -5 1.1412
10.00 -5 1.7575
15.00 -5 1.9890
20.00 -5 1.7165
25.00 -5 1.0766
30.00 -5 0.37449
35.00 -5 -0.11289
40.00 -5 -0.30076
45.00 -5 -0.31009
90.00 0.00 0.46475
-90.00 0.00 0.55180
