-85.00 0.00 0.59897
-80.00 0.00 0.62445
-75.00 0.00 0.51311
-70.00 0.00 0.30533
-65.00 0.00 0.46233E-01
-60.00 0.00 -0.23127
-55.00 0.00 -0.49237
-50.00 0.00 -0.68036
-45.00 0.00 -0.72654
-40.00 0.00 -0.59706
-35.00 0.00 -0.33846
-30.00 0.00 -0.69227E-01
-25.00 0.00 0.93805E-01
-20.00 0.00 0.12281
-15.00 0.00 0.10377
-10.00 0.00 0.16787
-5.00 0.00 0.37875
0.00 0.00 0.66940
5.00 0.00 0.88586
10.00 0.00 0.90595
15.00 0.00 0.73582
20.00 0.00 0.50407
25.00 0.00 0.35880
30.00 0.00 0.35289
35.00 0.00 0.40976
40.00 0.00 0.39191
45.00 0.00 0.21158
50.00 0.00 -0.10444
55.00 0.00 -0.43843
60.00 0.00 -0.66361
65.00 0.00 -0.71698
70.00 0.00 -0.61775
75.00 0.00 -0.43298
80.00 0.00 -0.23662
85.00 0.00 -0.77580E-01
-45.00 5.00 -0.57906
-40.00 5.00 -0.37873
-35.00 5.00 -0.84025E-01
-30.00 5.00 0.18378
-25.00 5.00 0.33487
-20.00 5.00 0.37146
-15.00 5.00 0.37775
-10.00 5.00 0.44193
-5.00 5.00 0.57411
0.00 5.00 0.69231
5.00 5.00 0.69181
10.00 5.00 0.54018
15.00 5.00 0.31539
20.00 5.00 0.15189
25.00 5.00 0.13794
30.00 5.00 0.24813
35.00 5.00 0.36404
40.00 5.00 0.36262
45.00 5.00 0.20025
-65.00 10.00 0.67527E-01
-60.00 10.00 -0.21554
-55.00 10.00 -0.43510
-50.00 10.00 -0.51251
-45.00 10.00 -0.39890
-40.00 10.00 -0.12095
-35.00 10.00 0.21459
-30.00 10.00 0.47825
-25.00 10.00 0.60119
-20.00 10.00 0.61681
-15.00 10.00 0.62094
-10.00 10.00 0.68057
-5.00 10.00 0.76958
0.00 10.00 0.78972
5.00 10.00 0.66126
10.00 10.00 0.40447
15.00 10.00 0.13889
20.00 10.00 -0.18624E-02
25.00 10.00 0.30597E-01
30.00 10.00 0.16719
35.00 10.00 0.27843
40.00 10.00 0.26893
45.00 10.00 0.13286
50.00 10.00 -0.64059E-01
55.00 10.00 -0.24593
60.00 10.00 -0.37277
65.00 10.00 -0.44011
-70.00 15.00 0.34944
-45.00 15.00 -0.25401
-40.00 15.00 0.92280E-01
-35.00 15.00 0.46752
-30.00 15.00 0.72758
-25.00 15.00 0.81272
-20.00 15.00 0.78199
-15.00 15.00 0.75350
-10.00 15.00 0.79748
-5.00 15.00 0.87405
0.00 15.00 0.87111
5.00 15.00 0.70986
10.00 15.00 0.42442
15.00 15.00 0.14494
20.00 15.00 -0.13084E-02
25.00 15.00 0.15175E-01
30.00 15.00 0.11405
35.00 15.00 0.17921
40.00 15.00 0.14878
45.00 15.00 0.45093E-01
70.00 15.00 -0.36129
-75.00 20.00 0.57567
-65.00 20.00 0.58402E-01
-60.00 20.00 -0.21960
-55.00 20.00 -0.40781
-50.00 20.00 -0.41536
-45.00 20.00 -0.19753
-40.00 20.00 0.18905
-35.00 20.00 0.59289
-30.00 20.00 0.85236
-25.00 20.00 0.90169
-20.00 20.00 0.81025
-15.00 20.00 0.71681
-10.00 20.00 0.71092
-5.00 20.00 0.76216
0.00 20.00 0.75782
5.00 20.00 0.61308
10.00 20.00 0.35386
15.00 20.00 0.99502E-01
20.00 20.00 -0.35963E-01
25.00 20.00 -0.32839E-01
30.00 20.00 0.31919E-01
35.00 20.00 0.63197E-01
40.00 20.00 0.28676E-01
45.00 20.00 -0.30884E-01
50.00 20.00 -0.62069E-01
55.00 20.00 -0.62263E-01
60.00 20.00 -0.80944E-01
65.00 20.00 -0.16018
75.00 20.00 -0.35313
-45.00 25.00 -0.24533
-40.00 25.00 0.13968
-35.00 25.00 0.55062
-30.00 25.00 0.81227
-25.00 25.00 0.84026
-20.00 25.00 0.69352
-15.00 25.00 0.51753
-10.00 25.00 0.42374
-5.00 25.00 0.40808
0.00 25.00 0.37621
5.00 25.00 0.24675
10.00 25.00 0.34827E-01
15.00 25.00 -0.15939
20.00 25.00 -0.24122
25.00 25.00 -0.20256
30.00 25.00 -0.11891
35.00 25.00 -0.71375E-01
40.00 25.00 -0.73785E-01
45.00 25.00 -0.75376E-01
-80.00 30.00 0.70401
-70.00 30.00 0.31170
-65.00 30.00 0.26134E-01
-60.00 30.00 -0.25131
-55.00 30.00 -0.46132
-50.00 30.00 -0.52131
-45.00 30.00 -0.36915
-40.00 30.00 -0.31038E-01
-35.00 30.00 0.35793
-30.00 30.00 0.62028
-25.00 30.00 0.64948
-20.00 30.00 0.47784
-15.00 30.00 0.23933
-10.00 30.00 0.58088E-01
-5.00 30.00 -0.40268E-01
0.00 30.00 -0.12072
5.00 30.00 -0.25055
10.00 30.00 -0.41979
15.00 30.00 -0.54587
20.00 30.00 -0.55317
25.00 30.00 -0.44593
30.00 30.00 -0.30251
35.00 30.00 -0.19962
40.00 30.00 -0.14465
45.00 30.00 -0.84350E-01
50.00 30.00 0.20796E-01
55.00 30.00 0.13541
60.00 30.00 0.16867
65.00 30.00 0.61176E-01
70.00 30.00 -0.14374
80.00 30.00 -0.34179
-45.00 35.00 -0.50957
-40.00 35.00 -0.25592
-35.00 35.00 0.78983E-01
-30.00 35.00 0.33166
-25.00 35.00 0.38162
-20.00 35.00 0.23118
-15.00 35.00 -0.93442E-02
-10.00 35.00 -0.21742
-5.00 35.00 -0.34913
0.00 35.00 -0.44699
5.00 35.00 -0.56730
10.00 35.00 -0.70485
15.00 35.00 -0.78983
20.00 35.00 -0.75652
25.00 35.00 -0.61099
30.00 35.00 -0.42795
35.00 35.00 -0.28083
40.00 35.00 -0.17765
45.00 35.00 -0.69636E-01
-75.00 40.00 0.52560
-65.00 40.00 0.19184E-01
-60.00 40.00 -0.21978
-55.00 40.00 -0.43508
-50.00 40.00 -0.58565
-45.00 40.00 -0.60320
-40.00 40.00 -0.45601
-35.00 40.00 -0.20462
-30.00 40.00 0.16882E-01
-25.00 40.00 0.90175E-01
-20.00 40.00 -0.27630E-02
-15.00 40.00 -0.17599
-10.00 40.00 -0.31976
-5.00 40.00 -0.39017
0.00 40.00 -0.42781
5.00 40.00 -0.49546
10.00 40.00 -0.60191
15.00 40.00 -0.68801
20.00 40.00 -0.68489
25.00 40.00 -0.58144
30.00 40.00 -0.43158
35.00 40.00 -0.29624
40.00 40.00 -0.18408
45.00 40.00 -0.55750E-01
50.00 40.00 0.11111
55.00 40.00 0.26683
60.00 40.00 0.31094
65.00 40.00 0.18094
75.00 40.00 -0.30224
-70.00 45.00 0.26282
-45.00 45.00 -0.61167
-40.00 45.00 -0.57457
-35.00 45.00 -0.42646
-30.00 45.00 -0.26348
-25.00 45.00 -0.18712
-20.00 45.00 -0.22126
-15.00 45.00 -0.29679
-10.00 45.00 -0.31972
-5.00 45.00 -0.25862
0.00 45.00 -0.16981
5.00 45.00 -0.13957
10.00 45.00 -0.20201
15.00 45.00 -0.31108
20.00 45.00 -0.38811
25.00 45.00 -0.39198
30.00 45.00 -0.34138
35.00 45.00 -0.27385
40.00 45.00 -0.19359
45.00 45.00 -0.70759E-01
70.00 45.00 -0.60234E-01
-65.00 50.00 0.67401E-01
-60.00 50.00 -0.75768E-01
-55.00 50.00 -0.22182
-50.00 50.00 -0.39118
-45.00 50.00 -0.53905
-40.00 50.00 -0.59898
-35.00 50.00 -0.55614
-30.00 50.00 -0.47035
-25.00 50.00 -0.42180
-20.00 50.00 -0.43249
-15.00 50.00 -0.44302
-10.00 50.00 -0.37078
-5.00 50.00 -0.19484
0.00 50.00 0.13935E-01
5.00 50.00 0.14661
10.00 50.00 0.14281
15.00 50.00 0.31235E-01
20.00 50.00 -0.10684
25.00 50.00 -0.20738
30.00 50.00 -0.25748
35.00 50.00 -0.26931
40.00 50.00 -0.23654
45.00 50.00 -0.13184
50.00 50.00 0.45873E-01
55.00 50.00 0.22889
60.00 50.00 0.30313
65.00 50.00 0.19384
-85.00 55.00 0.67318
-45.00 55.00 -0.42966
-40.00 55.00 -0.56171
-35.00 55.00 -0.60266
-30.00 55.00 -0.58648
-25.00 55.00 -0.58091
-20.00 55.00 -0.61143
-15.00 55.00 -0.62897
-10.00 55.00 -0.55633
-5.00 55.00 -0.36859
0.00 55.00 -0.12914
5.00 55.00 0.53808E-01
10.00 55.00 0.10881
15.00 55.00 0.45943E-01
20.00 55.00 -0.69443E-01
25.00 55.00 -0.17829
30.00 55.00 -0.26047
35.00 55.00 -0.31384
40.00 55.00 -0.31727
45.00 55.00 -0.23270
85.00 55.00 -0.25178
-80.00 60.00 0.65896
-75.00 60.00 0.47411
-70.00 60.00 0.26749
-65.00 60.00 0.14427
-60.00 60.00 0.90221E-01
-55.00 60.00 0.16108E-01
-50.00 60.00 -0.13940
-45.00 60.00 -0.34748
-40.00 60.00 -0.52137
-35.00 60.00 -0.60303
-30.00 60.00 -0.61531
-25.00 60.00 -0.63105
-20.00 60.00 -0.69449
-15.00 60.00 -0.77540
-10.00 60.00 -0.79937
-5.00 60.00 -0.72126
0.00 60.00 -0.56864
5.00 60.00 -0.41620
10.00 60.00 -0.32211
15.00 60.00 -0.29044
20.00 60.00 -0.29051
25.00 60.00 -0.30188
30.00 60.00 -0.32994
35.00 60.00 -0.37581
40.00 60.00 -0.40148
45.00 60.00 -0.34269
50.00 60.00 -0.17177
55.00 60.00 0.49297E-01
60.00 60.00 0.19012
65.00 60.00 0.14713
70.00 60.00 -0.62815E-01
75.00 60.00 -0.29754
80.00 60.00 -0.38683
-45.00 65.00 -0.34648
-40.00 65.00 -0.53324
-35.00 65.00 -0.60281
-30.00 65.00 -0.58147
-25.00 65.00 -0.56468
-20.00 65.00 -0.62998
-15.00 65.00 -0.77411
-10.00 65.00 -0.92627
-5.00 65.00 -1.0141
0.00 65.00 -1.0144
5.00 65.00 -0.94847
10.00 65.00 -0.84277
15.00 65.00 -0.70706
20.00 65.00 -0.55219
25.00 65.00 -0.41586
30.00 65.00 -0.35118
35.00 65.00 -0.37583
40.00 65.00 -0.43360
45.00 65.00 -0.42181
-65.00 70.00 0.20742
-60.00 70.00 0.15369
-55.00 70.00 0.39901E-01
-50.00 70.00 -0.18172
-45.00 70.00 -0.44509
-40.00 70.00 -0.62202
-35.00 70.00 -0.63490
-30.00 70.00 -0.52587
-25.00 70.00 -0.42311
-20.00 70.00 -0.44015
-15.00 70.00 -0.59813
-10.00 70.00 -0.82889
-5.00 70.00 -1.0381
0.00 70.00 -1.1621
5.00 70.00 -1.1760
10.00 70.00 -1.0742
15.00 70.00 -0.86387
20.00 70.00 -0.58765
25.00 70.00 -0.33635
30.00 70.00 -0.21149
35.00 70.00 -0.24974
40.00 70.00 -0.37588
45.00 70.00 -0.44380
50.00 70.00 -0.34919
55.00 70.00 -0.12280
60.00 70.00 0.83414E-01
65.00 70.00 0.11683
-70.00 75.00 0.32982
-45.00 75.00 -0.61632
-40.00 75.00 -0.76862
-35.00 75.00 -0.70314
-30.00 75.00 -0.48824
-25.00 75.00 -0.28485
-20.00 75.00 -0.22902
-15.00 75.00 -0.34835
-10.00 75.00 -0.57001
-5.00 75.00 -0.79106
0.00 75.00 -0.93715
5.00 75.00 -0.96969
10.00 75.00 -0.86713
15.00 75.00 -0.62866
20.00 75.00 -0.30690
25.00 75.00 -0.21127E-01
30.00 75.00 0.95002E-01
35.00 75.00 -0.87529E-02
40.00 75.00 -0.23974
45.00 75.00 -0.41176
70.00 75.00 -0.19482E-01
-75.00 80.00 0.50168
-65.00 80.00 0.26261
-60.00 80.00 0.12898
-55.00 80.00 -0.12237
-50.00 80.00 -0.47776
-45.00 80.00 -0.79813
-40.00 80.00 -0.91752
-35.00 80.00 -0.77865
-30.00 80.00 -0.48389
-25.00 80.00 -0.21812
-20.00 80.00 -0.11514
-15.00 80.00 -0.18153
-10.00 80.00 -0.32814
-5.00 80.00 -0.45819
0.00 80.00 -0.52263
5.00 80.00 -0.50681
10.00 80.00 -0.39384
15.00 80.00 -0.16899
20.00 80.00 0.13022
25.00 80.00 0.38463
30.00 80.00 0.44685
35.00 80.00 0.25671
40.00 80.00 -0.82468E-01
45.00 80.00 -0.35401
50.00 80.00 -0.38448
55.00 80.00 -0.18134
60.00 80.00 0.70820E-01
65.00 80.00 0.16040
75.00 80.00 -0.21971
-45.00 85.00 -0.91951
-40.00 85.00 -1.0023
-35.00 85.00 -0.81409
-30.00 85.00 -0.49338
-25.00 85.00 -0.23432
-20.00 85.00 -0.14210
-15.00 85.00 -0.17868
-10.00 85.00 -0.23192
-5.00 85.00 -0.22600
0.00 85.00 -0.16459
5.00 85.00 -0.80994E-01
10.00 85.00 0.29650E-01
15.00 85.00 0.20737
20.00 85.00 0.45122
25.00 85.00 0.66069
30.00 85.00 0.68155
35.00 85.00 0.43814
40.00 85.00 0.32057E-01
45.00 85.00 -0.30201
-80.00 90.00 0.62362
-70.00 90.00 0.45577
-65.00 90.00 0.35770
-60.00 90.00 0.15984
-55.00 90.00 -0.19178
-50.00 90.00 -0.61733
-45.00 90.00 -0.92999
-40.00 90.00 -0.97766
-35.00 90.00 -0.77142
-30.00 90.00 -0.47880
-25.00 90.00 -0.28470
-20.00 90.00 -0.24694
-15.00 90.00 -0.27548
-10.00 90.00 -0.24324
-5.00 90.00 -0.11231
0.00 90.00 0.47351E-01
5.00 90.00 0.15392
10.00 90.00 0.21329
15.00 90.00 0.30976
20.00 90.00 0.49343
25.00 90.00 0.68609
30.00 90.00 0.71945
35.00 90.00 0.48885
40.00 90.00 0.79835E-01
45.00 90.00 -0.26596
50.00 90.00 -0.33492
55.00 90.00 -0.11920
60.00 90.00 0.17294
65.00 90.00 0.28947
70.00 90.00 0.14086
80.00 90.00 -0.30994
-45.00 95.00 -0.81861
-40.00 95.00 -0.84024
-35.00 95.00 -0.64668
-30.00 95.00 -0.41648
-25.00 95.00 -0.30552
-20.00 95.00 -0.31731
-15.00 95.00 -0.32203
-10.00 95.00 -0.20163
-5.00 95.00 0.24716E-01
0.00 95.00 0.21977
5.00 95.00 0.27160
10.00 95.00 0.21363
15.00 95.00 0.19447
20.00 95.00 0.32063
25.00 95.00 0.52866
30.00 95.00 0.62313
35.00 95.00 0.45825
40.00 95.00 0.94354E-01
45.00 95.00 -0.22659
-75.00 100.00 0.57887
-65.00 100.00 0.50753
-60.00 100.00 0.33220
-55.00 100.00 0.44735E-02
-50.00 100.00 -0.36969
-45.00 100.00 -0.61378
-40.00 100.00 -0.62706
-35.00 100.00 -0.47297
-30.00 100.00 -0.31726
-25.00 100.00 -0.27008
-20.00 100.00 -0.28490
-15.00 100.00 -0.21689
-10.00 100.00 0.13696E-01
-5.00 100.00 0.31639
0.00 100.00 0.49631
5.00 100.00 0.43667
10.00 100.00 0.22180
15.00 100.00 0.72878E-01
20.00 100.00 0.14581
25.00 100.00 0.37956
30.00 100.00 0.54408
35.00 100.00 0.45198
40.00 100.00 0.14023
45.00 100.00 -0.15004
50.00 100.00 -0.18297
55.00 100.00 0.61902E-01
60.00 100.00 0.36921
65.00 100.00 0.47428
75.00 100.00 -0.40778E-01
-70.00 105.00 0.60033
-45.00 105.00 -0.36601
-40.00 105.00 -0.39169
-35.00 105.00 -0.29636
-30.00 105.00 -0.21278
-25.00 105.00 -0.19799
-20.00 105.00 -0.16857
-15.00 105.00 0.10285E-01
-10.00 105.00 0.36184
-5.00 105.00 0.72687
0.00 105.00 0.87349
5.00 105.00 0.70176
10.00 105.00 0.35244
15.00 105.00 0.10501
20.00 105.00 0.14297
25.00 105.00 0.39527
30.00 105.00 0.60176
35.00 105.00 0.54858
40.00 105.00 0.26199
45.00 105.00 -0.15475E-01
70.00 105.00 0.35700
-85.00 110.00 0.54248
-65.00 110.00 0.64382
-60.00 110.00 0.55341
-55.00 110.00 0.33144
-50.00 110.00 0.62887E-01
-45.00 110.00 -0.12505
-40.00 110.00 -0.17497
-35.00 110.00 -0.14193
-30.00 110.00 -0.11803
-25.00 110.00 -0.11457
-20.00 110.00 -0.30771E-01
-15.00 110.00 0.24217
-10.00 110.00 0.67513
-5.00 110.00 1.0664
0.00 110.00 1.1791
5.00 110.00 0.94385
10.00 110.00 0.54151
15.00 110.00 0.27312
20.00 110.00 0.31666
25.00 110.00 0.58159
30.00 110.00 0.79354
35.00 110.00 0.73780
40.00 110.00 0.44664
45.00 110.00 0.16470
50.00 110.00 0.12639
55.00 110.00 0.34649
60.00 110.00 0.60906
65.00 110.00 0.65851
85.00 110.00 -0.19523
-45.00 115.00 0.75132E-01
-40.00 115.00 0.93083E-02
-35.00 115.00 0.13298E-02
-30.00 115.00 -0.81262E-02
-25.00 115.00 -0.63882E-02
-20.00 115.00 0.10144
-15.00 115.00 0.39341
-10.00 115.00 0.81282
-5.00 115.00 1.1602
0.00 115.00 1.2311
5.00 115.00 0.99270
10.00 115.00 0.63544
15.00 115.00 0.43502
20.00 115.00 0.53038
25.00 115.00 0.80882
30.00 115.00 1.0042
35.00 115.00 0.92731
40.00 115.00 0.62801
45.00 115.00 0.34701
-80.00 120.00 0.50978
-75.00 120.00 0.53395
-70.00 120.00 0.59618
-65.00 120.00 0.65267
-60.00 120.00 0.63233
-55.00 120.00 0.51220
-50.00 120.00 0.34589
-45.00 120.00 0.21677
-40.00 120.00 0.16430
-35.00 120.00 0.16038
-30.00 120.00 0.16038
-25.00 120.00 0.17243
-20.00 120.00 0.26353
-15.00 120.00 0.48384
-10.00 120.00 0.78148
-5.00 120.00 1.0050
0.00 120.00 1.0146
5.00 120.00 0.81182
10.00 120.00 0.56433
15.00 120.00 0.48316
20.00 120.00 0.64782
25.00 120.00 0.93141
30.00 120.00 1.1004
35.00 120.00 1.0103
40.00 120.00 0.72924
45.00 120.00 0.47989
50.00 120.00 0.44735
55.00 120.00 0.62014
60.00 120.00 0.80081
65.00 120.00 0.77514
70.00 120.00 0.49326
75.00 120.00 0.10666
80.00 120.00 -0.15478
-45.00 125.00 0.28892
-40.00 125.00 0.28575
-35.00 125.00 0.33668
-30.00 125.00 0.39410
-25.00 125.00 0.43885
-20.00 125.00 0.49593
-15.00 125.00 0.59325
-10.00 125.00 0.70807
-5.00 125.00 0.76526
0.00 125.00 0.70289
5.00 125.00 0.54769
10.00 125.00 0.42033
15.00 125.00 0.44771
20.00 125.00 0.64960
25.00 125.00 0.90324
30.00 125.00 1.0300
35.00 125.00 0.93993
40.00 125.00 0.71159
45.00 125.00 0.53131
-65.00 130.00 0.46061
-60.00 130.00 0.44392
-55.00 130.00 0.37721
-50.00 130.00 0.30175
-45.00 130.00 0.28001
-40.00 130.00 0.34630
-35.00 130.00 0.48002
-30.00 130.00 0.62306
-25.00 130.00 0.72285
-20.00 130.00 0.76170
-15.00 130.00 0.75053
-10.00 130.00 0.70210
-5.00 130.00 0.61801
0.00 130.00 0.50526
5.00 130.00 0.40099
10.00 130.00 0.36832
15.00 130.00 0.45182
20.00 130.00 0.62688
25.00 130.00 0.79580
30.00 130.00 0.84997
35.00 130.00 0.75643
40.00 130.00 0.59471
45.00 130.00 0.50226
50.00 130.00 0.56312
55.00 130.00 0.72958
60.00 130.00 0.84734
65.00 130.00 0.77241
-70.00 135.00 0.30975
-45.00 135.00 0.18139
-40.00 135.00 0.30603
-35.00 135.00 0.50726
-30.00 135.00 0.72331
-25.00 135.00 0.88162
-20.00 135.00 0.93485
-15.00 135.00 0.87991
-10.00 135.00 0.75252
-5.00 135.00 0.60672
0.00 135.00 0.49396
5.00 135.00 0.44938
10.00 135.00 0.48331
15.00 135.00 0.57494
20.00 135.00 0.67366
25.00 135.00 0.71765
30.00 135.00 0.66966
35.00 135.00 0.54996
40.00 135.00 0.43644
45.00 135.00 0.41840
70.00 135.00 0.45817
-75.00 140.00 0.22953
-65.00 140.00 0.90207E-01
-60.00 140.00 0.18323E-01
-55.00 140.00 -0.40768E-01
-50.00 140.00 -0.56924E-01
-45.00 140.00 0.49060E-03
-40.00 140.00 0.14502
-35.00 140.00 0.36037
-30.00 140.00 0.59871
-25.00 140.00 0.79432
-20.00 140.00 0.89071
-15.00 140.00 0.86943
-10.00 140.00 0.76309
-5.00 140.00 0.64107
0.00 140.00 0.57308
5.00 140.00 0.59148
10.00 140.00 0.67483
15.00 140.00 0.76191
20.00 140.00 0.78669
25.00 140.00 0.71458
30.00 140.00 0.56242
35.00 140.00 0.39365
40.00 140.00 0.28986
45.00 140.00 0.30831
50.00 140.00 0.44373
55.00 140.00 0.61810
60.00 140.00 0.71437
65.00 140.00 0.64454
75.00 140.00 0.12434
-45.00 145.00 -0.22784
-40.00 145.00 -0.10611
-35.00 145.00 0.62253E-01
-30.00 145.00 0.26327
-25.00 145.00 0.46628
-20.00 145.00 0.62418
-15.00 145.00 0.69649
-10.00 145.00 0.68133
-5.00 145.00 0.62663
0.00 145.00 0.60345
5.00 145.00 0.65614
10.00 145.00 0.76664
15.00 145.00 0.86222
20.00 145.00 0.86289
25.00 145.00 0.73530
30.00 145.00 0.51691
35.00 145.00 0.29720
40.00 145.00 0.17003
45.00 145.00 0.18503
-80.00 150.00 0.17740
-70.00 150.00 -0.17392
-65.00 150.00 -0.35284
-60.00 150.00 -0.48704
-55.00 150.00 -0.54104
-50.00 150.00 -0.51494
-45.00 150.00 -0.44426
-40.00 150.00 -0.36445
-35.00 150.00 -0.27551
-30.00 150.00 -0.14509
-25.00 150.00 0.49302E-01
-20.00 150.00 0.28035
-15.00 150.00 0.47664
-10.00 150.00 0.57526
-5.00 150.00 0.57577
0.00 150.00 0.54455
5.00 150.00 0.56126
10.00 150.00 0.65078
15.00 150.00 0.75842
20.00 150.00 0.78970
25.00 150.00 0.68308
30.00 150.00 0.45925
35.00 150.00 0.21232
40.00 150.00 0.52935E-01
45.00 150.00 0.44212E-01
50.00 150.00 0.16911
55.00 150.00 0.34277
60.00 150.00 0.45850
65.00 150.00 0.44363
70.00 150.00 0.29915
80.00 150.00 -0.38257E-01
-45.00 155.00 -0.58524
-40.00 155.00 -0.52885
-35.00 155.00 -0.50567
-30.00 155.00 -0.43900
-25.00 155.00 -0.25097
-20.00 155.00 0.53880E-01
-15.00 155.00 0.37078
-10.00 155.00 0.56587
-5.00 155.00 0.57903
0.00 155.00 0.47059
5.00 155.00 0.37069
10.00 155.00 0.37375
15.00 155.00 0.46612
20.00 155.00 0.54397
25.00 155.00 0.50240
30.00 155.00 0.32090
35.00 155.00 0.80140E-01
40.00 155.00 -0.95603E-01
45.00 155.00 -0.12143
-75.00 160.00 -0.21331
-65.00 160.00 -0.74222
-60.00 160.00 -0.89402
-55.00 160.00 -0.89214
-50.00 160.00 -0.76379
-45.00 160.00 -0.61100
-40.00 160.00 -0.53076
-35.00 160.00 -0.52597
-30.00 160.00 -0.49353
-25.00 160.00 -0.31273
-20.00 160.00 0.36253E-01
-15.00 160.00 0.42962
-10.00 160.00 0.67896
-5.00 160.00 0.67197
0.00 160.00 0.45863
5.00 160.00 0.21053
10.00 160.00 0.87927E-01
15.00 160.00 0.12412
20.00 160.00 0.21752
25.00 160.00 0.22873
30.00 160.00 0.96779E-01
35.00 160.00 -0.11735
40.00 160.00 -0.28417
45.00 160.00 -0.30341
50.00 160.00 -0.16930
55.00 160.00 0.35842E-01
60.00 160.00 0.20172
65.00 160.00 0.25582
75.00 160.00 0.84551E-01
-85.00 165.00 0.22725
-70.00 165.00 -0.62190
-45.00 165.00 -0.52462
-40.00 165.00 -0.37001
-35.00 165.00 -0.33345
-30.00 165.00 -0.31460
-25.00 165.00 -0.17120
-20.00 165.00 0.14627
-15.00 165.00 0.52888
-10.00 165.00 0.77704
-5.00 165.00 0.75132
0.00 165.00 0.48196
5.00 165.00 0.14538
10.00 165.00 -0.71407E-01
15.00 165.00 -0.10533
20.00 165.00 -0.43941E-01
25.00 165.00 -0.32529E-01
30.00 165.00 -0.14727
35.00 165.00 -0.33841
40.00 165.00 -0.47937
45.00 165.00 -0.46965
70.00 165.00 0.16049
85.00 165.00 0.49148E-02
-65.00 170.00 -0.99407
-60.00 170.00 -1.1100
-55.00 170.00 -1.0105
-50.00 170.00 -0.72127
-45.00 170.00 -0.37091
-40.00 170.00 -0.11390
-35.00 170.00 -0.18890E-01
-30.00 170.00 -0.18545E-01
-25.00 170.00 0.28274E-01
-20.00 170.00 0.20871
-15.00 170.00 0.47167
-10.00 170.00 0.66249
-5.00 170.00 0.64908
0.00 170.00 0.43127
5.00 170.00 0.14015
10.00 170.00 -0.69411E-01
15.00 170.00 -0.13833
20.00 170.00 -0.13439
25.00 170.00 -0.17540
30.00 170.00 -0.31758
35.00 170.00 -0.50558
40.00 170.00 -0.62014
45.00 170.00 -0.57514
50.00 170.00 -0.38148
55.00 170.00 -0.13311
60.00 170.00 0.62186E-01
65.00 170.00 0.14773
-45.00 175.00 -0.21570
-40.00 175.00 0.13714
-35.00 175.00 0.28790
-30.00 175.00 0.25122
-25.00 175.00 0.14945
-20.00 175.00 0.11087
-15.00 175.00 0.17308
-10.00 175.00 0.26995
-5.00 175.00 0.30555
0.00 175.00 0.24319
5.00 175.00 0.12980
10.00 175.00 0.39645E-01
15.00 175.00 -0.29137E-02
20.00 175.00 -0.46266E-01
25.00 175.00 -0.15892
30.00 175.00 -0.35255
35.00 175.00 -0.55399
40.00 175.00 -0.65313
45.00 175.00 -0.58560
-80.00 180.00 -0.20749
-75.00 180.00 -0.55867
-70.00 180.00 -0.87049
-65.00 180.00 -1.0902
-60.00 180.00 -1.1470
-55.00 180.00 -0.98163
-50.00 180.00 -0.60195
-45.00 180.00 -0.11728
-40.00 180.00 0.29462
-35.00 180.00 0.48032
-30.00 180.00 0.40095
-25.00 180.00 0.15150
-20.00 180.00 -0.10650
-15.00 180.00 -0.24663
-10.00 180.00 -0.23879
-5.00 180.00 -0.13451
0.00 180.00 -0.55738E-02
5.00 180.00 0.10378
10.00 180.00 0.17715
15.00 180.00 0.19755
20.00 180.00 0.13507
25.00 180.00 -0.27913E-01
30.00 180.00 -0.25914
35.00 180.00 -0.47122
40.00 180.00 -0.56634
45.00 180.00 -0.50020
50.00 180.00 -0.31263
55.00 180.00 -0.99056E-01
60.00 180.00 0.53603E-01
65.00 180.00 0.11558
70.00 180.00 0.11462
75.00 180.00 0.95654E-01
80.00 180.00 0.83325E-01
-45.00 -175 -0.10442
-40.00 -175 0.31355
-35.00 -175 0.50831
-30.00 -175 0.40604
-25.00 -175 0.76307E-01
-20.00 -175 -0.30504
-15.00 -175 -0.55656
-10.00 -175 -0.58569
-5.00 -175 -0.41721
0.00 -175 -0.15078
5.00 -175 0.10666
10.00 -175 0.28328
15.00 -175 0.34545
20.00 -175 0.28503
25.00 -175 0.11807
30.00 -175 -0.10548
35.00 -175 -0.30476
40.00 -175 -0.40016
45.00 -175 -0.35874
-65.00 -170 -1.0625
-60.00 -170 -1.0612
-55.00 -170 -0.89943
-50.00 -170 -0.58073
-45.00 -170 -0.16943
-40.00 -170 0.20032
-35.00 -170 0.37684
-30.00 -170 0.28105
-25.00 -170 -0.31764E-01
-20.00 -170 -0.39291
-15.00 -170 -0.61693
-10.00 -170 -0.60668
-5.00 -170 -0.39435
0.00 -170 -0.98386E-01
5.00 -170 0.15977
10.00 -170 0.31402
15.00 -170 0.35644
20.00 -170 0.30593
25.00 -170 0.18487
30.00 -170 0.22276E-01
35.00 -170 -0.13469
40.00 -170 -0.22949
45.00 -170 -0.22790
50.00 -170 -0.14435
55.00 -170 -0.33623E-01
60.00 -170 0.49616E-01
65.00 -170 0.88194E-01
-70.00 -165 -0.92471
-45.00 -165 -0.27642
-40.00 -165 0.19404E-02
-35.00 -165 0.12933
-30.00 -165 0.49219E-01
-25.00 -165 -0.18142
-20.00 -165 -0.41378
-15.00 -165 -0.50041
-10.00 -165 -0.39122
-5.00 -165 -0.15749
0.00 -165 0.71627E-01
5.00 -165 0.20365
10.00 -165 0.23161
15.00 -165 0.20699
20.00 -165 0.17509
25.00 -165 0.13747
30.00 -165 0.70306E-01
35.00 -165 -0.30199E-01
40.00 -165 -0.12783
45.00 -165 -0.17278
70.00 -165 0.93519E-01
-75.00 -160 -0.71869
-65.00 -160 -0.96977
-60.00 -160 -0.91158
-55.00 -160 -0.77765
-50.00 -160 -0.58907
-45.00 -160 -0.37914
-40.00 -160 -0.21362
-35.00 -160 -0.16546
-30.00 -160 -0.25389
-25.00 -160 -0.40614
-20.00 -160 -0.49176
-15.00 -160 -0.41587
-10.00 -160 -0.19671
-5.00 -160 0.43088E-01
0.00 -160 0.17002
5.00 -160 0.14123
10.00 -160 0.28438E-01
15.00 -160 -0.52991E-01
20.00 -160 -0.43915E-01
25.00 -160 0.17435E-01
30.00 -160 0.43381E-01
35.00 -160 -0.17030E-01
40.00 -160 -0.13381
45.00 -160 -0.22813
50.00 -160 -0.24240
55.00 -160 -0.18025
60.00 -160 -0.86273E-01
65.00 -160 0.28489E-02
75.00 -160 0.15006
-45.00 -155 -0.44135
-40.00 -155 -0.38049
-35.00 -155 -0.42465
-30.00 -155 -0.55824
-25.00 -155 -0.68670
-20.00 -155 -0.68690
-15.00 -155 -0.50402
-10.00 -155 -0.21218
-5.00 -155 0.25676E-01
0.00 -155 0.77724E-01
5.00 -155 -0.53624E-01
10.00 -155 -0.23517
15.00 -155 -0.31287
20.00 -155 -0.23553
25.00 -155 -0.87771E-01
30.00 -155 -0.90836E-02
35.00 -155 -0.74174E-01
40.00 -155 -0.23788
45.00 -155 -0.38335
-80.00 -150 -0.41959
-70.00 -150 -0.89274
-65.00 -150 -0.87808
-60.00 -150 -0.77454
-55.00 -150 -0.64624
-50.00 -150 -0.52931
-45.00 -150 -0.45333
-40.00 -150 -0.45921
-35.00 -150 -0.57463
-30.00 -150 -0.76446
-25.00 -150 -0.91755
-20.00 -150 -0.90875
-15.00 -150 -0.70011
-10.00 -150 -0.39170
-5.00 -150 -0.16236
0.00 -150 -0.13579
5.00 -150 -0.28162
10.00 -150 -0.44013
15.00 -150 -0.45501
20.00 -150 -0.30267
25.00 -150 -0.10829
30.00 -150 -0.37376E-01
35.00 -150 -0.15865
40.00 -150 -0.39383
45.00 -150 -0.58787
50.00 -150 -0.62861
55.00 -150 -0.51246
60.00 -150 -0.31452
65.00 -150 -0.11192
70.00 -150 0.59927E-01
80.00 -150 0.24857
-45.00 -145 -0.43788
-40.00 -145 -0.45626
-35.00 -145 -0.58819
-30.00 -145 -0.79815
-25.00 -145 -0.97256
-20.00 -145 -0.98504
-15.00 -145 -0.79903
-10.00 -145 -0.51492
-5.00 -145 -0.30487
0.00 -145 -0.27844
5.00 -145 -0.39252
10.00 -145 -0.48912
15.00 -145 -0.43399
20.00 -145 -0.23705
25.00 -145 -0.48794E-01
30.00 -145 -0.35066E-01
35.00 -145 -0.23886
40.00 -145 -0.54540
45.00 -145 -0.77291
-85.00 -140 0.72868E-03
-75.00 -140 -0.75073
-65.00 -140 -0.83232
-60.00 -140 -0.73107
-55.00 -140 -0.62091
-50.00 -140 -0.51939
-45.00 -140 -0.44116
-40.00 -140 -0.42584
-35.00 -140 -0.51155
-30.00 -140 -0.67713
-25.00 -140 -0.82294
-20.00 -140 -0.83136
-15.00 -140 -0.66607
-10.00 -140 -0.41762
-5.00 -140 -0.24075
0.00 -140 -0.22784
5.00 -140 -0.32946
10.00 -140 -0.39843
15.00 -140 -0.32395
20.00 -140 -0.13777
25.00 -140 0.41731E-02
30.00 -140 -0.48586E-01
35.00 -140 -0.31242
40.00 -140 -0.65119
45.00 -140 -0.87823
50.00 -140 -0.88634
55.00 -140 -0.69957
60.00 -140 -0.42146
65.00 -140 -0.14612
75.00 -140 0.24752
85.00 -140 0.23312
-70.00 -135 -0.85309
-45.00 -135 -0.50884
-40.00 -135 -0.44417
-35.00 -135 -0.44932
-30.00 -135 -0.52427
-25.00 -135 -0.59431
-20.00 -135 -0.56054
-15.00 -135 -0.39215
-10.00 -135 -0.17101
-5.00 -135 -0.35104E-01
0.00 -135 -0.62296E-01
5.00 -135 -0.19918
10.00 -135 -0.30531
15.00 -135 -0.27856
20.00 -135 -0.15000
25.00 -135 -0.61206E-01
30.00 -135 -0.14211
35.00 -135 -0.39681
40.00 -135 -0.69521
45.00 -135 -0.87215
70.00 -135 0.12323
-65.00 -130 -0.82226
-60.00 -130 -0.78641
-55.00 -130 -0.76457
-50.00 -130 -0.73111
-45.00 -130 -0.65736
-40.00 -130 -0.56308
-35.00 -130 -0.50111
-30.00 -130 -0.49308
-25.00 -130 -0.49080
-20.00 -130 -0.41450
-15.00 -130 -0.23781
-10.00 -130 -0.34268E-01
-5.00 -130 0.70037E-01
0.00 -130 0.28137E-02
5.00 -130 -0.18595
10.00 -130 -0.36082
15.00 -130 -0.41423
20.00 -130 -0.35531
25.00 -130 -0.29474
30.00 -130 -0.34088
35.00 -130 -0.50241
40.00 -130 -0.68177
45.00 -130 -0.75802
50.00 -130 -0.67862
55.00 -130 -0.48154
60.00 -130 -0.24309
65.00 -130 -0.15640E-01
-45.00 -125 -0.85654
-40.00 -125 -0.76920
-35.00 -125 -0.68651
-30.00 -125 -0.64997
-25.00 -125 -0.63229
-20.00 -125 -0.56229
-15.00 -125 -0.40563
-10.00 -125 -0.21923
-5.00 -125 -0.11889
0.00 -125 -0.18316
5.00 -125 -0.38116
10.00 -125 -0.59289
15.00 -125 -0.70477
20.00 -125 -0.69428
25.00 -125 -0.63028
30.00 -125 -0.59595
35.00 -125 -0.61107
40.00 -125 -0.62348
45.00 -125 -0.56808
-80.00 -120 -0.41409
-75.00 -120 -0.68109
-70.00 -120 -0.77341
-65.00 -120 -0.78664
-60.00 -120 -0.82964
-55.00 -120 -0.92807
-50.00 -120 -1.0203
-45.00 -120 -1.0374
-40.00 -120 -0.97994
-35.00 -120 -0.91602
-30.00 -120 -0.90678
-25.00 -120 -0.93949
-20.00 -120 -0.93854
-15.00 -120 -0.84486
-10.00 -120 -0.68485
-5.00 -120 -0.55939
0.00 -120 -0.56046
5.00 -120 -0.69243
10.00 -120 -0.86903
15.00 -120 -0.98449
20.00 -120 -0.99048
25.00 -120 -0.91220
30.00 -120 -0.80085
35.00 -120 -0.67898
40.00 -120 -0.53287
45.00 -120 -0.34974
50.00 -120 -0.15026
55.00 -120 0.23504E-01
60.00 -120 0.15000
65.00 -120 0.24837
70.00 -120 0.34717
75.00 -120 0.43254
80.00 -120 0.43629
-45.00 -115 -1.1251
-40.00 -115 -1.0864
-35.00 -115 -1.0401
-30.00 -115 -1.0687
-25.00 -115 -1.1738
-20.00 -115 -1.2712
-15.00 -115 -1.2691
-10.00 -115 -1.1534
-5.00 -115 -1.0007
0.00 -115 -0.91090
5.00 -115 -0.92629
10.00 -115 -1.0062
15.00 -115 -1.0718
20.00 -115 -1.0688
25.00 -115 -0.99044
30.00 -115 -0.85260
35.00 -115 -0.66290
40.00 -115 -0.42197
45.00 -115 -0.15071
-65.00 -110 -0.67328
-60.00 -110 -0.73974
-55.00 -110 -0.88821
-50.00 -110 -1.0335
-45.00 -110 -1.0797
-40.00 -110 -1.0204
-35.00 -110 -0.94886
-30.00 -110 -0.97202
-25.00 -110 -1.1118
-20.00 -110 -1.2853
-15.00 -110 -1.3771
-10.00 -110 -1.3339
-5.00 -110 -1.1972
0.00 -110 -1.0552
5.00 -110 -0.96793
10.00 -110 -0.93402
15.00 -110 -0.91541
20.00 -110 -0.88036
25.00 -110 -0.81707
30.00 -110 -0.71488
35.00 -110 -0.55017
40.00 -110 -0.30583
45.00 -110 -0.69981E-02
50.00 -110 0.27296
55.00 -110 0.45718
60.00 -110 0.52507
65.00 -110 0.52618
-70.00 -105 -0.60173
-45.00 -105 -0.91948
-40.00 -105 -0.79998
-35.00 -105 -0.65260
-30.00 -105 -0.60791
-25.00 -105 -0.71654
-20.00 -105 -0.91469
-15.00 -105 -1.0849
-10.00 -105 -1.1479
-5.00 -105 -1.1034
0.00 -105 -1.0003
5.00 -105 -0.88052
10.00 -105 -0.75710
15.00 -105 -0.63510
20.00 -105 -0.53382
25.00 -105 -0.47353
30.00 -105 -0.43925
35.00 -105 -0.37038
40.00 -105 -0.20349
45.00 -105 0.64288E-01
70.00 -105 0.60371
-75.00 -100 -0.50488
-65.00 -100 -0.49652
-60.00 -100 -0.52725
-55.00 -100 -0.64309
-50.00 -100 -0.74382
-45.00 -100 -0.71002
-40.00 -100 -0.52051
-35.00 -100 -0.27949
-30.00 -100 -0.13491
-25.00 -100 -0.16736
-20.00 -100 -0.34538
-15.00 -100 -0.57125
-10.00 -100 -0.75868
-5.00 -100 -0.86941
0.00 -100 -0.89382
5.00 -100 -0.82178
10.00 -100 -0.65015
15.00 -100 -0.41708
20.00 -100 -0.20944
25.00 -100 -0.11186
30.00 -100 -0.13270
35.00 -100 -0.18145
40.00 -100 -0.13339
45.00 -100 0.66744E-01
50.00 -100 0.35524
55.00 -100 0.60195
60.00 -100 0.71737
65.00 -100 0.71385
75.00 -100 0.61456
-45.00 -95 -0.52433
-40.00 -95 -0.29320
-35.00 -95 0.10398E-01
-30.00 -95 0.23343
-25.00 -95 0.27600
-20.00 -95 0.13923
-15.00 -95 -0.10902
-10.00 -95 -0.39435
-5.00 -95 -0.65774
0.00 -95 -0.83671
5.00 -95 -0.85815
10.00 -95 -0.68072
15.00 -95 -0.35523
20.00 -95 -0.29013E-01
25.00 -95 0.13973
30.00 -95 0.10070
35.00 -95 -0.41690E-01
40.00 -95 -0.10624
45.00 -95 0.21349E-01
-80.00 -90 -0.22537
-70.00 -90 -0.39376
-65.00 -90 -0.31968
-60.00 -90 -0.30596
-55.00 -90 -0.38285
-50.00 -90 -0.45577
-45.00 -90 -0.39847
-40.00 -90 -0.17278
-35.00 -90 0.13418
-30.00 -90 0.37894
-25.00 -90 0.46256
-20.00 -90 0.37356
-15.00 -90 0.15513
-10.00 -90 -0.14393
-5.00 -90 -0.47401
0.00 -90 -0.75362
5.00 -90 -0.86725
10.00 -90 -0.73103
15.00 -90 -0.38115
20.00 -90 0.99833E-02
25.00 -90 0.23480
30.00 -90 0.20262
35.00 -90 0.13287E-01
40.00 -90 -0.12020
45.00 -90 -0.40733E-01
50.00 -90 0.23569
55.00 -90 0.55155
60.00 -90 0.74918
65.00 -90 0.78707
70.00 -90 0.73107
80.00 -90 0.53009
-85.00 -85 0.12189
-45.00 -85 -0.31138
-40.00 -85 -0.12416
-35.00 -85 0.13824
-30.00 -85 0.35285
-25.00 -85 0.44227
-20.00 -85 0.40667
-15.00 -85 0.28043
-10.00 -85 0.81049E-01
-5.00 -85 -0.18362
0.00 -85 -0.46232
5.00 -85 -0.64000
10.00 -85 -0.60268
15.00 -85 -0.34447
20.00 -85 -0.89142E-02
25.00 -85 0.19826
30.00 -85 0.16765
35.00 -85 -0.20961E-01
40.00 -85 -0.16073
45.00 -85 -0.86743E-01
85.00 -85 0.31385
-75.00 -80 -0.29329
-65.00 -80 -0.18528
-60.00 -80 -0.13437
-55.00 -80 -0.17253
-50.00 -80 -0.23045
-45.00 -80 -0.20189
-40.00 -80 -0.50807E-01
-35.00 -80 0.15706
-30.00 -80 0.32155
-25.00 -80 0.39774
-20.00 -80 0.41589
-15.00 -80 0.41975
-10.00 -80 0.40057
-5.00 -80 0.30593
0.00 -80 0.11658
5.00 -80 -0.96874E-01
10.00 -80 -0.21223
15.00 -80 -0.16455
20.00 -80 -0.18612E-01
25.00 -80 0.77676E-01
30.00 -80 0.26897E-01
35.00 -80 -0.12072
40.00 -80 -0.20344
45.00 -80 -0.89725E-01
50.00 -80 0.20441
55.00 -80 0.52999
60.00 -80 0.73291
65.00 -80 0.77022
75.00 -80 0.62211
-70.00 -75 -0.23367
-45.00 -75 -0.11371E-01
-40.00 -75 0.13538
-35.00 -75 0.31126
-30.00 -75 0.43272
-25.00 -75 0.48474
-20.00 -75 0.53257
-15.00 -75 0.64295
-10.00 -75 0.79703
-5.00 -75 0.88938
0.00 -75 0.81995
5.00 -75 0.59023
10.00 -75 0.30731
15.00 -75 0.91289E-01
20.00 -75 -0.22034E-01
25.00 -75 -0.87949E-01
30.00 -75 -0.16713
35.00 -75 -0.24079
40.00 -75 -0.21854
45.00 -75 -0.33713E-01
70.00 -75 0.66266
-65.00 -70 -0.84648E-01
-60.00 -70 0.29684E-01
-55.00 -70 0.10022
-50.00 -70 0.16106
-45.00 -70 0.27537
-40.00 -70 0.45099
-35.00 -70 0.62004
-30.00 -70 0.70728
-25.00 -70 0.71624
-20.00 -70 0.73896
-15.00 -70 0.86951
-10.00 -70 1.1006
-5.00 -70 1.3051
0.00 -70 1.3266
5.00 -70 1.1006
10.00 -70 0.70053
15.00 -70 0.27492
20.00 -70 -0.57377E-01
25.00 -70 -0.25967
30.00 -70 -0.34644
35.00 -70 -0.32417
40.00 -70 -0.17830
45.00 -70 0.82389E-01
50.00 -70 0.38483
55.00 -70 0.61636
60.00 -70 0.70372
65.00 -70 0.66772
-45.00 -65 0.61610
-40.00 -65 0.82581
-35.00 -65 0.98754
-30.00 -65 1.0331
-25.00 -65 0.97427
-20.00 -65 0.91358
-15.00 -65 0.96469
-10.00 -65 1.1468
-5.00 -65 1.3497
0.00 -65 1.4060
5.00 -65 1.2116
10.00 -65 0.79691
15.00 -65 0.29980
20.00 -65 -0.12495
25.00 -65 -0.37987
30.00 -65 -0.43882
35.00 -65 -0.32063
40.00 -65 -0.69598E-01
45.00 -65 0.24138
-80.00 -60 0.53439E-01
-75.00 -60 -0.99874E-01
-70.00 -60 -0.11821
-65.00 -60 0.42886E-02
-60.00 -60 0.21315
-55.00 -60 0.45020
-50.00 -60 0.69108
-45.00 -60 0.93057
-40.00 -60 1.1419
-35.00 -60 1.2660
-30.00 -60 1.2532
-25.00 -60 1.1208
-20.00 -60 0.96321
-15.00 -60 0.89191
-10.00 -60 0.94857
-5.00 -60 1.0653
0.00 -60 1.1077
5.00 -60 0.96892
10.00 -60 0.64075
15.00 -60 0.21682
20.00 -60 -0.16445
25.00 -60 -0.38748
30.00 -60 -0.39891
35.00 -60 -0.21439
40.00 -60 0.91633E-01
45.00 -60 0.40650
50.00 -60 0.61733
55.00 -60 0.66357
60.00 -60 0.57348
65.00 -60 0.44600
70.00 -60 0.37493
75.00 -60 0.37284
80.00 -60 0.35794
-45.00 -55 1.1391
-40.00 -55 1.2979
-35.00 -55 1.3456
-30.00 -55 1.2720
-25.00 -55 1.1044
-20.00 -55 0.91001
-15.00 -55 0.76516
-10.00 -55 0.70908
-5.00 -55 0.71694
0.00 -55 0.71512
5.00 -55 0.62852
10.00 -55 0.42827
15.00 -55 0.15140
20.00 -55 -0.11444
25.00 -55 -0.26952
30.00 -55 -0.24662
35.00 -55 -0.45957E-01
40.00 -55 0.25456
45.00 -55 0.52681
-65.00 -50 0.76001E-01
-60.00 -50 0.35187
-55.00 -50 0.69576
-50.00 -50 1.0025
-45.00 -50 1.1963
-40.00 -50 1.2564
-35.00 -50 1.2102
-30.00 -50 1.1047
-25.00 -50 0.98038
-20.00 -50 0.85909
-15.00 -50 0.74859
-10.00 -50 0.65231
-5.00 -50 0.57253
0.00 -50 0.50429
5.00 -50 0.42905
10.00 -50 0.32131
15.00 -50 0.17119
20.00 -50 0.82743E-02
25.00 -50 -0.98205E-01
30.00 -50 -0.75783E-01
35.00 -50 0.95162E-01
40.00 -50 0.34762
45.00 -50 0.55237
50.00 -50 0.59603
55.00 -50 0.46092
60.00 -50 0.24332
65.00 -50 0.86990E-01
-70.00 -45 -0.12539E-01
-45.00 -45 1.1026
-40.00 -45 1.0507
-35.00 -45 0.92911
-30.00 -45 0.84454
-25.00 -45 0.84367
-20.00 -45 0.88879
-15.00 -45 0.90021
-10.00 -45 0.82643
-5.00 -45 0.68273
0.00 -45 0.52875
5.00 -45 0.41032
10.00 -45 0.32189
15.00 -45 0.22499
20.00 -45 0.10388
25.00 -45 0.13966E-02
30.00 -45 -0.68202E-02
35.00 -45 0.11582
40.00 -45 0.31308
45.00 -45 0.45653
70.00 -45 -0.89017E-01
-75.00 -40 0.10353
-65.00 -40 0.10607
-60.00 -40 0.35658
-55.00 -40 0.66521
-50.00 -40 0.87583
-45.00 -40 0.89267
-40.00 -40 0.75319
-35.00 -40 0.60373
-30.00 -40 0.59030
-25.00 -40 0.74732
-20.00 -40 0.97260
-15.00 -40 1.1081
-10.00 -40 1.0597
-5.00 -40 0.85847
0.00 -40 0.61903
5.00 -40 0.43767
10.00 -40 0.32358
15.00 -40 0.21925
20.00 -40 0.82663E-01
25.00 -40 -0.52948E-01
30.00 -40 -0.10299
35.00 -40 -0.18854E-01
40.00 -40 0.14501
45.00 -40 0.25446
50.00 -40 0.19855
55.00 -40 -0.13712E-01
60.00 -40 -0.24931
65.00 -40 -0.34954
75.00 -40 -0.41287E-01
-45.00 -35 0.61209
-40.00 -35 0.43321
-35.00 -35 0.31000
-30.00 -35 0.39040
-25.00 -35 0.67341
-20.00 -35 1.0018
-15.00 -35 1.1777
-10.00 -35 1.1072
-5.00 -35 0.85665
0.00 -35 0.58009
5.00 -35 0.38798
10.00 -35 0.27311
15.00 -35 0.15193
20.00 -35 -0.27462E-01
25.00 -35 -0.21793
30.00 -35 -0.31209
35.00 -35 -0.25050
40.00 -35 -0.95342E-01
45.00 -35 0.51390E-02
-85.00 -30 0.44791
-80.00 -30 0.36571
-70.00 -30 0.91780E-01
-65.00 -30 0.87798E-01
-60.00 -30 0.21060
-55.00 -30 0.36122
-50.00 -30 0.40730
-45.00 -30 0.29970
-40.00 -30 0.13088
-35.00 -30 0.72912E-01
-30.00 -30 0.23663
-25.00 -30 0.56899
-20.00 -30 0.88109
-15.00 -30 0.98962
-10.00 -30 0.85451
-5.00 -30 0.59718
0.00 -30 0.38698
5.00 -30 0.29809
10.00 -30 0.26231
15.00 -30 0.15425
20.00 -30 -0.74561E-01
25.00 -30 -0.33811
30.00 -30 -0.48846
35.00 -30 -0.45177
40.00 -30 -0.30296
45.00 -30 -0.20909
50.00 -30 -0.28890
55.00 -30 -0.50996
60.00 -30 -0.71132
65.00 -30 -0.73133
70.00 -30 -0.53330
80.00 -30 0.98306E-02
85.00 -30 0.84440E-01
-45.00 -25 -0.16705E-01
-40.00 -25 -0.14245
-35.00 -25 -0.12061
-30.00 -25 0.97027E-01
-25.00 -25 0.40366
-20.00 -25 0.60888
-15.00 -25 0.59140
-10.00 -25 0.40147
-5.00 -25 0.21844
0.00 -25 0.19530
5.00 -25 0.32428
10.00 -25 0.44280
15.00 -25 0.37629
20.00 -25 0.93386E-01
25.00 -25 -0.26217
30.00 -25 -0.49051
35.00 -25 -0.50107
40.00 -25 -0.38213
45.00 -25 -0.31784
-75.00 -20 0.32752
-65.00 -20 0.48990E-01
-60.00 -20 -0.70136E-02
-55.00 -20 -0.61468E-01
-50.00 -20 -0.17095
-45.00 -20 -0.31325
-40.00 -20 -0.38442
-35.00 -20 -0.28891
-30.00 -20 -0.45358E-01
-25.00 -20 0.19922
-20.00 -20 0.27867
-15.00 -20 0.15513
-10.00 -20 -0.29639E-01
-5.00 -20 -0.59246E-01
0.00 -20 0.17349
5.00 -20 0.55971
10.00 -20 0.84320
15.00 -20 0.81496
20.00 -20 0.47486
25.00 -20 0.27127E-01
30.00 -20 -0.28383
35.00 -20 -0.35837
40.00 -20 -0.29762
45.00 -20 -0.29436
50.00 -20 -0.46040
55.00 -20 -0.73516
60.00 -20 -0.94184
65.00 -20 -0.93228
75.00 -20 -0.36372
-70.00 -15 0.20120
-45.00 -15 -0.56147
-40.00 -15 -0.58129
-35.00 -15 -0.42831
-30.00 -15 -0.17409
-25.00 -15 0.16054E-01
-20.00 -15 0.13668E-01
-15.00 -15 -0.14568
-10.00 -15 -0.26140
-5.00 -15 -0.11636
0.00 -15 0.33615
5.00 -15 0.90508
10.00 -15 1.2816
15.00 -15 1.2590
20.00 -15 0.87787
25.00 -15 0.38306
30.00 -15 0.31908E-01
35.00 -15 -0.88138E-01
40.00 -15 -0.91472E-01
45.00 -15 -0.16584
70.00 -15 -0.72536
-65.00 -10 0.30505E-01
-60.00 -10 -0.17639
-55.00 -10 -0.39057
-50.00 -10 -0.59690
-45.00 -10 -0.72796
-40.00 -10 -0.70229
-35.00 -10 -0.50766
-30.00 -10 -0.24694
-25.00 -10 -0.82105E-01
-20.00 -10 -0.10323
-15.00 -10 -0.23167
-10.00 -10 -0.25641
-5.00 -10 0.49177E-02
0.00 -10 0.54377
5.00 -10 1.1355
10.00 -10 1.4842
15.00 -10 1.4293
20.00 -10 1.0520
25.00 -10 0.59986
30.00 -10 0.29568
35.00 -10 0.18655
40.00 -10 0.14461
45.00 -10 0.32036E-02
50.00 -10 -0.29400
55.00 -10 -0.64917
60.00 -10 -0.89256
65.00 -10 -0.91073
-45.00 -5 -0.78501
-40.00 -5 -0.71265
-35.00 -5 -0.48554
-30.00 -5 -0.21917
-25.00 -5 -0.56791E-01
-20.00 -5 -0.55499E-01
-15.00 -5 -0.12482
-10.00 -5 -0.84470E-01
-5.00 -5 0.19116
0.00 -5 0.65607
5.00 -5 1.1053
10.00 -5 1.3156
15.00 -5 1.2057
20.00 -5 0.88716
25.00 -5 0.56969
30.00 -5 0.39959
35.00 -5 0.36261
40.00 -5 0.32109
45.00 -5 0.14366
90.00 0.00 0.22340E-01
-90.00 0.00 0.42573
