-85.00 0.00 0.41755
-80.00 0.00 0.36810
-75.00 0.00 0.30686
-70.00 0.00 0.28355
-65.00 0.00 0.29707
-60.00 0.00 0.29179
-55.00 0.00 0.20379
-50.00 0.00 0.16867E-01
-45.00 0.00 -0.21902
-40.00 0.00 -0.42287
-35.00 0.00 -0.54126
-30.00 0.00 -0.58177
-25.00 0.00 -0.59567
-20.00 0.00 -0.62721
-15.00 0.00 -0.67318
-10.00 0.00 -0.68507
-5.00 0.00 -0.61011
0.00 0.00 -0.43714
5.00 0.00 -0.21250
10.00 0.00 -0.16312E-01
15.00 0.00 0.81908E-01
20.00 0.00 0.58374E-01
25.00 0.00 -0.57826E-01
30.00 0.00 -0.20424
35.00 0.00 -0.31615
40.00 0.00 -0.35263
45.00 0.00 -0.30818
50.00 0.00 -0.20812
55.00 0.00 -0.92338E-01
60.00 0.00 0.48127E-02
65.00 0.00 0.69060E-01
70.00 0.00 0.10814
75.00 0.00 0.14200
80.00 0.00 0.18579
85.00 0.00 0.24048
-45.00 5.00 -0.24113
-40.00 5.00 -0.50969
-35.00 5.00 -0.70641
-30.00 5.00 -0.80196
-25.00 5.00 -0.82188
-20.00 5.00 -0.81305
-15.00 5.00 -0.79906
-10.00 5.00 -0.76141
-5.00 5.00 -0.66076
0.00 5.00 -0.47941
5.00 5.00 -0.24974
10.00 5.00 -0.44899E-01
15.00 5.00 0.62681E-01
20.00 5.00 0.45302E-01
25.00 5.00 -0.64036E-01
30.00 5.00 -0.19313
35.00 5.00 -0.27291
40.00 5.00 -0.27200
45.00 5.00 -0.20375
-65.00 10.00 0.25758
-60.00 10.00 0.26540
-55.00 10.00 0.21422
-50.00 10.00 0.46774E-01
-45.00 10.00 -0.23096
-40.00 10.00 -0.54570
-35.00 10.00 -0.80098
-30.00 10.00 -0.93659
-25.00 10.00 -0.95879
-20.00 10.00 -0.92066
-15.00 10.00 -0.87158
-10.00 10.00 -0.81878
-5.00 10.00 -0.73160
0.00 10.00 -0.58224
5.00 10.00 -0.38579
10.00 10.00 -0.20304
15.00 10.00 -0.10177
20.00 10.00 -0.10724
25.00 10.00 -0.18244
30.00 10.00 -0.25388
35.00 10.00 -0.26197
40.00 10.00 -0.19684
45.00 10.00 -0.94778E-01
50.00 10.00 -0.35651E-02
55.00 10.00 0.52071E-01
60.00 10.00 0.79123E-01
65.00 10.00 0.98998E-01
-70.00 15.00 0.25170
-45.00 15.00 -0.20224
-40.00 15.00 -0.53577
-35.00 15.00 -0.81639
-30.00 15.00 -0.96439
-25.00 15.00 -0.97811
-20.00 15.00 -0.92146
-15.00 15.00 -0.86503
-10.00 15.00 -0.83153
-5.00 15.00 -0.78987
0.00 15.00 -0.69862
5.00 15.00 -0.55649
10.00 15.00 -0.41282
15.00 15.00 -0.32832
20.00 15.00 -0.32179
25.00 15.00 -0.35124
30.00 15.00 -0.34681
35.00 15.00 -0.26709
40.00 15.00 -0.13039
45.00 15.00 0.39325E-02
70.00 15.00 0.13322
-75.00 20.00 0.32239
-65.00 20.00 0.21111
-60.00 20.00 0.22764
-55.00 20.00 0.21348
-50.00 20.00 0.85764E-01
-45.00 20.00 -0.17617
-40.00 20.00 -0.50242
-35.00 20.00 -0.77378
-30.00 20.00 -0.90293
-25.00 20.00 -0.89146
-20.00 20.00 -0.81753
-15.00 20.00 -0.76704
-10.00 20.00 -0.76795
-5.00 20.00 -0.78155
0.00 20.00 -0.75253
5.00 20.00 -0.66767
10.00 20.00 -0.56859
15.00 20.00 -0.50876
20.00 20.00 -0.49785
25.00 20.00 -0.48778
30.00 20.00 -0.41474
35.00 20.00 -0.25893
40.00 20.00 -0.66999E-01
45.00 20.00 0.83490E-01
50.00 20.00 0.14510
55.00 20.00 0.13325
60.00 20.00 0.10473
65.00 20.00 0.10621
75.00 20.00 0.18368
-45.00 25.00 -0.17308
-40.00 25.00 -0.47478
-35.00 25.00 -0.71113
-30.00 25.00 -0.79595
-25.00 25.00 -0.74120
-20.00 25.00 -0.64016
-15.00 25.00 -0.58923
-10.00 25.00 -0.61612
-5.00 25.00 -0.67337
0.00 25.00 -0.69551
5.00 25.00 -0.66227
10.00 25.00 -0.60932
15.00 25.00 -0.58109
20.00 25.00 -0.57604
25.00 25.00 -0.54073
30.00 25.00 -0.42031
35.00 25.00 -0.21743
40.00 25.00 -0.21961E-02
45.00 25.00 0.13892
-80.00 30.00 0.42974
-70.00 30.00 0.20732
-65.00 30.00 0.14637
-60.00 30.00 0.14476
-55.00 30.00 0.13276
-50.00 30.00 0.24132E-01
-45.00 30.00 -0.20314
-40.00 30.00 -0.47353
-35.00 30.00 -0.66237
-30.00 30.00 -0.68926
-25.00 30.00 -0.57875
-20.00 30.00 -0.43752
-15.00 30.00 -0.36945
-10.00 30.00 -0.40201
-5.00 30.00 -0.48338
0.00 30.00 -0.54372
5.00 30.00 -0.55807
10.00 30.00 -0.55337
15.00 30.00 -0.56036
20.00 30.00 -0.56510
25.00 30.00 -0.51298
30.00 30.00 -0.36388
35.00 30.00 -0.14371
40.00 30.00 0.61294E-01
45.00 30.00 0.16765
50.00 30.00 0.15973
55.00 30.00 0.98193E-01
60.00 30.00 0.65192E-01
65.00 30.00 0.97272E-01
70.00 30.00 0.16616
80.00 30.00 0.23561
-45.00 35.00 -0.26137
-40.00 35.00 -0.50036
-35.00 35.00 -0.64030
-30.00 35.00 -0.60869
-25.00 35.00 -0.44158
-20.00 35.00 -0.25534
-15.00 35.00 -0.15883
-10.00 35.00 -0.18144
-5.00 35.00 -0.27301
0.00 35.00 -0.36445
5.00 35.00 -0.42575
10.00 35.00 -0.46970
15.00 35.00 -0.50817
20.00 35.00 -0.51549
25.00 35.00 -0.44292
30.00 35.00 -0.27269
35.00 35.00 -0.55025E-01
40.00 35.00 0.11552
45.00 35.00 0.17019
-75.00 40.00 0.31948
-65.00 40.00 0.69541E-01
-60.00 40.00 0.29070E-01
-55.00 40.00 -0.11039E-01
-50.00 40.00 -0.12697
-45.00 40.00 -0.32982
-40.00 40.00 -0.53813
-35.00 40.00 -0.63312
-30.00 40.00 -0.55216
-25.00 40.00 -0.34079
-20.00 40.00 -0.12011
-15.00 40.00 0.23491E-03
-10.00 40.00 -0.10721E-01
-5.00 40.00 -0.10773
0.00 40.00 -0.22554
5.00 40.00 -0.32900
10.00 40.00 -0.41391
15.00 40.00 -0.47159
20.00 40.00 -0.46752
25.00 40.00 -0.36542
30.00 40.00 -0.17511
35.00 40.00 0.29847E-01
40.00 40.00 0.15398
45.00 40.00 0.15187
50.00 40.00 0.66405E-01
55.00 40.00 -0.47565E-02
60.00 40.00 0.11813E-01
65.00 40.00 0.10943
75.00 40.00 0.26799
-70.00 45.00 0.15242
-45.00 45.00 -0.38622
-40.00 45.00 -0.56175
-35.00 45.00 -0.61605
-30.00 45.00 -0.49928
-25.00 45.00 -0.26529
-20.00 45.00 -0.34392E-01
-15.00 45.00 0.90192E-01
-10.00 45.00 0.81254E-01
-5.00 45.00 -0.19250E-01
0.00 45.00 -0.15175
5.00 45.00 -0.27961
10.00 45.00 -0.38594
15.00 45.00 -0.44605
20.00 45.00 -0.42062
25.00 45.00 -0.28782
30.00 45.00 -0.83337E-01
35.00 45.00 0.10142
40.00 45.00 0.17648
45.00 45.00 0.12321
70.00 45.00 0.25655
-65.00 50.00 -0.68880E-03
-60.00 50.00 -0.74629E-01
-55.00 50.00 -0.13711
-50.00 50.00 -0.25007
-45.00 50.00 -0.41439
-40.00 50.00 -0.55315
-35.00 50.00 -0.56995
-30.00 50.00 -0.43099
-25.00 50.00 -0.19810
-20.00 50.00 0.14447E-01
-15.00 50.00 0.11871
-10.00 50.00 0.10032
-5.00 50.00 0.29789E-02
0.00 50.00 -0.12119
5.00 50.00 -0.24247
10.00 50.00 -0.34288
15.00 50.00 -0.39140
20.00 50.00 -0.34719
25.00 50.00 -0.19831
30.00 50.00 0.35572E-02
35.00 50.00 0.15904
40.00 50.00 0.18849
45.00 50.00 0.97477E-01
50.00 50.00 -0.20949E-01
55.00 50.00 -0.56559E-01
60.00 50.00 0.31610E-01
65.00 50.00 0.18641
-85.00 55.00 0.47496
-45.00 55.00 -0.41059
-40.00 55.00 -0.51114
-35.00 55.00 -0.49487
-30.00 55.00 -0.34541
-25.00 55.00 -0.13203
-20.00 55.00 0.40773E-01
-15.00 55.00 0.10742
-10.00 55.00 0.74518E-01
-5.00 55.00 -0.74933E-02
0.00 55.00 -0.96074E-01
5.00 55.00 -0.17832
10.00 55.00 -0.24889
15.00 55.00 -0.28074
20.00 55.00 -0.23251
25.00 55.00 -0.92962E-01
30.00 55.00 0.84443E-01
35.00 55.00 0.20345
40.00 55.00 0.19669
45.00 55.00 0.86622E-01
85.00 55.00 0.25825
-80.00 60.00 0.44211
-75.00 60.00 0.29415
-70.00 60.00 0.10175
-65.00 60.00 -0.49319E-01
-60.00 60.00 -0.13226
-55.00 60.00 -0.18944
-50.00 60.00 -0.27380
-45.00 60.00 -0.38253
-40.00 60.00 -0.45040
-35.00 60.00 -0.40986
-30.00 60.00 -0.25939
-25.00 60.00 -0.73710E-01
-20.00 60.00 0.53671E-01
-15.00 60.00 0.80856E-01
-10.00 60.00 0.37373E-01
-5.00 60.00 -0.18155E-01
0.00 60.00 -0.54272E-01
5.00 60.00 -0.80708E-01
10.00 60.00 -0.11295
15.00 60.00 -0.13370
20.00 60.00 -0.99681E-01
25.00 60.00 0.86040E-02
30.00 60.00 0.14781
35.00 60.00 0.23238
40.00 60.00 0.20574
45.00 60.00 0.97828E-01
50.00 60.00 0.99919E-02
55.00 60.00 0.33588E-01
60.00 60.00 0.17203
65.00 60.00 0.33681
70.00 60.00 0.42199
75.00 60.00 0.39294
80.00 60.00 0.30759
-45.00 65.00 -0.34217
-40.00 65.00 -0.39067
-35.00 65.00 -0.33981
-30.00 65.00 -0.19578
-25.00 65.00 -0.34584E-01
-20.00 65.00 0.59573E-01
-15.00 65.00 0.62172E-01
-10.00 65.00 0.18788E-01
-5.00 65.00 -0.74296E-02
0.00 65.00 0.43633E-02
5.00 65.00 0.24405E-01
10.00 65.00 0.18721E-01
15.00 65.00 -0.35098E-02
20.00 65.00 0.50585E-02
25.00 65.00 0.76068E-01
30.00 65.00 0.18043
35.00 65.00 0.24457
40.00 65.00 0.21879
45.00 65.00 0.13237
-65.00 70.00 -0.73792E-01
-60.00 70.00 -0.13934
-55.00 70.00 -0.16818
-50.00 70.00 -0.21940
-45.00 70.00 -0.29712
-40.00 70.00 -0.34350
-35.00 70.00 -0.29874
-30.00 70.00 -0.16649
-25.00 70.00 -0.18229E-01
-20.00 70.00 0.67579E-01
-15.00 70.00 0.71604E-01
-10.00 70.00 0.41500E-01
-5.00 70.00 0.37439E-01
0.00 70.00 0.72664E-01
5.00 70.00 0.10833
10.00 70.00 0.10405
15.00 70.00 0.68092E-01
20.00 70.00 0.52592E-01
25.00 70.00 0.97873E-01
30.00 70.00 0.18471
35.00 70.00 0.24761
40.00 70.00 0.23994
45.00 70.00 0.18638
50.00 70.00 0.16663
55.00 70.00 0.24086
60.00 70.00 0.38704
65.00 70.00 0.51218
-70.00 75.00 0.60739E-01
-45.00 75.00 -0.24625
-40.00 75.00 -0.30514
-35.00 75.00 -0.28069
-30.00 75.00 -0.16385
-25.00 75.00 -0.15332E-01
-20.00 75.00 0.88532E-01
-15.00 75.00 0.12041
-10.00 75.00 0.11457
-5.00 75.00 0.12024
0.00 75.00 0.14794
5.00 75.00 0.16448
10.00 75.00 0.13856
15.00 75.00 0.85174E-01
20.00 75.00 0.58473E-01
25.00 75.00 0.98236E-01
30.00 75.00 0.18598
35.00 75.00 0.25939
40.00 75.00 0.27427
45.00 75.00 0.25198
70.00 75.00 0.56789
-75.00 80.00 0.24732
-65.00 80.00 -0.80955E-01
-60.00 80.00 -0.10918
-55.00 80.00 -0.91681E-01
-50.00 80.00 -0.10808
-45.00 80.00 -0.18206
-40.00 80.00 -0.25988
-35.00 80.00 -0.26380
-30.00 80.00 -0.16545
-25.00 80.00 -0.98566E-02
-20.00 80.00 0.12718
-15.00 80.00 0.20169
-10.00 80.00 0.22411
-5.00 80.00 0.22815
0.00 80.00 0.22693
5.00 80.00 0.20508
10.00 80.00 0.15145
15.00 80.00 0.90470E-01
20.00 80.00 0.71580E-01
25.00 80.00 0.12302
30.00 80.00 0.21885
35.00 80.00 0.29836
40.00 80.00 0.32364
45.00 80.00 0.31820
50.00 80.00 0.34441
55.00 80.00 0.43772
60.00 80.00 0.56159
65.00 80.00 0.63095
75.00 80.00 0.45174
-45.00 85.00 -0.98035E-01
-40.00 85.00 -0.19119
-35.00 85.00 -0.22398
-30.00 85.00 -0.14784
-25.00 85.00 0.10143E-01
-20.00 85.00 0.17602
-15.00 85.00 0.28844
-10.00 85.00 0.33275
-5.00 85.00 0.32807
0.00 85.00 0.29427
5.00 85.00 0.23897
10.00 85.00 0.17292
15.00 85.00 0.12576
20.00 85.00 0.13338
25.00 85.00 0.20407
30.00 85.00 0.30112
35.00 85.00 0.36856
40.00 85.00 0.38157
45.00 85.00 0.37234
-80.00 90.00 0.39259
-70.00 90.00 0.25402E-01
-65.00 90.00 -0.81258E-01
-60.00 90.00 -0.64877E-01
-55.00 90.00 0.13013E-01
-50.00 90.00 0.52674E-01
-45.00 90.00 0.41399E-02
-40.00 90.00 -0.93086E-01
-35.00 90.00 -0.14869
-30.00 90.00 -0.98713E-01
-25.00 90.00 0.46740E-01
-20.00 90.00 0.21917
-15.00 90.00 0.34664
-10.00 90.00 0.39689
-5.00 90.00 0.38002
0.00 90.00 0.32456
5.00 90.00 0.25830
10.00 90.00 0.20704
15.00 90.00 0.19697
20.00 90.00 0.24332
25.00 90.00 0.33157
30.00 90.00 0.41649
35.00 90.00 0.45228
40.00 90.00 0.43300
45.00 90.00 0.40343
50.00 90.00 0.42221
55.00 90.00 0.50530
60.00 90.00 0.60270
65.00 90.00 0.63516
70.00 90.00 0.56253
80.00 90.00 0.29852
-45.00 95.00 0.11232
-40.00 95.00 0.25351E-01
-35.00 95.00 -0.42392E-01
-30.00 95.00 -0.20136E-01
-25.00 95.00 0.95180E-01
-20.00 95.00 0.24466
-15.00 95.00 0.35661
-10.00 95.00 0.39325
-5.00 95.00 0.36290
0.00 95.00 0.30152
5.00 95.00 0.24862
10.00 95.00 0.23423
15.00 95.00 0.27335
20.00 95.00 0.35902
25.00 95.00 0.45781
30.00 95.00 0.52157
35.00 95.00 0.51836
40.00 95.00 0.46161
45.00 95.00 0.40736
-75.00 100.00 0.19256
-65.00 100.00 -0.82835E-01
-60.00 100.00 -0.35909E-01
-55.00 100.00 0.91142E-01
-50.00 100.00 0.19518
-45.00 100.00 0.20834
-40.00 100.00 0.14486
-35.00 100.00 0.78553E-01
-30.00 100.00 0.77177E-01
-25.00 100.00 0.15118
-20.00 100.00 0.25418
-15.00 100.00 0.32531
-10.00 100.00 0.33321
-5.00 100.00 0.29007
0.00 100.00 0.23513
5.00 100.00 0.20889
10.00 100.00 0.23565
15.00 100.00 0.31673
20.00 100.00 0.42889
25.00 100.00 0.52933
30.00 100.00 0.57320
35.00 100.00 0.54159
40.00 100.00 0.46072
45.00 100.00 0.39084
50.00 100.00 0.38464
55.00 100.00 0.44456
60.00 100.00 0.51705
65.00 100.00 0.53365
75.00 100.00 0.35627
-70.00 105.00 0.43276E-03
-45.00 105.00 0.27654
-40.00 105.00 0.24663
-35.00 105.00 0.19683
-30.00 105.00 0.18265
-25.00 105.00 0.21510
-20.00 105.00 0.26100
-15.00 105.00 0.27821
-10.00 105.00 0.25087
-5.00 105.00 0.19801
0.00 105.00 0.15634
5.00 105.00 0.15698
10.00 105.00 0.21189
15.00 105.00 0.31161
20.00 105.00 0.42806
25.00 105.00 0.52145
30.00 105.00 0.55548
35.00 105.00 0.51902
40.00 105.00 0.43938
45.00 105.00 0.37056
70.00 105.00 0.40544
-85.00 110.00 0.42520
-65.00 110.00 -0.83115E-01
-60.00 110.00 -0.35099E-01
-55.00 110.00 0.98968E-01
-50.00 110.00 0.23516
-45.00 110.00 0.31122
-40.00 110.00 0.32172
-35.00 110.00 0.30320
-30.00 110.00 0.29117
-25.00 110.00 0.29006
-20.00 110.00 0.27858
-15.00 110.00 0.23829
-10.00 110.00 0.17525
-5.00 110.00 0.11698
0.00 110.00 0.92292E-01
5.00 110.00 0.11449
10.00 110.00 0.17915
15.00 110.00 0.27109
20.00 110.00 0.36951
25.00 110.00 0.44930
30.00 110.00 0.48624
35.00 110.00 0.47032
40.00 110.00 0.41769
45.00 110.00 0.36584
50.00 110.00 0.34878
55.00 110.00 0.36986
60.00 110.00 0.39769
65.00 110.00 0.39256
85.00 110.00 0.25628
-45.00 115.00 0.31837
-40.00 115.00 0.37318
-35.00 115.00 0.39782
-30.00 115.00 0.40184
-25.00 115.00 0.37668
-20.00 115.00 0.31065
-15.00 115.00 0.21194
-10.00 115.00 0.11337
-5.00 115.00 0.52844E-01
0.00 115.00 0.48135E-01
5.00 115.00 0.89132E-01
10.00 115.00 0.15218
15.00 115.00 0.21978
20.00 115.00 0.28663
25.00 115.00 0.34998
30.00 115.00 0.39966
35.00 115.00 0.42185
40.00 115.00 0.41314
45.00 115.00 0.38786
-80.00 120.00 0.31751
-75.00 120.00 0.15826
-70.00 120.00 0.63360E-02
-65.00 120.00 -0.66902E-01
-60.00 120.00 -0.37823E-01
-55.00 120.00 0.64777E-01
-50.00 120.00 0.19213
-45.00 120.00 0.31067
-40.00 120.00 0.40980
-35.00 120.00 0.48321
-30.00 120.00 0.51129
-25.00 120.00 0.46849
-20.00 120.00 0.35070
-15.00 120.00 0.19372
-10.00 120.00 0.59646E-01
-5.00 120.00 -0.17214E-02
0.00 120.00 0.15513E-01
5.00 120.00 0.75688E-01
10.00 120.00 0.13470
15.00 120.00 0.17388
20.00 120.00 0.20618
25.00 120.00 0.25358
30.00 120.00 0.32022
35.00 120.00 0.38661
40.00 120.00 0.42729
45.00 120.00 0.43180
50.00 120.00 0.40883
55.00 120.00 0.37284
60.00 120.00 0.33069
65.00 120.00 0.28303
70.00 120.00 0.23648
75.00 120.00 0.20929
80.00 120.00 0.21818
-45.00 125.00 0.29866
-40.00 125.00 0.43566
-35.00 125.00 0.55373
-30.00 125.00 0.60560
-25.00 125.00 0.54918
-20.00 125.00 0.38703
-15.00 125.00 0.18041
-10.00 125.00 0.17837E-01
-5.00 125.00 -0.41216E-01
0.00 125.00 -0.30983E-02
5.00 125.00 0.72821E-01
10.00 125.00 0.12487
15.00 125.00 0.13503
20.00 125.00 0.13409
25.00 125.00 0.16648
30.00 125.00 0.24869
35.00 125.00 0.35588
40.00 125.00 0.44302
45.00 125.00 0.47766
-65.00 130.00 -0.21510E-01
-60.00 130.00 -0.77136E-02
-55.00 130.00 0.54967E-01
-50.00 130.00 0.15219
-45.00 130.00 0.28389
-40.00 130.00 0.44295
-35.00 130.00 0.58965
-30.00 130.00 0.65662
-25.00 130.00 0.59141
-20.00 130.00 0.40387
-15.00 130.00 0.17396
-10.00 130.00 0.56348E-02
-5.00 130.00 -0.41225E-01
0.00 130.00 0.12769E-01
5.00 130.00 0.90459E-01
10.00 130.00 0.12189
15.00 130.00 0.95885E-01
20.00 130.00 0.60456E-01
25.00 130.00 0.77136E-01
30.00 130.00 0.17006
35.00 130.00 0.30937
40.00 130.00 0.43585
45.00 130.00 0.50080
50.00 130.00 0.49006
55.00 130.00 0.42117
60.00 130.00 0.32615
65.00 130.00 0.23722
-70.00 135.00 0.51927E-01
-45.00 135.00 0.25831
-40.00 135.00 0.41402
-35.00 135.00 0.56214
-30.00 135.00 0.62810
-25.00 135.00 0.56017
-20.00 135.00 0.37698
-15.00 135.00 0.16645
-10.00 135.00 0.29670E-01
-5.00 135.00 0.11585E-01
0.00 135.00 0.73770E-01
5.00 135.00 0.13072
10.00 135.00 0.11927
15.00 135.00 0.45396E-01
20.00 135.00 -0.25825E-01
25.00 135.00 -0.23801E-01
30.00 135.00 0.75501E-01
35.00 135.00 0.23658
40.00 135.00 0.39258
45.00 135.00 0.48662
70.00 135.00 0.17451
-75.00 140.00 0.15353
-65.00 140.00 0.43885E-01
-60.00 140.00 0.54491E-01
-55.00 140.00 0.81216E-01
-50.00 140.00 0.12696
-45.00 140.00 0.21101
-40.00 140.00 0.33317
-35.00 140.00 0.44991
-30.00 140.00 0.49380
-25.00 140.00 0.42590
-20.00 140.00 0.27509
-15.00 140.00 0.12528
-10.00 140.00 0.55400E-01
-5.00 140.00 0.80431E-01
0.00 140.00 0.14244
5.00 140.00 0.15934
10.00 140.00 0.90956E-01
15.00 140.00 -0.30332E-01
20.00 140.00 -0.12553
25.00 140.00 -0.12653
30.00 140.00 -0.19599E-01
35.00 140.00 0.15296
40.00 140.00 0.32464
45.00 140.00 0.44075
50.00 140.00 0.47655
55.00 140.00 0.43664
60.00 140.00 0.34723
65.00 140.00 0.24812
75.00 140.00 0.17217
-45.00 145.00 0.13806
-40.00 145.00 0.20168
-35.00 145.00 0.25928
-30.00 145.00 0.26075
-25.00 145.00 0.18769
-20.00 145.00 0.78939E-01
-15.00 145.00 0.54892E-02
-10.00 145.00 0.12592E-01
-5.00 145.00 0.79411E-01
0.00 145.00 0.13313
5.00 145.00 0.10716
10.00 145.00 -0.49225E-02
15.00 145.00 -0.14328
20.00 145.00 -0.22530
25.00 145.00 -0.20068
30.00 145.00 -0.76707E-01
35.00 145.00 0.97585E-01
40.00 145.00 0.26575
45.00 145.00 0.38772
-80.00 150.00 0.25295
-70.00 150.00 0.10264
-65.00 150.00 0.10051
-60.00 150.00 0.10819
-55.00 150.00 0.95900E-01
-50.00 150.00 0.68153E-01
-45.00 150.00 0.48922E-01
-40.00 150.00 0.45650E-01
-35.00 150.00 0.34083E-01
-30.00 150.00 -0.17133E-01
-25.00 150.00 -0.10661
-20.00 150.00 -0.18875
-15.00 150.00 -0.20814
-10.00 150.00 -0.15125
-5.00 150.00 -0.66162E-01
0.00 150.00 -0.28316E-01
5.00 150.00 -0.79315E-01
10.00 150.00 -0.19150
15.00 150.00 -0.28808
20.00 150.00 -0.29992
25.00 150.00 -0.21044
30.00 150.00 -0.55724E-01
35.00 150.00 0.11101
40.00 150.00 0.25344
45.00 150.00 0.35799
50.00 150.00 0.41824
55.00 150.00 0.42489
60.00 150.00 0.37611
65.00 150.00 0.29441
70.00 150.00 0.22451
80.00 150.00 0.23761
-45.00 155.00 -0.35388E-01
-40.00 155.00 -0.90696E-01
-35.00 155.00 -0.15573
-30.00 155.00 -0.25085
-25.00 155.00 -0.36442
-20.00 155.00 -0.44981
-15.00 155.00 -0.46342
-10.00 155.00 -0.40888
-5.00 155.00 -0.34177
0.00 155.00 -0.32475
5.00 155.00 -0.37146
10.00 155.00 -0.43066
15.00 155.00 -0.42665
20.00 155.00 -0.32037
25.00 155.00 -0.13798
30.00 155.00 0.54994E-01
35.00 155.00 0.20578
40.00 155.00 0.30451
45.00 155.00 0.37020
-75.00 160.00 0.14789
-65.00 160.00 0.12519
-60.00 160.00 0.12085
-55.00 160.00 0.72808E-01
-50.00 160.00 -0.85579E-02
-45.00 160.00 -0.92253E-01
-40.00 160.00 -0.16539
-35.00 160.00 -0.24586
-30.00 160.00 -0.35610
-25.00 160.00 -0.48806
-20.00 160.00 -0.60001
-15.00 160.00 -0.65214
-10.00 160.00 -0.64558
-5.00 160.00 -0.62267
0.00 160.00 -0.62379
5.00 160.00 -0.64147
10.00 160.00 -0.61844
15.00 160.00 -0.49597
20.00 160.00 -0.27004
25.00 160.00 -0.33148E-02
30.00 160.00 0.21876
35.00 160.00 0.34846
40.00 160.00 0.39976
45.00 160.00 0.41924
50.00 160.00 0.43659
55.00 160.00 0.44326
60.00 160.00 0.41533
65.00 160.00 0.35188
75.00 160.00 0.25726
-85.00 165.00 0.33554
-70.00 165.00 0.11855
-45.00 165.00 -0.10973
-40.00 165.00 -0.16163
-35.00 165.00 -0.21370
-30.00 165.00 -0.30230
-25.00 165.00 -0.43416
-20.00 165.00 -0.57512
-15.00 165.00 -0.67991
-10.00 165.00 -0.73135
-5.00 165.00 -0.74786
0.00 165.00 -0.75160
5.00 165.00 -0.73143
10.00 165.00 -0.64256
15.00 165.00 -0.44824
20.00 165.00 -0.16542
25.00 165.00 0.13133
30.00 165.00 0.35576
35.00 165.00 0.46705
40.00 165.00 0.48901
45.00 165.00 0.47764
70.00 165.00 0.31484
85.00 165.00 0.30842
-65.00 170.00 0.12088
-60.00 170.00 0.10137
-55.00 170.00 0.37259E-01
-50.00 170.00 -0.43094E-01
-45.00 170.00 -0.93295E-01
-40.00 170.00 -0.98755E-01
-35.00 170.00 -0.95355E-01
-30.00 170.00 -0.13859
-25.00 170.00 -0.25285
-20.00 170.00 -0.40864
-15.00 170.00 -0.54706
-10.00 170.00 -0.62600
-5.00 170.00 -0.64387
0.00 170.00 -0.62229
5.00 170.00 -0.57039
10.00 170.00 -0.47034
15.00 170.00 -0.29945
20.00 170.00 -0.65782E-01
25.00 170.00 0.18084
30.00 170.00 0.37632
35.00 170.00 0.48453
40.00 170.00 0.51637
45.00 170.00 0.51057
50.00 170.00 0.49720
55.00 170.00 0.47879
60.00 170.00 0.44322
65.00 170.00 0.38983
-45.00 175.00 -0.62298E-01
-40.00 175.00 -0.22593E-01
-35.00 175.00 0.30878E-01
-30.00 175.00 0.26864E-01
-25.00 175.00 -0.70441E-01
-20.00 175.00 -0.22843
-15.00 175.00 -0.36920
-10.00 175.00 -0.42799
-5.00 175.00 -0.39687
0.00 175.00 -0.31947
5.00 175.00 -0.24671
10.00 175.00 -0.19501
15.00 175.00 -0.14132
20.00 175.00 -0.52974E-01
25.00 175.00 0.78610E-01
30.00 175.00 0.22955
35.00 175.00 0.36274
40.00 175.00 0.45294
45.00 175.00 0.49626
-80.00 180.00 0.21126
-75.00 180.00 0.13633
-70.00 180.00 0.11364
-65.00 180.00 0.11139
-60.00 180.00 0.84716E-01
-55.00 180.00 0.23396E-01
-50.00 180.00 -0.34359E-01
-45.00 180.00 -0.38299E-01
-40.00 180.00 0.20081E-01
-35.00 180.00 0.87803E-01
-30.00 180.00 0.87637E-01
-25.00 180.00 -0.16088E-01
-20.00 180.00 -0.17960
-15.00 180.00 -0.30523
-10.00 180.00 -0.31308
-5.00 180.00 -0.20218
0.00 180.00 -0.52211E-01
5.00 180.00 0.35363E-01
10.00 180.00 0.10726E-01
15.00 180.00 -0.91545E-01
20.00 180.00 -0.18129
25.00 180.00 -0.17709
30.00 180.00 -0.57622E-01
35.00 180.00 0.13247
40.00 180.00 0.31814
45.00 180.00 0.44001
50.00 180.00 0.48055
55.00 180.00 0.46042
60.00 180.00 0.41646
65.00 180.00 0.37921
70.00 180.00 0.36153
75.00 180.00 0.35814
80.00 180.00 0.35450
-45.00 -175 -0.32784E-01
-40.00 -175 0.74003E-02
-35.00 -175 0.43048E-01
-30.00 -175 0.28548E-02
-25.00 -175 -0.13819
-20.00 -175 -0.32242
-15.00 -175 -0.43843
-10.00 -175 -0.40055
-5.00 -175 -0.21959
0.00 -175 -0.73146E-02
5.00 -175 0.94512E-01
10.00 -175 0.11770E-01
15.00 -175 -0.20835
20.00 -175 -0.42646
25.00 -175 -0.50130
30.00 -175 -0.37731
35.00 -175 -0.11096
40.00 -175 0.17533
45.00 -175 0.37283
-65.00 -170 0.11822
-60.00 -170 0.95592E-01
-55.00 -170 0.43626E-01
-50.00 -170 -0.12612E-01
-45.00 -170 -0.42392E-01
-40.00 -170 -0.48065E-01
-35.00 -170 -0.75533E-01
-30.00 -170 -0.18019
-25.00 -170 -0.37149
-20.00 -170 -0.58353
-15.00 -170 -0.70459
-10.00 -170 -0.65340
-5.00 -170 -0.44804
0.00 -170 -0.21101
5.00 -170 -0.97038E-01
10.00 -170 -0.18895
15.00 -170 -0.43527
20.00 -170 -0.67722
25.00 -170 -0.74929
30.00 -170 -0.58422
35.00 -170 -0.25030
40.00 -170 0.10089
45.00 -170 0.33429
50.00 -170 0.40701
55.00 -170 0.37243
60.00 -170 0.32181
65.00 -170 0.31498
-70.00 -165 0.13066
-45.00 -165 -0.54361E-01
-40.00 -165 -0.11167
-35.00 -165 -0.20283
-30.00 -165 -0.36160
-25.00 -165 -0.58304
-20.00 -165 -0.80480
-15.00 -165 -0.93245
-10.00 -165 -0.89995
-5.00 -165 -0.72466
0.00 -165 -0.51198
5.00 -165 -0.39586
10.00 -165 -0.44947
15.00 -165 -0.62816
20.00 -165 -0.79059
25.00 -165 -0.78932
30.00 -165 -0.56991
35.00 -165 -0.20804
40.00 -165 0.14192
45.00 -165 0.34884
70.00 -165 0.33709
-75.00 -160 0.15855
-65.00 -160 0.14212
-60.00 -160 0.12437
-55.00 -160 0.80653E-01
-50.00 -160 0.17592E-01
-45.00 -160 -0.57683E-01
-40.00 -160 -0.15132
-35.00 -160 -0.28082
-30.00 -160 -0.45742
-25.00 -160 -0.66575
-20.00 -160 -0.85785
-15.00 -160 -0.97128
-10.00 -160 -0.96508
-5.00 -160 -0.85184
0.00 -160 -0.70022
5.00 -160 -0.59784
10.00 -160 -0.59279
15.00 -160 -0.65388
20.00 -160 -0.68363
25.00 -160 -0.58339
30.00 -160 -0.32799
35.00 -160 0.63038E-02
40.00 -160 0.28614
45.00 -160 0.40927
50.00 -160 0.37158
55.00 -160 0.26286
60.00 -160 0.19588
65.00 -160 0.22582
75.00 -160 0.40440
-45.00 -155 -0.51619E-01
-40.00 -155 -0.15668
-35.00 -155 -0.29228
-30.00 -155 -0.45085
-25.00 -155 -0.60924
-20.00 -155 -0.73625
-15.00 -155 -0.80523
-10.00 -155 -0.80544
-5.00 -155 -0.74819
0.00 -155 -0.66391
5.00 -155 -0.58752
10.00 -155 -0.53538
15.00 -155 -0.48826
20.00 -155 -0.39802
25.00 -155 -0.22259
30.00 -155 0.31267E-01
35.00 -155 0.29312
40.00 -155 0.46302
45.00 -155 0.47780
-80.00 -150 0.22395
-70.00 -150 0.17827
-65.00 -150 0.16586
-60.00 -150 0.13295
-55.00 -150 0.83269E-01
-50.00 -150 0.24902E-01
-45.00 -150 -0.45669E-01
-40.00 -150 -0.14024
-35.00 -150 -0.26110
-30.00 -150 -0.38957
-25.00 -150 -0.49425
-20.00 -150 -0.55171
-15.00 -150 -0.56042
-10.00 -150 -0.53677
-5.00 -150 -0.49959
0.00 -150 -0.45763
5.00 -150 -0.40765
10.00 -150 -0.33858
15.00 -150 -0.23547
20.00 -150 -0.84676E-01
25.00 -150 0.11422
30.00 -150 0.33269
35.00 -150 0.50997
40.00 -150 0.57765
45.00 -150 0.50520
50.00 -150 0.33363
55.00 -150 0.16322
60.00 -150 0.93641E-01
65.00 -150 0.15698
70.00 -150 0.29659
80.00 -150 0.43730
-45.00 -145 -0.51783E-01
-40.00 -145 -0.12212
-35.00 -145 -0.22314
-30.00 -145 -0.33548
-25.00 -145 -0.41769
-20.00 -145 -0.43802
-15.00 -145 -0.39890
-10.00 -145 -0.33261
-5.00 -145 -0.27396
0.00 -145 -0.23503
5.00 -145 -0.20132
10.00 -145 -0.14676
15.00 -145 -0.51509E-01
20.00 -145 0.88756E-01
25.00 -145 0.26016
30.00 -145 0.42909
35.00 -145 0.54533
40.00 -145 0.55996
45.00 -145 0.45740
-85.00 -140 0.30514
-75.00 -140 0.22370
-65.00 -140 0.17556
-60.00 -140 0.94083E-01
-55.00 -140 0.76563E-02
-50.00 -140 -0.48036E-01
-45.00 -140 -0.75333E-01
-40.00 -140 -0.11259
-35.00 -140 -0.19395
-30.00 -140 -0.31069
-25.00 -140 -0.41175
-20.00 -140 -0.44286
-15.00 -140 -0.38893
-10.00 -140 -0.28340
-5.00 -140 -0.18014
0.00 -140 -0.11495
5.00 -140 -0.87155E-01
10.00 -140 -0.69553E-01
15.00 -140 -0.31218E-01
20.00 -140 0.45214E-01
25.00 -140 0.15712
30.00 -140 0.28123
35.00 -140 0.37717
40.00 -140 0.40152
45.00 -140 0.33453
50.00 -140 0.20464
55.00 -140 0.85548E-01
60.00 -140 0.55314E-01
65.00 -140 0.14104
75.00 -140 0.41853
85.00 -140 0.38290
-70.00 -135 0.23697
-45.00 -135 -0.11164
-40.00 -135 -0.10651
-35.00 -135 -0.16048
-30.00 -135 -0.28497
-25.00 -135 -0.42425
-20.00 -135 -0.49747
-15.00 -135 -0.46057
-10.00 -135 -0.33658
-5.00 -135 -0.19454
0.00 -135 -0.10004
5.00 -135 -0.77731E-01
10.00 -135 -0.10764
15.00 -135 -0.14704
20.00 -135 -0.15600
25.00 -135 -0.11339
30.00 -135 -0.23811E-01
35.00 -135 0.82154E-01
40.00 -135 0.15890
45.00 -135 0.17121
70.00 -135 0.29963
-65.00 -130 0.17912
-60.00 -130 0.30170E-01
-55.00 -130 -0.11629
-50.00 -130 -0.18060
-45.00 -130 -0.14984
-40.00 -130 -0.92770E-01
-35.00 -130 -0.10179
-30.00 -130 -0.21321
-25.00 -130 -0.37495
-20.00 -130 -0.48751
-15.00 -130 -0.48083
-10.00 -130 -0.36371
-5.00 -130 -0.21137
0.00 -130 -0.10947
5.00 -130 -0.10207
10.00 -130 -0.17649
15.00 -130 -0.28322
20.00 -130 -0.36624
25.00 -130 -0.38514
30.00 -130 -0.32663
35.00 -130 -0.20919
40.00 -130 -0.77737E-01
45.00 -130 0.18140E-01
50.00 -130 0.56357E-01
55.00 -130 0.61452E-01
60.00 -130 0.88371E-01
65.00 -130 0.17618
-45.00 -125 -0.17974
-40.00 -125 -0.68515E-01
-35.00 -125 -0.18227E-01
-30.00 -125 -0.88185E-01
-25.00 -125 -0.23729
-20.00 -125 -0.36171
-15.00 -125 -0.37899
-10.00 -125 -0.28752
-5.00 -125 -0.15877
0.00 -125 -0.79387E-01
5.00 -125 -0.95123E-01
10.00 -125 -0.19467
15.00 -125 -0.33071
20.00 -125 -0.44970
25.00 -125 -0.50953
30.00 -125 -0.48677
35.00 -125 -0.38343
40.00 -125 -0.23183
45.00 -125 -0.83946E-01
-80.00 -120 0.27581
-75.00 -120 0.29877
-70.00 -120 0.30039
-65.00 -120 0.20013
-60.00 -120 0.26558E-02
-55.00 -120 -0.19294
-50.00 -120 -0.27073
-45.00 -120 -0.19560
-40.00 -120 -0.43926E-01
-35.00 -120 0.59180E-01
-30.00 -120 0.39846E-01
-25.00 -120 -0.72963E-01
-20.00 -120 -0.18287
-15.00 -120 -0.21037
-10.00 -120 -0.15134
-5.00 -120 -0.67212E-01
0.00 -120 -0.27608E-01
5.00 -120 -0.61381E-01
10.00 -120 -0.15152
15.00 -120 -0.26266
20.00 -120 -0.36521
25.00 -120 -0.43681
30.00 -120 -0.45431
35.00 -120 -0.39898
40.00 -120 -0.27581
45.00 -120 -0.12282
50.00 -120 0.94315E-02
55.00 -120 0.95702E-01
60.00 -120 0.15474
65.00 -120 0.22578
70.00 -120 0.32247
75.00 -120 0.40937
80.00 -120 0.43368
-45.00 -115 -0.19403
-40.00 -115 -0.32219E-01
-35.00 -115 0.89965E-01
-30.00 -115 0.96972E-01
-25.00 -115 0.12718E-01
-20.00 -115 -0.76551E-01
-15.00 -115 -0.10361
-10.00 -115 -0.70121E-01
-5.00 -115 -0.27965E-01
0.00 -115 -0.22008E-01
5.00 -115 -0.54166E-01
10.00 -115 -0.97463E-01
15.00 -115 -0.13445
20.00 -115 -0.17354
25.00 -115 -0.22719
30.00 -115 -0.28122
35.00 -115 -0.29478
40.00 -115 -0.23588
45.00 -115 -0.11578
-65.00 -110 0.25169
-60.00 -110 0.56284E-01
-55.00 -110 -0.14374
-50.00 -110 -0.23086
-45.00 -110 -0.16938
-40.00 -110 -0.33277E-01
-35.00 -110 0.60017E-01
-30.00 -110 0.46822E-01
-25.00 -110 -0.41243E-01
-20.00 -110 -0.12154
-15.00 -110 -0.14042
-10.00 -110 -0.11207
-5.00 -110 -0.86787E-01
0.00 -110 -0.90304E-01
5.00 -110 -0.99552E-01
10.00 -110 -0.76635E-01
15.00 -110 -0.20259E-01
20.00 -110 0.23561E-01
25.00 -110 0.54306E-02
30.00 -110 -0.73412E-01
35.00 -110 -0.15364
40.00 -110 -0.16692
45.00 -110 -0.94318E-01
50.00 -110 0.22305E-01
55.00 -110 0.12461
60.00 -110 0.19081
65.00 -110 0.24409
-70.00 -105 0.35940
-45.00 -105 -0.11260
-40.00 -105 -0.26216E-01
-35.00 -105 0.13112E-02
-30.00 -105 -0.71850E-01
-25.00 -105 -0.19419
-20.00 -105 -0.27677
-15.00 -105 -0.27594
-10.00 -105 -0.22332
-5.00 -105 -0.17994
0.00 -105 -0.16735
5.00 -105 -0.14802
10.00 -105 -0.73580E-01
15.00 -105 0.51190E-01
20.00 -105 0.15758
25.00 -105 0.17028
30.00 -105 0.78649E-01
35.00 -105 -0.47858E-01
40.00 -105 -0.11585
45.00 -105 -0.82997E-01
70.00 -105 0.29347
-75.00 -100 0.33761
-65.00 -100 0.31785
-60.00 -100 0.17470
-55.00 -100 0.25480E-01
-50.00 -100 -0.41378E-01
-45.00 -100 -0.16659E-01
-40.00 -100 0.20148E-01
-35.00 -100 -0.23521E-01
-30.00 -100 -0.16455
-25.00 -100 -0.32636
-20.00 -100 -0.40762
-15.00 -100 -0.37081
-10.00 -100 -0.26723
-5.00 -100 -0.17914
0.00 -100 -0.13937
5.00 -100 -0.10812
10.00 -100 -0.26935E-01
15.00 -100 0.10742
20.00 -100 0.22560
25.00 -100 0.24443
30.00 -100 0.14557
35.00 -100 -0.18833E-02
40.00 -100 -0.96632E-01
45.00 -100 -0.85838E-01
50.00 -100 0.26828E-02
55.00 -100 0.10069
60.00 -100 0.16641
65.00 -100 0.21147
75.00 -100 0.33601
-45.00 -95 0.11444
-40.00 -95 0.12462
-35.00 -95 0.37002E-01
-30.00 -95 -0.14505
-25.00 -95 -0.32473
-20.00 -95 -0.38993
-15.00 -95 -0.30706
-10.00 -95 -0.14473
-5.00 -95 -0.83422E-02
0.00 -95 0.50526E-01
5.00 -95 0.65767E-01
10.00 -95 0.10483
15.00 -95 0.18929
20.00 -95 0.26736
25.00 -95 0.26408
30.00 -95 0.15802
35.00 -95 0.89368E-02
40.00 -95 -0.89828E-01
45.00 -95 -0.87520E-01
-80.00 -90 0.29268
-70.00 -90 0.37818
-65.00 -90 0.36483
-60.00 -90 0.29119
-55.00 -90 0.22127
-50.00 -90 0.21521
-45.00 -90 0.26054
-40.00 -90 0.27536
-35.00 -90 0.18552
-30.00 -90 0.41223E-02
-25.00 -90 -0.16458
-20.00 -90 -0.20561
-15.00 -90 -0.87849E-01
-10.00 -90 0.11178
-5.00 -90 0.27433
0.00 -90 0.33352
5.00 -90 0.31493
10.00 -90 0.29091
15.00 -90 0.30141
20.00 -90 0.31800
25.00 -90 0.28137
30.00 -90 0.16989
35.00 -90 0.29500E-01
40.00 -90 -0.63313E-01
45.00 -90 -0.67016E-01
50.00 -90 -0.50042E-02
55.00 -90 0.65691E-01
60.00 -90 0.11127
65.00 -90 0.14549
70.00 -90 0.19985
80.00 -90 0.33854
-85.00 -85 0.32305
-45.00 -85 0.38989
-40.00 -85 0.43077
-35.00 -85 0.37047
-30.00 -85 0.21995
-25.00 -85 0.75878E-01
-20.00 -85 0.46636E-01
-15.00 -85 0.16347
-10.00 -85 0.35518
-5.00 -85 0.50735
0.00 -85 0.55146
5.00 -85 0.50617
10.00 -85 0.44073
15.00 -85 0.40255
20.00 -85 0.37894
25.00 -85 0.32388
30.00 -85 0.21638
35.00 -85 0.89337E-01
40.00 -85 0.19345E-02
45.00 -85 -0.13900E-01
85.00 -85 0.33355
-75.00 -80 0.31318
-65.00 -80 0.37338
-60.00 -80 0.34986
-55.00 -80 0.33688
-50.00 -80 0.38146
-45.00 -80 0.47264
-40.00 -80 0.54055
-35.00 -80 0.51709
-30.00 -80 0.40267
-25.00 -80 0.27523
-20.00 -80 0.22978
-15.00 -80 0.30103
-10.00 -80 0.43735
-5.00 -80 0.54702
0.00 -80 0.57289
5.00 -80 0.52899
10.00 -80 0.47200
15.00 -80 0.44103
20.00 -80 0.42470
25.00 -80 0.38265
30.00 -80 0.29423
35.00 -80 0.18362
40.00 -80 0.97862E-01
45.00 -80 0.63161E-01
50.00 -80 0.64986E-01
55.00 -80 0.70553E-01
60.00 -80 0.67728E-01
65.00 -80 0.77983E-01
75.00 -80 0.21661
-70.00 -75 0.34483
-45.00 -75 0.49543
-40.00 -75 0.57334
-35.00 -75 0.57232
-30.00 -75 0.48037
-25.00 -75 0.35284
-20.00 -75 0.26856
-15.00 -75 0.26716
-10.00 -75 0.32326
-5.00 -75 0.37753
0.00 -75 0.39212
5.00 -75 0.37822
10.00 -75 0.37394
15.00 -75 0.39869
20.00 -75 0.43080
25.00 -75 0.42857
30.00 -75 0.37149
35.00 -75 0.27981
40.00 -75 0.19456
45.00 -75 0.14042
70.00 -75 0.98299E-01
-65.00 -70 0.35932
-60.00 -70 0.36080
-55.00 -70 0.36071
-50.00 -70 0.39582
-45.00 -70 0.46806
-40.00 -70 0.53257
-35.00 -70 0.53230
-30.00 -70 0.44730
-25.00 -70 0.31314
-20.00 -70 0.19233
-15.00 -70 0.12633
-10.00 -70 0.11188
-5.00 -70 0.11927
0.00 -70 0.12989
5.00 -70 0.15392
10.00 -70 0.21233
15.00 -70 0.30413
20.00 -70 0.39459
25.00 -70 0.43810
30.00 -70 0.41409
35.00 -70 0.34156
40.00 -70 0.25920
45.00 -70 0.19223
50.00 -70 0.13873
55.00 -70 0.86719E-01
60.00 -70 0.40935E-01
65.00 -70 0.28034E-01
-45.00 -65 0.41762
-40.00 -65 0.45116
-35.00 -65 0.43636
-30.00 -65 0.35318
-25.00 -65 0.22376
-20.00 -65 0.94823E-01
-15.00 -65 0.24802E-02
-10.00 -65 -0.47109E-01
-5.00 -65 -0.66291E-01
0.00 -65 -0.60301E-01
5.00 -65 -0.17054E-01
10.00 -65 0.76191E-01
15.00 -65 0.20743
20.00 -65 0.33447
25.00 -65 0.40890
30.00 -65 0.40909
35.00 -65 0.35226
40.00 -65 0.27544
45.00 -65 0.20464
-80.00 -60 0.27731
-75.00 -60 0.26871
-70.00 -60 0.30828
-65.00 -60 0.35725
-60.00 -60 0.38223
-55.00 -60 0.38094
-50.00 -60 0.37366
-45.00 -60 0.37392
-40.00 -60 0.37012
-35.00 -60 0.33629
-30.00 -60 0.25934
-25.00 -60 0.15438
-20.00 -60 0.53300E-01
-15.00 -60 -0.20667E-01
-10.00 -60 -0.66166E-01
-5.00 -60 -0.92709E-01
0.00 -60 -0.99495E-01
5.00 -60 -0.69072E-01
10.00 -60 0.14929E-01
15.00 -60 0.14292
20.00 -60 0.27386
25.00 -60 0.35815
30.00 -60 0.37033
35.00 -60 0.32302
40.00 -60 0.25083
45.00 -60 0.18118
50.00 -60 0.11973
55.00 -60 0.61692E-01
60.00 -60 0.13384E-01
65.00 -60 -0.18677E-02
70.00 -60 0.37843E-01
75.00 -60 0.12678
80.00 -60 0.22695
-45.00 -55 0.35481
-40.00 -55 0.31632
-35.00 -55 0.26522
-30.00 -55 0.19858
-25.00 -55 0.12890
-20.00 -55 0.75598E-01
-15.00 -55 0.46082E-01
-10.00 -55 0.28461E-01
-5.00 -55 0.58906E-02
0.00 -55 -0.20887E-01
5.00 -55 -0.27217E-01
10.00 -55 0.15676E-01
15.00 -55 0.11109
20.00 -55 0.22550
25.00 -55 0.30805
30.00 -55 0.32532
35.00 -55 0.28156
40.00 -55 0.20868
45.00 -55 0.13790
-65.00 -50 0.38258
-60.00 -50 0.44262
-55.00 -50 0.45409
-50.00 -50 0.41940
-45.00 -50 0.35967
-40.00 -50 0.29291
-35.00 -50 0.22659
-30.00 -50 0.16639
-25.00 -50 0.12418
-20.00 -50 0.11143
-15.00 -50 0.12384
-10.00 -50 0.13692
-5.00 -50 0.12317
0.00 -50 0.78635E-01
5.00 -50 0.32981E-01
10.00 -50 0.29278E-01
15.00 -50 0.87898E-01
20.00 -50 0.18557
25.00 -50 0.26914
30.00 -50 0.29328
35.00 -50 0.25059
40.00 -50 0.17047
45.00 -50 0.91561E-01
50.00 -50 0.34756E-01
55.00 -50 -0.56638E-03
60.00 -50 -0.19422E-01
65.00 -50 -0.15342E-01
-70.00 -45 0.30843
-45.00 -45 0.37333
-40.00 -45 0.28534
-35.00 -45 0.20522
-30.00 -45 0.14196
-25.00 -45 0.10621
-20.00 -45 0.10726
-15.00 -45 0.13863
-10.00 -45 0.17112
-5.00 -45 0.16867
0.00 -45 0.11861
5.00 -45 0.49013E-01
10.00 -45 0.12551E-01
15.00 -45 0.45759E-01
20.00 -45 0.13692
25.00 -45 0.23109
30.00 -45 0.26943
35.00 -45 0.23060
40.00 -45 0.14096
45.00 -45 0.48858E-01
70.00 -45 0.26198E-01
-75.00 -40 0.26121
-65.00 -40 0.41501
-60.00 -40 0.50175
-55.00 -40 0.52247
-50.00 -40 0.47054
-45.00 -40 0.37618
-40.00 -40 0.27517
-35.00 -40 0.18641
-30.00 -40 0.11474
-25.00 -40 0.66407E-01
-20.00 -40 0.52762E-01
-15.00 -40 0.75402E-01
-10.00 -40 0.11122
-5.00 -40 0.12059
0.00 -40 0.78930E-01
5.00 -40 0.41937E-02
10.00 -40 -0.49374E-01
15.00 -40 -0.32170E-01
20.00 -40 0.57698E-01
25.00 -40 0.16735
30.00 -40 0.22649
35.00 -40 0.19887
40.00 -40 0.10559
45.00 -40 0.35185E-02
50.00 -40 -0.59160E-01
55.00 -40 -0.71245E-01
60.00 -40 -0.50887E-01
65.00 -40 -0.16704E-01
75.00 -40 0.10004
-45.00 -35 0.35392
-40.00 -35 0.25077
-35.00 -35 0.16614
-30.00 -35 0.92980E-01
-25.00 -35 0.27221E-01
-20.00 -35 -0.17634E-01
-15.00 -35 -0.25164E-01
-10.00 -35 -0.27340E-02
-5.00 -35 0.13182E-01
0.00 -35 -0.14235E-01
5.00 -35 -0.83810E-01
10.00 -35 -0.14783
15.00 -35 -0.14768
20.00 -35 -0.65641E-01
25.00 -35 0.53738E-01
30.00 -35 0.13425
35.00 -35 0.12611
40.00 -35 0.42100E-01
45.00 -35 -0.57162E-01
-85.00 -30 0.36987
-80.00 -30 0.30064
-70.00 -30 0.32002
-65.00 -30 0.42185
-60.00 -30 0.50119
-55.00 -30 0.49887
-50.00 -30 0.41550
-45.00 -30 0.30186
-40.00 -30 0.20873
-35.00 -30 0.14638
-30.00 -30 0.89489E-01
-25.00 -30 0.16370E-01
-20.00 -30 -0.61763E-01
-15.00 -30 -0.11234
-10.00 -30 -0.12024
-5.00 -30 -0.11060
0.00 -30 -0.12803
5.00 -30 -0.19026
10.00 -30 -0.26298
15.00 -30 -0.28483
20.00 -30 -0.22303
25.00 -30 -0.10823
30.00 -30 -0.14452E-01
35.00 -30 0.17114E-04
40.00 -30 -0.61511E-01
45.00 -30 -0.14085
50.00 -30 -0.17543
55.00 -30 -0.14541
60.00 -30 -0.77646E-01
65.00 -30 -0.98460E-02
70.00 -30 0.45868E-01
80.00 -30 0.17817
85.00 -30 0.25349
-45.00 -25 0.22362
-40.00 -25 0.14864
-35.00 -25 0.12293
-30.00 -25 0.10020
-25.00 -25 0.35426E-01
-20.00 -25 -0.69004E-01
-15.00 -25 -0.16766
-10.00 -25 -0.21980
-5.00 -25 -0.23064
0.00 -25 -0.24404
5.00 -25 -0.29431
10.00 -25 -0.36646
15.00 -25 -0.40634
20.00 -25 -0.37245
25.00 -25 -0.27934
30.00 -25 -0.18954
35.00 -25 -0.16031
40.00 -25 -0.19465
45.00 -25 -0.24139
-75.00 -20 0.28256
-65.00 -20 0.39217
-60.00 -20 0.43391
-55.00 -20 0.38308
-50.00 -20 0.25543
-45.00 -20 0.12741
-40.00 -20 0.68160E-01
-35.00 -20 0.79008E-01
-30.00 -20 0.95825E-01
-25.00 -20 0.49991E-01
-20.00 -20 -0.69856E-01
-15.00 -20 -0.21142
-10.00 -20 -0.30977
-5.00 -20 -0.34453
0.00 -20 -0.34981
5.00 -20 -0.37188
10.00 -20 -0.42009
15.00 -20 -0.45976
20.00 -20 -0.45168
25.00 -20 -0.39581
30.00 -20 -0.33422
35.00 -20 -0.31039
40.00 -20 -0.32601
45.00 -20 -0.33845
50.00 -20 -0.30103
55.00 -20 -0.20603
60.00 -20 -0.89368E-01
65.00 -20 0.53807E-02
75.00 -20 0.11422
-70.00 -15 0.30973
-45.00 -15 0.23306E-01
-40.00 -15 -0.36150E-01
-35.00 -15 -0.82126E-02
-30.00 -15 0.35086E-01
-25.00 -15 0.88478E-02
-20.00 -15 -0.11261
-15.00 -15 -0.27745
-10.00 -15 -0.40388
-5.00 -15 -0.44701
0.00 -15 -0.42607
5.00 -15 -0.39460
10.00 -15 -0.38872
15.00 -15 -0.40342
20.00 -15 -0.41283
25.00 -15 -0.40584
30.00 -15 -0.39717
35.00 -15 -0.40433
40.00 -15 -0.41889
45.00 -15 -0.40599
70.00 -15 0.76823E-01
-65.00 -10 0.34321
-60.00 -10 0.34808
-55.00 -10 0.25908
-50.00 -10 0.90400E-01
-45.00 -10 -0.77369E-01
-40.00 -10 -0.16269
-35.00 -10 -0.15173
-30.00 -10 -0.10933
-25.00 -10 -0.12296
-20.00 -10 -0.22903
-15.00 -10 -0.38423
-10.00 -10 -0.50303
-5.00 -10 -0.52499
0.00 -10 -0.45521
5.00 -10 -0.35006
10.00 -10 -0.26995
15.00 -10 -0.24258
20.00 -10 -0.26153
25.00 -10 -0.30790
30.00 -10 -0.36628
35.00 -10 -0.42165
40.00 -10 -0.45018
45.00 -10 -0.42421
50.00 -10 -0.33285
55.00 -10 -0.19776
60.00 -10 -0.63649E-01
65.00 -10 0.32625E-01
-45.00 -5 -0.16210
-40.00 -5 -0.29911
-35.00 -5 -0.34108
-30.00 -5 -0.32980
-25.00 -5 -0.34006
-20.00 -5 -0.41384
-15.00 -5 -0.52453
-10.00 -5 -0.59861
-5.00 -5 -0.57373
0.00 -5 -0.44507
5.00 -5 -0.26700
10.00 -5 -0.11577
15.00 -5 -0.45931E-01
20.00 -5 -0.69400E-01
25.00 -5 -0.16161
30.00 -5 -0.27976
35.00 -5 -0.37859
40.00 -5 -0.42099
45.00 -5 -0.38814
90.00 0.00 0.29540
-90.00 0.00 0.40319
