-85.00 0.00 0.56996
-80.00 0.00 0.66104
-75.00 0.00 0.65347
-70.00 0.00 0.55500
-65.00 0.00 0.36840
-60.00 0.00 0.10476
-55.00 0.00 -0.19243
-50.00 0.00 -0.44419
-45.00 0.00 -0.56681
-40.00 0.00 -0.52236
-35.00 0.00 -0.35183
-30.00 0.00 -0.15857
-25.00 0.00 -0.43554E-01
-20.00 0.00 -0.33613E-01
-15.00 0.00 -0.56720E-01
-10.00 0.00 0.11289E-01
-5.00 0.00 0.25584
0.00 0.00 0.65159
5.00 0.00 1.0625
10.00 0.00 1.3172
15.00 0.00 1.3102
20.00 0.00 1.0615
25.00 0.00 0.69707
30.00 0.00 0.36819
35.00 0.00 0.16553
40.00 0.00 0.81172E-01
45.00 0.00 0.36314E-01
50.00 0.00 -0.52131E-01
55.00 0.00 -0.21259
60.00 0.00 -0.40273
65.00 0.00 -0.54038
70.00 0.00 -0.55807
75.00 0.00 -0.44170
80.00 0.00 -0.24261
85.00 0.00 -0.41944E-01
-45.00 5.00 -0.43513
-40.00 5.00 -0.37000
-35.00 5.00 -0.20159
-30.00 5.00 -0.32874E-01
-25.00 5.00 0.65483E-01
-20.00 5.00 0.10492
-15.00 5.00 0.16229
-10.00 5.00 0.31098
-5.00 5.00 0.55627
0.00 5.00 0.82496
5.00 5.00 1.0133
10.00 5.00 1.0521
15.00 5.00 0.94068
20.00 5.00 0.73518
25.00 5.00 0.50951
30.00 5.00 0.32276
35.00 5.00 0.20570
40.00 5.00 0.15972
45.00 5.00 0.15786
-65.00 10.00 0.50134
-60.00 10.00 0.27303
-55.00 10.00 0.45154E-02
-50.00 10.00 -0.21023
-45.00 10.00 -0.28367
-40.00 10.00 -0.20222
-35.00 10.00 -0.39312E-01
-30.00 10.00 0.10511
-25.00 10.00 0.18768
-20.00 10.00 0.25184
-15.00 10.00 0.37649
-10.00 10.00 0.59040
-5.00 10.00 0.83200
0.00 10.00 0.99202
5.00 10.00 0.99930
10.00 10.00 0.87222
15.00 10.00 0.69300
20.00 10.00 0.53608
25.00 10.00 0.42045
30.00 10.00 0.32551
35.00 10.00 0.24255
40.00 10.00 0.19940
45.00 10.00 0.22791
50.00 10.00 0.30918
55.00 10.00 0.36161
60.00 10.00 0.29763
65.00 10.00 0.10434
-70.00 15.00 0.67360
-45.00 15.00 -0.15789
-40.00 15.00 -0.56170E-01
-35.00 15.00 0.11422
-30.00 15.00 0.25043
-25.00 15.00 0.32186
-20.00 15.00 0.39058
-15.00 15.00 0.53793
-10.00 15.00 0.76676
-5.00 15.00 0.97668
0.00 15.00 1.0418
5.00 15.00 0.92105
10.00 15.00 0.69681
15.00 15.00 0.50397
20.00 15.00 0.41663
25.00 15.00 0.39949
30.00 15.00 0.36718
35.00 15.00 0.28825
40.00 15.00 0.22606
45.00 15.00 0.27189
70.00 15.00 0.88804E-01
-75.00 20.00 0.73410
-65.00 20.00 0.56675
-60.00 20.00 0.36886
-55.00 20.00 0.12664
-50.00 20.00 -0.59537E-01
-45.00 20.00 -0.92008E-01
-40.00 20.00 0.39595E-01
-35.00 20.00 0.24308
-30.00 20.00 0.40166
-25.00 20.00 0.47447
-20.00 20.00 0.52077
-15.00 20.00 0.62166
-10.00 20.00 0.77677
-5.00 20.00 0.88362
0.00 20.00 0.82848
5.00 20.00 0.60438
10.00 20.00 0.33764
15.00 20.00 0.18821
20.00 20.00 0.21285
25.00 20.00 0.32173
30.00 20.00 0.37320
35.00 20.00 0.31766
40.00 20.00 0.24981
45.00 20.00 0.31330
50.00 20.00 0.54493
55.00 20.00 0.80901
60.00 20.00 0.89356
65.00 20.00 0.68876
75.00 20.00 -0.74510E-01
-45.00 25.00 -0.10066
-40.00 25.00 0.68308E-01
-35.00 25.00 0.32911
-30.00 25.00 0.54134
-25.00 25.00 0.63126
-20.00 25.00 0.63281
-15.00 25.00 0.62170
-10.00 25.00 0.61402
-5.00 25.00 0.53965
0.00 25.00 0.32504
5.00 25.00 0.28302E-02
10.00 25.00 -0.27242
15.00 25.00 -0.33681
20.00 25.00 -0.16120
25.00 25.00 0.11344
30.00 25.00 0.29531
35.00 25.00 0.31283
40.00 25.00 0.27695
45.00 25.00 0.36903
-80.00 30.00 0.73549
-70.00 30.00 0.64156
-65.00 30.00 0.50444
-60.00 30.00 0.29265
-55.00 30.00 0.35526E-01
-50.00 30.00 -0.16129
-45.00 30.00 -0.17587
-40.00 30.00 0.27171E-01
-35.00 30.00 0.35093
-30.00 30.00 0.62919
-25.00 30.00 0.74442
-20.00 30.00 0.69296
-15.00 30.00 0.54300
-10.00 30.00 0.34016
-5.00 30.00 0.66862E-01
0.00 30.00 -0.29860
5.00 30.00 -0.69068
10.00 30.00 -0.94634
15.00 30.00 -0.91374
20.00 30.00 -0.59025
25.00 30.00 -0.15169
30.00 30.00 0.17545
35.00 30.00 0.29680
40.00 30.00 0.32153
45.00 30.00 0.44838
50.00 30.00 0.76289
55.00 30.00 1.1314
60.00 30.00 1.2959
65.00 30.00 1.0921
70.00 30.00 0.59998
80.00 30.00 -0.17320
-45.00 35.00 -0.28947
-40.00 35.00 -0.69473E-01
-35.00 35.00 0.29524
-30.00 35.00 0.62064
-25.00 35.00 0.75243
-20.00 35.00 0.65451
-15.00 35.00 0.39302
-10.00 35.00 0.48690E-01
-5.00 35.00 -0.34346
0.00 35.00 -0.76638
5.00 35.00 -1.1484
10.00 35.00 -1.3472
15.00 35.00 -1.2366
20.00 35.00 -0.82781
25.00 35.00 -0.29914
30.00 35.00 0.11936
35.00 35.00 0.32107
40.00 35.00 0.40015
45.00 35.00 0.55065
-75.00 40.00 0.67676
-65.00 40.00 0.34043
-60.00 40.00 0.97103E-01
-55.00 40.00 -0.17240
-50.00 40.00 -0.37844
-45.00 40.00 -0.40135
-40.00 40.00 -0.18919
-35.00 40.00 0.17354
-30.00 40.00 0.50065
-25.00 40.00 0.62288
-20.00 40.00 0.49127
-15.00 40.00 0.18097
-10.00 40.00 -0.19358
-5.00 40.00 -0.56078
0.00 40.00 -0.89501
5.00 40.00 -1.1566
10.00 40.00 -1.2558
15.00 40.00 -1.1030
20.00 40.00 -0.70525
25.00 40.00 -0.20512
30.00 40.00 0.20238
35.00 40.00 0.41750
40.00 40.00 0.51380
45.00 40.00 0.66195
50.00 40.00 0.95587
55.00 40.00 1.2978
60.00 40.00 1.4570
65.00 40.00 1.2612
75.00 40.00 0.20010
-70.00 45.00 0.46917
-45.00 45.00 -0.47309
-40.00 45.00 -0.28885
-35.00 45.00 0.27985E-01
-30.00 45.00 0.30598
-25.00 45.00 0.38650
-20.00 45.00 0.22979
-15.00 45.00 -0.71448E-01
-10.00 45.00 -0.37685
-5.00 45.00 -0.59922
0.00 45.00 -0.73208
5.00 45.00 -0.79469
10.00 45.00 -0.76909
15.00 45.00 -0.60597
20.00 45.00 -0.29505
25.00 45.00 0.82835E-01
30.00 45.00 0.39424
35.00 45.00 0.56150
40.00 45.00 0.63691
45.00 45.00 0.75726
70.00 45.00 0.78175
-65.00 50.00 0.15059
-60.00 50.00 -0.10071
-55.00 50.00 -0.32353
-50.00 50.00 -0.47248
-45.00 50.00 -0.48394
-40.00 50.00 -0.33236
-35.00 50.00 -0.85101E-01
-30.00 50.00 0.11297
-25.00 50.00 0.13149
-20.00 50.00 -0.48354E-01
-15.00 50.00 -0.31817
-10.00 50.00 -0.52524
-5.00 50.00 -0.58218
0.00 50.00 -0.50941
5.00 50.00 -0.38271
10.00 50.00 -0.24782
15.00 50.00 -0.89105E-01
20.00 50.00 0.12337
25.00 50.00 0.36929
30.00 50.00 0.57525
35.00 50.00 0.68503
40.00 50.00 0.72942
45.00 50.00 0.81116
50.00 50.00 1.0022
55.00 50.00 1.2461
60.00 50.00 1.3695
65.00 50.00 1.2129
-85.00 55.00 0.63763
-45.00 55.00 -0.44245
-40.00 55.00 -0.31178
-35.00 55.00 -0.12850
-30.00 55.00 -0.74046E-02
-25.00 55.00 -0.46286E-01
-20.00 55.00 -0.24601
-15.00 55.00 -0.49598
-10.00 55.00 -0.64803
-5.00 55.00 -0.62109
0.00 55.00 -0.44853
5.00 55.00 -0.23096
10.00 55.00 -0.44123E-01
15.00 55.00 0.11113
20.00 55.00 0.27648
25.00 55.00 0.46543
30.00 55.00 0.63510
35.00 55.00 0.73278
40.00 55.00 0.76596
45.00 55.00 0.81259
85.00 55.00 -0.12964
-80.00 60.00 0.71618
-75.00 60.00 0.58407
-70.00 60.00 0.30613
-65.00 60.00 -0.20449E-02
-60.00 60.00 -0.24970
-55.00 60.00 -0.39735
-50.00 60.00 -0.44049
-45.00 60.00 -0.38643
-40.00 60.00 -0.25774
-35.00 60.00 -0.11205
-30.00 60.00 -0.37827E-01
-25.00 60.00 -0.10632
-20.00 60.00 -0.31183
-15.00 60.00 -0.55857
-10.00 60.00 -0.71846
-5.00 60.00 -0.71857
0.00 60.00 -0.58426
5.00 60.00 -0.40101
10.00 60.00 -0.23305
15.00 60.00 -0.76326E-01
20.00 60.00 0.11232
25.00 60.00 0.34509
30.00 60.00 0.56989
35.00 60.00 0.71329
40.00 60.00 0.75834
45.00 60.00 0.77280
50.00 60.00 0.84712
55.00 60.00 0.99325
60.00 60.00 1.1049
65.00 60.00 1.0323
70.00 60.00 0.71872
75.00 60.00 0.27870
80.00 60.00 -0.62549E-01
-45.00 65.00 -0.36780
-40.00 65.00 -0.22847
-35.00 65.00 -0.92218E-01
-30.00 65.00 -0.29175E-01
-25.00 65.00 -0.92933E-01
-20.00 65.00 -0.27941
-15.00 65.00 -0.51604
-10.00 65.00 -0.70319
-5.00 65.00 -0.77936
0.00 65.00 -0.75355
5.00 65.00 -0.67472
10.00 65.00 -0.56944
15.00 65.00 -0.41229
20.00 65.00 -0.16265
25.00 65.00 0.16793
30.00 65.00 0.49120
35.00 65.00 0.69778
40.00 65.00 0.74943
45.00 65.00 0.71881
-65.00 70.00 -0.86180E-01
-60.00 70.00 -0.37008
-55.00 70.00 -0.51681
-50.00 70.00 -0.52397
-45.00 70.00 -0.42759
-40.00 70.00 -0.27912
-35.00 70.00 -0.13803
-30.00 70.00 -0.65739E-01
-25.00 70.00 -0.10418
-20.00 70.00 -0.24821
-15.00 70.00 -0.44130
-10.00 70.00 -0.60953
-5.00 70.00 -0.70996
0.00 70.00 -0.74857
5.00 70.00 -0.74832
10.00 70.00 -0.69963
15.00 70.00 -0.55012
20.00 70.00 -0.25602
25.00 70.00 0.14807
30.00 70.00 0.53579
35.00 70.00 0.76349
40.00 70.00 0.78031
45.00 70.00 0.67533
50.00 70.00 0.60803
55.00 70.00 0.67126
60.00 70.00 0.80461
65.00 70.00 0.84183
-70.00 75.00 0.27947
-45.00 75.00 -0.57304
-40.00 75.00 -0.42809
-35.00 75.00 -0.28386
-30.00 75.00 -0.20299
-25.00 75.00 -0.21838
-20.00 75.00 -0.31229
-15.00 75.00 -0.42475
-10.00 75.00 -0.49559
-5.00 75.00 -0.50840
0.00 75.00 -0.49338
5.00 75.00 -0.48037
10.00 75.00 -0.44584
15.00 75.00 -0.31395
20.00 75.00 -0.26107E-01
25.00 75.00 0.37785
30.00 75.00 0.75024
35.00 75.00 0.92708
40.00 75.00 0.85586
45.00 75.00 0.64827
70.00 75.00 0.65109
-75.00 80.00 0.59873
-65.00 80.00 -0.78493E-01
-60.00 80.00 -0.44554
-55.00 80.00 -0.70245
-50.00 80.00 -0.80744
-45.00 80.00 -0.76971
-40.00 80.00 -0.64159
-35.00 80.00 -0.50191
-30.00 80.00 -0.42357
-25.00 80.00 -0.43267
-20.00 80.00 -0.48760
-15.00 80.00 -0.50528
-10.00 80.00 -0.42547
-5.00 80.00 -0.26274
0.00 80.00 -0.94906E-01
5.00 80.00 0.10659E-01
10.00 80.00 0.69095E-01
15.00 80.00 0.17470
20.00 80.00 0.41164
25.00 80.00 0.75307
30.00 80.00 1.0478
35.00 80.00 1.1248
40.00 80.00 0.93801
45.00 80.00 0.62293
50.00 80.00 0.40419
55.00 80.00 0.41910
60.00 80.00 0.60420
65.00 80.00 0.74623
75.00 80.00 0.35375
-45.00 85.00 -0.95379
-40.00 85.00 -0.84766
-35.00 85.00 -0.71540
-30.00 85.00 -0.64601
-25.00 85.00 -0.66250
-20.00 85.00 -0.69677
-15.00 85.00 -0.63516
-10.00 85.00 -0.41086
-5.00 85.00 -0.68887E-01
0.00 85.00 0.25959
5.00 85.00 0.46230
10.00 85.00 0.54198
15.00 85.00 0.61245
20.00 85.00 0.78767
25.00 85.00 1.0583
30.00 85.00 1.2733
35.00 85.00 1.2579
40.00 85.00 0.97377
45.00 85.00 0.57878
-80.00 90.00 0.68849
-70.00 90.00 0.40810
-65.00 90.00 0.39767E-01
-60.00 90.00 -0.38465
-55.00 90.00 -0.76247
-50.00 90.00 -1.0012
-45.00 90.00 -1.0585
-40.00 90.00 -0.97134
-35.00 90.00 -0.84380
-30.00 90.00 -0.78029
-25.00 90.00 -0.80380
-20.00 90.00 -0.82697
-15.00 90.00 -0.71449
-10.00 90.00 -0.39863
-5.00 90.00 0.47716E-01
0.00 90.00 0.45294
5.00 90.00 0.67913
10.00 90.00 0.73413
15.00 90.00 0.75931
20.00 90.00 0.89452
25.00 90.00 1.1364
30.00 90.00 1.3224
35.00 90.00 1.2668
40.00 90.00 0.93668
45.00 90.00 0.50973
50.00 90.00 0.25084
55.00 90.00 0.30335
60.00 90.00 0.57005
65.00 90.00 0.78848
70.00 90.00 0.74191
80.00 90.00 0.73232E-01
-45.00 95.00 -1.0401
-40.00 95.00 -0.96875
-35.00 95.00 -0.84716
-30.00 95.00 -0.78615
-25.00 95.00 -0.80705
-20.00 95.00 -0.81405
-15.00 95.00 -0.66940
-10.00 95.00 -0.31979
-5.00 95.00 0.13543
0.00 95.00 0.50538
5.00 95.00 0.65816
10.00 95.00 0.63275
15.00 95.00 0.60624
20.00 95.00 0.73417
25.00 95.00 1.0004
30.00 95.00 1.2149
35.00 95.00 1.1739
40.00 95.00 0.84824
45.00 95.00 0.43342
-75.00 100.00 0.65835
-65.00 100.00 0.23893
-60.00 100.00 -0.13789
-55.00 100.00 -0.51805
-50.00 100.00 -0.79188
-45.00 100.00 -0.89152
-40.00 100.00 -0.83956
-35.00 100.00 -0.73781
-30.00 100.00 -0.68785
-25.00 100.00 -0.70109
-20.00 100.00 -0.68054
-15.00 100.00 -0.50490
-10.00 100.00 -0.15141
-5.00 100.00 0.25401
0.00 100.00 0.51931
5.00 100.00 0.54380
10.00 100.00 0.41395
15.00 100.00 0.34185
20.00 100.00 0.48531
25.00 100.00 0.80106
30.00 100.00 1.0659
35.00 100.00 1.0601
40.00 100.00 0.76156
45.00 100.00 0.38151
50.00 100.00 0.20304
55.00 100.00 0.35236
60.00 100.00 0.69406
65.00 100.00 0.93842
75.00 100.00 0.51951
-70.00 105.00 0.55545
-45.00 105.00 -0.63837
-40.00 105.00 -0.61430
-35.00 105.00 -0.55466
-30.00 105.00 -0.53553
-25.00 105.00 -0.54758
-20.00 105.00 -0.49475
-15.00 105.00 -0.28314
-10.00 105.00 0.70923E-01
-5.00 105.00 0.41744
0.00 105.00 0.57445
5.00 105.00 0.48139
10.00 105.00 0.26949
15.00 105.00 0.17236
20.00 105.00 0.33644
25.00 105.00 0.68863
30.00 105.00 0.98239
35.00 105.00 0.99576
40.00 105.00 0.72014
45.00 105.00 0.37795
70.00 105.00 0.93434
-85.00 110.00 0.48786
-65.00 110.00 0.40693
-60.00 110.00 0.17693
-55.00 110.00 -0.64735E-01
-50.00 110.00 -0.24529
-45.00 110.00 -0.32618
-40.00 110.00 -0.33163
-35.00 110.00 -0.32644
-30.00 110.00 -0.35124
-25.00 110.00 -0.37055
-20.00 110.00 -0.29113
-15.00 110.00 -0.49882E-01
-10.00 110.00 0.30060
-5.00 110.00 0.59623
0.00 110.00 0.67366
5.00 110.00 0.50899
10.00 110.00 0.26049
15.00 110.00 0.16148
20.00 110.00 0.33637
25.00 110.00 0.69054
30.00 110.00 0.97494
35.00 110.00 0.98352
40.00 110.00 0.72470
45.00 110.00 0.42159
50.00 110.00 0.33468
55.00 110.00 0.54947
60.00 110.00 0.90310
65.00 110.00 1.1103
85.00 110.00 -0.30698E-01
-45.00 115.00 -0.76188E-02
-40.00 115.00 -0.25815E-01
-35.00 115.00 -0.58712E-01
-30.00 115.00 -0.11219
-25.00 115.00 -0.13113
-20.00 115.00 -0.33153E-01
-15.00 115.00 0.21337
-10.00 115.00 0.53152
-5.00 115.00 0.76186
0.00 115.00 0.77136
5.00 115.00 0.56659
10.00 115.00 0.31154
15.00 115.00 0.21803
20.00 115.00 0.38346
25.00 115.00 0.70646
30.00 115.00 0.95795
35.00 115.00 0.96068
40.00 115.00 0.73465
45.00 115.00 0.48639
-80.00 120.00 0.48108
-75.00 120.00 0.49462
-70.00 120.00 0.46098
-65.00 120.00 0.39217
-60.00 120.00 0.31672
-55.00 120.00 0.26559
-50.00 120.00 0.25258
-45.00 120.00 0.26382
-40.00 120.00 0.26755
-35.00 120.00 0.24301
-30.00 120.00 0.20840
-25.00 120.00 0.22076
-20.00 120.00 0.33643
-15.00 120.00 0.55443
-10.00 120.00 0.78975
-5.00 120.00 0.91136
0.00 120.00 0.83161
5.00 120.00 0.58390
10.00 120.00 0.32070
15.00 120.00 0.21759
20.00 120.00 0.34632
25.00 120.00 0.61544
30.00 120.00 0.83386
35.00 120.00 0.85691
40.00 120.00 0.70218
45.00 120.00 0.53853
50.00 120.00 0.54950
55.00 120.00 0.77672
60.00 120.00 1.0714
65.00 120.00 1.1990
70.00 120.00 1.0204
75.00 120.00 0.60377
80.00 120.00 0.18377
-45.00 125.00 0.43673
-40.00 125.00 0.49883
-35.00 125.00 0.53673
-30.00 125.00 0.57782
-25.00 125.00 0.66019
-20.00 125.00 0.79854
-15.00 125.00 0.95957
-10.00 125.00 1.0668
-5.00 125.00 1.0396
0.00 125.00 0.84789
5.00 125.00 0.54776
10.00 125.00 0.26602
15.00 125.00 0.13248
20.00 125.00 0.19784
25.00 125.00 0.39615
30.00 125.00 0.58753
35.00 125.00 0.65910
40.00 125.00 0.61119
45.00 125.00 0.55706
-65.00 130.00 0.10796
-60.00 130.00 0.10023
-55.00 130.00 0.17898
-50.00 130.00 0.31739
-45.00 130.00 0.46857
-40.00 130.00 0.60456
-35.00 130.00 0.73337
-30.00 130.00 0.87992
-25.00 130.00 1.0500
-20.00 130.00 1.2105
-15.00 130.00 1.3012
-10.00 130.00 1.2689
-5.00 130.00 1.0969
0.00 130.00 0.81518
5.00 130.00 0.49214
10.00 130.00 0.21331
15.00 130.00 0.53085E-01
20.00 130.00 0.43601E-01
25.00 130.00 0.15548
30.00 130.00 0.31029
35.00 130.00 0.42915
40.00 130.00 0.48951
45.00 130.00 0.54227
50.00 130.00 0.66348
55.00 130.00 0.87049
60.00 130.00 1.0751
65.00 130.00 1.1285
-70.00 135.00 -0.81371E-02
-45.00 135.00 0.33928
-40.00 135.00 0.53076
-35.00 135.00 0.73308
-30.00 135.00 0.96575
-25.00 135.00 1.2036
-20.00 135.00 1.3726
-15.00 135.00 1.3973
-10.00 135.00 1.2566
-5.00 135.00 0.99863
0.00 135.00 0.70499
5.00 135.00 0.44059
10.00 135.00 0.23363
15.00 135.00 0.92043E-01
20.00 135.00 0.25427E-01
25.00 135.00 0.43010E-01
30.00 135.00 0.13352
35.00 135.00 0.25976
40.00 135.00 0.38507
45.00 135.00 0.50677
70.00 135.00 0.85443
-75.00 140.00 -0.49008E-02
-65.00 140.00 -0.38930
-60.00 140.00 -0.43255
-55.00 140.00 -0.33247
-50.00 140.00 -0.14275
-45.00 140.00 0.65884E-01
-40.00 140.00 0.26792
-35.00 140.00 0.48922
-30.00 140.00 0.75093
-25.00 140.00 1.0114
-20.00 140.00 1.1726
-15.00 140.00 1.1533
-10.00 140.00 0.96250
-5.00 140.00 0.70131
0.00 140.00 0.48773
5.00 140.00 0.37243
10.00 140.00 0.32013
15.00 140.00 0.26644
20.00 140.00 0.18916
25.00 140.00 0.12539
30.00 140.00 0.12617
35.00 140.00 0.20350
40.00 140.00 0.32563
45.00 140.00 0.45817
50.00 140.00 0.59614
55.00 140.00 0.74486
60.00 140.00 0.87196
65.00 140.00 0.89695
75.00 140.00 0.46296
-45.00 145.00 -0.29313
-40.00 145.00 -0.12796
-35.00 145.00 0.53170E-01
-30.00 145.00 0.28632
-25.00 145.00 0.53376
-20.00 145.00 0.68920
-15.00 145.00 0.66579
-10.00 145.00 0.48519
-5.00 145.00 0.27770
0.00 145.00 0.18451
5.00 145.00 0.24716
10.00 145.00 0.38291
15.00 145.00 0.46513
20.00 145.00 0.43178
25.00 145.00 0.32532
30.00 145.00 0.23883
35.00 145.00 0.23135
40.00 145.00 0.29454
45.00 145.00 0.38875
-80.00 150.00 0.66333E-02
-70.00 150.00 -0.64198
-65.00 150.00 -0.92111
-60.00 150.00 -1.0327
-55.00 150.00 -0.96442
-50.00 150.00 -0.80193
-45.00 150.00 -0.65158
-40.00 150.00 -0.54788
-35.00 150.00 -0.43762
-30.00 150.00 -0.25692
-25.00 150.00 -0.22683E-01
-20.00 150.00 0.15874
-15.00 150.00 0.18298
-10.00 150.00 0.54546E-01
-5.00 150.00 -0.96933E-01
0.00 150.00 -0.11511
5.00 150.00 0.54807E-01
10.00 150.00 0.32215
15.00 150.00 0.52810
20.00 150.00 0.57162
25.00 150.00 0.47409
30.00 150.00 0.33782
35.00 150.00 0.25282
40.00 150.00 0.24214
45.00 150.00 0.28174
50.00 150.00 0.35025
55.00 150.00 0.44342
60.00 150.00 0.54255
65.00 150.00 0.59040
70.00 150.00 0.52435
80.00 150.00 0.15315
-45.00 155.00 -0.92419
-40.00 155.00 -0.87307
-35.00 155.00 -0.82474
-30.00 155.00 -0.68209
-25.00 155.00 -0.43313
-20.00 155.00 -0.18270
-15.00 155.00 -0.66931E-01
-10.00 155.00 -0.12720
-5.00 155.00 -0.26215
0.00 155.00 -0.30583
5.00 155.00 -0.16408
10.00 155.00 0.11102
15.00 155.00 0.36920
20.00 155.00 0.48302
25.00 155.00 0.43412
30.00 155.00 0.30140
35.00 155.00 0.18160
40.00 155.00 0.12435
45.00 155.00 0.12969
-75.00 160.00 -0.54302
-65.00 160.00 -1.2961
-60.00 160.00 -1.4242
-55.00 160.00 -1.3484
-50.00 160.00 -1.1802
-45.00 160.00 -1.0565
-40.00 160.00 -1.0242
-35.00 160.00 -1.0043
-30.00 160.00 -0.87312
-25.00 160.00 -0.59114
-20.00 160.00 -0.25872
-15.00 160.00 -0.44104E-01
-10.00 160.00 -0.44323E-01
-5.00 160.00 -0.20195
0.00 160.00 -0.35069
5.00 160.00 -0.34805
10.00 160.00 -0.18037
15.00 160.00 0.42894E-01
20.00 160.00 0.18776
25.00 160.00 0.19507
30.00 160.00 0.10336
35.00 160.00 -0.34070E-02
40.00 160.00 -0.61125E-01
45.00 160.00 -0.49663E-01
50.00 160.00 0.22873E-01
55.00 160.00 0.13745
60.00 160.00 0.26121
65.00 160.00 0.34339
75.00 160.00 0.24973
-85.00 165.00 0.12226
-70.00 165.00 -1.0696
-45.00 165.00 -1.0410
-40.00 165.00 -0.98828
-35.00 165.00 -0.96395
-30.00 165.00 -0.83725
-25.00 165.00 -0.54905
-20.00 165.00 -0.18393
-15.00 165.00 0.81885E-01
-10.00 165.00 0.11587
-5.00 165.00 -0.66503E-01
0.00 165.00 -0.31498
5.00 165.00 -0.46019
10.00 165.00 -0.43297
15.00 165.00 -0.29426
20.00 165.00 -0.16524
25.00 165.00 -0.12798
30.00 165.00 -0.17717
35.00 165.00 -0.24637
40.00 165.00 -0.26816
45.00 165.00 -0.21397
70.00 165.00 0.28011
85.00 165.00 0.10112
-65.00 170.00 -1.4203
-60.00 170.00 -1.4950
-55.00 170.00 -1.3585
-50.00 170.00 -1.1184
-45.00 170.00 -0.91294
-40.00 170.00 -0.81070
-35.00 170.00 -0.76471
-30.00 170.00 -0.66359
-25.00 170.00 -0.44022
-20.00 170.00 -0.14496
-15.00 170.00 0.81542E-01
-10.00 170.00 0.11543
-5.00 170.00 -0.52560E-01
0.00 170.00 -0.30924
5.00 170.00 -0.50429
10.00 170.00 -0.55596
15.00 170.00 -0.49356
20.00 170.00 -0.41215
25.00 170.00 -0.38739
30.00 170.00 -0.42195
35.00 170.00 -0.45774
40.00 170.00 -0.43028
45.00 170.00 -0.31554
50.00 170.00 -0.13917
55.00 170.00 0.45718E-01
60.00 170.00 0.18738
65.00 170.00 0.25511
-45.00 175.00 -0.73084
-40.00 175.00 -0.56532
-35.00 175.00 -0.49199
-30.00 175.00 -0.44414
-25.00 175.00 -0.35939
-20.00 175.00 -0.23754
-15.00 175.00 -0.14061
-10.00 175.00 -0.13694
-5.00 175.00 -0.23907
0.00 175.00 -0.38919
5.00 175.00 -0.50381
10.00 175.00 -0.53769
15.00 175.00 -0.51284
20.00 175.00 -0.49023
25.00 175.00 -0.51153
30.00 175.00 -0.56100
35.00 175.00 -0.57743
40.00 175.00 -0.50296
45.00 175.00 -0.32801
-80.00 180.00 -0.36178
-75.00 180.00 -0.78236
-70.00 180.00 -1.1302
-65.00 180.00 -1.3261
-60.00 180.00 -1.3277
-55.00 180.00 -1.1492
-50.00 180.00 -0.85837
-45.00 180.00 -0.55316
-40.00 180.00 -0.32330
-35.00 180.00 -0.21658
-30.00 180.00 -0.22637
-25.00 180.00 -0.30644
-20.00 180.00 -0.40182
-15.00 180.00 -0.47526
-10.00 180.00 -0.51463
-5.00 180.00 -0.52326
0.00 180.00 -0.50780
5.00 180.00 -0.47617
10.00 180.00 -0.44401
15.00 180.00 -0.43603
20.00 180.00 -0.47242
25.00 180.00 -0.54654
30.00 180.00 -0.61416
35.00 180.00 -0.61064
40.00 180.00 -0.49056
45.00 180.00 -0.26347
50.00 180.00 0.28088E-02
55.00 180.00 0.21795
60.00 180.00 0.32123
65.00 180.00 0.31394
70.00 180.00 0.25050
75.00 180.00 0.19267
80.00 180.00 0.16803
-45.00 -175 -0.42173
-40.00 -175 -0.13642
-35.00 -175 0.13186E-01
-30.00 -175 -0.26923E-01
-25.00 -175 -0.23320
-20.00 -175 -0.50611
-15.00 -175 -0.71994
-10.00 -175 -0.79083
-5.00 -175 -0.71712
0.00 -175 -0.56774
5.00 -175 -0.43273
10.00 -175 -0.37421
15.00 -175 -0.40554
20.00 -175 -0.49898
25.00 -175 -0.60342
30.00 -175 -0.65916
35.00 -175 -0.61303
40.00 -175 -0.44072
45.00 -175 -0.16936
-65.00 -170 -1.1195
-60.00 -170 -1.0789
-55.00 -170 -0.92866
-50.00 -170 -0.67886
-45.00 -170 -0.35438
-40.00 -170 -0.33246E-01
-35.00 -170 0.16068
-30.00 -170 0.12617
-25.00 -170 -0.13405
-20.00 -170 -0.49276
-15.00 -170 -0.76850
-10.00 -170 -0.83993
-5.00 -170 -0.71821
0.00 -170 -0.52453
5.00 -170 -0.39715
10.00 -170 -0.40358
15.00 -170 -0.51774
20.00 -170 -0.66071
25.00 -170 -0.75604
30.00 -170 -0.75650
35.00 -170 -0.64143
40.00 -170 -0.41302
45.00 -170 -0.10718
50.00 -170 0.19873
55.00 -170 0.41028
60.00 -170 0.47040
65.00 -170 0.40178
-70.00 -165 -0.96045
-45.00 -165 -0.34508
-40.00 -165 -0.18259E-01
-35.00 -165 0.19940
-30.00 -165 0.18061
-25.00 -165 -0.81482E-01
-20.00 -165 -0.44402
-15.00 -165 -0.70396
-10.00 -165 -0.74118
-5.00 -165 -0.59901
0.00 -165 -0.43832
5.00 -165 -0.40808
10.00 -165 -0.54141
15.00 -165 -0.75311
20.00 -165 -0.92141
25.00 -165 -0.97102
30.00 -165 -0.89315
35.00 -165 -0.71061
40.00 -165 -0.44534
45.00 -165 -0.12578
70.00 -165 0.31051
-75.00 -160 -0.74353
-65.00 -160 -0.90974
-60.00 -160 -0.86163
-55.00 -160 -0.77753
-50.00 -160 -0.62348
-45.00 -160 -0.36885
-40.00 -160 -0.69144E-01
-35.00 -160 0.13115
-30.00 -160 0.99435E-01
-25.00 -160 -0.16407
-20.00 -160 -0.50224
-15.00 -160 -0.71023
-10.00 -160 -0.69252
-5.00 -160 -0.53339
0.00 -160 -0.42050
5.00 -160 -0.48976
10.00 -160 -0.72472
15.00 -160 -0.98737
20.00 -160 -1.1371
25.00 -160 -1.1250
30.00 -160 -0.99032
35.00 -160 -0.78889
40.00 -160 -0.53985
45.00 -160 -0.24309
50.00 -160 0.67924E-01
55.00 -160 0.31321
60.00 -160 0.42089
65.00 -160 0.39560
75.00 -160 0.28199
-45.00 -155 -0.39190
-40.00 -155 -0.13939
-35.00 -155 0.44055E-02
-30.00 -155 -0.84427E-01
-25.00 -155 -0.38434
-20.00 -155 -0.71912
-15.00 -155 -0.88617
-10.00 -155 -0.81727
-5.00 -155 -0.63029
0.00 -155 -0.52535
5.00 -155 -0.61795
10.00 -155 -0.85474
15.00 -155 -1.0768
20.00 -155 -1.1595
25.00 -155 -1.0977
30.00 -155 -0.96904
35.00 -155 -0.83272
40.00 -155 -0.67333
45.00 -155 -0.44310
-80.00 -150 -0.42317
-70.00 -150 -0.78384
-65.00 -150 -0.76966
-60.00 -150 -0.72951
-55.00 -150 -0.68247
-50.00 -150 -0.57881
-45.00 -150 -0.38669
-40.00 -150 -0.17580
-35.00 -150 -0.97557E-01
-30.00 -150 -0.26199
-25.00 -150 -0.62159
-20.00 -150 -0.98082
-15.00 -150 -1.1386
-10.00 -150 -1.0446
-5.00 -150 -0.83126
0.00 -150 -0.69307
5.00 -150 -0.72471
10.00 -150 -0.86064
15.00 -150 -0.96084
20.00 -150 -0.94944
25.00 -150 -0.87146
30.00 -150 -0.82184
35.00 -150 -0.82944
40.00 -150 -0.81828
45.00 -150 -0.68475
50.00 -150 -0.40879
55.00 -150 -0.83948E-01
60.00 -150 0.16371
65.00 -150 0.28340
70.00 -150 0.32312
80.00 -150 0.36550
-45.00 -145 -0.34740
-40.00 -145 -0.14861
-35.00 -145 -0.10556
-30.00 -145 -0.31541
-25.00 -145 -0.71169
-20.00 -145 -1.0907
-15.00 -145 -1.2590
-10.00 -145 -1.1760
-5.00 -145 -0.96745
0.00 -145 -0.80234
5.00 -145 -0.75062
10.00 -145 -0.75175
15.00 -145 -0.71096
20.00 -145 -0.61730
25.00 -145 -0.56086
30.00 -145 -0.63279
35.00 -145 -0.81170
40.00 -145 -0.95574
45.00 -145 -0.91476
-85.00 -140 -0.26310E-01
-75.00 -140 -0.63281
-65.00 -140 -0.72481
-60.00 -140 -0.70692
-55.00 -140 -0.65811
-50.00 -140 -0.52371
-45.00 -140 -0.29635
-40.00 -140 -0.75691E-01
-35.00 -140 -0.18895E-01
-30.00 -140 -0.21312
-25.00 -140 -0.58614
-20.00 -140 -0.94536
-15.00 -140 -1.1188
-10.00 -140 -1.0753
-5.00 -140 -0.92099
0.00 -140 -0.78304
5.00 -140 -0.69945
10.00 -140 -0.61658
15.00 -140 -0.48704
20.00 -140 -0.35729
25.00 -140 -0.34603
30.00 -140 -0.52690
35.00 -140 -0.83084
40.00 -140 -1.0711
45.00 -140 -1.0782
50.00 -140 -0.82625
55.00 -140 -0.43848
60.00 -140 -0.76424E-01
65.00 -140 0.17772
75.00 -140 0.44152
85.00 -140 0.34076
-70.00 -135 -0.70317
-45.00 -135 -0.27389
-40.00 -135 -0.18137E-01
-35.00 -135 0.82376E-01
-30.00 -135 -0.50190E-01
-25.00 -135 -0.34814
-20.00 -135 -0.64545
-15.00 -135 -0.80410
-10.00 -135 -0.80690
-5.00 -135 -0.73789
0.00 -135 -0.68027
5.00 -135 -0.63845
10.00 -135 -0.56011
15.00 -135 -0.42839
20.00 -135 -0.31964
25.00 -135 -0.35510
30.00 -135 -0.58375
35.00 -135 -0.90947
40.00 -135 -1.1407
45.00 -135 -1.1269
70.00 -135 0.36884
-65.00 -130 -0.74819
-60.00 -130 -0.77902
-55.00 -130 -0.74262
-50.00 -130 -0.58343
-45.00 -130 -0.31350
-40.00 -130 -0.42338E-01
-35.00 -130 0.88339E-01
-30.00 -130 0.12608E-01
-25.00 -130 -0.20717
-20.00 -130 -0.43295
-15.00 -130 -0.56090
-10.00 -130 -0.58901
-5.00 -130 -0.58694
0.00 -130 -0.60814
5.00 -130 -0.63701
10.00 -130 -0.62254
15.00 -130 -0.55720
20.00 -130 -0.51151
25.00 -130 -0.57868
30.00 -130 -0.77777
35.00 -130 -1.0115
40.00 -130 -1.1269
45.00 -130 -1.0285
50.00 -130 -0.74388
55.00 -130 -0.38645
60.00 -130 -0.59019E-01
65.00 -130 0.20554
-45.00 -125 -0.41624
-40.00 -125 -0.17020
-35.00 -125 -0.56849E-01
-30.00 -125 -0.12620
-25.00 -125 -0.31347
-20.00 -125 -0.49589
-15.00 -125 -0.59027
-10.00 -125 -0.60463
-5.00 -125 -0.60509
0.00 -125 -0.64036
5.00 -125 -0.70098
10.00 -125 -0.74748
15.00 -125 -0.76813
20.00 -125 -0.79816
25.00 -125 -0.87700
30.00 -125 -0.98904
35.00 -125 -1.0550
40.00 -125 -0.99055
45.00 -125 -0.77801
-80.00 -120 -0.29154
-75.00 -120 -0.50557
-70.00 -120 -0.65012
-65.00 -120 -0.76900
-60.00 -120 -0.85962
-55.00 -120 -0.86818
-50.00 -120 -0.75120
-45.00 -120 -0.54232
-40.00 -120 -0.35357
-35.00 -120 -0.30103
-30.00 -120 -0.41689
-25.00 -120 -0.62546
-20.00 -120 -0.80345
-15.00 -120 -0.87114
-10.00 -120 -0.83824
-5.00 -120 -0.77482
0.00 -120 -0.74576
5.00 -120 -0.77038
10.00 -120 -0.83278
15.00 -120 -0.91384
20.00 -120 -1.0017
25.00 -120 -1.0726
30.00 -120 -1.0768
35.00 -120 -0.96114
40.00 -120 -0.71778
45.00 -120 -0.40745
50.00 -120 -0.12326
55.00 -120 0.80901E-01
60.00 -120 0.22907
65.00 -120 0.38471
70.00 -120 0.56575
75.00 -120 0.69770
80.00 -120 0.66554
-45.00 -115 -0.62864
-40.00 -115 -0.49580
-35.00 -115 -0.50649
-30.00 -115 -0.67817
-25.00 -115 -0.92377
-20.00 -115 -1.1141
-15.00 -115 -1.1657
-10.00 -115 -1.0848
-5.00 -115 -0.94515
0.00 -115 -0.82949
5.00 -115 -0.78681
10.00 -115 -0.82449
15.00 -115 -0.91886
20.00 -115 -1.0209
25.00 -115 -1.0595
30.00 -115 -0.96342
35.00 -115 -0.70588
40.00 -115 -0.34072
45.00 -115 0.14709E-01
-65.00 -110 -0.71445
-60.00 -110 -0.83472
-55.00 -110 -0.86723
-50.00 -110 -0.78050
-45.00 -110 -0.62356
-40.00 -110 -0.50967
-35.00 -110 -0.53841
-30.00 -110 -0.72042
-25.00 -110 -0.96772
-20.00 -110 -1.1558
-15.00 -110 -1.2050
-10.00 -110 -1.1202
-5.00 -110 -0.96970
0.00 -110 -0.83305
5.00 -110 -0.76195
10.00 -110 -0.76852
15.00 -110 -0.82816
20.00 -110 -0.88306
25.00 -110 -0.85366
30.00 -110 -0.67351
35.00 -110 -0.33941
40.00 -110 0.63345E-01
45.00 -110 0.39841
50.00 -110 0.56741
55.00 -110 0.58354
60.00 -110 0.56034
65.00 -110 0.61210
-70.00 -105 -0.50162
-45.00 -105 -0.51700
-40.00 -105 -0.37293
-35.00 -105 -0.35628
-30.00 -105 -0.48069
-25.00 -105 -0.67292
-20.00 -105 -0.83160
-15.00 -105 -0.89746
-10.00 -105 -0.87972
-5.00 -105 -0.82830
0.00 -105 -0.78724
5.00 -105 -0.77010
10.00 -105 -0.76558
15.00 -105 -0.75100
20.00 -105 -0.69497
25.00 -105 -0.55735
30.00 -105 -0.30787
35.00 -105 0.37686E-01
40.00 -105 0.39790
45.00 -105 0.65904
70.00 -105 0.82791
-75.00 -100 -0.28696
-65.00 -100 -0.56169
-60.00 -100 -0.66893
-55.00 -100 -0.68010
-50.00 -100 -0.55882
-45.00 -100 -0.34563
-40.00 -100 -0.14187
-35.00 -100 -0.40873E-01
-30.00 -100 -0.66445E-01
-25.00 -100 -0.17065
-20.00 -100 -0.28742
-15.00 -100 -0.38862
-10.00 -100 -0.49208
-5.00 -100 -0.62124
0.00 -100 -0.76209
5.00 -100 -0.86114
10.00 -100 -0.86358
15.00 -100 -0.75125
20.00 -100 -0.54546
25.00 -100 -0.28020
30.00 -100 0.18155E-01
35.00 -100 0.32227
40.00 -100 0.58472
45.00 -100 0.74608
50.00 -100 0.77941
55.00 -100 0.73069
60.00 -100 0.70124
65.00 -100 0.76683
75.00 -100 0.95831
-45.00 -95 -0.16915
-40.00 -95 0.87077E-01
-35.00 -95 0.26312
-30.00 -95 0.32376
-25.00 -95 0.29337
-20.00 -95 0.20745
-15.00 -95 0.67465E-01
-10.00 -95 -0.15240
-5.00 -95 -0.45287
0.00 -95 -0.76705
5.00 -95 -0.97769
10.00 -95 -0.98763
15.00 -95 -0.78463
20.00 -95 -0.44596
25.00 -95 -0.82537E-01
30.00 -95 0.22533
35.00 -95 0.44984
40.00 -95 0.59310
45.00 -95 0.66097
-80.00 -90 -0.27775E-01
-70.00 -90 -0.24205
-65.00 -90 -0.34518
-60.00 -90 -0.42646
-55.00 -90 -0.42090
-50.00 -90 -0.28235
-45.00 -90 -0.33271E-01
-40.00 -90 0.24016
-35.00 -90 0.44511
-30.00 -90 0.53908
-25.00 -90 0.53570
-20.00 -90 0.45995
-15.00 -90 0.30498
-10.00 -90 0.41321E-01
-5.00 -90 -0.32592
0.00 -90 -0.71101
5.00 -90 -0.96933
10.00 -90 -0.98274
15.00 -90 -0.74170
20.00 -90 -0.35482
25.00 -90 0.22913E-01
30.00 -90 0.28353
35.00 -90 0.40964
40.00 -90 0.44833
45.00 -90 0.45684
50.00 -90 0.47384
55.00 -90 0.52673
60.00 -90 0.63953
65.00 -90 0.81008
70.00 -90 0.97461
80.00 -90 0.84025
-85.00 -85 0.16914
-45.00 -85 0.55908E-01
-40.00 -85 0.30937
-35.00 -85 0.49482
-30.00 -85 0.56837
-25.00 -85 0.54819
-20.00 -85 0.47207
-15.00 -85 0.34634
-10.00 -85 0.14268
-5.00 -85 -0.15056
0.00 -85 -0.47512
5.00 -85 -0.70932
10.00 -85 -0.74232
15.00 -85 -0.55720
20.00 -85 -0.24994
25.00 -85 0.34728E-01
30.00 -85 0.19810
35.00 -85 0.23728
40.00 -85 0.21995
45.00 -85 0.22089
85.00 -85 0.46738
-75.00 -80 0.27424E-02
-65.00 -80 -0.11382
-60.00 -80 -0.17184
-55.00 -80 -0.17230
-50.00 -80 -0.68154E-01
-45.00 -80 0.13013
-40.00 -80 0.34704
-35.00 -80 0.49137
-30.00 -80 0.52160
-25.00 -80 0.46875
-20.00 -80 0.39661
-15.00 -80 0.33804
-10.00 -80 0.26925
-5.00 -80 0.14594
0.00 -80 -0.35584E-01
5.00 -80 -0.21523
10.00 -80 -0.30976
15.00 -80 -0.28115
20.00 -80 -0.16871
25.00 -80 -0.55502E-01
30.00 -80 -0.92085E-03
35.00 -80 -0.24463E-03
40.00 -80 -0.13377E-02
45.00 -80 0.46585E-01
50.00 -80 0.16137
55.00 -80 0.33407
60.00 -80 0.54777
65.00 -80 0.77431
75.00 -80 0.98701
-70.00 -75 0.38627E-01
-45.00 -75 0.23273
-40.00 -75 0.41951
-35.00 -75 0.52993
-30.00 -75 0.52567
-25.00 -75 0.44889
-20.00 -75 0.38717
-15.00 -75 0.40020
-10.00 -75 0.47120
-5.00 -75 0.52341
0.00 -75 0.48456
5.00 -75 0.34187
10.00 -75 0.14449
15.00 -75 -0.39904E-01
20.00 -75 -0.16956
25.00 -75 -0.23819
30.00 -75 -0.25376
35.00 -75 -0.21822
40.00 -75 -0.12954
45.00 -75 0.46494E-02
70.00 -75 0.89690
-65.00 -70 0.10300
-60.00 -70 0.90082E-01
-55.00 -70 0.11762
-50.00 -70 0.21963
-45.00 -70 0.38687
-40.00 -70 0.55540
-35.00 -70 0.64510
-30.00 -70 0.62227
-25.00 -70 0.53359
-20.00 -70 0.47745
-15.00 -70 0.53022
-10.00 -70 0.68411
-5.00 -70 0.84541
0.00 -70 0.89384
5.00 -70 0.75812
10.00 -70 0.45604
15.00 -70 0.79973E-01
20.00 -70 -0.25245
25.00 -70 -0.44816
30.00 -70 -0.46789
35.00 -70 -0.33233
40.00 -70 -0.10874
45.00 -70 0.11995
50.00 -70 0.29644
55.00 -70 0.41856
60.00 -70 0.52985
65.00 -70 0.66771
-45.00 -65 0.57881
-40.00 -65 0.72487
-35.00 -65 0.78745
-30.00 -65 0.74480
-25.00 -65 0.64512
-20.00 -65 0.58281
-15.00 -65 0.63511
-10.00 -65 0.80212
-5.00 -65 0.99383
0.00 -65 1.0756
5.00 -65 0.94440
10.00 -65 0.59104
15.00 -65 0.11304
20.00 -65 -0.32612
25.00 -65 -0.57085
30.00 -65 -0.54535
35.00 -65 -0.28911
40.00 -65 0.64427E-01
45.00 -65 0.36018
-80.00 -60 0.26650
-75.00 -60 0.25058
-70.00 -60 0.25492
-65.00 -60 0.28433
-60.00 -60 0.35115
-55.00 -60 0.46506
-50.00 -60 0.61570
-45.00 -60 0.76510
-40.00 -60 0.86057
-35.00 -60 0.86443
-30.00 -60 0.78229
-25.00 -60 0.66878
-20.00 -60 0.60283
-15.00 -60 0.64342
-10.00 -60 0.78985
-5.00 -60 0.96965
0.00 -60 1.0647
5.00 -60 0.96804
10.00 -60 0.64635
15.00 -60 0.17659
20.00 -60 -0.27202
25.00 -60 -0.51278
30.00 -60 -0.44117
35.00 -60 -0.10147
40.00 -60 0.32917
45.00 -60 0.64111
50.00 -60 0.71851
55.00 -60 0.60520
60.00 -60 0.45914
65.00 -60 0.42470
70.00 -60 0.51795
75.00 -60 0.61962
80.00 -60 0.57977
-45.00 -55 0.89551
-40.00 -55 0.90109
-35.00 -55 0.80883
-30.00 -55 0.67097
-25.00 -55 0.55753
-20.00 -55 0.52203
-15.00 -55 0.58265
-10.00 -55 0.72017
-5.00 -55 0.88212
0.00 -55 0.98903
5.00 -55 0.95416
10.00 -55 0.72658
15.00 -55 0.34224
20.00 -55 -0.59164E-01
25.00 -55 -0.28754
30.00 -55 -0.21286
35.00 -55 0.13704
40.00 -55 0.57209
45.00 -55 0.85100
-65.00 -50 0.39775
-60.00 -50 0.53688
-55.00 -50 0.73059
-50.00 -50 0.89417
-45.00 -50 0.93566
-40.00 -50 0.82486
-35.00 -50 0.62229
-30.00 -50 0.44046
-25.00 -50 0.36823
-20.00 -50 0.42093
-15.00 -50 0.55188
-10.00 -50 0.70286
-5.00 -50 0.83825
0.00 -50 0.93364
5.00 -50 0.94626
10.00 -50 0.82018
15.00 -50 0.54231
20.00 -50 0.19974
25.00 -50 -0.34838E-01
30.00 -50 -0.88058E-02
35.00 -50 0.28415
40.00 -50 0.66808
45.00 -50 0.89010
50.00 -50 0.80027
55.00 -50 0.46541
60.00 -50 0.11927
65.00 -50 -0.17285E-01
-70.00 -45 0.36444
-45.00 -45 0.87649
-40.00 -45 0.65401
-35.00 -45 0.36665
-30.00 -45 0.18553
-25.00 -45 0.20888
-20.00 -45 0.39757
-15.00 -45 0.62255
-10.00 -45 0.77572
-5.00 -45 0.84060
0.00 -45 0.86342
5.00 -45 0.86645
10.00 -45 0.80387
15.00 -45 0.61471
20.00 -45 0.32193
25.00 -45 0.66413E-01
30.00 -45 0.17547E-01
35.00 -45 0.22353
40.00 -45 0.53875
45.00 -45 0.71236
70.00 -45 -0.14121
-75.00 -40 0.40326
-65.00 -40 0.41495
-60.00 -40 0.55343
-55.00 -40 0.74012
-50.00 -40 0.83801
-45.00 -40 0.72942
-40.00 -40 0.43225
-35.00 -40 0.11775
-30.00 -40 -0.48555E-02
-25.00 -40 0.15025
-20.00 -40 0.47669
-15.00 -40 0.76336
-10.00 -40 0.86264
-5.00 -40 0.79104
0.00 -40 0.67748
5.00 -40 0.61797
10.00 -40 0.58192
15.00 -40 0.46170
20.00 -40 0.21283
25.00 -40 -0.62143E-01
30.00 -40 -0.18275
35.00 -40 -0.59301E-01
40.00 -40 0.19873
45.00 -40 0.34986
50.00 -40 0.21879
55.00 -40 -0.14587
60.00 -40 -0.49877
65.00 -40 -0.59312
75.00 -40 -0.27839E-01
-45.00 -35 0.51555
-40.00 -35 0.19755
-35.00 -35 -0.79499E-01
-30.00 -35 -0.10242
-25.00 -35 0.17714
-20.00 -35 0.58616
-15.00 -35 0.85712
-10.00 -35 0.83635
-5.00 -35 0.59399
0.00 -35 0.34036
5.00 -35 0.22893
10.00 -35 0.22843
15.00 -35 0.17922
20.00 -35 -0.26419E-01
25.00 -35 -0.31852
30.00 -35 -0.50413
35.00 -35 -0.45381
40.00 -35 -0.24108
45.00 -35 -0.94874E-01
-85.00 -30 0.45570
-80.00 -30 0.49148
-70.00 -30 0.38894
-65.00 -30 0.35066
-60.00 -30 0.39005
-55.00 -30 0.46106
-50.00 -30 0.44425
-45.00 -30 0.25858
-40.00 -30 -0.30364E-01
-35.00 -30 -0.22374
-30.00 -30 -0.14083
-25.00 -30 0.21245
-20.00 -30 0.61572
-15.00 -30 0.79190
-10.00 -30 0.62671
-5.00 -30 0.25874
0.00 -30 -0.43739E-01
5.00 -30 -0.11351
10.00 -30 -0.17976E-01
15.00 -30 0.22005E-01
20.00 -30 -0.15062
25.00 -30 -0.47848
30.00 -30 -0.74467
35.00 -30 -0.77924
40.00 -30 -0.62221
45.00 -30 -0.48895
50.00 -30 -0.56928
55.00 -30 -0.84563
60.00 -30 -1.0979
65.00 -30 -1.0902
70.00 -30 -0.77161
80.00 -30 0.30890E-01
85.00 -30 0.14401
-45.00 -25 -0.15262E-01
-40.00 -25 -0.24345
-35.00 -25 -0.33639
-30.00 -25 -0.17272
-25.00 -25 0.18551
-20.00 -25 0.50372
-15.00 -25 0.54753
-10.00 -25 0.28003
-5.00 -25 -0.94331E-01
0.00 -25 -0.29232
5.00 -25 -0.18971
10.00 -25 0.72546E-01
15.00 -25 0.21048
20.00 -25 0.42181E-01
25.00 -25 -0.35953
30.00 -25 -0.73948
35.00 -25 -0.88763
40.00 -25 -0.81508
45.00 -25 -0.72362
-75.00 -20 0.51741
-65.00 -20 0.27522
-60.00 -20 0.16209
-55.00 -20 0.57129E-01
-50.00 -20 -0.85457E-01
-45.00 -20 -0.27439
-40.00 -20 -0.43080
-35.00 -20 -0.43080
-30.00 -20 -0.22326
-25.00 -20 0.85633E-01
-20.00 -20 0.28163
-15.00 -20 0.21047
-10.00 -20 -0.73630E-01
-5.00 -20 -0.32315
0.00 -20 -0.28755
5.00 -20 0.70693E-01
10.00 -20 0.52198
15.00 -20 0.73599
20.00 -20 0.53693
25.00 -20 0.35196E-01
30.00 -20 -0.47295
35.00 -20 -0.74740
40.00 -20 -0.77912
45.00 -20 -0.75599
50.00 -20 -0.86420
55.00 -20 -1.1097
60.00 -20 -1.3142
65.00 -20 -1.2777
75.00 -20 -0.49422
-70.00 -15 0.42972
-45.00 -15 -0.48294
-40.00 -15 -0.57123
-35.00 -15 -0.49755
-30.00 -15 -0.27581
-25.00 -15 -0.37204E-01
-20.00 -15 0.47879E-01
-15.00 -15 -0.84884E-01
-10.00 -15 -0.30602
-5.00 -15 -0.36101
0.00 -15 -0.66116E-01
5.00 -15 0.52013
10.00 -15 1.1014
15.00 -15 1.3391
20.00 -15 1.0921
25.00 -15 0.51159
30.00 -15 -0.84658E-01
35.00 -15 -0.45099
40.00 -15 -0.57130
45.00 -15 -0.61738
70.00 -15 -0.94583
-65.00 -10 0.27226
-60.00 -10 0.39405E-01
-55.00 -10 -0.21035
-50.00 -10 -0.44447
-45.00 -10 -0.60869
-40.00 -10 -0.63964
-35.00 -10 -0.51363
-30.00 -10 -0.29369
-25.00 -10 -0.11622
-20.00 -10 -0.99845E-01
-15.00 -10 -0.23531
-10.00 -10 -0.35549
-5.00 -10 -0.23654
0.00 -10 0.22694
5.00 -10 0.90753
10.00 -10 1.4955
15.00 -10 1.6931
20.00 -10 1.4125
25.00 -10 0.82641
30.00 -10 0.23496
35.00 -10 -0.14451
40.00 -10 -0.30179
45.00 -10 -0.38727
50.00 -10 -0.55053
55.00 -10 -0.80541
60.00 -10 -1.0265
65.00 -10 -1.0642
-45.00 -5 -0.63455
-40.00 -5 -0.62126
-35.00 -5 -0.46337
-30.00 -5 -0.25305
-25.00 -5 -0.11521
-20.00 -5 -0.11966
-15.00 -5 -0.21277
-10.00 -5 -0.23271
-5.00 -5 -0.16251E-01
0.00 -5 0.47026
5.00 -5 1.0758
10.00 -5 1.5385
15.00 -5 1.6452
20.00 -5 1.3655
25.00 -5 0.86269
30.00 -5 0.37635
35.00 -5 0.66209E-01
40.00 -5 -0.69429E-01
45.00 -5 -0.15069
90.00 0.00 0.94835E-01
-90.00 0.00 0.36366
