-85.00 0.00 0.88866
-80.00 0.00 1.0152
-75.00 0.00 0.98664
-70.00 0.00 0.79375
-65.00 0.00 0.45739
-60.00 0.00 0.49448E-01
-55.00 0.00 -0.31959
-50.00 0.00 -0.55047
-45.00 0.00 -0.60440
-40.00 0.00 -0.51636
-35.00 0.00 -0.36758
-30.00 0.00 -0.23935
-25.00 0.00 -0.17500
-20.00 0.00 -0.16212
-15.00 0.00 -0.13552
-10.00 0.00 -0.14351E-02
-5.00 0.00 0.31514
0.00 0.00 0.81132
5.00 0.00 1.3699
10.00 0.00 1.7859
15.00 0.00 1.8647
20.00 0.00 1.5419
25.00 0.00 0.94360
30.00 0.00 0.32988
35.00 0.00 -0.54009E-01
40.00 0.00 -0.12150
45.00 0.00 0.17197E-01
50.00 0.00 0.14952
55.00 0.00 0.11675
60.00 0.00 -0.81623E-01
65.00 0.00 -0.30470
70.00 0.00 -0.38480
75.00 0.00 -0.24294
80.00 0.00 0.61835E-01
85.00 0.00 0.39109
-45.00 5.00 -0.44776
-40.00 5.00 -0.36621
-35.00 5.00 -0.24861
-30.00 5.00 -0.16538
-25.00 5.00 -0.11142
-20.00 5.00 -0.22540E-01
-15.00 5.00 0.16530
-10.00 5.00 0.46556
-5.00 5.00 0.83330
0.00 5.00 1.1912
5.00 5.00 1.4582
10.00 5.00 1.5629
15.00 5.00 1.4559
20.00 5.00 1.1359
25.00 5.00 0.68054
30.00 5.00 0.24447
35.00 5.00 -0.31460E-02
40.00 5.00 0.22391E-01
45.00 5.00 0.25540
-65.00 10.00 0.77358
-60.00 10.00 0.38629
-55.00 10.00 0.65379E-02
-50.00 10.00 -0.23379
-45.00 10.00 -0.28223
-40.00 10.00 -0.20043
-35.00 10.00 -0.10286
-30.00 10.00 -0.49506E-01
-25.00 10.00 0.90634E-02
-20.00 10.00 0.18067
-15.00 10.00 0.51894
-10.00 10.00 0.95297
-5.00 10.00 1.3250
0.00 10.00 1.5019
5.00 10.00 1.4603
10.00 10.00 1.2751
15.00 10.00 1.0349
20.00 10.00 0.77589
25.00 10.00 0.49771
30.00 10.00 0.23252
35.00 10.00 0.78967E-01
40.00 10.00 0.14390
45.00 10.00 0.43351
50.00 10.00 0.80059
55.00 10.00 1.0175
60.00 10.00 0.93358
65.00 10.00 0.59132
-70.00 15.00 1.1691
-45.00 15.00 -0.15654
-40.00 15.00 -0.46089E-01
-35.00 15.00 0.74179E-01
-30.00 15.00 0.13685
-25.00 15.00 0.21159
-20.00 15.00 0.43293
-15.00 15.00 0.84685
-10.00 15.00 1.3228
-5.00 15.00 1.6256
0.00 15.00 1.5950
5.00 15.00 1.2731
10.00 15.00 0.86508
15.00 15.00 0.56921
20.00 15.00 0.43234
25.00 15.00 0.36059
30.00 15.00 0.26282
35.00 15.00 0.17688
40.00 15.00 0.24616
45.00 15.00 0.56268
70.00 15.00 0.51978
-75.00 20.00 1.3255
-65.00 20.00 1.0254
-60.00 20.00 0.61110
-55.00 20.00 0.17468
-50.00 20.00 -0.97047E-01
-45.00 20.00 -0.10853
-40.00 20.00 0.70564E-01
-35.00 20.00 0.27480
-30.00 20.00 0.40026
-25.00 20.00 0.49838
-20.00 20.00 0.70631
-15.00 20.00 1.0728
-10.00 20.00 1.4526
-5.00 20.00 1.5892
0.00 20.00 1.3295
5.00 20.00 0.77690
10.00 20.00 0.23144
15.00 20.00 -0.39940E-01
20.00 20.00 -0.19431E-02
25.00 20.00 0.16003
30.00 20.00 0.24490
35.00 20.00 0.23816
40.00 20.00 0.31771
45.00 20.00 0.65636
50.00 20.00 1.2096
55.00 20.00 1.6963
60.00 20.00 1.8039
65.00 20.00 1.4422
75.00 20.00 0.31242
-45.00 25.00 -0.16213
-40.00 25.00 0.11694
-35.00 25.00 0.45827
-30.00 25.00 0.69326
-25.00 25.00 0.81580
-20.00 25.00 0.94126
-15.00 25.00 1.1350
-10.00 25.00 1.2880
-5.00 25.00 1.1818
0.00 25.00 0.70109
5.00 25.00 -0.74552E-02
10.00 25.00 -0.59882
15.00 25.00 -0.78269
20.00 25.00 -0.54717
25.00 25.00 -0.14776
30.00 25.00 0.13317
35.00 25.00 0.23764
40.00 25.00 0.36188
45.00 25.00 0.73645
-80.00 30.00 1.3092
-70.00 30.00 1.4124
-65.00 30.00 1.1135
-60.00 30.00 0.58594
-55.00 30.00 0.81568E-02
-50.00 30.00 -0.35458
-45.00 30.00 -0.32326
-40.00 30.00 0.58295E-01
-35.00 30.00 0.55420
-30.00 30.00 0.91713
-25.00 30.00 1.0585
-20.00 30.00 1.0559
-15.00 30.00 1.0040
-10.00 30.00 0.87163
-5.00 30.00 0.52305
0.00 30.00 -0.10599
5.00 30.00 -0.85763
10.00 30.00 -1.4000
15.00 30.00 -1.4628
20.00 30.00 -1.0566
25.00 30.00 -0.46724
30.00 30.00 -0.14173E-01
35.00 30.00 0.21532
40.00 30.00 0.41365
45.00 30.00 0.83493
50.00 30.00 1.5109
55.00 30.00 2.1654
60.00 30.00 2.4142
65.00 30.00 2.0789
70.00 30.00 1.3427
80.00 30.00 0.24979
-45.00 35.00 -0.57397
-40.00 35.00 -0.12419
-35.00 35.00 0.49556
-30.00 35.00 0.96719
-25.00 35.00 1.1186
-20.00 35.00 0.98621
-15.00 35.00 0.70056
-10.00 35.00 0.32768
-5.00 35.00 -0.16794
0.00 35.00 -0.80689
5.00 35.00 -1.4607
10.00 35.00 -1.8659
15.00 35.00 -1.8064
20.00 35.00 -1.3040
25.00 35.00 -0.62509
30.00 35.00 -0.73813E-01
35.00 35.00 0.25339
40.00 35.00 0.52511
45.00 35.00 0.98321
-75.00 40.00 1.5410
-65.00 40.00 1.0598
-60.00 40.00 0.39219
-55.00 40.00 -0.34673
-50.00 40.00 -0.84767
-45.00 40.00 -0.86964
-40.00 40.00 -0.41247
-35.00 40.00 0.26225
-30.00 40.00 0.79455
-25.00 40.00 0.95027
-20.00 40.00 0.73075
-15.00 40.00 0.29748
-10.00 40.00 -0.19438
-5.00 40.00 -0.69078
0.00 40.00 -1.1885
5.00 40.00 -1.6215
10.00 40.00 -1.8313
15.00 40.00 -1.6744
20.00 40.00 -1.1679
25.00 40.00 -0.51514
30.00 40.00 0.40389E-01
35.00 40.00 0.41179
40.00 40.00 0.72937
45.00 40.00 1.1940
50.00 40.00 1.8473
55.00 40.00 2.4716
60.00 40.00 2.7266
65.00 40.00 2.4183
75.00 40.00 0.85975
-70.00 45.00 1.4511
-45.00 45.00 -1.1458
-40.00 45.00 -0.74540
-35.00 45.00 -0.95977E-01
-30.00 45.00 0.44091
-25.00 45.00 0.60267
-20.00 45.00 0.36366
-15.00 45.00 -0.10266
-10.00 45.00 -0.58390
-5.00 45.00 -0.96466
0.00 45.00 -1.2351
5.00 45.00 -1.4007
10.00 45.00 -1.4117
15.00 45.00 -1.1952
20.00 45.00 -0.75139
25.00 45.00 -0.19856
30.00 45.00 0.30126
35.00 45.00 0.67765
40.00 45.00 1.0125
45.00 45.00 1.4494
70.00 45.00 1.7585
-65.00 50.00 0.95936
-60.00 50.00 0.22002
-55.00 50.00 -0.58266
-50.00 50.00 -1.1751
-45.00 50.00 -1.3368
-40.00 50.00 -1.0374
-35.00 50.00 -0.47713
-30.00 50.00 0.19281E-01
-25.00 50.00 0.19369
-20.00 50.00 -0.20782E-02
-15.00 50.00 -0.41102
-10.00 50.00 -0.80692
-5.00 50.00 -1.0448
0.00 50.00 -1.1118
5.00 50.00 -1.0636
10.00 50.00 -0.93075
15.00 50.00 -0.69114
20.00 50.00 -0.32342
25.00 50.00 0.13252
30.00 50.00 0.58562
35.00 50.00 0.97203
40.00 50.00 1.3176
45.00 50.00 1.7053
50.00 50.00 2.1632
55.00 50.00 2.5773
60.00 50.00 2.7304
65.00 50.00 2.4580
-85.00 55.00 1.0708
-45.00 55.00 -1.4007
-40.00 55.00 -1.2152
-35.00 55.00 -0.77724
-30.00 55.00 -0.34900
-25.00 55.00 -0.16040
-20.00 55.00 -0.28051
-15.00 55.00 -0.59491
-10.00 55.00 -0.90230
-5.00 55.00 -1.0527
0.00 55.00 -1.0220
5.00 55.00 -0.87782
10.00 55.00 -0.68516
15.00 55.00 -0.44576
20.00 55.00 -0.12022
25.00 55.00 0.30303
30.00 55.00 0.77200
35.00 55.00 1.2086
40.00 55.00 1.5783
45.00 55.00 1.9114
85.00 55.00 0.34498
-80.00 60.00 1.4559
-75.00 60.00 1.5994
-70.00 60.00 1.4028
-65.00 60.00 0.88641
-60.00 60.00 0.17431
-55.00 60.00 -0.54829
-50.00 60.00 -1.0951
-45.00 60.00 -1.3371
-40.00 60.00 -1.2517
-35.00 60.00 -0.94153
-30.00 60.00 -0.59804
-25.00 60.00 -0.40978
-20.00 60.00 -0.46149
-15.00 60.00 -0.69186
-10.00 60.00 -0.94518
-5.00 60.00 -1.0806
0.00 60.00 -1.0551
5.00 60.00 -0.91750
10.00 60.00 -0.72989
15.00 60.00 -0.49639
20.00 60.00 -0.16667
25.00 60.00 0.29283
30.00 60.00 0.83672
35.00 60.00 1.3555
40.00 60.00 1.7571
45.00 60.00 2.0336
50.00 60.00 2.2411
55.00 60.00 2.4072
60.00 60.00 2.4617
65.00 60.00 2.2746
70.00 60.00 1.7870
75.00 60.00 1.1215
80.00 60.00 0.55404
-45.00 65.00 -1.1875
-40.00 65.00 -1.1757
-35.00 65.00 -0.98366
-30.00 65.00 -0.73902
-25.00 65.00 -0.58371
-20.00 65.00 -0.60420
-15.00 65.00 -0.78037
-10.00 65.00 -1.0003
-5.00 65.00 -1.1389
0.00 65.00 -1.1396
5.00 65.00 -1.0290
10.00 65.00 -0.85599
15.00 65.00 -0.61995
20.00 65.00 -0.26494
25.00 65.00 0.24866
30.00 65.00 0.86740
35.00 65.00 1.4490
40.00 65.00 1.8575
45.00 65.00 2.0644
-65.00 70.00 0.85410
-60.00 70.00 0.20525
-55.00 70.00 -0.38443
-50.00 70.00 -0.80157
-45.00 70.00 -1.0162
-40.00 70.00 -1.0520
-35.00 70.00 -0.96248
-30.00 70.00 -0.82826
-25.00 70.00 -0.74420
-20.00 70.00 -0.77766
-15.00 70.00 -0.92077
-10.00 70.00 -1.0873
-5.00 70.00 -1.1718
0.00 70.00 -1.1250
5.00 70.00 -0.97569
10.00 70.00 -0.77530
15.00 70.00 -0.52439
20.00 70.00 -0.16219
25.00 70.00 0.35836
30.00 70.00 0.98244
35.00 70.00 1.5508
40.00 70.00 1.9059
45.00 70.00 2.0164
50.00 70.00 1.9985
55.00 70.00 1.9994
60.00 70.00 2.0454
65.00 70.00 2.0052
-70.00 75.00 1.3702
-45.00 75.00 -0.88062
-40.00 75.00 -0.94324
-35.00 75.00 -0.93545
-30.00 75.00 -0.91032
-25.00 75.00 -0.91980
-20.00 75.00 -0.99333
-15.00 75.00 -1.1049
-10.00 75.00 -1.1731
-5.00 75.00 -1.1157
0.00 75.00 -0.91683
5.00 75.00 -0.63947
10.00 75.00 -0.36100
15.00 75.00 -0.91447E-01
20.00 75.00 0.23755
25.00 75.00 0.68963
30.00 75.00 1.2235
35.00 75.00 1.6848
40.00 75.00 1.9186
45.00 75.00 1.9066
70.00 75.00 1.6909
-75.00 80.00 1.5812
-65.00 80.00 0.84908
-60.00 80.00 0.22797
-55.00 80.00 -0.29888
-50.00 80.00 -0.63732
-45.00 80.00 -0.80611
-40.00 80.00 -0.87812
-35.00 80.00 -0.92191
-30.00 80.00 -0.98086
-25.00 80.00 -1.0733
-20.00 80.00 -1.1840
-15.00 80.00 -1.2530
-10.00 80.00 -1.1930
-5.00 80.00 -0.94887
0.00 80.00 -0.55298
5.00 80.00 -0.11785
10.00 80.00 0.24663
15.00 80.00 0.52198
20.00 80.00 0.78710
25.00 80.00 1.1241
30.00 80.00 1.5101
35.00 80.00 1.8082
40.00 80.00 1.8843
45.00 80.00 1.7457
50.00 80.00 1.5619
55.00 80.00 1.5240
60.00 80.00 1.6621
65.00 80.00 1.7941
75.00 80.00 1.2405
-45.00 85.00 -0.77852
-40.00 85.00 -0.84206
-35.00 85.00 -0.89874
-30.00 85.00 -0.99476
-25.00 85.00 -1.1281
-20.00 85.00 -1.2480
-15.00 85.00 -1.2653
-10.00 85.00 -1.0917
-5.00 85.00 -0.70157
0.00 85.00 -0.17139
5.00 85.00 0.35170
10.00 85.00 0.74602
15.00 85.00 0.99953
20.00 85.00 1.2015
25.00 85.00 1.4392
30.00 85.00 1.6934
35.00 85.00 1.8409
40.00 85.00 1.7754
45.00 85.00 1.5386
-80.00 90.00 1.3665
-70.00 90.00 1.3593
-65.00 90.00 0.86938
-60.00 90.00 0.25339
-55.00 90.00 -0.28039
-50.00 90.00 -0.61422
-45.00 90.00 -0.75547
-40.00 90.00 -0.79281
-35.00 90.00 -0.82478
-30.00 90.00 -0.90665
-25.00 90.00 -1.0292
-20.00 90.00 -1.1238
-15.00 90.00 -1.0920
-10.00 90.00 -0.85891
-5.00 90.00 -0.42931
0.00 90.00 0.95560E-01
5.00 90.00 0.57030
10.00 90.00 0.89971
15.00 90.00 1.1003
20.00 90.00 1.2677
25.00 90.00 1.4702
30.00 90.00 1.6652
35.00 90.00 1.7270
40.00 90.00 1.5768
45.00 90.00 1.2943
50.00 90.00 1.0929
55.00 90.00 1.1518
60.00 90.00 1.4433
65.00 90.00 1.7191
70.00 90.00 1.6949
80.00 90.00 0.74670
-45.00 95.00 -0.68968
-40.00 95.00 -0.68715
-35.00 95.00 -0.67104
-30.00 95.00 -0.70623
-25.00 95.00 -0.78407
-20.00 95.00 -0.83366
-15.00 95.00 -0.76645
-10.00 95.00 -0.53509
-5.00 95.00 -0.17370
0.00 95.00 0.21311
5.00 95.00 0.51642
10.00 95.00 0.70080
15.00 95.00 0.82757
20.00 95.00 0.99277
25.00 95.00 1.2246
30.00 95.00 1.4342
35.00 95.00 1.4808
40.00 95.00 1.3083
45.00 95.00 1.0339
-75.00 100.00 1.4411
-65.00 100.00 0.89887
-60.00 100.00 0.33674
-55.00 100.00 -0.16571
-50.00 100.00 -0.46806
-45.00 100.00 -0.55209
-40.00 100.00 -0.50252
-35.00 100.00 -0.43465
-30.00 100.00 -0.41979
-25.00 100.00 -0.45031
-20.00 100.00 -0.45840
-15.00 100.00 -0.37317
-10.00 100.00 -0.17926
-5.00 100.00 0.63397E-01
0.00 100.00 0.25801
5.00 100.00 0.34575
10.00 100.00 0.36003
15.00 100.00 0.40811
20.00 100.00 0.58148
25.00 100.00 0.86246
30.00 100.00 1.1136
35.00 100.00 1.1781
40.00 100.00 1.0210
45.00 100.00 0.78962
50.00 100.00 0.72201
55.00 100.00 0.95680
60.00 100.00 1.3962
65.00 100.00 1.7486
75.00 100.00 1.3272
-70.00 105.00 1.2647
-45.00 105.00 -0.34560
-40.00 105.00 -0.24554
-35.00 105.00 -0.13326
-30.00 105.00 -0.82591E-01
-25.00 105.00 -0.83350E-01
-20.00 105.00 -0.67714E-01
-15.00 105.00 0.22347E-01
-10.00 105.00 0.17731
-5.00 105.00 0.31758
0.00 105.00 0.35347
5.00 105.00 0.26540
10.00 105.00 0.13849
15.00 105.00 0.11226
20.00 105.00 0.27265
25.00 105.00 0.56905
30.00 105.00 0.83389
35.00 105.00 0.90634
40.00 105.00 0.77090
45.00 105.00 0.59323
70.00 105.00 1.7438
-85.00 110.00 0.83505
-65.00 110.00 0.85559
-60.00 110.00 0.41682
-55.00 110.00 0.41026E-01
-50.00 110.00 -0.13909
-45.00 110.00 -0.10608
-40.00 110.00 0.50285E-01
-35.00 110.00 0.20575
-30.00 110.00 0.28578
-25.00 110.00 0.30379
-20.00 110.00 0.33022
-15.00 110.00 0.41885
-10.00 110.00 0.54879
-5.00 110.00 0.63057
0.00 110.00 0.57685
5.00 110.00 0.38527
10.00 110.00 0.16328
15.00 110.00 0.63700E-01
20.00 110.00 0.17065
25.00 110.00 0.42446
30.00 110.00 0.65506
35.00 110.00 0.71165
40.00 110.00 0.59237
45.00 110.00 0.46429
50.00 110.00 0.54158
55.00 110.00 0.90590
60.00 110.00 1.4114
65.00 110.00 1.7631
85.00 110.00 0.46897
-45.00 115.00 0.10754
-40.00 115.00 0.33146
-35.00 115.00 0.54631
-30.00 115.00 0.67506
-25.00 115.00 0.72699
-20.00 115.00 0.76865
-15.00 115.00 0.85235
-10.00 115.00 0.95897
-5.00 115.00 1.0030
0.00 115.00 0.90101
5.00 115.00 0.65167
10.00 115.00 0.36096
15.00 115.00 0.18073
20.00 115.00 0.19992
25.00 115.00 0.37237
30.00 115.00 0.54670
35.00 115.00 0.58639
40.00 115.00 0.48939
45.00 115.00 0.40522
-80.00 120.00 0.89779
-75.00 120.00 0.97078
-70.00 120.00 0.87171
-65.00 120.00 0.61010
-60.00 120.00 0.29331
-55.00 120.00 0.70353E-01
-50.00 120.00 0.47049E-01
-45.00 120.00 0.23028
-40.00 120.00 0.53343
-35.00 120.00 0.83530
-30.00 120.00 1.0516
-25.00 120.00 1.1728
-20.00 120.00 1.2455
-15.00 120.00 1.3152
-10.00 120.00 1.3746
-5.00 120.00 1.3594
0.00 120.00 1.2012
5.00 120.00 0.89726
10.00 120.00 0.54105
15.00 120.00 0.27660
20.00 120.00 0.20302
25.00 120.00 0.30033
30.00 120.00 0.44268
35.00 120.00 0.49939
40.00 120.00 0.44838
45.00 120.00 0.40518
50.00 120.00 0.53075
55.00 120.00 0.88267
60.00 120.00 1.3320
65.00 120.00 1.6279
70.00 120.00 1.5760
75.00 120.00 1.1954
80.00 120.00 0.72806
-45.00 125.00 0.21120
-40.00 125.00 0.59427
-35.00 125.00 1.0010
-30.00 125.00 1.3347
-25.00 125.00 1.5517
-20.00 125.00 1.6617
-15.00 125.00 1.6969
-10.00 125.00 1.6701
-5.00 125.00 1.5569
0.00 125.00 1.3193
5.00 125.00 0.95795
10.00 125.00 0.54886
15.00 125.00 0.22282
20.00 125.00 0.88691E-01
25.00 125.00 0.15475
30.00 125.00 0.31706
35.00 125.00 0.43747
40.00 125.00 0.45667
45.00 125.00 0.44683
-65.00 130.00 0.91772E-01
-60.00 130.00 -0.18304
-55.00 130.00 -0.32413
-50.00 130.00 -0.25471
-45.00 130.00 0.31623E-01
-40.00 130.00 0.47489
-35.00 130.00 0.97309
-30.00 130.00 1.4153
-25.00 130.00 1.7166
-20.00 130.00 1.8434
-15.00 130.00 1.8147
-10.00 130.00 1.6741
-5.00 130.00 1.4515
0.00 130.00 1.1498
5.00 130.00 0.77239
10.00 130.00 0.36818
15.00 130.00 0.42664E-01
20.00 130.00 -0.93723E-01
25.00 130.00 -0.84609E-02
30.00 130.00 0.21286
35.00 130.00 0.41894
40.00 130.00 0.50784
45.00 130.00 0.50918
50.00 130.00 0.55352
55.00 130.00 0.74462
60.00 130.00 1.0435
65.00 130.00 1.2748
-70.00 135.00 0.83051E-01
-45.00 135.00 -0.28460
-40.00 135.00 0.17950
-35.00 135.00 0.72018
-30.00 135.00 1.2166
-25.00 135.00 1.5492
-20.00 135.00 1.6495
-15.00 135.00 1.5332
-10.00 135.00 1.2841
-5.00 135.00 0.99284
0.00 135.00 0.70164
5.00 135.00 0.40571
10.00 135.00 0.10881
15.00 135.00 -0.12815
20.00 135.00 -0.20718
25.00 135.00 -0.76479E-01
30.00 135.00 0.20016
35.00 135.00 0.46691
40.00 135.00 0.58968
45.00 135.00 0.56542
70.00 135.00 1.0630
-75.00 140.00 0.12671
-65.00 140.00 -0.61739
-60.00 140.00 -0.91793
-55.00 140.00 -1.0430
-50.00 140.00 -0.95785
-45.00 140.00 -0.67451
-40.00 140.00 -0.23611
-35.00 140.00 0.27974
-30.00 140.00 0.75387
-25.00 140.00 1.0513
-20.00 140.00 1.0868
-15.00 140.00 0.88409
-10.00 140.00 0.56849
-5.00 140.00 0.28470
0.00 140.00 0.10301
5.00 140.00 -0.36554E-02
10.00 140.00 -0.93239E-01
15.00 140.00 -0.16699
20.00 140.00 -0.15343
25.00 140.00 0.13891E-01
30.00 140.00 0.30146
35.00 140.00 0.56795
40.00 140.00 0.66843
45.00 140.00 0.58182
50.00 140.00 0.43807
55.00 140.00 0.40779
60.00 140.00 0.54878
65.00 140.00 0.75249
75.00 140.00 0.75488
-45.00 145.00 -1.0544
-40.00 145.00 -0.67850
-35.00 145.00 -0.24507
-30.00 145.00 0.14581
-25.00 145.00 0.36772
-20.00 145.00 0.33650
-15.00 145.00 0.84891E-01
-10.00 145.00 -0.23485
-5.00 145.00 -0.44399
0.00 145.00 -0.45773
5.00 145.00 -0.32901
10.00 145.00 -0.17676
15.00 145.00 -0.67370E-01
20.00 145.00 0.35949E-01
25.00 145.00 0.20821
30.00 145.00 0.45124
35.00 145.00 0.65618
40.00 145.00 0.68931
45.00 145.00 0.52486
-80.00 150.00 0.11400
-70.00 150.00 -0.83272
-65.00 150.00 -1.3066
-60.00 150.00 -1.6104
-55.00 150.00 -1.6898
-50.00 150.00 -1.5783
-45.00 150.00 -1.3466
-40.00 150.00 -1.0496
-35.00 150.00 -0.72644
-30.00 150.00 -0.43963
-25.00 150.00 -0.28595
-20.00 150.00 -0.34034
-15.00 150.00 -0.57511
-10.00 150.00 -0.84162
-5.00 150.00 -0.95554
0.00 150.00 -0.82608
5.00 150.00 -0.51725
10.00 150.00 -0.18374
15.00 150.00 0.60248E-01
20.00 150.00 0.21757
25.00 150.00 0.36262
30.00 150.00 0.52760
35.00 150.00 0.64318
40.00 150.00 0.60070
45.00 150.00 0.37712
50.00 150.00 0.92994E-01
55.00 150.00 -0.66374E-01
60.00 150.00 -0.16085E-02
65.00 150.00 0.21960
70.00 150.00 0.43030
80.00 150.00 0.51341
-45.00 155.00 -1.5042
-40.00 155.00 -1.2824
-35.00 155.00 -1.0666
-30.00 155.00 -0.86798
-25.00 155.00 -0.74150
-20.00 155.00 -0.75461
-15.00 155.00 -0.90688
-10.00 155.00 -1.0881
-5.00 155.00 -1.1360
0.00 155.00 -0.95574
5.00 155.00 -0.59556
10.00 155.00 -0.20593
15.00 155.00 0.81772E-01
20.00 155.00 0.24449
25.00 155.00 0.34560
30.00 155.00 0.43411
35.00 155.00 0.47523
40.00 155.00 0.38814
45.00 155.00 0.15307
-75.00 160.00 -0.68137
-65.00 160.00 -1.7635
-60.00 160.00 -1.9845
-55.00 160.00 -1.9380
-50.00 160.00 -1.7363
-45.00 160.00 -1.5203
-40.00 160.00 -1.3589
-35.00 160.00 -1.2307
-30.00 160.00 -1.0927
-25.00 160.00 -0.95646
-20.00 160.00 -0.88657
-15.00 160.00 -0.92463
-10.00 160.00 -1.0204
-5.00 160.00 -1.0507
0.00 160.00 -0.91648
5.00 160.00 -0.62906
10.00 160.00 -0.30164
15.00 160.00 -0.54536E-01
20.00 160.00 0.74303E-01
25.00 160.00 0.13103
30.00 160.00 0.16795
35.00 160.00 0.17445
40.00 160.00 0.92750E-01
45.00 160.00 -0.98044E-01
50.00 160.00 -0.32187
55.00 160.00 -0.44206
60.00 160.00 -0.36810
65.00 160.00 -0.13135
75.00 160.00 0.35335
-85.00 165.00 0.27336
-70.00 165.00 -1.4257
-45.00 165.00 -1.4223
-40.00 165.00 -1.3035
-35.00 165.00 -1.2404
-30.00 165.00 -1.1472
-25.00 165.00 -0.99994
-20.00 165.00 -0.85997
-15.00 165.00 -0.80471
-10.00 165.00 -0.83938
-5.00 165.00 -0.88100
0.00 165.00 -0.83105
5.00 165.00 -0.66471
10.00 165.00 -0.45045
15.00 165.00 -0.28455
20.00 165.00 -0.20869
25.00 165.00 -0.19063
30.00 165.00 -0.17939
35.00 165.00 -0.16950
40.00 165.00 -0.20322
45.00 165.00 -0.30875
70.00 165.00 0.76649E-01
85.00 165.00 0.58009
-65.00 170.00 -1.8910
-60.00 170.00 -1.9698
-55.00 170.00 -1.7796
-50.00 170.00 -1.4834
-45.00 170.00 -1.2536
-40.00 170.00 -1.1586
-35.00 170.00 -1.1394
-30.00 170.00 -1.0913
-25.00 170.00 -0.96949
-20.00 170.00 -0.82392
-15.00 170.00 -0.73933
-10.00 170.00 -0.74627
-5.00 170.00 -0.79057
0.00 170.00 -0.78726
5.00 170.00 -0.70155
10.00 170.00 -0.57733
15.00 170.00 -0.48923
20.00 170.00 -0.47051
25.00 170.00 -0.48874
30.00 170.00 -0.48880
35.00 170.00 -0.45359
40.00 170.00 -0.41809
45.00 170.00 -0.42348
50.00 170.00 -0.46188
55.00 170.00 -0.47083
60.00 170.00 -0.38462
65.00 170.00 -0.19106
-45.00 175.00 -1.0572
-40.00 175.00 -0.96440
-35.00 175.00 -0.96418
-30.00 175.00 -0.96359
-25.00 175.00 -0.91524
-20.00 175.00 -0.84488
-15.00 175.00 -0.80534
-10.00 175.00 -0.81160
-5.00 175.00 -0.82351
0.00 175.00 -0.78993
5.00 175.00 -0.70563
10.00 175.00 -0.62127
15.00 175.00 -0.59547
20.00 175.00 -0.63664
25.00 175.00 -0.69202
30.00 175.00 -0.69464
35.00 175.00 -0.62240
40.00 175.00 -0.51354
45.00 175.00 -0.42605
-80.00 180.00 -0.39471
-75.00 180.00 -0.99701
-70.00 180.00 -1.4868
-65.00 180.00 -1.7290
-60.00 180.00 -1.6820
-55.00 180.00 -1.4247
-50.00 180.00 -1.1083
-45.00 180.00 -0.86638
-40.00 180.00 -0.75224
-35.00 180.00 -0.74048
-30.00 180.00 -0.77837
-25.00 180.00 -0.83236
-20.00 180.00 -0.89288
-15.00 180.00 -0.94737
-10.00 180.00 -0.96328
-5.00 180.00 -0.90740
0.00 180.00 -0.78472
5.00 180.00 -0.65328
10.00 180.00 -0.59044
15.00 180.00 -0.63312
20.00 180.00 -0.74309
25.00 180.00 -0.83027
30.00 180.00 -0.81716
35.00 180.00 -0.69228
40.00 180.00 -0.51114
45.00 180.00 -0.34874
50.00 180.00 -0.24523
55.00 180.00 -0.18583
60.00 180.00 -0.12221
65.00 180.00 -0.10584E-01
70.00 180.00 0.16218
75.00 180.00 0.37128
80.00 180.00 0.56161
-45.00 -175 -0.70432
-40.00 -175 -0.55116
-35.00 -175 -0.50107
-30.00 -175 -0.55926
-25.00 -175 -0.71517
-20.00 -175 -0.91710
-15.00 -175 -1.0712
-10.00 -175 -1.0874
-5.00 -175 -0.94610
0.00 -175 -0.72677
5.00 -175 -0.56442
10.00 -175 -0.55843
15.00 -175 -0.70236
20.00 -175 -0.88927
25.00 -175 -0.98696
30.00 -175 -0.92392
35.00 -175 -0.72387
40.00 -175 -0.47331
45.00 -175 -0.25775
-65.00 -170 -1.3990
-60.00 -170 -1.2917
-55.00 -170 -1.0718
-50.00 -170 -0.82220
-45.00 -170 -0.58553
-40.00 -170 -0.39210
-35.00 -170 -0.29689
-30.00 -170 -0.36546
-25.00 -170 -0.60786
-20.00 -170 -0.92677
-15.00 -170 -1.1496
-10.00 -170 -1.1416
-5.00 -170 -0.91430
0.00 -170 -0.63129
5.00 -170 -0.49605
10.00 -170 -0.60463
15.00 -170 -0.87970
20.00 -170 -1.1339
25.00 -170 -1.2052
30.00 -170 -1.0558
35.00 -170 -0.76830
40.00 -170 -0.46454
45.00 -170 -0.22424
50.00 -170 -0.61302E-01
55.00 -170 0.49663E-01
60.00 -170 0.14099
65.00 -170 0.24128
-70.00 -165 -1.1713
-45.00 -165 -0.51428
-40.00 -165 -0.29965
-35.00 -165 -0.18130
-30.00 -165 -0.27313
-25.00 -165 -0.59256
-20.00 -165 -0.99427
-15.00 -165 -1.2419
-10.00 -165 -1.1811
-5.00 -165 -0.87305
0.00 -165 -0.56331
5.00 -165 -0.50030
10.00 -165 -0.74734
15.00 -165 -1.1410
20.00 -165 -1.4230
25.00 -165 -1.4291
30.00 -165 -1.1818
35.00 -165 -0.83145
40.00 -165 -0.52083
45.00 -165 -0.29730
70.00 -165 0.49606
-75.00 -160 -0.83281
-65.00 -160 -1.0365
-60.00 -160 -0.93026
-55.00 -160 -0.80401
-50.00 -160 -0.66568
-45.00 -160 -0.48144
-40.00 -160 -0.27580
-35.00 -160 -0.17482
-30.00 -160 -0.32031
-25.00 -160 -0.71888
-20.00 -160 -1.1773
-15.00 -160 -1.4154
-10.00 -160 -1.2841
-5.00 -160 -0.90225
0.00 -160 -0.58071
5.00 -160 -0.58396
10.00 -160 -0.92551
15.00 -160 -1.3669
20.00 -160 -1.6133
25.00 -160 -1.5336
30.00 -160 -1.2235
35.00 -160 -0.88444
40.00 -160 -0.64599
45.00 -160 -0.49150
50.00 -160 -0.32652
55.00 -160 -0.95062E-01
60.00 -160 0.17538
65.00 -160 0.42403
75.00 -160 0.77409
-45.00 -155 -0.46558
-40.00 -155 -0.29220
-35.00 -155 -0.24236
-30.00 -155 -0.46492
-25.00 -155 -0.94182
-20.00 -155 -1.4387
-15.00 -155 -1.6540
-10.00 -155 -1.4592
-5.00 -155 -1.0218
0.00 -155 -0.68669
5.00 -155 -0.70619
10.00 -155 -1.0459
15.00 -155 -1.4301
20.00 -155 -1.5789
25.00 -155 -1.4256
30.00 -155 -1.1315
35.00 -155 -0.90942
40.00 -155 -0.83102
45.00 -155 -0.79015
-80.00 -150 -0.35540
-70.00 -150 -0.78462
-65.00 -150 -0.74684
-60.00 -150 -0.67454
-55.00 -150 -0.62635
-50.00 -150 -0.56618
-45.00 -150 -0.44259
-40.00 -150 -0.30370
-35.00 -150 -0.31017
-30.00 -150 -0.60257
-25.00 -150 -1.1356
-20.00 -150 -1.6511
-15.00 -150 -1.8494
-10.00 -150 -1.6280
-5.00 -150 -1.1774
0.00 -150 -0.83520
5.00 -150 -0.81733
10.00 -150 -1.0583
15.00 -150 -1.2963
20.00 -150 -1.3178
25.00 -150 -1.1367
30.00 -150 -0.95238
35.00 -150 -0.93937
40.00 -150 -1.0742
45.00 -150 -1.1553
50.00 -150 -0.98505
55.00 -150 -0.53696
60.00 -150 0.38213E-01
65.00 -150 0.54771
70.00 -150 0.88741
80.00 -150 1.0656
-45.00 -145 -0.40041
-40.00 -145 -0.27862
-35.00 -145 -0.31734
-30.00 -145 -0.64087
-25.00 -145 -1.1852
-20.00 -145 -1.6939
-15.00 -145 -1.8920
-10.00 -145 -1.7004
-5.00 -145 -1.2998
0.00 -145 -0.97944
5.00 -145 -0.90256
10.00 -145 -0.99607
15.00 -145 -1.0583
20.00 -145 -0.97457
25.00 -145 -0.83216
30.00 -145 -0.82701
35.00 -145 -1.0535
40.00 -145 -1.3807
45.00 -145 -1.5343
-85.00 -140 0.13490
-75.00 -140 -0.51319
-65.00 -140 -0.58137
-60.00 -140 -0.55896
-55.00 -140 -0.54179
-50.00 -140 -0.48033
-45.00 -140 -0.34817
-40.00 -140 -0.22351
-35.00 -140 -0.26377
-30.00 -140 -0.57370
-25.00 -140 -1.0834
-20.00 -140 -1.5623
-15.00 -140 -1.7778
-10.00 -140 -1.6675
-5.00 -140 -1.3742
0.00 -140 -1.1118
5.00 -140 -0.98842
10.00 -140 -0.94742
15.00 -140 -0.87499
20.00 -140 -0.75659
25.00 -140 -0.71980
30.00 -140 -0.91158
35.00 -140 -1.3239
40.00 -140 -1.7391
45.00 -140 -1.8607
50.00 -140 -1.5229
55.00 -140 -0.80473
60.00 -140 0.38749E-01
65.00 -140 0.75022
75.00 -140 1.3639
85.00 -140 1.0020
-70.00 -135 -0.52294
-45.00 -135 -0.31070
-40.00 -135 -0.18049
-35.00 -135 -0.21310
-30.00 -135 -0.49052
-25.00 -135 -0.94452
-20.00 -135 -1.3841
-15.00 -135 -1.6254
-10.00 -135 -1.6161
-5.00 -135 -1.4477
0.00 -135 -1.2553
5.00 -135 -1.1062
10.00 -135 -0.98237
15.00 -135 -0.86225
20.00 -135 -0.80276
25.00 -135 -0.92016
30.00 -135 -1.2716
35.00 -135 -1.7481
40.00 -135 -2.0935
45.00 -135 -2.0551
70.00 -135 1.3747
-65.00 -130 -0.52374
-60.00 -130 -0.56302
-55.00 -130 -0.55458
-50.00 -130 -0.46277
-45.00 -130 -0.30925
-40.00 -130 -0.19445
-35.00 -130 -0.24202
-30.00 -130 -0.50505
-25.00 -130 -0.91455
-20.00 -130 -1.3179
-15.00 -130 -1.5770
-10.00 -130 -1.6455
-5.00 -130 -1.5678
0.00 -130 -1.4184
5.00 -130 -1.2503
10.00 -130 -1.0995
15.00 -130 -1.0219
20.00 -130 -1.1003
25.00 -130 -1.3865
30.00 -130 -1.8219
35.00 -130 -2.2179
40.00 -130 -2.3388
45.00 -130 -2.0374
50.00 -130 -1.3435
55.00 -130 -0.44008
60.00 -130 0.44556
65.00 -130 1.1429
-45.00 -125 -0.34078
-40.00 -125 -0.27253
-35.00 -125 -0.37216
-30.00 -125 -0.65556
-25.00 -125 -1.0435
-20.00 -125 -1.4125
-15.00 -125 -1.6639
-10.00 -125 -1.7601
-5.00 -125 -1.7143
0.00 -125 -1.5664
5.00 -125 -1.3778
10.00 -125 -1.2397
15.00 -125 -1.2595
20.00 -125 -1.5039
25.00 -125 -1.9274
30.00 -125 -2.3543
35.00 -125 -2.5509
40.00 -125 -2.3516
45.00 -125 -1.7517
-80.00 -120 -0.46588E-01
-75.00 -120 -0.21636
-70.00 -120 -0.35963
-65.00 -120 -0.49879
-60.00 -120 -0.59304
-55.00 -120 -0.58717
-50.00 -120 -0.48474
-45.00 -120 -0.37204
-40.00 -120 -0.36748
-35.00 -120 -0.53874
-30.00 -120 -0.85798
-25.00 -120 -1.2281
-20.00 -120 -1.5485
-15.00 -120 -1.7600
-10.00 -120 -1.8437
-5.00 -120 -1.7992
0.00 -120 -1.6465
5.00 -120 -1.4549
10.00 -120 -1.3521
15.00 -120 -1.4685
20.00 -120 -1.8343
25.00 -120 -2.3115
30.00 -120 -2.6376
35.00 -120 -2.5723
40.00 -120 -2.0462
45.00 -120 -1.1964
50.00 -120 -0.26435
55.00 -120 0.55669
60.00 -120 1.1984
65.00 -120 1.6701
70.00 -120 1.9580
75.00 -120 1.9864
80.00 -120 1.6944
-45.00 -115 -0.35531
-40.00 -115 -0.40141
-35.00 -115 -0.62524
-30.00 -115 -0.95532
-25.00 -115 -1.2781
-20.00 -115 -1.5202
-15.00 -115 -1.6723
-10.00 -115 -1.7478
-5.00 -115 -1.7409
0.00 -115 -1.6433
5.00 -115 -1.5032
10.00 -115 -1.4465
15.00 -115 -1.6024
20.00 -115 -1.9757
25.00 -115 -2.3810
30.00 -115 -2.5258
35.00 -115 -2.1996
40.00 -115 -1.4248
45.00 -115 -0.44209
-65.00 -110 -0.41909
-60.00 -110 -0.53208
-55.00 -110 -0.49847
-50.00 -110 -0.36040
-45.00 -110 -0.25790
-40.00 -110 -0.31611
-35.00 -110 -0.54255
-30.00 -110 -0.83052
-25.00 -110 -1.0609
-20.00 -110 -1.2001
-15.00 -110 -1.3016
-10.00 -110 -1.4210
-5.00 -110 -1.5437
0.00 -110 -1.6064
5.00 -110 -1.5901
10.00 -110 -1.5748
15.00 -110 -1.6759
20.00 -110 -1.9073
25.00 -110 -2.1064
30.00 -110 -2.0174
35.00 -110 -1.4849
40.00 -110 -0.59351
45.00 -110 0.37617
50.00 -110 1.1460
55.00 -110 1.6221
60.00 -110 1.9039
65.00 -110 2.1238
-70.00 -105 -0.14907
-45.00 -105 -0.85779E-01
-40.00 -105 -0.11517
-35.00 -105 -0.29475
-30.00 -105 -0.49721
-25.00 -105 -0.61135
-20.00 -105 -0.65144
-15.00 -105 -0.73735
-10.00 -105 -0.96601
-5.00 -105 -1.3036
0.00 -105 -1.6076
5.00 -105 -1.7563
10.00 -105 -1.7542
15.00 -105 -1.7028
20.00 -105 -1.6655
25.00 -105 -1.5671
30.00 -105 -1.2413
35.00 -105 -0.59498
40.00 -105 0.26845
45.00 -105 1.0949
70.00 -105 2.3850
-75.00 -100 0.10476
-65.00 -100 -0.24554
-60.00 -100 -0.34418
-55.00 -100 -0.26379
-50.00 -100 -0.57912E-01
-45.00 -100 0.11521
-40.00 -100 0.13333
-35.00 -100 0.18490E-01
-30.00 -100 -0.96922E-01
-25.00 -100 -0.11671
-20.00 -100 -0.95784E-01
-15.00 -100 -0.20436
-10.00 -100 -0.56693
-5.00 -100 -1.1254
0.00 -100 -1.6582
5.00 -100 -1.9410
10.00 -100 -1.9034
15.00 -100 -1.6418
20.00 -100 -1.2920
25.00 -100 -0.89585
30.00 -100 -0.39441
35.00 -100 0.25491
40.00 -100 0.97087
45.00 -100 1.5742
50.00 -100 1.9318
55.00 -100 2.0753
60.00 -100 2.1628
65.00 -100 2.3087
75.00 -100 2.3638
-45.00 -95 0.28301
-40.00 -95 0.33674
-35.00 -95 0.26626
-30.00 -95 0.19693
-25.00 -95 0.21306
-20.00 -95 0.24332
-15.00 -95 0.10062
-10.00 -95 -0.34631
-5.00 -95 -1.0232
0.00 -95 -1.6638
5.00 -95 -1.9836
10.00 -95 -1.8672
15.00 -95 -1.4137
20.00 -95 -0.82145
25.00 -95 -0.23105
30.00 -95 0.33043
35.00 -95 0.87901
40.00 -95 1.3798
45.00 -95 1.7450
-80.00 -90 0.32451
-70.00 -90 0.16154
-65.00 -90 -0.55416E-02
-60.00 -90 -0.97735E-01
-55.00 -90 -0.22594E-01
-50.00 -90 0.18193
-45.00 -90 0.37370
-40.00 -90 0.43395
-35.00 -90 0.37123
-30.00 -90 0.29668
-25.00 -90 0.29165
-20.00 -90 0.29859
-15.00 -90 0.15118
-10.00 -90 -0.27030
-5.00 -90 -0.89621
0.00 -90 -1.4728
5.00 -90 -1.7220
10.00 -90 -1.5247
15.00 -90 -0.98084
20.00 -90 -0.30997
25.00 -90 0.30491
30.00 -90 0.79723
35.00 -90 1.1791
40.00 -90 1.4615
45.00 -90 1.6319
50.00 -90 1.7056
55.00 -90 1.7683
60.00 -90 1.9279
65.00 -90 2.1967
70.00 -90 2.4230
80.00 -90 1.9241
-85.00 -85 0.42388
-45.00 -85 0.38525
-40.00 -85 0.42978
-35.00 -85 0.35464
-30.00 -85 0.25268
-25.00 -85 0.20807
-20.00 -85 0.19749
-15.00 -85 0.10063
-10.00 -85 -0.18155
-5.00 -85 -0.60778
0.00 -85 -0.99062
5.00 -85 -1.1172
10.00 -85 -0.89674
15.00 -85 -0.41434
20.00 -85 0.14452
25.00 -85 0.62130
30.00 -85 0.95643
35.00 -85 1.1674
40.00 -85 1.2872
45.00 -85 1.3412
85.00 -85 1.2036
-75.00 -80 0.44579
-65.00 -80 0.24543
-60.00 -80 0.13512
-55.00 -80 0.13515
-50.00 -80 0.24045
-45.00 -80 0.35704
-40.00 -80 0.38657
-35.00 -80 0.31211
-30.00 -80 0.20498
-25.00 -80 0.14881
-20.00 -80 0.15562
-15.00 -80 0.15540
-10.00 -80 0.69359E-01
-5.00 -80 -0.10326
0.00 -80 -0.26776
5.00 -80 -0.30314
10.00 -80 -0.15545
15.00 -80 0.12633
20.00 -80 0.43596
25.00 -80 0.68739
30.00 -80 0.85441
35.00 -80 0.95197
40.00 -80 1.0000
45.00 -80 1.0196
50.00 -80 1.0595
55.00 -80 1.2013
60.00 -80 1.5021
65.00 -80 1.9086
75.00 -80 2.2396
-70.00 -75 0.47718
-45.00 -75 0.34678
-40.00 -75 0.38148
-35.00 -75 0.34170
-30.00 -75 0.27521
-25.00 -75 0.25483
-20.00 -75 0.31298
-15.00 -75 0.41714
-10.00 -75 0.50362
-5.00 -75 0.53291
0.00 -75 0.51527
5.00 -75 0.48942
10.00 -75 0.48345
15.00 -75 0.49838
20.00 -75 0.52421
25.00 -75 0.56132
30.00 -75 0.61840
35.00 -75 0.69115
40.00 -75 0.75563
45.00 -75 0.79748
70.00 -75 2.0795
-65.00 -70 0.46400
-60.00 -70 0.35199
-55.00 -70 0.29751
-50.00 -70 0.32587
-45.00 -70 0.39986
-40.00 -70 0.45971
-35.00 -70 0.47787
-30.00 -70 0.48084
-25.00 -70 0.52305
-20.00 -70 0.63930
-15.00 -70 0.81602
-10.00 -70 0.99965
-5.00 -70 1.1280
0.00 -70 1.1580
5.00 -70 1.0763
10.00 -70 0.90048
15.00 -70 0.67832
20.00 -70 0.48138
25.00 -70 0.38072
30.00 -70 0.40750
35.00 -70 0.52687
40.00 -70 0.65782
45.00 -70 0.73803
50.00 -70 0.78565
55.00 -70 0.89617
60.00 -70 1.1581
65.00 -70 1.5465
-45.00 -65 0.52820
-40.00 -65 0.61284
-35.00 -65 0.67502
-30.00 -65 0.73078
-25.00 -65 0.82041
-20.00 -65 0.97233
-15.00 -65 1.1772
-10.00 -65 1.3869
-5.00 -65 1.5336
0.00 -65 1.5540
5.00 -65 1.4134
10.00 -65 1.1260
15.00 -65 0.76554
20.00 -65 0.45028
25.00 -65 0.29289
30.00 -65 0.33627
35.00 -65 0.51986
40.00 -65 0.71434
45.00 -65 0.81362
-80.00 -60 0.61724
-75.00 -60 0.66957
-70.00 -60 0.66927
-65.00 -60 0.61543
-60.00 -60 0.55775
-55.00 -60 0.55194
-50.00 -60 0.61269
-45.00 -60 0.70736
-40.00 -60 0.79038
-35.00 -60 0.84507
-30.00 -60 0.89673
-25.00 -60 0.98910
-20.00 -60 1.1472
-15.00 -60 1.3558
-10.00 -60 1.5640
-5.00 -60 1.7055
0.00 -60 1.7189
5.00 -60 1.5680
10.00 -60 1.2622
15.00 -60 0.87414
20.00 -60 0.52956
25.00 -60 0.35585
30.00 -60 0.40680
35.00 -60 0.61679
40.00 -60 0.83295
45.00 -60 0.91902
50.00 -60 0.85957
55.00 -60 0.77655
60.00 -60 0.83102
65.00 -60 1.0787
70.00 -60 1.3975
75.00 -60 1.5629
80.00 -60 1.4176
-45.00 -55 0.88894
-40.00 -55 0.93070
-35.00 -55 0.91527
-30.00 -55 0.90078
-25.00 -55 0.95677
-20.00 -55 1.1110
-15.00 -55 1.3312
-10.00 -55 1.5483
-5.00 -55 1.6936
0.00 -55 1.7199
5.00 -55 1.6034
10.00 -55 1.3490
15.00 -55 1.0063
20.00 -55 0.67755
25.00 -55 0.48522
30.00 -55 0.49924
35.00 -55 0.67509
40.00 -55 0.86553
45.00 -55 0.91937
-65.00 -50 0.65716
-60.00 -50 0.67615
-55.00 -50 0.78139
-50.00 -50 0.92763
-45.00 -50 1.0186
-40.00 -50 0.98821
-35.00 -50 0.86434
-30.00 -50 0.75596
-25.00 -50 0.77202
-20.00 -50 0.94080
-15.00 -50 1.1955
-10.00 -50 1.4297
-5.00 -50 1.5672
0.00 -50 1.5865
5.00 -50 1.4958
10.00 -50 1.3044
15.00 -50 1.0297
20.00 -50 0.72957
25.00 -50 0.50507
30.00 -50 0.44438
35.00 -50 0.54351
40.00 -50 0.68446
45.00 -50 0.71372
50.00 -50 0.57132
55.00 -50 0.35823
60.00 -50 0.26814
65.00 -50 0.42564
-70.00 -45 0.67101
-45.00 -45 1.0514
-40.00 -45 0.94334
-35.00 -45 0.71830
-30.00 -45 0.53974
-25.00 -45 0.55103
-20.00 -45 0.76544
-15.00 -45 1.0618
-10.00 -45 1.2839
-5.00 -45 1.3519
0.00 -45 1.2908
5.00 -45 1.1661
10.00 -45 1.0074
15.00 -45 0.79813
20.00 -45 0.53593
25.00 -45 0.28434
30.00 -45 0.14398
35.00 -45 0.15915
40.00 -45 0.25516
45.00 -45 0.28584
70.00 -45 0.41924
-75.00 -40 0.71654
-65.00 -40 0.56294
-60.00 -40 0.59174
-55.00 -40 0.74384
-50.00 -40 0.91885
-45.00 -40 0.96135
-40.00 -40 0.79753
-35.00 -40 0.51985
-30.00 -40 0.33189
-25.00 -40 0.38819
-20.00 -40 0.66479
-15.00 -40 0.97524
-10.00 -40 1.1194
-5.00 -40 1.0337
0.00 -40 0.81383
5.00 -40 0.60244
10.00 -40 0.45639
15.00 -40 0.31990
20.00 -40 0.11766
25.00 -40 -0.13777
30.00 -40 -0.34089
35.00 -40 -0.39851
40.00 -40 -0.33525
45.00 -40 -0.28251
50.00 -40 -0.34911
55.00 -40 -0.49702
60.00 -40 -0.55214
65.00 -40 -0.35590
75.00 -40 0.54186
-45.00 -35 0.74709
-40.00 -35 0.56546
-35.00 -35 0.30088
-30.00 -35 0.16817
-25.00 -35 0.30139
-20.00 -35 0.62375
-15.00 -35 0.89372
-10.00 -35 0.89610
-5.00 -35 0.61338
0.00 -35 0.22689
5.00 -35 -0.49163E-01
10.00 -35 -0.14696
15.00 -35 -0.17729
20.00 -35 -0.29621
25.00 -35 -0.54276
30.00 -35 -0.80452
35.00 -35 -0.93739
40.00 -35 -0.91321
45.00 -35 -0.84390
-85.00 -30 0.73474
-80.00 -30 0.78315
-70.00 -30 0.55531
-65.00 -30 0.37675
-60.00 -30 0.29806
-55.00 -30 0.35180
-50.00 -30 0.44442
-45.00 -30 0.43402
-40.00 -30 0.27297
-35.00 -30 0.77352E-01
-30.00 -30 0.39115E-01
-25.00 -30 0.24472
-20.00 -30 0.56640
-15.00 -30 0.74115
-10.00 -30 0.58387
-5.00 -30 0.15001
0.00 -30 -0.30270
5.00 -30 -0.52655
10.00 -30 -0.48498
15.00 -30 -0.36606
20.00 -30 -0.40224
25.00 -30 -0.66461
30.00 -30 -1.0163
35.00 -30 -1.2554
40.00 -30 -1.3015
45.00 -30 -1.2476
50.00 -30 -1.2359
55.00 -30 -1.2895
60.00 -30 -1.2724
65.00 -30 -1.0190
70.00 -30 -0.50932
80.00 -30 0.51187
85.00 -30 0.66417
-45.00 -25 0.72179E-01
-40.00 -25 -0.40811E-01
-35.00 -25 -0.13739
-30.00 -25 -0.77468E-01
-25.00 -25 0.16472
-20.00 -25 0.43035
-15.00 -25 0.48156
-10.00 -25 0.20772
-5.00 -25 -0.25244
0.00 -25 -0.59920
5.00 -25 -0.61142
10.00 -25 -0.33428
15.00 -25 -0.47793E-01
20.00 -25 -0.39240E-01
25.00 -25 -0.37548
30.00 -25 -0.86873
35.00 -25 -1.2531
40.00 -25 -1.4035
45.00 -25 -1.4012
-75.00 -20 0.75458
-65.00 -20 0.22446
-60.00 -20 -0.26863E-01
-55.00 -20 -0.16832
-50.00 -20 -0.22745
-45.00 -20 -0.27354
-40.00 -20 -0.32576
-35.00 -20 -0.32047
-30.00 -20 -0.18534
-25.00 -20 0.47910E-01
-20.00 -20 0.21865
-15.00 -20 0.15514
-10.00 -20 -0.15405
-5.00 -20 -0.49983
0.00 -20 -0.58814
5.00 -20 -0.28001
10.00 -20 0.26647
15.00 -20 0.68763
20.00 -20 0.67813
25.00 -20 0.21375
30.00 -20 -0.44858
35.00 -20 -0.98457
40.00 -20 -1.2409
45.00 -20 -1.3001
50.00 -20 -1.3386
55.00 -20 -1.4273
60.00 -20 -1.4622
65.00 -20 -1.2775
75.00 -20 -0.22982
-70.00 -15 0.54501
-45.00 -15 -0.54016
-40.00 -15 -0.53266
-35.00 -15 -0.44297
-30.00 -15 -0.26627
-25.00 -15 -0.75247E-01
-20.00 -15 -0.53743E-02
-15.00 -15 -0.14300
-10.00 -15 -0.40674
-5.00 -15 -0.55123
0.00 -15 -0.33157
5.00 -15 0.28348
10.00 -15 1.0321
15.00 -15 1.5046
20.00 -15 1.4199
25.00 -15 0.81890
30.00 -15 0.21905E-01
35.00 -15 -0.61210
40.00 -15 -0.92558
45.00 -15 -1.0150
70.00 -15 -0.84213
-65.00 -10 0.23996
-60.00 -10 -0.13969
-55.00 -10 -0.44574
-50.00 -10 -0.62878
-45.00 -10 -0.68517
-40.00 -10 -0.63028
-35.00 -10 -0.48615
-30.00 -10 -0.30063
-25.00 -10 -0.16283
-20.00 -10 -0.16532
-15.00 -10 -0.31637
-10.00 -10 -0.47796
-5.00 -10 -0.41551
0.00 -10 0.39266E-01
5.00 -10 0.82364
10.00 -10 1.6227
15.00 -10 2.0403
20.00 -10 1.8550
25.00 -10 1.1686
30.00 -10 0.33147
35.00 -10 -0.30075
40.00 -10 -0.58903
45.00 -10 -0.64835
50.00 -10 -0.69240
55.00 -10 -0.83169
60.00 -10 -0.99253
65.00 -10 -1.0061
-45.00 -5 -0.69880
-40.00 -5 -0.61665
-35.00 -5 -0.45380
-30.00 -5 -0.28699
-25.00 -5 -0.19444
-20.00 -5 -0.21746
-15.00 -5 -0.31230
-10.00 -5 -0.33742
-5.00 -5 -0.11808
0.00 -5 0.42733
5.00 -5 1.1843
10.00 -5 1.8582
15.00 -5 2.1298
20.00 -5 1.8562
25.00 -5 1.1719
30.00 -5 0.40672
35.00 -5 -0.12567
40.00 -5 -0.31587
45.00 -5 -0.28804
90.00 0.00 0.61196
-90.00 0.00 0.60861
