-85.00 0.00 0.35873
-80.00 0.00 0.37051
-75.00 0.00 0.27572
-70.00 0.00 0.11925
-65.00 0.00 -0.57983E-01
-60.00 0.00 -0.23568
-55.00 0.00 -0.39715
-50.00 0.00 -0.50774
-45.00 0.00 -0.51943
-40.00 0.00 -0.40663
-35.00 0.00 -0.20107
-30.00 0.00 0.14135E-01
-25.00 0.00 0.15794
-20.00 0.00 0.21250
-15.00 0.00 0.23801
-10.00 0.00 0.32207
-5.00 0.00 0.50105
0.00 0.00 0.71901
5.00 0.00 0.86150
10.00 0.00 0.84049
15.00 0.00 0.66331
20.00 0.00 0.43084
25.00 0.00 0.26641
30.00 0.00 0.23049
35.00 0.00 0.28409
40.00 0.00 0.32346
45.00 0.00 0.25535
50.00 0.00 0.58112E-01
55.00 0.00 -0.20874
60.00 0.00 -0.44452
65.00 0.00 -0.56532
70.00 0.00 -0.54560
75.00 0.00 -0.42342
80.00 0.00 -0.27695
85.00 0.00 -0.17881
-45.00 5.00 -0.43715
-40.00 5.00 -0.27476
-35.00 5.00 -0.49440E-01
-30.00 5.00 0.15479
-25.00 5.00 0.28401
-20.00 5.00 0.34982
-15.00 5.00 0.41125
-10.00 5.00 0.51574
-5.00 5.00 0.64935
0.00 5.00 0.74028
5.00 5.00 0.71491
10.00 5.00 0.56032
15.00 5.00 0.34203
20.00 5.00 0.16278
25.00 5.00 0.95624E-01
30.00 5.00 0.14094
35.00 5.00 0.23396
40.00 5.00 0.28974
45.00 5.00 0.25067
-65.00 10.00 -0.22671E-01
-60.00 10.00 -0.23122
-55.00 10.00 -0.38766
-50.00 10.00 -0.42852
-45.00 10.00 -0.31895
-40.00 10.00 -0.89354E-01
-35.00 10.00 0.16984
-30.00 10.00 0.36371
-25.00 10.00 0.45788
-20.00 10.00 0.49671
-15.00 10.00 0.55530
-10.00 10.00 0.66493
-5.00 10.00 0.77759
0.00 10.00 0.80237
5.00 10.00 0.68311
10.00 10.00 0.45093
15.00 10.00 0.20742
20.00 10.00 0.54979E-01
25.00 10.00 0.32232E-01
30.00 10.00 0.10228
35.00 10.00 0.19204
40.00 10.00 0.24162
45.00 10.00 0.22582
50.00 10.00 0.14502
55.00 10.00 0.11030E-01
60.00 10.00 -0.15286
65.00 10.00 -0.30502
-70.00 15.00 0.19984
-45.00 15.00 -0.22013
-40.00 15.00 0.82189E-01
-35.00 15.00 0.38930
-30.00 15.00 0.58495
-25.00 15.00 0.63970
-20.00 15.00 0.62454
-15.00 15.00 0.64205
-10.00 15.00 0.73240
-5.00 15.00 0.83621
0.00 15.00 0.84691
5.00 15.00 0.70567
10.00 15.00 0.45559
15.00 15.00 0.21033
20.00 15.00 0.68834E-01
25.00 15.00 0.51453E-01
30.00 15.00 0.10583
35.00 15.00 0.16441
40.00 15.00 0.19370
45.00 15.00 0.19486
70.00 15.00 -0.31698
-75.00 20.00 0.38291
-65.00 20.00 -0.23195E-01
-60.00 20.00 -0.25595
-55.00 20.00 -0.41288
-50.00 20.00 -0.40391
-45.00 20.00 -0.18860
-40.00 20.00 0.17160
-35.00 20.00 0.52961
-30.00 20.00 0.74236
-25.00 20.00 0.76781
-20.00 20.00 0.68680
-15.00 20.00 0.62754
-10.00 20.00 0.65583
-5.00 20.00 0.72535
0.00 20.00 0.72877
5.00 20.00 0.60004
10.00 20.00 0.37520
15.00 20.00 0.16108
20.00 20.00 0.46785E-01
25.00 20.00 0.40990E-01
30.00 20.00 0.86036E-01
35.00 20.00 0.12363
40.00 20.00 0.14210
45.00 20.00 0.16254
50.00 20.00 0.18880
55.00 20.00 0.18278
60.00 20.00 0.96987E-01
65.00 20.00 -0.68488E-01
75.00 20.00 -0.34885
-45.00 25.00 -0.24168
-40.00 25.00 0.14133
-35.00 25.00 0.53482
-30.00 25.00 0.77190
-25.00 25.00 0.78447
-20.00 25.00 0.64209
-15.00 25.00 0.48527
-10.00 25.00 0.40977
-5.00 25.00 0.40110
0.00 25.00 0.37105
5.00 25.00 0.25495
10.00 25.00 0.76924E-01
15.00 25.00 -0.73809E-01
20.00 25.00 -0.12540
25.00 25.00 -0.82286E-01
30.00 25.00 -0.75856E-02
35.00 25.00 0.45371E-01
40.00 25.00 0.78561E-01
45.00 25.00 0.12711
-80.00 30.00 0.48803
-70.00 30.00 0.19560
-65.00 30.00 -0.46819E-01
-60.00 30.00 -0.29902
-55.00 30.00 -0.49270
-50.00 30.00 -0.53306
-45.00 30.00 -0.35561
-40.00 30.00 0.40364E-02
-35.00 30.00 0.39990
-30.00 30.00 0.65353
-25.00 30.00 0.66819
-20.00 30.00 0.48703
-15.00 30.00 0.24607
-10.00 30.00 0.63813E-01
-5.00 30.00 -0.37110E-01
0.00 30.00 -0.11441
5.00 30.00 -0.22292
10.00 30.00 -0.34926
15.00 30.00 -0.42493
20.00 30.00 -0.39761
25.00 30.00 -0.28458
30.00 30.00 -0.15465
35.00 30.00 -0.60665E-01
40.00 30.00 0.51502E-02
45.00 30.00 0.86161E-01
50.00 30.00 0.19446
55.00 30.00 0.27581
60.00 30.00 0.24940
65.00 30.00 0.88207E-01
70.00 30.00 -0.13960
80.00 30.00 -0.35417
-45.00 35.00 -0.47481
-40.00 35.00 -0.18200
-35.00 35.00 0.17387
-30.00 35.00 0.42145
-25.00 35.00 0.44618
-20.00 35.00 0.26282
-15.00 35.00 -0.88285E-02
-10.00 35.00 -0.24181
-5.00 35.00 -0.38741
0.00 35.00 -0.47915
5.00 35.00 -0.56529
10.00 35.00 -0.64426
15.00 35.00 -0.66597
20.00 35.00 -0.59073
25.00 35.00 -0.43878
30.00 35.00 -0.27671
35.00 35.00 -0.15513
40.00 35.00 -0.65031E-01
45.00 35.00 0.39354E-01
-75.00 40.00 0.37105
-65.00 40.00 -0.46502E-01
-60.00 40.00 -0.26545
-55.00 40.00 -0.45992
-50.00 40.00 -0.57314
-45.00 40.00 -0.53776
-40.00 40.00 -0.34054
-35.00 40.00 -0.64405E-01
-30.00 40.00 0.14571
-25.00 40.00 0.17708
-20.00 40.00 0.26697E-01
-15.00 40.00 -0.20507
-10.00 40.00 -0.39810
-5.00 40.00 -0.49887
0.00 40.00 -0.53695
5.00 40.00 -0.56802
10.00 40.00 -0.60708
15.00 40.00 -0.61746
20.00 40.00 -0.55906
25.00 40.00 -0.43863
30.00 40.00 -0.30632
35.00 40.00 -0.20344
40.00 40.00 -0.12021
45.00 40.00 -0.13160E-01
50.00 40.00 0.13249
55.00 40.00 0.26223
60.00 40.00 0.28395
65.00 40.00 0.15052
75.00 40.00 -0.29278
-70.00 45.00 0.16378
-45.00 45.00 -0.50749
-40.00 45.00 -0.41446
-35.00 45.00 -0.24433
-30.00 45.00 -0.10212
-25.00 45.00 -0.79758E-01
-20.00 45.00 -0.18322
-15.00 45.00 -0.32883
-10.00 45.00 -0.41424
-5.00 45.00 -0.40028
0.00 45.00 -0.33164
5.00 45.00 -0.28343
10.00 45.00 -0.28983
15.00 45.00 -0.32233
20.00 45.00 -0.33074
25.00 45.00 -0.29748
30.00 45.00 -0.24715
35.00 45.00 -0.20591
40.00 45.00 -0.16121
45.00 45.00 -0.72636E-01
70.00 45.00 -0.71277E-01
-65.00 50.00 -0.25793E-04
-60.00 50.00 -0.11534
-55.00 50.00 -0.21858
-50.00 50.00 -0.32086
-45.00 50.00 -0.39130
-40.00 50.00 -0.39284
-35.00 50.00 -0.33431
-30.00 50.00 -0.27742
-25.00 50.00 -0.28432
-20.00 50.00 -0.35540
-15.00 50.00 -0.42118
-10.00 50.00 -0.40122
-5.00 50.00 -0.27708
0.00 50.00 -0.11112
5.00 50.00 0.54836E-02
10.00 50.00 0.25654E-01
15.00 50.00 -0.26538E-01
20.00 50.00 -0.92965E-01
25.00 50.00 -0.13824
30.00 50.00 -0.16758
35.00 50.00 -0.19384
40.00 50.00 -0.19878
45.00 50.00 -0.14004
50.00 50.00 -0.36214E-02
55.00 50.00 0.15393
60.00 50.00 0.22807
65.00 50.00 0.14629
-85.00 55.00 0.45388
-45.00 55.00 -0.23933
-40.00 55.00 -0.31404
-35.00 55.00 -0.34956
-30.00 55.00 -0.37100
-25.00 55.00 -0.41582
-20.00 55.00 -0.48246
-15.00 55.00 -0.51775
-10.00 55.00 -0.46172
-5.00 55.00 -0.30789
0.00 55.00 -0.11916
5.00 55.00 0.18277E-01
10.00 55.00 0.59968E-01
15.00 55.00 0.26803E-01
20.00 55.00 -0.29927E-01
25.00 55.00 -0.80798E-01
30.00 55.00 -0.13268
35.00 55.00 -0.19455
40.00 55.00 -0.23911
45.00 55.00 -0.21175
85.00 55.00 -0.32472
-80.00 60.00 0.46592
-75.00 60.00 0.32192
-70.00 60.00 0.15134
-65.00 60.00 0.57155E-01
-60.00 60.00 0.44006E-01
-55.00 60.00 0.42798E-01
-50.00 60.00 -0.11351E-01
-45.00 60.00 -0.12228
-40.00 60.00 -0.24394
-35.00 60.00 -0.33571
-30.00 60.00 -0.39969
-25.00 60.00 -0.46469
-20.00 60.00 -0.54066
-15.00 60.00 -0.59705
-10.00 60.00 -0.58971
-5.00 60.00 -0.50738
0.00 60.00 -0.38770
5.00 60.00 -0.28519
10.00 60.00 -0.22503
15.00 60.00 -0.19086
20.00 60.00 -0.15744
25.00 60.00 -0.12920
30.00 60.00 -0.13826
35.00 60.00 -0.19961
40.00 60.00 -0.27241
45.00 60.00 -0.27781
50.00 60.00 -0.16860
55.00 60.00 0.12071E-01
60.00 60.00 0.14594
65.00 60.00 0.12783
70.00 60.00 -0.44859E-01
75.00 60.00 -0.26176
80.00 60.00 -0.38036
-45.00 65.00 -0.98789E-01
-40.00 65.00 -0.24124
-35.00 65.00 -0.34000
-30.00 65.00 -0.39040
-25.00 65.00 -0.43216
-20.00 65.00 -0.50149
-15.00 65.00 -0.59496
-10.00 65.00 -0.67780
-5.00 65.00 -0.71952
0.00 65.00 -0.71515
5.00 65.00 -0.67310
10.00 65.00 -0.59265
15.00 65.00 -0.46556
20.00 65.00 -0.30476
25.00 65.00 -0.16368
30.00 65.00 -0.11061
35.00 65.00 -0.16879
40.00 65.00 -0.27804
45.00 65.00 -0.32648
-65.00 70.00 0.79076E-01
-60.00 70.00 0.75381E-01
-55.00 70.00 0.59817E-01
-50.00 70.00 -0.33150E-01
-45.00 70.00 -0.18824
-40.00 70.00 -0.32771
-35.00 70.00 -0.38596
-30.00 70.00 -0.36745
-25.00 70.00 -0.33837
-20.00 70.00 -0.36765
-15.00 70.00 -0.47485
-10.00 70.00 -0.62558
-5.00 70.00 -0.76449
0.00 70.00 -0.84619
5.00 70.00 -0.84139
10.00 70.00 -0.73235
15.00 70.00 -0.52329
20.00 70.00 -0.26344
25.00 70.00 -0.48823E-01
30.00 70.00 0.23990E-01
35.00 70.00 -0.69233E-01
40.00 70.00 -0.24374
45.00 70.00 -0.35243
50.00 70.00 -0.29362
55.00 70.00 -0.95466E-01
60.00 70.00 0.98711E-01
65.00 70.00 0.14062
-70.00 75.00 0.16086
-45.00 75.00 -0.36183
-40.00 75.00 -0.47797
-35.00 75.00 -0.46324
-30.00 75.00 -0.34536
-25.00 75.00 -0.22383
-20.00 75.00 -0.19360
-15.00 75.00 -0.28165
-10.00 75.00 -0.44222
-5.00 75.00 -0.59869
0.00 75.00 -0.68575
5.00 75.00 -0.66360
10.00 75.00 -0.51669
15.00 75.00 -0.26314
20.00 75.00 0.26727E-01
25.00 75.00 0.23681
30.00 75.00 0.26148
35.00 75.00 0.85396E-01
40.00 75.00 -0.18134
45.00 75.00 -0.36127
70.00 75.00 0.26600E-01
-75.00 80.00 0.31423
-65.00 80.00 0.77507E-01
-60.00 80.00 -0.57660E-02
-55.00 80.00 -0.14539
-50.00 80.00 -0.35497
-45.00 80.00 -0.55545
-40.00 80.00 -0.63262
-35.00 80.00 -0.53571
-30.00 80.00 -0.32614
-25.00 80.00 -0.13355
-20.00 80.00 -0.60747E-01
-15.00 80.00 -0.11934
-10.00 80.00 -0.24112
-5.00 80.00 -0.33889
0.00 80.00 -0.35604
5.00 80.00 -0.27301
10.00 80.00 -0.92202E-01
15.00 80.00 0.16082
20.00 80.00 0.41725
25.00 80.00 0.56567
30.00 80.00 0.50629
35.00 80.00 0.23434
40.00 80.00 -0.12208
45.00 80.00 -0.36450
50.00 80.00 -0.35867
55.00 80.00 -0.13824
60.00 80.00 0.11403
65.00 80.00 0.20223
75.00 80.00 -0.18721
-45.00 85.00 -0.69773
-40.00 85.00 -0.72738
-35.00 85.00 -0.56244
-30.00 85.00 -0.30160
-25.00 85.00 -0.92262E-01
-20.00 85.00 -0.21711E-01
-15.00 85.00 -0.65990E-01
-10.00 85.00 -0.13112
-5.00 85.00 -0.13608
0.00 85.00 -0.59158E-01
5.00 85.00 0.80266E-01
10.00 85.00 0.26243
15.00 85.00 0.47276
20.00 85.00 0.66758
25.00 85.00 0.75467
30.00 85.00 0.63902
35.00 85.00 0.31330
40.00 85.00 -0.91877E-01
45.00 85.00 -0.36734
-80.00 90.00 0.42361
-70.00 90.00 0.22465
-65.00 90.00 0.11453
-60.00 90.00 -0.42169E-01
-55.00 90.00 -0.28284
-50.00 90.00 -0.55750
-45.00 90.00 -0.73926
-40.00 90.00 -0.72284
-35.00 90.00 -0.52048
-30.00 90.00 -0.26164
-25.00 90.00 -0.92105E-01
-20.00 90.00 -0.62647E-01
-15.00 90.00 -0.10541
-10.00 90.00 -0.11140
-5.00 90.00 -0.28525E-01
0.00 90.00 0.11156
5.00 90.00 0.25056
10.00 90.00 0.37154
15.00 90.00 0.49951
20.00 90.00 0.63601
25.00 90.00 0.70885
30.00 90.00 0.61068
35.00 90.00 0.30763
40.00 90.00 -0.86362E-01
45.00 90.00 -0.35927
50.00 90.00 -0.35426
55.00 90.00 -0.10122
60.00 90.00 0.19396
65.00 90.00 0.30377
70.00 90.00 0.15234
80.00 90.00 -0.34644
-45.00 95.00 -0.66953
-40.00 95.00 -0.61983
-35.00 95.00 -0.41686
-30.00 95.00 -0.20438
-25.00 95.00 -0.10446
-20.00 95.00 -0.11859
-15.00 95.00 -0.14204
-10.00 95.00 -0.74719E-01
-5.00 95.00 0.81160E-01
0.00 95.00 0.23128
5.00 95.00 0.29277
10.00 95.00 0.28191
15.00 95.00 0.29237
20.00 95.00 0.38337
25.00 95.00 0.49439
30.00 95.00 0.48399
35.00 95.00 0.26881
40.00 95.00 -0.68515E-01
45.00 95.00 -0.31701
-75.00 100.00 0.36036
-65.00 100.00 0.22270
-60.00 100.00 0.70985E-01
-55.00 100.00 -0.16332
-50.00 100.00 -0.39956
-45.00 100.00 -0.51509
-40.00 100.00 -0.45317
-35.00 100.00 -0.28209
-30.00 100.00 -0.13871
-25.00 100.00 -0.10341
-20.00 100.00 -0.12713
-15.00 100.00 -0.86376E-01
-10.00 100.00 0.83328E-01
-5.00 100.00 0.30717
0.00 100.00 0.42965
5.00 100.00 0.36247
10.00 100.00 0.17892
15.00 100.00 0.56022E-01
20.00 100.00 0.11063
25.00 100.00 0.28325
30.00 100.00 0.38581
35.00 100.00 0.27711
40.00 100.00 0.51476E-02
45.00 100.00 -0.22047
50.00 100.00 -0.20843
55.00 100.00 0.41611E-01
60.00 100.00 0.32991
65.00 100.00 0.42086
75.00 100.00 -0.90208E-01
-70.00 105.00 0.34022
-45.00 105.00 -0.32239
-40.00 105.00 -0.26922
-35.00 105.00 -0.14865
-30.00 105.00 -0.73619E-01
-25.00 105.00 -0.76911E-01
-20.00 105.00 -0.69775E-01
-15.00 105.00 0.69720E-01
-10.00 105.00 0.35570
-5.00 105.00 0.64239
0.00 105.00 0.72865
5.00 105.00 0.53670
10.00 105.00 0.20005
15.00 105.00 -0.32638E-01
20.00 105.00 -0.34763E-02
25.00 105.00 0.22066
30.00 105.00 0.41004
35.00 105.00 0.37816
40.00 105.00 0.14804
45.00 105.00 -0.71128E-01
70.00 105.00 0.26770
-85.00 110.00 0.34421
-65.00 110.00 0.35173
-60.00 110.00 0.26358
-55.00 110.00 0.10168
-50.00 110.00 -0.61627E-01
-45.00 110.00 -0.13631
-40.00 110.00 -0.10200
-35.00 110.00 -0.29149E-01
-30.00 110.00 -0.19507E-02
-25.00 110.00 -0.16458E-01
-20.00 110.00 0.34586E-01
-15.00 110.00 0.25700
-10.00 110.00 0.62185
-5.00 110.00 0.94082
0.00 110.00 0.99788
5.00 110.00 0.73542
10.00 110.00 0.32603
15.00 110.00 0.50851E-01
20.00 110.00 0.77333E-01
25.00 110.00 0.32678
30.00 110.00 0.54959
35.00 110.00 0.54384
40.00 110.00 0.32530
45.00 110.00 0.10127
50.00 110.00 0.76533E-01
55.00 110.00 0.26778
60.00 110.00 0.48991
65.00 110.00 0.52018
85.00 110.00 -0.33578
-45.00 115.00 0.13716E-01
-40.00 115.00 0.37051E-01
-35.00 115.00 0.88273E-01
-30.00 115.00 0.10304
-25.00 115.00 0.96784E-01
-20.00 115.00 0.16855
-15.00 115.00 0.40236
-10.00 115.00 0.75352
-5.00 115.00 1.0399
0.00 115.00 1.0706
5.00 115.00 0.81137
10.00 115.00 0.43653
15.00 115.00 0.20542
20.00 115.00 0.25831
25.00 115.00 0.50564
30.00 115.00 0.70963
35.00 115.00 0.68920
40.00 115.00 0.47012
45.00 115.00 0.25084
-80.00 120.00 0.32453
-75.00 120.00 0.33914
-70.00 120.00 0.37525
-65.00 120.00 0.40260
-60.00 120.00 0.37062
-55.00 120.00 0.27187
-50.00 120.00 0.16247
-45.00 120.00 0.11493
-40.00 120.00 0.15035
-35.00 120.00 0.22124
-30.00 120.00 0.26650
-25.00 120.00 0.28354
-20.00 120.00 0.33858
-15.00 120.00 0.49490
-10.00 120.00 0.72582
-5.00 120.00 0.90553
0.00 120.00 0.90381
5.00 120.00 0.70749
10.00 120.00 0.45363
15.00 120.00 0.33050
20.00 120.00 0.42327
25.00 120.00 0.63951
30.00 120.00 0.78559
35.00 120.00 0.73218
40.00 120.00 0.52454
45.00 120.00 0.33962
50.00 120.00 0.32704
55.00 120.00 0.47413
60.00 120.00 0.61364
65.00 120.00 0.56650
70.00 120.00 0.29518
75.00 120.00 -0.64213E-01
80.00 120.00 -0.30922
-45.00 125.00 0.16347
-40.00 125.00 0.23582
-35.00 125.00 0.36411
-30.00 125.00 0.47685
-25.00 125.00 0.53326
-20.00 125.00 0.55219
-15.00 125.00 0.57959
-10.00 125.00 0.62961
-5.00 125.00 0.66250
0.00 125.00 0.62602
5.00 125.00 0.52105
10.00 125.00 0.42126
15.00 125.00 0.41729
20.00 125.00 0.53061
25.00 125.00 0.67971
30.00 125.00 0.73968
35.00 125.00 0.65023
40.00 125.00 0.47585
45.00 125.00 0.35772
-65.00 130.00 0.30542
-60.00 130.00 0.28491
-55.00 130.00 0.21619
-50.00 130.00 0.14938
-45.00 130.00 0.15677
-40.00 130.00 0.27560
-35.00 130.00 0.47377
-30.00 130.00 0.66767
-25.00 130.00 0.77746
-20.00 130.00 0.77523
-15.00 130.00 0.69112
-10.00 130.00 0.58059
-5.00 130.00 0.48692
0.00 130.00 0.42900
5.00 130.00 0.41355
10.00 130.00 0.44642
15.00 130.00 0.52390
20.00 130.00 0.61461
25.00 130.00 0.66136
30.00 130.00 0.61723
35.00 130.00 0.49192
40.00 130.00 0.36262
45.00 130.00 0.32578
50.00 130.00 0.41808
55.00 130.00 0.57125
60.00 130.00 0.64715
65.00 130.00 0.53641
-70.00 135.00 0.19694
-45.00 135.00 0.93543E-01
-40.00 135.00 0.24358
-35.00 135.00 0.48752
-30.00 135.00 0.74198
-25.00 135.00 0.90740
-20.00 135.00 0.92368
-15.00 135.00 0.80270
-10.00 135.00 0.61884
-5.00 135.00 0.46607
0.00 135.00 0.40970
5.00 135.00 0.45916
10.00 135.00 0.57136
15.00 135.00 0.67639
20.00 135.00 0.71056
25.00 135.00 0.64453
30.00 135.00 0.49857
35.00 135.00 0.33835
40.00 135.00 0.24675
45.00 135.00 0.27808
70.00 135.00 0.20608
-75.00 140.00 0.11612
-65.00 140.00 0.65036E-01
-60.00 140.00 0.21464E-01
-55.00 140.00 -0.33022E-01
-50.00 140.00 -0.62603E-01
-45.00 140.00 -0.19073E-01
-40.00 140.00 0.12819
-35.00 140.00 0.36610
-30.00 140.00 0.63243
-25.00 140.00 0.83884
-20.00 140.00 0.91444
-15.00 140.00 0.84674
-10.00 140.00 0.69335
-5.00 140.00 0.55278
0.00 140.00 0.50849
5.00 140.00 0.57992
10.00 140.00 0.71170
15.00 140.00 0.80819
20.00 140.00 0.79145
25.00 140.00 0.64723
30.00 140.00 0.43304
35.00 140.00 0.24633
40.00 140.00 0.17233
45.00 140.00 0.23837
50.00 140.00 0.39660
55.00 140.00 0.54397
60.00 140.00 0.57297
65.00 140.00 0.43124
75.00 140.00 -0.13065
-45.00 145.00 -0.15852
-40.00 145.00 -0.47002E-01
-35.00 145.00 0.13214
-30.00 145.00 0.35703
-25.00 145.00 0.57936
-20.00 145.00 0.73699
-15.00 145.00 0.78591
-10.00 145.00 0.73271
-5.00 145.00 0.63943
0.00 145.00 0.58814
5.00 145.00 0.62508
10.00 145.00 0.72505
15.00 145.00 0.80539
20.00 145.00 0.78265
25.00 145.00 0.63223
30.00 145.00 0.40899
35.00 145.00 0.21537
40.00 145.00 0.13978
45.00 145.00 0.20485
-80.00 150.00 0.46530E-01
-70.00 150.00 -0.15875
-65.00 150.00 -0.25104
-60.00 150.00 -0.32089
-55.00 150.00 -0.35001
-50.00 150.00 -0.33463
-45.00 150.00 -0.28841
-40.00 150.00 -0.22280
-35.00 150.00 -0.12698
-30.00 150.00 0.25064E-01
-25.00 150.00 0.24007
-20.00 150.00 0.47656
-15.00 150.00 0.65644
-10.00 150.00 0.71681
-5.00 150.00 0.66122
0.00 150.00 0.56291
5.00 150.00 0.51147
10.00 150.00 0.54367
15.00 150.00 0.61533
20.00 150.00 0.63822
25.00 150.00 0.55249
30.00 150.00 0.37683
35.00 150.00 0.19826
40.00 150.00 0.11154
45.00 150.00 0.15433
50.00 150.00 0.28271
55.00 150.00 0.39909
60.00 150.00 0.41057
65.00 150.00 0.28185
70.00 150.00 0.55200E-01
80.00 150.00 -0.29578
-45.00 155.00 -0.37110
-40.00 155.00 -0.32881
-35.00 155.00 -0.29921
-30.00 155.00 -0.21789
-25.00 155.00 -0.26693E-01
-20.00 155.00 0.25805
-15.00 155.00 0.53297
-10.00 155.00 0.67269
-5.00 155.00 0.62432
0.00 155.00 0.45198
5.00 155.00 0.29055
10.00 155.00 0.24429
15.00 155.00 0.31253
20.00 155.00 0.40102
25.00 155.00 0.40568
30.00 155.00 0.29746
35.00 155.00 0.14178
40.00 155.00 0.42815E-01
45.00 155.00 0.62276E-01
-75.00 160.00 -0.24387
-65.00 160.00 -0.55535
-60.00 160.00 -0.63199
-55.00 160.00 -0.60931
-50.00 160.00 -0.50406
-45.00 160.00 -0.38489
-40.00 160.00 -0.31913
-35.00 160.00 -0.30719
-30.00 160.00 -0.27113
-25.00 160.00 -0.12072
-20.00 160.00 0.15404
-15.00 160.00 0.44866
-10.00 160.00 0.60907
-5.00 160.00 0.54904
0.00 160.00 0.32279
5.00 160.00 0.88683E-01
10.00 160.00 -0.89067E-02
15.00 160.00 0.56400E-01
20.00 160.00 0.18575
25.00 160.00 0.24500
30.00 160.00 0.17363
35.00 160.00 0.25345E-01
40.00 160.00 -0.84697E-01
45.00 160.00 -0.75108E-01
50.00 160.00 0.41586E-01
55.00 160.00 0.17414
60.00 160.00 0.22190
65.00 160.00 0.14246
75.00 160.00 -0.19476
-85.00 165.00 0.62741E-01
-70.00 165.00 -0.52449
-45.00 165.00 -0.33540
-40.00 165.00 -0.19727
-35.00 165.00 -0.14888
-30.00 165.00 -0.13092
-25.00 165.00 -0.47759E-01
-20.00 165.00 0.13838
-15.00 165.00 0.35746
-10.00 165.00 0.47765
-5.00 165.00 0.41375
0.00 165.00 0.20513
5.00 165.00 -0.78277E-02
10.00 165.00 -0.92017E-01
15.00 165.00 -0.24445E-01
20.00 165.00 0.96437E-01
25.00 165.00 0.13785
30.00 165.00 0.42792E-01
35.00 165.00 -0.12744
40.00 165.00 -0.24799
45.00 165.00 -0.23139
70.00 165.00 -0.50820E-01
85.00 165.00 -0.23852
-65.00 170.00 -0.77883
-60.00 170.00 -0.84019
-55.00 170.00 -0.75884
-50.00 170.00 -0.53831
-45.00 170.00 -0.25372
-40.00 170.00 -0.15317E-01
-35.00 170.00 0.10435
-30.00 170.00 0.11827
-25.00 170.00 0.10332
-20.00 170.00 0.12658
-15.00 170.00 0.18631
-10.00 170.00 0.22130
-5.00 170.00 0.17896
0.00 170.00 0.75892E-01
5.00 170.00 -0.89825E-02
10.00 170.00 -0.56040E-02
15.00 170.00 0.76984E-01
20.00 170.00 0.14863
25.00 170.00 0.11104
30.00 170.00 -0.55530E-01
35.00 170.00 -0.26699
40.00 170.00 -0.39447
45.00 170.00 -0.35972
50.00 170.00 -0.19115
55.00 170.00 0.16709E-03
60.00 170.00 0.10011
65.00 170.00 0.64524E-01
-45.00 175.00 -0.18187
-40.00 175.00 0.15098
-35.00 175.00 0.34626
-30.00 175.00 0.35855
-25.00 175.00 0.23221
-20.00 175.00 0.61914E-01
-15.00 175.00 -0.70479E-01
-10.00 175.00 -0.13221
-5.00 175.00 -0.12946
0.00 175.00 -0.75541E-01
5.00 175.00 0.22765E-01
10.00 175.00 0.14797
15.00 175.00 0.25046
20.00 175.00 0.25921
25.00 175.00 0.12973
30.00 175.00 -0.10800
35.00 175.00 -0.34886
40.00 175.00 -0.47136
45.00 175.00 -0.41677
-80.00 180.00 -0.29739
-75.00 180.00 -0.55602
-70.00 180.00 -0.75963
-65.00 180.00 -0.88966
-60.00 180.00 -0.91925
-55.00 180.00 -0.80965
-50.00 180.00 -0.54060
-45.00 180.00 -0.15374
-40.00 180.00 0.23575
-35.00 180.00 0.48366
-30.00 180.00 0.49528
-25.00 180.00 0.28324
-20.00 180.00 -0.37789E-01
-15.00 180.00 -0.31578
-10.00 180.00 -0.43952
-5.00 180.00 -0.38144
0.00 180.00 -0.18922
5.00 180.00 0.52109E-01
10.00 180.00 0.25588
15.00 180.00 0.35364
20.00 180.00 0.30757
25.00 180.00 0.12523
30.00 180.00 -0.13072
35.00 180.00 -0.35690
40.00 180.00 -0.45502
45.00 180.00 -0.38755
50.00 180.00 -0.20386
55.00 180.00 -0.12794E-01
60.00 180.00 0.84131E-01
65.00 180.00 0.53104E-01
70.00 180.00 -0.59336E-01
75.00 180.00 -0.16845
80.00 180.00 -0.21268
-45.00 -175 -0.18101
-40.00 -175 0.20797
-35.00 -175 0.46792
-30.00 -175 0.48211
-25.00 -175 0.24593
-20.00 -175 -0.11743
-15.00 -175 -0.42388
-10.00 -175 -0.53319
-5.00 -175 -0.41983
0.00 -175 -0.16774
5.00 -175 0.94747E-01
10.00 -175 0.26581
15.00 -175 0.30336
20.00 -175 0.21720
25.00 -175 0.47137E-01
30.00 -175 -0.15010
35.00 -175 -0.30748
40.00 -175 -0.36447
45.00 -175 -0.29750
-65.00 -170 -0.89831
-60.00 -170 -0.87816
-55.00 -170 -0.77045
-50.00 -170 -0.55822
-45.00 -170 -0.25007
-40.00 -170 0.79289E-01
-35.00 -170 0.30278
-30.00 -170 0.31615
-25.00 -170 0.12000
-20.00 -170 -0.16350
-15.00 -170 -0.36305
-10.00 -170 -0.36977
-5.00 -170 -0.20278
0.00 -170 0.18458E-01
5.00 -170 0.16669
10.00 -170 0.18743
15.00 -170 0.11052
20.00 -170 0.28776E-03
25.00 -170 -0.99683E-01
30.00 -170 -0.17957
35.00 -170 -0.23706
40.00 -170 -0.25351
45.00 -170 -0.20499
50.00 -170 -0.96567E-01
55.00 -170 0.21543E-01
60.00 -170 0.81757E-01
65.00 -170 0.50994E-01
-70.00 -165 -0.84921
-45.00 -165 -0.33004
-40.00 -165 -0.10412
-35.00 -165 0.36796E-01
-30.00 -165 0.28436E-01
-25.00 -165 -0.10190
-20.00 -165 -0.23554
-15.00 -165 -0.24452
-10.00 -165 -0.93556E-01
-5.00 -165 0.12594
0.00 -165 0.26412
5.00 -165 0.22859
10.00 -165 0.51391E-01
15.00 -165 -0.14627
20.00 -165 -0.25537
25.00 -165 -0.25618
30.00 -165 -0.20964
35.00 -165 -0.18311
40.00 -165 -0.18660
45.00 -165 -0.17710
70.00 -165 -0.36379E-01
-75.00 -160 -0.73337
-65.00 -160 -0.85419
-60.00 -160 -0.76936
-55.00 -160 -0.65379
-50.00 -160 -0.52372
-45.00 -160 -0.38788
-40.00 -160 -0.28013
-35.00 -160 -0.25119
-30.00 -160 -0.31533
-25.00 -160 -0.40701
-20.00 -160 -0.40696
-15.00 -160 -0.23540
-10.00 -160 0.62986E-01
-5.00 -160 0.32668
0.00 -160 0.38770
5.00 -160 0.20111
10.00 -160 -0.11560
15.00 -160 -0.36996
20.00 -160 -0.43782
25.00 -160 -0.34361
30.00 -160 -0.21644
35.00 -160 -0.16931
40.00 -160 -0.21073
45.00 -160 -0.25977
50.00 -160 -0.23739
55.00 -160 -0.14205
60.00 -160 -0.42500E-01
65.00 -160 -0.54428E-02
75.00 -160 -0.83651E-01
-45.00 -155 -0.40460
-40.00 -155 -0.39467
-35.00 -155 -0.47431
-30.00 -155 -0.61729
-25.00 -155 -0.72344
-20.00 -155 -0.66820
-15.00 -155 -0.40444
-10.00 -155 -0.30286E-01
-5.00 -155 0.25299
0.00 -155 0.27911
5.00 -155 0.45132E-01
10.00 -155 -0.28049
15.00 -155 -0.48426
20.00 -155 -0.46771
25.00 -155 -0.30940
30.00 -155 -0.18190
35.00 -155 -0.20066
40.00 -155 -0.33595
45.00 -155 -0.45573
-80.00 -150 -0.51140
-70.00 -150 -0.87817
-65.00 -150 -0.82371
-60.00 -150 -0.69084
-55.00 -150 -0.54892
-50.00 -150 -0.43837
-45.00 -150 -0.38657
-40.00 -150 -0.42535
-35.00 -150 -0.57074
-30.00 -150 -0.77780
-25.00 -150 -0.92894
-20.00 -150 -0.89632
-15.00 -150 -0.64541
-10.00 -150 -0.28893
-5.00 -150 -0.26008E-01
0.00 -150 0.14900E-02
5.00 -150 -0.17934
10.00 -150 -0.39282
15.00 -150 -0.45806
20.00 -150 -0.33701
25.00 -150 -0.16090
30.00 -150 -0.11269
35.00 -150 -0.26817
40.00 -150 -0.53221
45.00 -150 -0.72007
50.00 -150 -0.70658
55.00 -150 -0.51371
60.00 -150 -0.27144
65.00 -150 -0.10214
70.00 -150 -0.38028E-01
80.00 -150 -0.47554E-01
-45.00 -145 -0.36601
-40.00 -145 -0.39551
-35.00 -145 -0.53813
-30.00 -145 -0.75294
-25.00 -145 -0.92764
-20.00 -145 -0.94155
-15.00 -145 -0.76242
-10.00 -145 -0.48925
-5.00 -145 -0.28711
0.00 -145 -0.25654
5.00 -145 -0.34906
10.00 -145 -0.41047
15.00 -145 -0.32230
20.00 -145 -0.11875
25.00 -145 0.28896E-01
30.00 -145 -0.46098E-01
35.00 -145 -0.35795
40.00 -145 -0.74235
45.00 -145 -0.97525
-85.00 -140 -0.15493
-75.00 -140 -0.80534
-65.00 -140 -0.84441
-60.00 -140 -0.72548
-55.00 -140 -0.59481
-50.00 -140 -0.47585
-45.00 -140 -0.38785
-40.00 -140 -0.36745
-35.00 -140 -0.44557
-30.00 -140 -0.59958
-25.00 -140 -0.74021
-20.00 -140 -0.76661
-15.00 -140 -0.65085
-10.00 -140 -0.47100
-5.00 -140 -0.34936
0.00 -140 -0.34247
5.00 -140 -0.38478
10.00 -140 -0.34776
15.00 -140 -0.17022
20.00 -140 0.58665E-01
25.00 -140 0.14929
30.00 -140 -0.36428E-01
35.00 -140 -0.45764
40.00 -140 -0.90404
45.00 -140 -1.1390
50.00 -140 -1.0606
55.00 -140 -0.75252
60.00 -140 -0.39805
65.00 -140 -0.14177
75.00 -140 0.22341E-01
85.00 -140 -0.42079E-01
-70.00 -135 -0.90065
-45.00 -135 -0.48598
-40.00 -135 -0.41076
-35.00 -135 -0.40212
-30.00 -135 -0.45873
-25.00 -135 -0.51976
-20.00 -135 -0.50937
-15.00 -135 -0.40923
-10.00 -135 -0.28477
-5.00 -135 -0.22867
0.00 -135 -0.26789
5.00 -135 -0.32598
10.00 -135 -0.28850
15.00 -135 -0.12091
20.00 -135 0.70970E-01
25.00 -135 0.10597
30.00 -135 -0.12558
35.00 -135 -0.55609
40.00 -135 -0.97081
45.00 -135 -1.1540
70.00 -135 0.13242E-01
-65.00 -130 -0.88762
-60.00 -130 -0.84647
-55.00 -130 -0.80610
-50.00 -130 -0.74960
-45.00 -130 -0.65988
-40.00 -130 -0.55836
-35.00 -130 -0.48931
-30.00 -130 -0.46823
-25.00 -130 -0.45569
-20.00 -130 -0.39321
-15.00 -130 -0.26955
-10.00 -130 -0.14692
-5.00 -130 -0.11059
0.00 -130 -0.18406
5.00 -130 -0.29408
10.00 -130 -0.32961
15.00 -130 -0.24818
20.00 -130 -0.13031
25.00 -130 -0.12280
30.00 -130 -0.31224
35.00 -130 -0.63810
40.00 -130 -0.92450
45.00 -130 -1.0066
50.00 -130 -0.84594
55.00 -130 -0.54234
60.00 -130 -0.24416
65.00 -130 -0.43364E-01
-45.00 -125 -0.86594
-40.00 -125 -0.77670
-35.00 -125 -0.69848
-30.00 -125 -0.65841
-25.00 -125 -0.62648
-20.00 -125 -0.54504
-15.00 -125 -0.39691
-10.00 -125 -0.24076
-5.00 -125 -0.17064
0.00 -125 -0.23220
5.00 -125 -0.37555
10.00 -125 -0.49441
15.00 -125 -0.51903
20.00 -125 -0.47668
25.00 -125 -0.46134
30.00 -125 -0.53972
35.00 -125 -0.68106
40.00 -125 -0.77657
45.00 -125 -0.73032
-80.00 -120 -0.52842
-75.00 -120 -0.76658
-70.00 -120 -0.85706
-65.00 -120 -0.87806
-60.00 -120 -0.91496
-55.00 -120 -0.98486
-50.00 -120 -1.0397
-45.00 -120 -1.0327
-40.00 -120 -0.97455
-35.00 -120 -0.92193
-30.00 -120 -0.91313
-25.00 -120 -0.92056
-20.00 -120 -0.87384
-15.00 -120 -0.73409
-10.00 -120 -0.54599
-5.00 -120 -0.41309
0.00 -120 -0.41471
5.00 -120 -0.54015
10.00 -120 -0.69954
15.00 -120 -0.79893
20.00 -120 -0.80865
25.00 -120 -0.76532
30.00 -120 -0.71493
35.00 -120 -0.65953
40.00 -120 -0.56085
45.00 -120 -0.39213
50.00 -120 -0.18016
55.00 -120 0.83180E-02
60.00 -120 0.12196
65.00 -120 0.16389
70.00 -120 0.17385
75.00 -120 0.17384
80.00 -120 0.13780
-45.00 -115 -1.0955
-40.00 -115 -1.0519
-35.00 -115 -1.0147
-30.00 -115 -1.0383
-25.00 -115 -1.1020
-20.00 -115 -1.1229
-15.00 -115 -1.0339
-10.00 -115 -0.85256
-5.00 -115 -0.67691
0.00 -115 -0.60926
5.00 -115 -0.67734
10.00 -115 -0.81903
15.00 -115 -0.93632
20.00 -115 -0.96389
25.00 -115 -0.89437
30.00 -115 -0.75224
35.00 -115 -0.55781
40.00 -115 -0.32203
45.00 -115 -0.69607E-01
-65.00 -110 -0.76690
-60.00 -110 -0.81891
-55.00 -110 -0.92703
-50.00 -110 -1.0215
-45.00 -110 -1.0315
-40.00 -110 -0.96163
-35.00 -110 -0.89114
-30.00 -110 -0.89762
-25.00 -110 -0.98155
-20.00 -110 -1.0636
-15.00 -110 -1.0564
-10.00 -110 -0.94355
-5.00 -110 -0.79394
0.00 -110 -0.70240
5.00 -110 -0.71364
10.00 -110 -0.79433
15.00 -110 -0.86821
20.00 -110 -0.87269
25.00 -110 -0.78654
30.00 -110 -0.61787
35.00 -110 -0.38266
40.00 -110 -0.10401
45.00 -110 0.17302
50.00 -110 0.38292
55.00 -110 0.47368
60.00 -110 0.44785
65.00 -110 0.36554
-70.00 -105 -0.69323
-45.00 -105 -0.87341
-40.00 -105 -0.74202
-35.00 -105 -0.58791
-30.00 -105 -0.51571
-25.00 -105 -0.56197
-20.00 -105 -0.67311
-15.00 -105 -0.76057
-10.00 -105 -0.77600
-5.00 -105 -0.73868
0.00 -105 -0.69970
5.00 -105 -0.68709
10.00 -105 -0.68541
15.00 -105 -0.66036
20.00 -105 -0.59327
25.00 -105 -0.48753
30.00 -105 -0.34802
35.00 -105 -0.16700
40.00 -105 0.59444E-01
45.00 -105 0.30156
70.00 -105 0.34510
-75.00 -100 -0.60846
-65.00 -100 -0.58286
-60.00 -100 -0.59668
-55.00 -100 -0.67979
-50.00 -100 -0.74563
-45.00 -100 -0.69116
-40.00 -100 -0.49567
-35.00 -100 -0.24535
-30.00 -100 -0.67919E-01
-25.00 -100 -0.40815E-01
-20.00 -100 -0.15062
-15.00 -100 -0.32537
-10.00 -100 -0.49528
-5.00 -100 -0.62404
0.00 -100 -0.69636
5.00 -100 -0.69551
10.00 -100 -0.60720
15.00 -100 -0.44547
20.00 -100 -0.26258
25.00 -100 -0.11829
30.00 -100 -0.30925E-01
35.00 -100 0.39214E-01
40.00 -100 0.15038
45.00 -100 0.31690
50.00 -100 0.48549
55.00 -100 0.57776
60.00 -100 0.56025
65.00 -100 0.47261
75.00 -100 0.31738
-45.00 -95 -0.55015
-40.00 -95 -0.32489
-35.00 -95 -0.15250E-01
-30.00 -95 0.23986
-25.00 -95 0.33294
-20.00 -95 0.24068
-15.00 -95 0.11154E-01
-10.00 -95 -0.27977
-5.00 -95 -0.55550
0.00 -95 -0.74054
5.00 -95 -0.76699
10.00 -95 -0.60753
15.00 -95 -0.31271
20.00 -95 -0.43312E-02
25.00 -95 0.19237
30.00 -95 0.23369
35.00 -95 0.18622
40.00 -95 0.16793
45.00 -95 0.24873
-80.00 -90 -0.37357
-70.00 -90 -0.48827
-65.00 -90 -0.40145
-60.00 -90 -0.37466
-55.00 -90 -0.44000
-50.00 -90 -0.51332
-45.00 -90 -0.47249
-40.00 -90 -0.26631
-35.00 -90 0.39910E-01
-30.00 -90 0.31188
-25.00 -90 0.43502
-20.00 -90 0.36964
-15.00 -90 0.14541
-10.00 -90 -0.17218
-5.00 -90 -0.50036
0.00 -90 -0.73970
5.00 -90 -0.79100
10.00 -90 -0.60717
15.00 -90 -0.24649
20.00 -90 0.13347
25.00 -90 0.36300
30.00 -90 0.37298
35.00 -90 0.24097
40.00 -90 0.12579
45.00 -90 0.14202
50.00 -90 0.27980
55.00 -90 0.43417
60.00 -90 0.50772
65.00 -90 0.48635
70.00 -90 0.42181
80.00 -90 0.25327
-85.00 -85 -0.67053E-01
-45.00 -85 -0.42530
-40.00 -85 -0.26916
-35.00 -85 -0.15255E-01
-30.00 -85 0.21963
-25.00 -85 0.33844
-20.00 -85 0.31199
-15.00 -85 0.16515
-10.00 -85 -0.59798E-01
-5.00 -85 -0.31382
0.00 -85 -0.52473
5.00 -85 -0.59854
10.00 -85 -0.46932
15.00 -85 -0.16659
20.00 -85 0.17132
25.00 -85 0.37433
30.00 -85 0.36024
35.00 -85 0.19691
40.00 -85 0.47701E-01
45.00 -85 0.42267E-01
85.00 -85 0.78550E-01
-75.00 -80 -0.42547
-65.00 -80 -0.27235
-60.00 -80 -0.21087
-55.00 -80 -0.25155
-50.00 -80 -0.33226
-45.00 -80 -0.34383
-40.00 -80 -0.23187
-35.00 -80 -0.40024E-01
-30.00 -80 0.13693
-25.00 -80 0.23465
-20.00 -80 0.25508
-15.00 -80 0.23309
-10.00 -80 0.18411
-5.00 -80 0.96424E-01
0.00 -80 -0.26598E-01
5.00 -80 -0.13139
10.00 -80 -0.14041
15.00 -80 -0.25467E-01
20.00 -80 0.14628
25.00 -80 0.25218
30.00 -80 0.21537
35.00 -80 0.76258E-01
40.00 -80 -0.36869E-01
45.00 -80 -0.15816E-01
50.00 -80 0.13851
55.00 -80 0.32598
60.00 -80 0.44064
65.00 -80 0.45364
75.00 -80 0.34719
-70.00 -75 -0.34890
-45.00 -75 -0.17436
-40.00 -75 -0.71741E-01
-35.00 -75 0.81422E-01
-30.00 -75 0.20811
-25.00 -75 0.27755
-20.00 -75 0.32946
-15.00 -75 0.41919
-10.00 -75 0.54425
-5.00 -75 0.63226
0.00 -75 0.60599
5.00 -75 0.46040
10.00 -75 0.27283
15.00 -75 0.13504
20.00 -75 0.75175E-01
25.00 -75 0.47306E-01
30.00 -75 -0.40982E-02
35.00 -75 -0.74254E-01
40.00 -75 -0.96995E-01
45.00 -75 -0.14156E-01
70.00 -75 0.38134
-65.00 -70 -0.19253
-60.00 -70 -0.69970E-01
-55.00 -70 -0.84512E-02
-50.00 -70 0.22229E-01
-45.00 -70 0.90020E-01
-40.00 -70 0.21908
-35.00 -70 0.36129
-30.00 -70 0.44996
-25.00 -70 0.47804
-20.00 -70 0.51552
-15.00 -70 0.64117
-10.00 -70 0.85248
-5.00 -70 1.0436
0.00 -70 1.0794
5.00 -70 0.90099
10.00 -70 0.57139
15.00 -70 0.22360
20.00 -70 -0.34187E-01
25.00 -70 -0.17235
30.00 -70 -0.21745
35.00 -70 -0.19538
40.00 -70 -0.10657
45.00 -70 0.46973E-01
50.00 -70 0.22602
55.00 -70 0.36237
60.00 -70 0.41008
65.00 -70 0.38392
-45.00 -65 0.40232
-40.00 -65 0.56687
-35.00 -65 0.70350
-30.00 -65 0.75360
-25.00 -65 0.72225
-20.00 -65 0.69293
-15.00 -65 0.76044
-10.00 -65 0.93803
-5.00 -65 1.1255
0.00 -65 1.1737
5.00 -65 0.99371
10.00 -65 0.62237
15.00 -65 0.19367
20.00 -65 -0.14958
25.00 -65 -0.32954
30.00 -65 -0.34496
35.00 -65 -0.23655
40.00 -65 -0.54025E-01
45.00 -65 0.14973
-80.00 -60 -0.15044
-75.00 -60 -0.28328
-70.00 -60 -0.27844
-65.00 -60 -0.14011
-60.00 -60 0.69004E-01
-55.00 -60 0.28670
-50.00 -60 0.49072
-45.00 -60 0.68535
-40.00 -60 0.85932
-35.00 -60 0.96902
-30.00 -60 0.97218
-25.00 -60 0.87987
-20.00 -60 0.76882
-15.00 -60 0.73044
-10.00 -60 0.79487
-5.00 -60 0.89697
0.00 -60 0.91788
5.00 -60 0.77086
10.00 -60 0.46391
15.00 -60 0.94445E-01
20.00 -60 -0.21142
25.00 -60 -0.36452
30.00 -60 -0.34246
35.00 -60 -0.18135
40.00 -60 0.47830E-01
45.00 -60 0.26182
50.00 -60 0.38917
55.00 -60 0.39950
60.00 -60 0.32268
65.00 -60 0.23232
70.00 -60 0.19020
75.00 -60 0.19283
80.00 -60 0.16780
-45.00 -55 0.86980
-40.00 -55 1.0072
-35.00 -55 1.0604
-30.00 -55 1.0198
-25.00 -55 0.90280
-20.00 -55 0.75951
-15.00 -55 0.64933
-10.00 -55 0.60144
-5.00 -55 0.59247
0.00 -55 0.56185
5.00 -55 0.45470
10.00 -55 0.26086
15.00 -55 0.24476E-01
20.00 -55 -0.17811
25.00 -55 -0.27497
30.00 -55 -0.23066
35.00 -55 -0.62979E-01
40.00 -55 0.15979
45.00 -55 0.34379
-65.00 -50 -0.10802
-60.00 -50 0.16105
-55.00 -50 0.47924
-50.00 -50 0.75264
-45.00 -50 0.92343
-40.00 -50 0.98543
-35.00 -50 0.96886
-30.00 -50 0.91173
-25.00 -50 0.83870
-20.00 -50 0.75710
-15.00 -50 0.66608
-10.00 -50 0.56701
-5.00 -50 0.46591
0.00 -50 0.36725
5.00 -50 0.26735
10.00 -50 0.15697
15.00 -50 0.35108E-01
20.00 -50 -0.76248E-01
25.00 -50 -0.13286
30.00 -50 -0.92895E-01
35.00 -50 0.46537E-01
40.00 -50 0.22941
45.00 -50 0.36151
50.00 -50 0.36726
55.00 -50 0.24489
60.00 -50 0.74610E-01
65.00 -50 -0.35335E-01
-70.00 -45 -0.22254
-45.00 -45 0.85697
-40.00 -45 0.83301
-35.00 -45 0.76183
-30.00 -45 0.73046
-25.00 -45 0.76650
-20.00 -45 0.82505
-15.00 -45 0.83156
-10.00 -45 0.74341
-5.00 -45 0.58062
0.00 -45 0.40392
5.00 -45 0.26363
10.00 -45 0.16602
15.00 -45 0.85428E-01
20.00 -45 0.66627E-02
25.00 -45 -0.46554E-01
30.00 -45 -0.28982E-01
35.00 -45 0.75391E-01
40.00 -45 0.21723
45.00 -45 0.30103
70.00 -45 -0.15678
-75.00 -40 -0.13384
-65.00 -40 -0.99994E-01
-60.00 -40 0.15443
-55.00 -40 0.45687
-50.00 -40 0.66730
-45.00 -40 0.70800
-40.00 -40 0.61952
-35.00 -40 0.53023
-30.00 -40 0.55878
-25.00 -40 0.72333
-20.00 -40 0.92820
-15.00 -40 1.0374
-10.00 -40 0.97479
-5.00 -40 0.77154
0.00 -40 0.52845
5.00 -40 0.33256
10.00 -40 0.20178
15.00 -40 0.99997E-01
20.00 -40 -0.14691E-02
25.00 -40 -0.81224E-01
30.00 -40 -0.87456E-01
35.00 -40 -0.92178E-03
40.00 -40 0.12257
45.00 -40 0.17844
50.00 -40 0.93780E-01
55.00 -40 -0.10554
60.00 -40 -0.30305
65.00 -40 -0.37513
75.00 -40 -0.11353
-45.00 -35 0.51693
-40.00 -35 0.40447
-35.00 -35 0.33698
-30.00 -35 0.43325
-25.00 -35 0.68571
-20.00 -35 0.96154
-15.00 -35 1.1007
-10.00 -35 1.0308
-5.00 -35 0.80647
0.00 -35 0.54945
5.00 -35 0.34814
10.00 -35 0.20528
15.00 -35 0.71741E-01
20.00 -35 -0.76539E-01
25.00 -35 -0.19841
30.00 -35 -0.22487
35.00 -35 -0.13755
40.00 -35 -0.96784E-02
45.00 -35 0.37013E-01
-85.00 -30 0.21325
-80.00 -30 0.11226
-70.00 -30 -0.14059
-65.00 -30 -0.11029
-60.00 -30 0.50657E-01
-55.00 -30 0.24366
-50.00 -30 0.34552
-45.00 -30 0.31039
-40.00 -30 0.21412
-35.00 -30 0.19632
-30.00 -30 0.34302
-25.00 -30 0.60867
-20.00 -30 0.84561
-15.00 -30 0.91779
-10.00 -30 0.80233
-5.00 -30 0.59405
0.00 -30 0.41444
5.00 -30 0.30994
10.00 -30 0.22966
15.00 -30 0.96912E-01
20.00 -30 -0.97947E-01
25.00 -30 -0.27396
30.00 -30 -0.32987
35.00 -30 -0.24400
40.00 -30 -0.10994
45.00 -30 -0.70083E-01
50.00 -30 -0.20017
55.00 -30 -0.44240
60.00 -30 -0.64425
65.00 -30 -0.67208
70.00 -30 -0.50900
80.00 -30 -0.83578E-01
85.00 -30 -0.57837E-01
-45.00 -25 0.99842E-01
-40.00 -25 0.44763E-01
-35.00 -25 0.87040E-01
-30.00 -25 0.25939
-25.00 -25 0.47628
-20.00 -25 0.59816
-15.00 -25 0.55009
-10.00 -25 0.38864
-5.00 -25 0.25379
0.00 -25 0.24541
5.00 -25 0.33402
10.00 -25 0.38726
15.00 -25 0.29008
20.00 -25 0.52308E-01
25.00 -25 -0.19326
30.00 -25 -0.30210
35.00 -25 -0.24206
40.00 -25 -0.12260
45.00 -25 -0.10411
-75.00 -20 0.68881E-01
-65.00 -20 -0.11760
-60.00 -20 -0.93838E-01
-55.00 -20 -0.54417E-01
-50.00 -20 -0.61629E-01
-45.00 -20 -0.10793
-40.00 -20 -0.11631
-35.00 -20 -0.17763E-01
-30.00 -20 0.16549
-25.00 -20 0.31726
-20.00 -20 0.32155
-15.00 -20 0.17501
-10.00 -20 0.10999E-01
-5.00 -20 0.31723E-03
0.00 -20 0.20501
5.00 -20 0.51173
10.00 -20 0.70917
15.00 -20 0.65099
20.00 -20 0.37005
25.00 -20 0.48755E-01
30.00 -20 -0.12866
35.00 -20 -0.11828
40.00 -20 -0.38218E-01
45.00 -20 -0.58743E-01
50.00 -20 -0.25729
55.00 -20 -0.55627
60.00 -20 -0.78619
65.00 -20 -0.81463
75.00 -20 -0.37109
-70.00 -15 -0.17423E-01
-45.00 -15 -0.29885
-40.00 -15 -0.26878
-35.00 -15 -0.12575
-30.00 -15 0.67422E-01
-25.00 -15 0.18061
-20.00 -15 0.12582
-15.00 -15 -0.45931E-01
-10.00 -15 -0.15745
-5.00 -15 -0.36138E-01
0.00 -15 0.33720
5.00 -15 0.78901
10.00 -15 1.0662
15.00 -15 1.0179
20.00 -15 0.70164
25.00 -15 0.32979
30.00 -15 0.10331
35.00 -15 0.67865E-01
40.00 -15 0.10257
45.00 -15 0.39012E-01
70.00 -15 -0.65566
-65.00 -10 -0.99830E-01
-60.00 -10 -0.20251
-55.00 -10 -0.30064
-50.00 -10 -0.39737
-45.00 -10 -0.44776
-40.00 -10 -0.39035
-35.00 -10 -0.21711
-30.00 -10 -0.10730E-01
-25.00 -10 0.10268
-20.00 -10 0.60056E-01
-15.00 -10 -0.64384E-01
-10.00 -10 -0.95051E-01
-5.00 -10 0.11155
0.00 -10 0.53876
5.00 -10 0.99720
10.00 -10 1.2484
15.00 -10 1.1726
20.00 -10 0.84897
25.00 -10 0.48772
30.00 -10 0.27042
35.00 -10 0.22642
40.00 -10 0.23588
45.00 -10 0.14527
50.00 -10 -0.10429
55.00 -10 -0.43420
60.00 -10 -0.69249
65.00 -10 -0.76428
-45.00 -5 -0.52650
-40.00 -5 -0.44557
-35.00 -5 -0.25391
-30.00 -5 -0.37627E-01
-25.00 -5 0.95640E-01
-20.00 -5 0.10453
-15.00 -5 0.60295E-01
-10.00 -5 0.10100
-5.00 -5 0.31991
0.00 -5 0.67670
5.00 -5 1.0090
10.00 -5 1.1429
15.00 -5 1.0172
20.00 -5 0.72608
25.00 -5 0.44525
30.00 -5 0.30336
35.00 -5 0.29755
40.00 -5 0.31297
45.00 -5 0.22253
90.00 0.00 -0.15929
-90.00 0.00 0.21944
