-85.00 0.00 0.98174E-01
-80.00 0.00 0.23547E-01
-75.00 0.00 -0.11775
-70.00 0.00 -0.25814
-65.00 0.00 -0.32191
-60.00 0.00 -0.28166
-55.00 0.00 -0.17378
-50.00 0.00 -0.60257E-01
-45.00 0.00 0.22218E-01
-40.00 0.00 0.78290E-01
-35.00 0.00 0.12525
-30.00 0.00 0.15583
-25.00 0.00 0.13604
-20.00 0.00 0.43441E-01
-15.00 0.00 -0.93919E-01
-10.00 0.00 -0.20280
-5.00 0.00 -0.21765
0.00 0.00 -0.13576
5.00 0.00 -0.22775E-01
10.00 0.00 0.40362E-01
15.00 0.00 0.23497E-01
20.00 0.00 -0.31815E-01
25.00 0.00 -0.54215E-01
30.00 0.00 -0.80662E-02
35.00 0.00 0.76581E-01
40.00 0.00 0.13431
45.00 0.00 0.12408
50.00 0.00 0.62684E-01
55.00 0.00 0.39866E-02
60.00 0.00 -0.12731E-01
65.00 0.00 0.50685E-02
70.00 0.00 0.18859E-01
75.00 0.00 0.35216E-02
80.00 0.00 -0.23187E-01
85.00 0.00 -0.17376E-01
-45.00 5.00 0.42752E-01
-40.00 5.00 0.82279E-01
-35.00 5.00 0.10986
-30.00 5.00 0.13214
-25.00 5.00 0.12188
-20.00 5.00 0.51031E-01
-15.00 5.00 -0.65672E-01
-10.00 5.00 -0.16574
-5.00 5.00 -0.18464
0.00 5.00 -0.11248
5.00 5.00 -0.67839E-02
10.00 5.00 0.54597E-01
15.00 5.00 0.40119E-01
20.00 5.00 -0.97619E-02
25.00 5.00 -0.21900E-01
30.00 5.00 0.40894E-01
35.00 5.00 0.14441
40.00 5.00 0.21246
45.00 5.00 0.19342
-65.00 10.00 -0.31967
-60.00 10.00 -0.26933
-55.00 10.00 -0.14351
-50.00 10.00 -0.21214E-01
-45.00 10.00 0.44839E-01
-40.00 10.00 0.59564E-01
-35.00 10.00 0.60763E-01
-30.00 10.00 0.68999E-01
-25.00 10.00 0.64943E-01
-20.00 10.00 0.16140E-01
-15.00 10.00 -0.76909E-01
-10.00 10.00 -0.16623
-5.00 10.00 -0.19287
0.00 10.00 -0.14125
5.00 10.00 -0.57081E-01
10.00 10.00 -0.76316E-02
15.00 10.00 -0.19215E-01
20.00 10.00 -0.51162E-01
25.00 10.00 -0.33437E-01
30.00 10.00 0.64859E-01
35.00 10.00 0.19946
40.00 10.00 0.28247
45.00 10.00 0.25484
50.00 10.00 0.13570
55.00 10.00 0.53267E-02
60.00 10.00 -0.61400E-01
65.00 10.00 -0.51232E-01
-70.00 15.00 -0.23362
-45.00 15.00 0.15516E-01
-40.00 15.00 -0.47501E-02
-35.00 15.00 -0.39263E-01
-30.00 15.00 -0.54043E-01
-25.00 15.00 -0.58959E-01
-20.00 15.00 -0.88443E-01
-15.00 15.00 -0.15564
-10.00 15.00 -0.22971
-5.00 15.00 -0.26127
0.00 15.00 -0.23058
5.00 15.00 -0.16854
10.00 15.00 -0.12628
15.00 15.00 -0.12169
20.00 15.00 -0.11670
25.00 15.00 -0.52142E-01
30.00 15.00 0.89092E-01
35.00 15.00 0.25093
40.00 15.00 0.33888
45.00 15.00 0.29465
70.00 15.00 -0.25065E-01
-75.00 20.00 -0.63902E-01
-65.00 20.00 -0.27199
-60.00 20.00 -0.23381
-55.00 20.00 -0.13244
-50.00 20.00 -0.50371E-01
-45.00 20.00 -0.44199E-01
-40.00 20.00 -0.10580
-35.00 20.00 -0.18090
-30.00 20.00 -0.22295
-25.00 20.00 -0.23073
-20.00 20.00 -0.23790
-15.00 20.00 -0.27061
-10.00 20.00 -0.31836
-5.00 20.00 -0.34621
0.00 20.00 -0.33258
5.00 20.00 -0.29078
10.00 20.00 -0.25033
15.00 20.00 -0.21797
20.00 20.00 -0.16202
25.00 20.00 -0.42834E-01
30.00 20.00 0.13608
35.00 20.00 0.30759
40.00 20.00 0.37935
45.00 20.00 0.30469
50.00 20.00 0.12566
55.00 20.00 -0.52479E-01
60.00 20.00 -0.13713
65.00 20.00 -0.11222
75.00 20.00 0.12079E-01
-45.00 25.00 -0.11950
-40.00 25.00 -0.21954
-35.00 25.00 -0.32960
-30.00 25.00 -0.39231
-25.00 25.00 -0.39466
-20.00 25.00 -0.36761
-15.00 25.00 -0.35055
-10.00 25.00 -0.35743
-5.00 25.00 -0.37351
0.00 25.00 -0.37809
5.00 25.00 -0.36373
10.00 25.00 -0.33154
15.00 25.00 -0.27246
20.00 25.00 -0.16325
25.00 25.00 0.88506E-02
30.00 25.00 0.21324
35.00 25.00 0.37249
40.00 25.00 0.40486
45.00 25.00 0.28579
-80.00 30.00 0.10031
-70.00 30.00 -0.12414
-65.00 30.00 -0.19491
-60.00 30.00 -0.18978
-55.00 30.00 -0.14464
-50.00 30.00 -0.12882
-45.00 30.00 -0.18971
-40.00 30.00 -0.31546
-35.00 30.00 -0.44465
-30.00 30.00 -0.51241
-25.00 30.00 -0.49503
-20.00 30.00 -0.42004
-15.00 30.00 -0.34013
-10.00 30.00 -0.29655
-5.00 30.00 -0.29935
0.00 30.00 -0.33104
5.00 30.00 -0.36073
10.00 30.00 -0.35443
15.00 30.00 -0.28147
20.00 30.00 -0.12645
25.00 30.00 0.91908E-01
30.00 30.00 0.31076
35.00 30.00 0.44184
40.00 30.00 0.41930
45.00 30.00 0.24773
50.00 30.00 0.10840E-01
55.00 30.00 -0.17416
60.00 30.00 -0.22916
65.00 30.00 -0.16184
70.00 30.00 -0.50385E-01
80.00 30.00 0.30421E-01
-45.00 35.00 -0.23862
-40.00 35.00 -0.37238
-35.00 35.00 -0.50118
-30.00 35.00 -0.55784
-25.00 35.00 -0.51105
-20.00 35.00 -0.38464
-15.00 35.00 -0.24233
-10.00 35.00 -0.15111
-5.00 35.00 -0.14615
0.00 35.00 -0.21463
5.00 35.00 -0.30236
10.00 35.00 -0.33800
15.00 35.00 -0.26583
20.00 35.00 -0.75997E-01
25.00 35.00 0.18111
30.00 35.00 0.40880
35.00 35.00 0.50726
40.00 35.00 0.42771
45.00 35.00 0.20557
-75.00 40.00 0.65895E-01
-65.00 40.00 -0.10006
-60.00 40.00 -0.13049
-55.00 40.00 -0.14098
-50.00 40.00 -0.17484
-45.00 40.00 -0.26098
-40.00 40.00 -0.38671
-35.00 40.00 -0.49931
-30.00 40.00 -0.53562
-25.00 40.00 -0.46155
-20.00 40.00 -0.29704
-15.00 40.00 -0.11110
-10.00 40.00 0.11708E-01
-5.00 40.00 0.16552E-01
0.00 40.00 -0.88687E-01
5.00 40.00 -0.23182
10.00 40.00 -0.31033
15.00 40.00 -0.24612
20.00 40.00 -0.32559E-01
25.00 40.00 0.25377
30.00 40.00 0.48730
35.00 40.00 0.55831
40.00 40.00 0.43302
45.00 40.00 0.17331
50.00 40.00 -0.97093E-01
55.00 40.00 -0.26129
60.00 40.00 -0.27133
65.00 40.00 -0.16628
75.00 40.00 0.40072E-01
-70.00 45.00 0.20001E-01
-45.00 45.00 -0.26177
-40.00 45.00 -0.36917
-35.00 45.00 -0.45609
-30.00 45.00 -0.46978
-25.00 45.00 -0.37955
-20.00 45.00 -0.20212
-15.00 45.00 -0.39392E-02
-10.00 45.00 0.12638
-5.00 45.00 0.12559
0.00 45.00 -0.22119E-02
5.00 45.00 -0.17714
10.00 45.00 -0.28083
15.00 45.00 -0.22302
20.00 45.00 0.10312E-02
25.00 45.00 0.29977
30.00 45.00 0.53174
35.00 45.00 0.58354
40.00 45.00 0.43272
45.00 45.00 0.15773
70.00 45.00 -0.18426E-01
-65.00 50.00 -0.19770E-02
-60.00 50.00 -0.57302E-01
-55.00 50.00 -0.10800
-50.00 50.00 -0.17003
-45.00 50.00 -0.25007
-40.00 50.00 -0.33423
-35.00 50.00 -0.38969
-30.00 50.00 -0.37918
-25.00 50.00 -0.28278
-20.00 50.00 -0.11715
-15.00 50.00 0.60533E-01
-10.00 50.00 0.17299
-5.00 50.00 0.16347
0.00 50.00 0.35802E-01
5.00 50.00 -0.13475
10.00 50.00 -0.23504
15.00 50.00 -0.17866
20.00 50.00 0.36963E-01
25.00 50.00 0.32039
30.00 50.00 0.53383
35.00 50.00 0.57124
40.00 50.00 0.41803
45.00 50.00 0.15558
50.00 50.00 -0.89707E-01
55.00 50.00 -0.21845
60.00 50.00 -0.20654
65.00 50.00 -0.10445
-85.00 55.00 0.15975
-45.00 55.00 -0.23226
-40.00 55.00 -0.29113
-35.00 55.00 -0.30957
-30.00 55.00 -0.26886
-25.00 55.00 -0.16756
-20.00 55.00 -0.28403E-01
-15.00 55.00 0.10357
-10.00 55.00 0.17563
-5.00 55.00 0.15338
0.00 55.00 0.46508E-01
5.00 55.00 -0.84469E-01
10.00 55.00 -0.15291
15.00 55.00 -0.94432E-01
20.00 55.00 0.89158E-01
25.00 55.00 0.32180
30.00 55.00 0.49131
35.00 55.00 0.51286
40.00 55.00 0.37767
45.00 55.00 0.15587
85.00 55.00 0.43495E-01
-80.00 60.00 0.19531
-75.00 60.00 0.18328
-70.00 60.00 0.13970
-65.00 60.00 0.81044E-01
-60.00 60.00 0.14926E-01
-55.00 60.00 -0.59578E-01
-50.00 60.00 -0.13956
-45.00 60.00 -0.20881
-40.00 60.00 -0.24181
-35.00 60.00 -0.21885
-30.00 60.00 -0.14026
-25.00 60.00 -0.29043E-01
-20.00 60.00 0.78997E-01
-15.00 60.00 0.15008
-10.00 60.00 0.16463
-5.00 60.00 0.12376
0.00 60.00 0.50521E-01
5.00 60.00 -0.15026E-01
10.00 60.00 -0.29369E-01
15.00 60.00 0.33604E-01
20.00 60.00 0.16377
25.00 60.00 0.31193
30.00 60.00 0.41048
35.00 60.00 0.40929
40.00 60.00 0.30542
45.00 60.00 0.14644
50.00 60.00 0.35784E-02
55.00 60.00 -0.68312E-01
60.00 60.00 -0.58514E-01
65.00 60.00 0.48279E-03
70.00 60.00 0.59211E-01
75.00 60.00 0.82737E-01
80.00 60.00 0.70010E-01
-45.00 65.00 -0.17555
-40.00 65.00 -0.18490
-35.00 65.00 -0.12321
-30.00 65.00 -0.74139E-02
-25.00 65.00 0.11421
-20.00 65.00 0.18940
-15.00 65.00 0.19375
-10.00 65.00 0.14365
-5.00 65.00 0.82339E-01
0.00 65.00 0.51148E-01
5.00 65.00 0.67654E-01
10.00 65.00 0.12307
15.00 65.00 0.19476
20.00 65.00 0.26010
25.00 65.00 0.30228
30.00 65.00 0.30966
35.00 65.00 0.27636
40.00 65.00 0.20714
45.00 65.00 0.12135
-65.00 70.00 0.13513
-60.00 70.00 0.74720E-01
-55.00 70.00 0.24637E-02
-50.00 70.00 -0.74077E-01
-45.00 70.00 -0.12752
-40.00 70.00 -0.12048
-35.00 70.00 -0.35573E-01
-30.00 70.00 0.99421E-01
-25.00 70.00 0.21804
-20.00 70.00 0.25604
-15.00 70.00 0.19829
-10.00 70.00 0.93774E-01
-5.00 70.00 0.23889E-01
0.00 70.00 0.45937E-01
5.00 70.00 0.15433
10.00 70.00 0.28759
15.00 70.00 0.37328
20.00 70.00 0.37490
25.00 70.00 0.30758
30.00 70.00 0.21692
35.00 70.00 0.14361
40.00 70.00 0.10221
45.00 70.00 0.84848E-01
50.00 70.00 0.78463E-01
55.00 70.00 0.77203E-01
60.00 70.00 0.81374E-01
65.00 70.00 0.89516E-01
-70.00 75.00 0.19418
-45.00 75.00 -0.62470E-01
-40.00 75.00 -0.51193E-01
-35.00 75.00 0.29286E-01
-30.00 75.00 0.14909
-25.00 75.00 0.23872
-20.00 75.00 0.23481
-15.00 75.00 0.13374
-10.00 75.00 0.68920E-02
-5.00 75.00 -0.42392E-01
0.00 75.00 0.47424E-01
5.00 75.00 0.24718
10.00 75.00 0.45220
15.00 75.00 0.55142
20.00 75.00 0.49894
25.00 75.00 0.33697
30.00 75.00 0.15858
35.00 75.00 0.43856E-01
40.00 75.00 0.17175E-01
45.00 75.00 0.49768E-01
70.00 75.00 0.97847E-01
-75.00 80.00 0.22452
-65.00 80.00 0.15673
-60.00 80.00 0.11768
-55.00 80.00 0.81567E-01
-50.00 80.00 0.45111E-01
-45.00 80.00 0.17309E-01
-40.00 80.00 0.20041E-01
-35.00 80.00 0.65749E-01
-30.00 80.00 0.13254
-25.00 80.00 0.16708
-20.00 80.00 0.12388
-15.00 80.00 0.12967E-01
-10.00 80.00 -0.88470E-01
-5.00 80.00 -0.80843E-01
0.00 80.00 0.83505E-01
5.00 80.00 0.35355
10.00 80.00 0.60122
15.00 80.00 0.70030
20.00 80.00 0.60640
25.00 80.00 0.38073
30.00 80.00 0.14404
35.00 80.00 -0.13989E-02
40.00 80.00 -0.25502E-01
45.00 80.00 0.31286E-01
50.00 80.00 0.10190
55.00 80.00 0.13962
60.00 80.00 0.13685
65.00 80.00 0.11289
75.00 80.00 0.77189E-01
-45.00 85.00 0.10475
-40.00 85.00 0.91904E-01
-35.00 85.00 0.83510E-01
-30.00 85.00 0.73865E-01
-25.00 85.00 0.42160E-01
-20.00 85.00 -0.25521E-01
-15.00 85.00 -0.10676
-10.00 85.00 -0.13811
-5.00 85.00 -0.51163E-01
0.00 85.00 0.17116
5.00 85.00 0.46297
10.00 85.00 0.70050
15.00 85.00 0.77319
20.00 85.00 0.65210
25.00 85.00 0.40668
30.00 85.00 0.15873
35.00 85.00 0.82792E-02
40.00 85.00 -0.17101E-01
45.00 85.00 0.39713E-01
-80.00 90.00 0.21367
-70.00 90.00 0.19013
-65.00 90.00 0.15288
-60.00 90.00 0.13743
-55.00 90.00 0.15190
-50.00 90.00 0.17847
-45.00 90.00 0.18856
-40.00 90.00 0.16319
-35.00 90.00 0.10215
-30.00 90.00 0.18821E-01
-25.00 90.00 -0.68503E-01
-20.00 90.00 -0.13806
-15.00 90.00 -0.16062
-10.00 90.00 -0.10286
-5.00 90.00 0.53941E-01
0.00 90.00 0.28927
5.00 90.00 0.53545
10.00 90.00 0.70168
15.00 90.00 0.72118
20.00 90.00 0.59120
25.00 90.00 0.37675
30.00 90.00 0.17348
35.00 90.00 0.54261E-01
40.00 90.00 0.34483E-01
45.00 90.00 0.75998E-01
50.00 90.00 0.12145
55.00 90.00 0.13231
60.00 90.00 0.10638
65.00 90.00 0.68342E-01
70.00 90.00 0.45757E-01
80.00 90.00 0.63661E-01
-45.00 95.00 0.25447
-40.00 95.00 0.22872
-35.00 95.00 0.13706
-30.00 95.00 0.76978E-02
-25.00 95.00 -0.10839
-20.00 95.00 -0.16104
-15.00 95.00 -0.12166
-10.00 95.00 0.68881E-02
-5.00 95.00 0.19201
0.00 95.00 0.38215
5.00 95.00 0.52297
10.00 95.00 0.57563
15.00 95.00 0.53131
20.00 95.00 0.41527
25.00 95.00 0.27637
30.00 95.00 0.16505
35.00 95.00 0.11051
40.00 95.00 0.10922
45.00 95.00 0.13157
-75.00 100.00 0.20945
-65.00 100.00 0.14064
-60.00 100.00 0.13115
-55.00 100.00 0.16855
-50.00 100.00 0.23615
-45.00 100.00 0.28799
-40.00 100.00 0.27678
-35.00 100.00 0.18714
-30.00 100.00 0.51622E-01
-25.00 100.00 -0.63302E-01
-20.00 100.00 -0.94249E-01
-15.00 100.00 -0.18200E-01
-10.00 100.00 0.13370
-5.00 100.00 0.29418
0.00 100.00 0.39738
5.00 100.00 0.41201
10.00 100.00 0.35131
15.00 100.00 0.25773
20.00 100.00 0.17619
25.00 100.00 0.13329
30.00 100.00 0.13149
35.00 100.00 0.15551
40.00 100.00 0.18269
45.00 100.00 0.19158
50.00 100.00 0.16889
55.00 100.00 0.11556
60.00 100.00 0.49421E-01
65.00 100.00 -0.10359E-02
75.00 100.00 0.15325E-01
-70.00 105.00 0.17719
-45.00 105.00 0.27885
-40.00 105.00 0.29190
-35.00 105.00 0.23375
-30.00 105.00 0.12831
-25.00 105.00 0.36106E-01
-20.00 105.00 0.16944E-01
-15.00 105.00 0.88608E-01
-10.00 105.00 0.21133
-5.00 105.00 0.31110
0.00 105.00 0.32674
5.00 105.00 0.24817
10.00 105.00 0.11997
15.00 105.00 0.10337E-01
20.00 105.00 -0.30607E-01
25.00 105.00 0.51626E-02
30.00 105.00 0.88415E-01
35.00 105.00 0.17587
40.00 105.00 0.23220
45.00 105.00 0.23950
70.00 105.00 -0.36952E-01
-85.00 110.00 0.15204
-65.00 110.00 0.14387
-60.00 110.00 0.11793
-55.00 110.00 0.12476
-50.00 110.00 0.16793
-45.00 110.00 0.22586
-40.00 110.00 0.26262
-35.00 110.00 0.25197
-30.00 110.00 0.19868
-25.00 110.00 0.13898
-20.00 110.00 0.11617
-15.00 110.00 0.14747
-10.00 110.00 0.20767
-5.00 110.00 0.24404
0.00 110.00 0.21336
5.00 110.00 0.11365
10.00 110.00 -0.12566E-01
15.00 110.00 -0.10511
20.00 110.00 -0.12215
25.00 110.00 -0.60670E-01
30.00 110.00 0.48536E-01
35.00 110.00 0.16143
40.00 110.00 0.23999
45.00 110.00 0.26143
50.00 110.00 0.22064
55.00 110.00 0.13214
60.00 110.00 0.29946E-01
65.00 110.00 -0.42351E-01
85.00 110.00 0.82055E-01
-45.00 115.00 0.13965
-40.00 115.00 0.18965
-35.00 115.00 0.22642
-30.00 115.00 0.23127
-25.00 115.00 0.20608
-20.00 115.00 0.17080
-15.00 115.00 0.14692
-10.00 115.00 0.14038
-5.00 115.00 0.13766
0.00 115.00 0.11777
5.00 115.00 0.69979E-01
10.00 115.00 0.34331E-02
15.00 115.00 -0.57274E-01
20.00 115.00 -0.85482E-01
25.00 115.00 -0.65081E-01
30.00 115.00 0.31473E-02
35.00 115.00 0.10091
40.00 115.00 0.19579
45.00 115.00 0.25001
-80.00 120.00 0.17716
-75.00 120.00 0.19809
-70.00 120.00 0.20064
-65.00 120.00 0.17943
-60.00 120.00 0.13435
-55.00 120.00 0.79044E-01
-50.00 120.00 0.39587E-01
-45.00 120.00 0.40989E-01
-40.00 120.00 0.88823E-01
-35.00 120.00 0.16093
-30.00 120.00 0.21792
-25.00 120.00 0.22708
-20.00 120.00 0.18351
-15.00 120.00 0.11351
-10.00 120.00 0.57616E-01
-5.00 120.00 0.44538E-01
0.00 120.00 0.72945E-01
5.00 120.00 0.11264
10.00 120.00 0.12433
15.00 120.00 0.86127E-01
20.00 120.00 0.10544E-01
25.00 120.00 -0.59332E-01
30.00 120.00 -0.74625E-01
35.00 120.00 -0.13102E-01
40.00 120.00 0.10130
45.00 120.00 0.20748
50.00 120.00 0.24308
55.00 120.00 0.18587
60.00 120.00 0.71292E-01
65.00 120.00 -0.29395E-01
70.00 120.00 -0.57821E-01
75.00 120.00 -0.10276E-01
80.00 120.00 0.61563E-01
-45.00 125.00 -0.45516E-01
-40.00 125.00 -0.13802E-01
-35.00 125.00 0.76205E-01
-30.00 125.00 0.17250
-25.00 125.00 0.21534
-20.00 125.00 0.17735
-15.00 125.00 0.84738E-01
-10.00 125.00 0.26395E-02
-5.00 125.00 -0.79657E-02
0.00 125.00 0.66207E-01
5.00 125.00 0.17711
10.00 125.00 0.24345
15.00 125.00 0.20445
20.00 125.00 0.64195E-01
25.00 125.00 -0.10460
30.00 125.00 -0.20336
35.00 125.00 -0.17088
40.00 125.00 -0.25090E-01
45.00 125.00 0.14670
-65.00 130.00 0.23789
-60.00 130.00 0.19374
-55.00 130.00 0.95133E-01
-50.00 130.00 -0.22374E-01
-45.00 130.00 -0.99913E-01
-40.00 130.00 -0.92188E-01
-35.00 130.00 -0.16153E-02
-30.00 130.00 0.11706
-25.00 130.00 0.18921
-20.00 130.00 0.17039
-15.00 130.00 0.79358E-01
-10.00 130.00 -0.11587E-01
-5.00 130.00 -0.26022E-01
0.00 130.00 0.59438E-01
5.00 130.00 0.19103
10.00 130.00 0.26770
15.00 130.00 0.20901
20.00 130.00 0.16034E-01
25.00 130.00 -0.21883
30.00 130.00 -0.36483
35.00 130.00 -0.33609
40.00 130.00 -0.14879
45.00 130.00 0.88326E-01
50.00 130.00 0.24526
55.00 130.00 0.25440
60.00 130.00 0.14806
65.00 130.00 0.25040E-01
-70.00 135.00 0.24082
-45.00 135.00 -0.11363
-40.00 135.00 -0.13022
-35.00 135.00 -0.53429E-01
-30.00 135.00 0.67417E-01
-25.00 135.00 0.15625
-20.00 135.00 0.16001
-15.00 135.00 0.85360E-01
-10.00 135.00 -0.46692E-02
-5.00 135.00 -0.35144E-01
0.00 135.00 0.23599E-01
5.00 135.00 0.12678
10.00 135.00 0.17907
15.00 135.00 0.10051
20.00 135.00 -0.10912
25.00 135.00 -0.35540
30.00 135.00 -0.50102
35.00 135.00 -0.45355
40.00 135.00 -0.22934
45.00 135.00 0.53399E-01
70.00 135.00 -0.18677E-02
-75.00 140.00 0.18719
-65.00 140.00 0.28068
-60.00 140.00 0.25449
-55.00 140.00 0.15654
-50.00 140.00 0.20609E-01
-45.00 140.00 -0.91322E-01
-40.00 140.00 -0.12611
-35.00 140.00 -0.73189E-01
-30.00 140.00 0.27848E-01
-25.00 140.00 0.11144
-20.00 140.00 0.12703
-15.00 140.00 0.70949E-01
-10.00 140.00 -0.12144E-01
-5.00 140.00 -0.61147E-01
0.00 140.00 -0.44585E-01
5.00 140.00 0.10751E-01
10.00 140.00 0.32536E-01
15.00 140.00 -0.45768E-01
20.00 140.00 -0.22780
25.00 140.00 -0.43482
30.00 140.00 -0.54570
35.00 140.00 -0.47541
40.00 140.00 -0.23809
45.00 140.00 0.54096E-01
50.00 140.00 0.26060
55.00 140.00 0.30282
60.00 140.00 0.20955
65.00 140.00 0.84913E-01
75.00 140.00 0.51274E-01
-45.00 145.00 -0.47261E-01
-40.00 145.00 -0.89996E-01
-35.00 145.00 -0.65745E-01
-30.00 145.00 -0.43304E-02
-25.00 145.00 0.47701E-01
-20.00 145.00 0.54146E-01
-15.00 145.00 0.87454E-02
-10.00 145.00 -0.62602E-01
-5.00 145.00 -0.11889
0.00 145.00 -0.13247
5.00 145.00 -0.11203
10.00 145.00 -0.10177
15.00 145.00 -0.15079
20.00 145.00 -0.26952
25.00 145.00 -0.40638
30.00 145.00 -0.47009
35.00 145.00 -0.39002
40.00 145.00 -0.17337
45.00 145.00 0.87777E-01
-80.00 150.00 0.11942
-70.00 150.00 0.22811
-65.00 150.00 0.26773
-60.00 150.00 0.25128
-55.00 150.00 0.17818
-50.00 150.00 0.81052E-01
-45.00 150.00 0.14816E-02
-40.00 150.00 -0.37370E-01
-35.00 150.00 -0.40581E-01
-30.00 150.00 -0.31101E-01
-25.00 150.00 -0.32268E-01
-20.00 150.00 -0.56516E-01
-15.00 150.00 -0.10305
-10.00 150.00 -0.15982
-5.00 150.00 -0.20746
0.00 150.00 -0.22795
5.00 150.00 -0.21776
10.00 150.00 -0.19606
15.00 150.00 -0.19520
20.00 150.00 -0.23338
25.00 150.00 -0.28954
30.00 150.00 -0.30689
35.00 150.00 -0.23188
40.00 150.00 -0.62019E-01
45.00 150.00 0.13871
50.00 150.00 0.27715
55.00 150.00 0.29647
60.00 150.00 0.21762
65.00 150.00 0.12044
70.00 150.00 0.78678E-01
80.00 150.00 0.13903
-45.00 155.00 0.41619E-01
-40.00 155.00 0.17263E-01
-35.00 155.00 -0.71295E-02
-30.00 155.00 -0.51076E-01
-25.00 155.00 -0.11424
-20.00 155.00 -0.18068
-15.00 155.00 -0.23601
-10.00 155.00 -0.27720
-5.00 155.00 -0.30645
0.00 155.00 -0.32002
5.00 155.00 -0.30862
10.00 155.00 -0.27055
15.00 155.00 -0.22100
20.00 155.00 -0.18209
25.00 155.00 -0.15966
30.00 155.00 -0.13106
35.00 155.00 -0.62436E-01
40.00 155.00 0.55564E-01
45.00 155.00 0.18729
-75.00 160.00 0.13253
-65.00 160.00 0.19524
-60.00 160.00 0.16666
-55.00 160.00 0.11458
-50.00 160.00 0.76419E-01
-45.00 160.00 0.67236E-01
-40.00 160.00 0.63643E-01
-35.00 160.00 0.25772E-01
-30.00 160.00 -0.64007E-01
-25.00 160.00 -0.18296
-20.00 160.00 -0.28699
-15.00 160.00 -0.34722
-10.00 160.00 -0.36888
-5.00 160.00 -0.37683
0.00 160.00 -0.38518
5.00 160.00 -0.38292
10.00 160.00 -0.34841
15.00 160.00 -0.27510
20.00 160.00 -0.18040
25.00 160.00 -0.88974E-01
30.00 160.00 -0.98811E-02
35.00 160.00 0.66471E-01
40.00 160.00 0.14806
45.00 160.00 0.22106
50.00 160.00 0.25523
55.00 160.00 0.23334
60.00 160.00 0.17515
65.00 160.00 0.12753
75.00 160.00 0.15720
-85.00 165.00 0.82107E-01
-70.00 165.00 0.14748
-45.00 165.00 0.79630E-01
-40.00 165.00 0.96012E-01
-35.00 165.00 0.48482E-01
-30.00 165.00 -0.77061E-01
-25.00 165.00 -0.23621
-20.00 165.00 -0.35947
-15.00 165.00 -0.40696
-10.00 165.00 -0.39555
-5.00 165.00 -0.37619
0.00 165.00 -0.38448
5.00 165.00 -0.41034
10.00 165.00 -0.41112
15.00 165.00 -0.35195
20.00 165.00 -0.23455
25.00 165.00 -0.92000E-01
30.00 165.00 0.39262E-01
35.00 165.00 0.14032
40.00 165.00 0.20778
45.00 165.00 0.23996
70.00 165.00 0.14568
85.00 165.00 0.14180
-65.00 170.00 0.10329
-60.00 170.00 0.56772E-01
-55.00 170.00 0.20017E-01
-50.00 170.00 0.32715E-01
-45.00 170.00 0.84478E-01
-40.00 170.00 0.11238
-35.00 170.00 0.51457E-01
-30.00 170.00 -0.10467
-25.00 170.00 -0.28919
-20.00 170.00 -0.40985
-15.00 170.00 -0.42005
-10.00 170.00 -0.35255
-5.00 170.00 -0.28826
0.00 170.00 -0.28849
5.00 170.00 -0.34806
10.00 170.00 -0.40501
15.00 170.00 -0.39261
20.00 170.00 -0.28801
25.00 170.00 -0.12164
30.00 170.00 0.50225E-01
35.00 170.00 0.18028
40.00 170.00 0.24702
45.00 170.00 0.25192
50.00 170.00 0.21182
55.00 170.00 0.15517
60.00 170.00 0.11652
65.00 170.00 0.12092
-45.00 175.00 0.88127E-01
-40.00 175.00 0.11431
-35.00 175.00 0.30194E-01
-30.00 175.00 -0.15868
-25.00 175.00 -0.36231
-20.00 175.00 -0.46769
-15.00 175.00 -0.42365
-10.00 175.00 -0.27957
-5.00 175.00 -0.14675
0.00 175.00 -0.11483
5.00 175.00 -0.18971
10.00 175.00 -0.29747
15.00 175.00 -0.34365
20.00 175.00 -0.27787
25.00 175.00 -0.11868
30.00 175.00 0.68569E-01
35.00 175.00 0.21471
40.00 175.00 0.27959
45.00 175.00 0.26213
-80.00 180.00 0.48670E-01
-75.00 180.00 0.61659E-01
-70.00 180.00 0.68872E-01
-65.00 180.00 0.41082E-01
-60.00 180.00 -0.62406E-02
-55.00 180.00 -0.22886E-01
-50.00 180.00 0.22155E-01
-45.00 180.00 0.94365E-01
-40.00 180.00 0.10689
-35.00 180.00 -0.90292E-02
-30.00 180.00 -0.23467
-25.00 180.00 -0.45941
-20.00 180.00 -0.55276
-15.00 180.00 -0.45884
-10.00 180.00 -0.23868
-5.00 180.00 -0.27226E-01
0.00 180.00 0.60267E-01
5.00 180.00 0.16628E-02
10.00 180.00 -0.12879
15.00 180.00 -0.22061
20.00 180.00 -0.20072
25.00 180.00 -0.70996E-01
30.00 180.00 0.10532
35.00 180.00 0.24798
40.00 180.00 0.30304
45.00 180.00 0.26476
50.00 180.00 0.17258
55.00 180.00 0.88512E-01
60.00 180.00 0.64353E-01
65.00 180.00 0.11232
70.00 180.00 0.19603
75.00 180.00 0.25360
80.00 180.00 0.23816
-45.00 -175 0.10237
-40.00 -175 0.97023E-01
-35.00 -175 -0.48671E-01
-30.00 -175 -0.30651
-25.00 -175 -0.55382
-20.00 -175 -0.65013
-15.00 -175 -0.53478
-10.00 -175 -0.27084
-5.00 -175 -0.25009E-02
0.00 -175 0.14002
5.00 -175 0.11849
10.00 -175 -0.31116E-02
15.00 -175 -0.11317
20.00 -175 -0.12655
25.00 -175 -0.29530E-01
30.00 -175 0.12421
35.00 -175 0.25350
40.00 -175 0.29712
45.00 -175 0.24474
-65.00 -170 0.25391E-01
-60.00 -170 -0.78350E-02
-55.00 -170 -0.85410E-02
-50.00 -170 0.44009E-01
-45.00 -170 0.10620
-40.00 -170 0.89503E-01
-35.00 -170 -0.68091E-01
-30.00 -170 -0.33717
-25.00 -170 -0.59751
-20.00 -170 -0.71110
-15.00 -170 -0.61477
-10.00 -170 -0.36300
-5.00 -170 -0.90846E-01
0.00 -170 0.73232E-01
5.00 -170 0.81830E-01
10.00 -170 -0.16150E-01
15.00 -170 -0.11999
20.00 -170 -0.14419
25.00 -170 -0.65065E-01
30.00 -170 0.74712E-01
35.00 -170 0.19826
40.00 -170 0.24145
45.00 -170 0.18983
50.00 -170 0.86903E-01
55.00 -170 0.79704E-02
60.00 -170 0.12293E-01
65.00 -170 0.10239
-70.00 -165 0.42769E-01
-45.00 -165 0.96376E-01
-40.00 -165 0.82780E-01
-35.00 -165 -0.56824E-01
-30.00 -165 -0.30211
-25.00 -165 -0.55195
-20.00 -165 -0.68522
-15.00 -165 -0.64048
-10.00 -165 -0.45558
-5.00 -165 -0.24027
0.00 -165 -0.10481
5.00 -165 -0.95677E-01
10.00 -165 -0.17761
15.00 -165 -0.26604
20.00 -165 -0.28292
25.00 -165 -0.20118
30.00 -165 -0.55964E-01
35.00 -165 0.79647E-01
40.00 -165 0.13940
45.00 -165 0.10498
70.00 -165 0.22933
-75.00 -160 0.25165E-01
-65.00 -160 0.35151E-01
-60.00 -160 0.64904E-02
-55.00 -160 -0.79994E-02
-50.00 -160 0.17841E-01
-45.00 -160 0.63703E-01
-40.00 -160 0.68133E-01
-35.00 -160 -0.23720E-01
-30.00 -160 -0.20953
-25.00 -160 -0.42035
-20.00 -160 -0.56254
-15.00 -160 -0.57977
-10.00 -160 -0.48902
-5.00 -160 -0.36620
0.00 -160 -0.29463
5.00 -160 -0.31311
10.00 -160 -0.39608
15.00 -160 -0.47392
20.00 -160 -0.47765
25.00 -160 -0.38086
30.00 -160 -0.21608
35.00 -160 -0.56383E-01
40.00 -160 0.28640E-01
45.00 -160 0.17569E-01
50.00 -160 -0.46789E-01
55.00 -160 -0.84720E-01
60.00 -160 -0.35811E-01
65.00 -160 0.94821E-01
75.00 -160 0.30576
-45.00 -155 0.46097E-02
-40.00 -155 0.34625E-01
-35.00 -155 0.63229E-02
-30.00 -155 -0.10085
-25.00 -155 -0.25499
-20.00 -155 -0.39185
-15.00 -155 -0.45926
-10.00 -155 -0.45224
-5.00 -155 -0.41386
0.00 -155 -0.40294
5.00 -155 -0.45189
10.00 -155 -0.54274
15.00 -155 -0.61646
20.00 -155 -0.60980
25.00 -155 -0.49752
30.00 -155 -0.31332
35.00 -155 -0.13394
40.00 -155 -0.32966E-01
45.00 -155 -0.32339E-01
-80.00 -150 0.36547E-02
-70.00 -150 0.43894E-01
-65.00 -150 0.42130E-01
-60.00 -150 -0.34228E-02
-55.00 -150 -0.64896E-01
-50.00 -150 -0.96228E-01
-45.00 -150 -0.74456E-01
-40.00 -150 -0.22093E-01
-35.00 -150 0.79396E-02
-30.00 -150 -0.27607E-01
-25.00 -150 -0.12933
-20.00 -150 -0.25483
-15.00 -150 -0.35035
-10.00 -150 -0.38992
-5.00 -150 -0.39222
0.00 -150 -0.40309
5.00 -150 -0.45648
10.00 -150 -0.54283
15.00 -150 -0.60903
20.00 -150 -0.59277
25.00 -150 -0.46893
30.00 -150 -0.27481
35.00 -150 -0.93017E-01
40.00 -150 0.24704E-03
45.00 -150 -0.12804E-01
50.00 -150 -0.77804E-01
55.00 -150 -0.10607
60.00 -150 -0.39282E-01
65.00 -150 0.10641
70.00 -150 0.25126
80.00 -150 0.25919
-45.00 -145 -0.15654
-40.00 -145 -0.93020E-01
-35.00 -145 -0.26789E-01
-30.00 -145 -0.19003E-01
-25.00 -145 -0.91404E-01
-20.00 -145 -0.21058
-15.00 -145 -0.31426
-10.00 -145 -0.35887
-5.00 -145 -0.35077
0.00 -145 -0.33661
5.00 -145 -0.36029
10.00 -145 -0.42101
15.00 -145 -0.46732
20.00 -145 -0.43428
25.00 -145 -0.29718
30.00 -145 -0.99636E-01
35.00 -145 0.68649E-01
40.00 -145 0.13144
45.00 -145 0.80278E-01
-85.00 -140 0.29416E-01
-75.00 -140 0.82061E-02
-65.00 -140 0.37780E-01
-60.00 -140 -0.26218E-01
-55.00 -140 -0.12921
-50.00 -140 -0.21055
-45.00 -140 -0.21921
-40.00 -140 -0.15697
-35.00 -140 -0.81360E-01
-30.00 -140 -0.63331E-01
-25.00 -140 -0.13224
-20.00 -140 -0.25222
-15.00 -140 -0.34984
-10.00 -140 -0.37129
-5.00 -140 -0.32275
0.00 -140 -0.26099
5.00 -140 -0.24169
10.00 -140 -0.26871
15.00 -140 -0.28710
20.00 -140 -0.22792
25.00 -140 -0.69475E-01
30.00 -140 0.13487
35.00 -140 0.28726
40.00 -140 0.31343
45.00 -140 0.21707
50.00 -140 0.79017E-01
55.00 -140 0.10889E-02
60.00 -140 0.35877E-01
65.00 -140 0.15357
75.00 -140 0.30265
85.00 -140 0.13181
-70.00 -135 0.34557E-01
-45.00 -135 -0.24367
-40.00 -135 -0.19061
-35.00 -135 -0.12500
-30.00 -135 -0.11770
-25.00 -135 -0.19431
-20.00 -135 -0.31169
-15.00 -135 -0.39056
-10.00 -135 -0.37853
-5.00 -135 -0.29129
0.00 -135 -0.19700
5.00 -135 -0.15618
10.00 -135 -0.16783
15.00 -135 -0.16800
20.00 -135 -0.83957E-01
25.00 -135 0.99732E-01
30.00 -135 0.31788
35.00 -135 0.46503
40.00 -135 0.46973
45.00 -135 0.34598
70.00 -135 0.27864
-65.00 -130 0.28917E-01
-60.00 -130 -0.27493E-01
-55.00 -130 -0.12384
-50.00 -130 -0.20495
-45.00 -130 -0.22342
-40.00 -130 -0.18169
-35.00 -130 -0.13333
-30.00 -130 -0.13933
-25.00 -130 -0.21471
-20.00 -130 -0.31200
-15.00 -130 -0.35810
-10.00 -130 -0.31513
-5.00 -130 -0.21330
0.00 -130 -0.12591
5.00 -130 -0.10593
10.00 -130 -0.13762
15.00 -130 -0.14534
20.00 -130 -0.55011E-01
25.00 -130 0.14121
30.00 -130 0.36958
35.00 -130 0.52242
40.00 -130 0.53251
45.00 -130 0.41799
50.00 -130 0.26599
55.00 -130 0.17022
60.00 -130 0.17012
65.00 -130 0.23345
-45.00 -125 -0.16757
-40.00 -125 -0.13663
-35.00 -125 -0.10453
-30.00 -125 -0.11470
-25.00 -125 -0.16991
-20.00 -125 -0.22619
-15.00 -125 -0.22982
-10.00 -125 -0.16646
-5.00 -125 -0.78822E-01
0.00 -125 -0.34173E-01
5.00 -125 -0.66642E-01
10.00 -125 -0.14260
15.00 -125 -0.18033
20.00 -125 -0.11080
25.00 -125 0.67495E-01
30.00 -125 0.28295
35.00 -125 0.43848
40.00 -125 0.47597
45.00 -125 0.41002
-80.00 -120 -0.16505E-01
-75.00 -120 -0.15567E-01
-70.00 -120 0.76197E-02
-65.00 -120 0.18128E-01
-60.00 -120 -0.50431E-02
-55.00 -120 -0.51536E-01
-50.00 -120 -0.89921E-01
-45.00 -120 -0.96628E-01
-40.00 -120 -0.77014E-01
-35.00 -120 -0.59005E-01
-30.00 -120 -0.64871E-01
-25.00 -120 -0.87604E-01
-20.00 -120 -0.95333E-01
-15.00 -120 -0.61856E-01
-10.00 -120 0.35644E-02
-5.00 -120 0.55716E-01
0.00 -120 0.46494E-01
5.00 -120 -0.33864E-01
10.00 -120 -0.14166
15.00 -120 -0.20514
20.00 -120 -0.17245
25.00 -120 -0.46317E-01
30.00 -120 0.11946
35.00 -120 0.25717
40.00 -120 0.32711
45.00 -120 0.33517
50.00 -120 0.31756
55.00 -120 0.30875
60.00 -120 0.31739
65.00 -120 0.32548
70.00 -120 0.30686
75.00 -120 0.25033
80.00 -120 0.16856
-45.00 -115 -0.33089E-01
-40.00 -115 -0.27186E-01
-35.00 -115 -0.23523E-01
-30.00 -115 -0.24392E-01
-25.00 -115 -0.18251E-01
-20.00 -115 0.87852E-02
-15.00 -115 0.55030E-01
-10.00 -115 0.96767E-01
-5.00 -115 0.10173
0.00 -115 0.53125E-01
5.00 -115 -0.35200E-01
10.00 -115 -0.12510
15.00 -115 -0.17700
20.00 -115 -0.17170
25.00 -115 -0.11616
30.00 -115 -0.32191E-01
35.00 -115 0.60005E-01
40.00 -115 0.15028
45.00 -115 0.23536
-65.00 -110 -0.23657E-03
-60.00 -110 0.81209E-02
-55.00 -110 0.10738E-01
-50.00 -110 0.10996E-01
-45.00 -110 0.77199E-02
-40.00 -110 -0.17016E-02
-35.00 -110 -0.12938E-01
-30.00 -110 -0.13283E-01
-25.00 -110 0.75260E-02
-20.00 -110 0.43441E-01
-15.00 -110 0.70636E-01
-10.00 -110 0.63787E-01
-5.00 -110 0.17692E-01
0.00 -110 -0.45719E-01
5.00 -110 -0.93348E-01
10.00 -110 -0.10714
15.00 -110 -0.97190E-01
20.00 -110 -0.89175E-01
25.00 -110 -0.96798E-01
30.00 -110 -0.10421
35.00 -110 -0.75402E-01
40.00 -110 0.16011E-01
45.00 -110 0.16112
50.00 -110 0.31545
55.00 -110 0.42418
60.00 -110 0.45339
65.00 -110 0.40522
-70.00 -105 -0.25934E-01
-45.00 -105 0.21701E-01
-40.00 -105 -0.86064E-03
-35.00 -105 -0.23830E-01
-30.00 -105 -0.25728E-01
-25.00 -105 -0.14112E-02
-20.00 -105 0.25328E-01
-15.00 -105 0.16251E-01
-10.00 -105 -0.46891E-01
-5.00 -105 -0.13784
0.00 -105 -0.19776
5.00 -105 -0.17967
10.00 -105 -0.90152E-01
15.00 -105 0.94638E-02
20.00 -105 0.48402E-01
25.00 -105 0.38199E-02
30.00 -105 -0.76702E-01
35.00 -105 -0.10770
40.00 -105 -0.29042E-01
45.00 -105 0.14897
70.00 -105 0.30244
-75.00 -100 -0.33571E-01
-65.00 -100 -0.25381E-01
-60.00 -100 -0.87799E-02
-55.00 -100 0.11673E-01
-50.00 -100 0.23619E-01
-45.00 -100 0.13764E-01
-40.00 -100 -0.16114E-01
-35.00 -100 -0.43700E-01
-30.00 -100 -0.43494E-01
-25.00 -100 -0.15114E-01
-20.00 -100 0.61984E-02
-15.00 -100 -0.25461E-01
-10.00 -100 -0.12173
-5.00 -100 -0.23512
0.00 -100 -0.28367
5.00 -100 -0.21276
10.00 -100 -0.45439E-01
15.00 -100 0.12440
20.00 -100 0.19715
25.00 -100 0.14256
30.00 -100 0.25137E-01
35.00 -100 -0.41668E-01
40.00 -100 0.22146E-01
45.00 -100 0.20665
50.00 -100 0.42137
55.00 -100 0.55874
60.00 -100 0.56150
65.00 -100 0.44808
75.00 -100 0.14868
-45.00 -95 -0.76457E-02
-40.00 -95 -0.39362E-01
-35.00 -95 -0.65731E-01
-30.00 -95 -0.59167E-01
-25.00 -95 -0.18966E-01
-20.00 -95 0.18213E-01
-15.00 -95 0.44321E-02
-10.00 -95 -0.73532E-01
-5.00 -95 -0.16914
0.00 -95 -0.20111
5.00 -95 -0.11553
10.00 -95 0.63872E-01
15.00 -95 0.24288
20.00 -95 0.32187
25.00 -95 0.27059
30.00 -95 0.15333
35.00 -95 0.83147E-01
40.00 -95 0.13946
45.00 -95 0.31140
-80.00 -90 -0.95624E-02
-70.00 -90 -0.38609E-01
-65.00 -90 -0.40336E-01
-60.00 -90 -0.34459E-01
-55.00 -90 -0.23524E-01
-50.00 -90 -0.19328E-01
-45.00 -90 -0.34847E-01
-40.00 -90 -0.67892E-01
-35.00 -90 -0.94735E-01
-30.00 -90 -0.85495E-01
-25.00 -90 -0.31459E-01
-20.00 -90 0.41140E-01
-15.00 -90 0.88215E-01
-10.00 -90 0.85507E-01
-5.00 -90 0.54441E-01
0.00 -90 0.49707E-01
5.00 -90 0.11421
10.00 -90 0.23785
15.00 -90 0.35755
20.00 -90 0.40311
25.00 -90 0.35422
30.00 -90 0.26186
35.00 -90 0.21421
40.00 -90 0.27172
45.00 -90 0.42047
50.00 -90 0.57906
55.00 -90 0.65270
60.00 -90 0.59407
65.00 -90 0.42896
70.00 -90 0.23340
80.00 -90 0.17052E-01
-85.00 -85 0.34635E-01
-45.00 -85 -0.61687E-01
-40.00 -85 -0.10146
-35.00 -85 -0.13861
-30.00 -85 -0.14051
-25.00 -85 -0.84407E-01
-20.00 -85 0.23445E-01
-15.00 -85 0.14895
-10.00 -85 0.25287
-5.00 -85 0.31719
0.00 -85 0.35300
5.00 -85 0.38364
10.00 -85 0.41859
15.00 -85 0.44263
20.00 -85 0.43151
25.00 -85 0.38102
30.00 -85 0.32240
35.00 -85 0.30685
40.00 -85 0.36754
45.00 -85 0.48819
85.00 -85 0.78002E-02
-75.00 -80 -0.16098E-01
-65.00 -80 -0.23034E-01
-60.00 -80 -0.26488E-01
-55.00 -80 -0.33051E-01
-50.00 -80 -0.48548E-01
-45.00 -80 -0.82001E-01
-40.00 -80 -0.13566
-35.00 -80 -0.19375
-30.00 -80 -0.22196
-25.00 -80 -0.18319
-20.00 -80 -0.61437E-01
-15.00 -80 0.12299
-10.00 -80 0.31970
-5.00 -80 0.47365
0.00 -80 0.55273
5.00 -80 0.55924
10.00 -80 0.51935
15.00 -80 0.46197
20.00 -80 0.40489
25.00 -80 0.35690
30.00 -80 0.32879
35.00 -80 0.33714
40.00 -80 0.39281
45.00 -80 0.48268
50.00 -80 0.56358
55.00 -80 0.58044
60.00 -80 0.50039
65.00 -80 0.33879
75.00 -80 0.19828E-01
-70.00 -75 -0.40429E-02
-45.00 -75 -0.88894E-01
-40.00 -75 -0.15913
-35.00 -75 -0.23950
-30.00 -75 -0.29666
-25.00 -75 -0.28611
-20.00 -75 -0.17715
-15.00 -75 0.21758E-01
-10.00 -75 0.25745
-5.00 -75 0.45518
0.00 -75 0.55792
5.00 -75 0.55556
10.00 -75 0.48411
15.00 -75 0.39717
20.00 -75 0.33297
25.00 -75 0.30097
30.00 -75 0.29343
35.00 -75 0.30514
40.00 -75 0.33969
45.00 -75 0.39633
70.00 -75 0.11306
-65.00 -70 0.31209E-01
-60.00 -70 0.36065E-01
-55.00 -70 0.21443E-01
-50.00 -70 -0.15902E-01
-45.00 -70 -0.76766E-01
-40.00 -70 -0.15873
-35.00 -70 -0.24915
-30.00 -70 -0.31875
-25.00 -70 -0.32716
-20.00 -70 -0.24407
-15.00 -70 -0.74373E-01
-10.00 -70 0.13352
-5.00 -70 0.30836
0.00 -70 0.39577
5.00 -70 0.38923
10.00 -70 0.32897
15.00 -70 0.26938
20.00 -70 0.24137
25.00 -70 0.23906
30.00 -70 0.23883
35.00 -70 0.22978
40.00 -70 0.22566
45.00 -70 0.24709
50.00 -70 0.29204
55.00 -70 0.32549
60.00 -70 0.30250
65.00 -70 0.20729
-45.00 -65 -0.44855E-01
-40.00 -65 -0.12896
-35.00 -65 -0.21002
-30.00 -65 -0.26468
-25.00 -65 -0.26742
-20.00 -65 -0.20387
-15.00 -65 -0.85881E-01
-10.00 -65 0.46327E-01
-5.00 -65 0.14326
0.00 -65 0.17676
5.00 -65 0.15888
10.00 -65 0.13143
15.00 -65 0.13202
20.00 -65 0.16357
25.00 -65 0.19389
30.00 -65 0.18686
35.00 -65 0.13840
40.00 -65 0.84335E-01
45.00 -65 0.70999E-01
-80.00 -60 0.20498E-01
-75.00 -60 0.21039E-01
-70.00 -60 0.52400E-01
-65.00 -60 0.97240E-01
-60.00 -60 0.12789
-55.00 -60 0.12228
-50.00 -60 0.75440E-01
-45.00 -60 0.86442E-03
-40.00 -60 -0.77530E-01
-35.00 -60 -0.13546
-30.00 -60 -0.15550
-25.00 -60 -0.13172
-20.00 -60 -0.73391E-01
-15.00 -60 -0.53446E-02
-10.00 -60 0.40514E-01
-5.00 -60 0.43002E-01
0.00 -60 0.87876E-02
5.00 -60 -0.26813E-01
10.00 -60 -0.22238E-01
15.00 -60 0.37244E-01
20.00 -60 0.12182
25.00 -60 0.17341
30.00 -60 0.14841
35.00 -60 0.54857E-01
40.00 -60 -0.47870E-01
45.00 -60 -0.90800E-01
50.00 -60 -0.47918E-01
55.00 -60 0.42606E-01
60.00 -60 0.10736
65.00 -60 0.95028E-01
70.00 -60 0.16597E-01
75.00 -60 -0.65091E-01
80.00 -60 -0.85868E-01
-45.00 -55 0.49599E-01
-40.00 -55 -0.21556E-01
-35.00 -55 -0.57537E-01
-30.00 -55 -0.45607E-01
-25.00 -55 0.36990E-02
-20.00 -55 0.61711E-01
-15.00 -55 0.94096E-01
-10.00 -55 0.77197E-01
-5.00 -55 0.12820E-01
0.00 -55 -0.67082E-01
5.00 -55 -0.11345
10.00 -55 -0.89042E-01
15.00 -55 0.26728E-02
20.00 -55 0.11083
25.00 -55 0.16413
30.00 -55 0.11822
35.00 -55 -0.91219E-02
40.00 -55 -0.14423
45.00 -55 -0.20553
-65.00 -50 0.13059
-60.00 -50 0.18864
-55.00 -50 0.20328
-50.00 -50 0.16363
-45.00 -50 0.90502E-01
-40.00 -50 0.23175E-01
-35.00 -50 -0.48180E-02
-30.00 -50 0.15543E-01
-25.00 -50 0.65737E-01
-20.00 -50 0.11150
-15.00 -50 0.12102
-10.00 -50 0.80754E-01
-5.00 -50 0.32782E-02
0.00 -50 -0.75910E-01
5.00 -50 -0.11378
10.00 -50 -0.83671E-01
15.00 -50 0.38764E-02
20.00 -50 0.98857E-01
25.00 -50 0.13648
30.00 -50 0.78496E-01
35.00 -50 -0.55811E-01
40.00 -50 -0.19475
45.00 -50 -0.25806
50.00 -50 -0.21163
55.00 -50 -0.92616E-01
60.00 -50 0.16563E-01
65.00 -50 0.48328E-01
-70.00 -45 0.54174E-01
-45.00 -45 0.11693
-40.00 -45 0.51373E-01
-35.00 -45 0.16928E-01
-30.00 -45 0.18456E-01
-25.00 -45 0.38068E-01
-20.00 -45 0.51422E-01
-15.00 -45 0.43455E-01
-10.00 -45 0.13840E-01
-5.00 -45 -0.26555E-01
0.00 -45 -0.61417E-01
5.00 -45 -0.73866E-01
10.00 -45 -0.53065E-01
15.00 -45 -0.37956E-02
20.00 -45 0.47610E-01
25.00 -45 0.61669E-01
30.00 -45 0.10484E-01
35.00 -45 -0.95993E-01
40.00 -45 -0.20562
45.00 -45 -0.25296
70.00 -45 0.34618E-02
-75.00 -40 0.80722E-02
-65.00 -40 0.95481E-01
-60.00 -40 0.16391
-55.00 -40 0.19809
-50.00 -40 0.18089
-45.00 -40 0.12737
-40.00 -40 0.68600E-01
-35.00 -40 0.25597E-01
-30.00 -40 -0.28894E-02
-25.00 -40 -0.30040E-01
-20.00 -40 -0.61248E-01
-15.00 -40 -0.86115E-01
-10.00 -40 -0.89767E-01
-5.00 -40 -0.70572E-01
0.00 -40 -0.44736E-01
5.00 -40 -0.32265E-01
10.00 -40 -0.38828E-01
15.00 -40 -0.52940E-01
20.00 -40 -0.61890E-01
25.00 -40 -0.69033E-01
30.00 -40 -0.91823E-01
35.00 -40 -0.13946
40.00 -40 -0.19254
45.00 -40 -0.20947
50.00 -40 -0.16051
55.00 -40 -0.60453E-01
60.00 -40 0.33112E-01
65.00 -40 0.61461E-01
75.00 -40 -0.60781E-01
-45.00 -35 0.12321
-40.00 -35 0.83193E-01
-35.00 -35 0.44956E-01
-30.00 -35 -0.13014E-02
-25.00 -35 -0.65966E-01
-20.00 -35 -0.13668
-15.00 -35 -0.17830
-10.00 -35 -0.16137
-5.00 -35 -0.93816E-01
0.00 -35 -0.23643E-01
5.00 -35 -0.52009E-02
10.00 -35 -0.56328E-01
15.00 -35 -0.14448
20.00 -35 -0.21476
25.00 -35 -0.23447
30.00 -35 -0.21403
35.00 -35 -0.18701
40.00 -35 -0.17142
45.00 -35 -0.15202
-85.00 -30 0.71574E-01
-80.00 -30 0.22534E-01
-70.00 -30 -0.41045E-01
-65.00 -30 -0.93057E-02
-60.00 -30 0.47239E-01
-55.00 -30 0.93440E-01
-50.00 -30 0.11044
-45.00 -30 0.10624
-40.00 -30 0.97398E-01
-35.00 -30 0.83670E-01
-30.00 -30 0.45310E-01
-25.00 -30 -0.30939E-01
-20.00 -30 -0.12397
-15.00 -30 -0.18217
-10.00 -30 -0.16387
-5.00 -30 -0.80413E-01
0.00 -30 0.73920E-03
5.00 -30 0.32173E-02
10.00 -30 -0.97183E-01
15.00 -30 -0.25004
20.00 -30 -0.36745
25.00 -30 -0.38987
30.00 -30 -0.32483
35.00 -30 -0.22844
40.00 -30 -0.15129
45.00 -30 -0.10050
50.00 -30 -0.50275E-01
55.00 -30 0.15451E-01
60.00 -30 0.75337E-01
65.00 -30 0.88015E-01
70.00 -30 0.37676E-01
80.00 -30 -0.78387E-01
85.00 -30 -0.41036E-01
-45.00 -25 0.78629E-01
-40.00 -25 0.10579
-35.00 -25 0.12886
-30.00 -25 0.11901
-25.00 -25 0.54774E-01
-20.00 -25 -0.44687E-01
-15.00 -25 -0.12154
-10.00 -25 -0.12397
-5.00 -25 -0.57224E-01
0.00 -25 0.87440E-02
5.00 -25 -0.10140E-01
10.00 -25 -0.14189
15.00 -25 -0.32914
20.00 -25 -0.46838
25.00 -25 -0.48633
30.00 -25 -0.38943
35.00 -25 -0.24765
40.00 -25 -0.13205
45.00 -25 -0.64031E-01
-75.00 -20 -0.68512E-01
-65.00 -20 -0.14646
-60.00 -20 -0.11002
-55.00 -20 -0.54677E-01
-50.00 -20 -0.34349E-02
-45.00 -20 0.45223E-01
-40.00 -20 0.10216
-35.00 -20 0.15881
-30.00 -20 0.18061
-25.00 -20 0.13622
-20.00 -20 0.35791E-01
-15.00 -20 -0.63960E-01
-10.00 -20 -0.10186
-5.00 -20 -0.68182E-01
0.00 -20 -0.21318E-01
5.00 -20 -0.43416E-01
10.00 -20 -0.16899
15.00 -20 -0.34866
20.00 -20 -0.48200
25.00 -20 -0.49333
30.00 -20 -0.38605
35.00 -20 -0.23160
40.00 -20 -0.10719
45.00 -20 -0.40066E-01
50.00 -20 -0.46589E-02
55.00 -20 0.33299E-01
60.00 -20 0.74470E-01
65.00 -20 0.87485E-01
75.00 -20 -0.18432E-01
-70.00 -15 -0.17812
-45.00 -15 0.15016E-01
-40.00 -15 0.87959E-01
-35.00 -15 0.16249
-30.00 -15 0.20354
-25.00 -15 0.17235
-20.00 -15 0.68375E-01
-15.00 -15 -0.56103E-01
-10.00 -15 -0.13103
-5.00 -15 -0.12713
0.00 -15 -0.84332E-01
5.00 -15 -0.79858E-01
10.00 -15 -0.16021
15.00 -15 -0.29671
20.00 -15 -0.40513
25.00 -15 -0.41319
30.00 -15 -0.31687
35.00 -15 -0.17797
40.00 -15 -0.69151E-01
45.00 -15 -0.18275E-01
70.00 -15 0.47958E-01
-65.00 -10 -0.26280
-60.00 -10 -0.23352
-55.00 -10 -0.15821
-50.00 -10 -0.75972E-01
-45.00 -10 -0.12901E-02
-40.00 -10 0.73653E-01
-35.00 -10 0.14820
-30.00 -10 0.19244
-25.00 -10 0.16505
-20.00 -10 0.56497E-01
-15.00 -10 -0.86747E-01
-10.00 -10 -0.18804
-5.00 -10 -0.19972
0.00 -10 -0.14341
5.00 -10 -0.92392E-01
10.00 -10 -0.10854
15.00 -10 -0.18887
20.00 -10 -0.26914
25.00 -10 -0.28043
30.00 -10 -0.20737
35.00 -10 -0.97013E-01
40.00 -10 -0.14132E-01
45.00 -10 0.13036E-01
50.00 -10 0.74244E-02
55.00 -10 0.96358E-02
60.00 -10 0.33408E-01
65.00 -10 0.54516E-01
-45.00 -5 0.25080E-02
-40.00 -5 0.70357E-01
-35.00 -5 0.13340
-30.00 -5 0.17158
-25.00 -5 0.14571
-20.00 -5 0.39369E-01
-15.00 -5 -0.10872
-10.00 -5 -0.22035
-5.00 -5 -0.23522
0.00 -5 -0.16064
5.00 -5 -0.66836E-01
10.00 -5 -0.28872E-01
15.00 -5 -0.65315E-01
20.00 -5 -0.12732
25.00 -5 -0.14609
30.00 -5 -0.94286E-01
35.00 -5 -0.65874E-02
40.00 -5 0.55910E-01
45.00 -5 0.60871E-01
90.00 0.00 0.48756E-01
-90.00 0.00 0.96144E-01
