-85.00 0.00 0.34017
-80.00 0.00 0.35292
-75.00 0.00 0.26104
-70.00 0.00 0.10925
-65.00 0.00 -0.62013E-01
-60.00 0.00 -0.23310
-55.00 0.00 -0.38817
-50.00 0.00 -0.49379
-45.00 0.00 -0.50342
-40.00 0.00 -0.39220
-35.00 0.00 -0.19092
-30.00 0.00 0.19978E-01
-25.00 0.00 0.16218
-20.00 0.00 0.21864
-15.00 0.00 0.24755
-10.00 0.00 0.33312
-5.00 0.00 0.50964
0.00 0.00 0.72208
5.00 0.00 0.85906
10.00 0.00 0.83513
15.00 0.00 0.65759
20.00 0.00 0.42503
25.00 0.00 0.25870
30.00 0.00 0.21964
35.00 0.00 0.27193
40.00 0.00 0.31477
45.00 0.00 0.25493
50.00 0.00 0.67204E-01
55.00 0.00 -0.19364
60.00 0.00 -0.42961
65.00 0.00 -0.55583
70.00 0.00 -0.54343
75.00 0.00 -0.42750
80.00 0.00 -0.28544
85.00 0.00 -0.19090
-45.00 5.00 -0.42526
-40.00 5.00 -0.26598
-35.00 5.00 -0.46101E-01
-30.00 5.00 0.15312
-25.00 5.00 0.28048
-20.00 5.00 0.34831
-15.00 5.00 0.41380
-10.00 5.00 0.52137
-5.00 5.00 0.65524
0.00 5.00 0.74430
5.00 5.00 0.71715
10.00 5.00 0.56232
15.00 5.00 0.34436
20.00 5.00 0.16368
25.00 5.00 0.92175E-01
30.00 5.00 0.13214
35.00 5.00 0.22288
40.00 5.00 0.28249
45.00 5.00 0.25262
-65.00 10.00 -0.25910E-01
-60.00 10.00 -0.22884
-55.00 10.00 -0.38082
-50.00 10.00 -0.41941
-45.00 10.00 -0.31073
-40.00 10.00 -0.85367E-01
-35.00 10.00 0.16757
-30.00 10.00 0.35577
-25.00 10.00 0.44746
-20.00 10.00 0.48780
-15.00 10.00 0.55037
-10.00 10.00 0.66385
-5.00 10.00 0.77858
0.00 10.00 0.80401
5.00 10.00 0.68558
10.00 10.00 0.45507
15.00 10.00 0.21287
20.00 10.00 0.59237E-01
25.00 10.00 0.32245E-01
30.00 10.00 0.97349E-01
35.00 10.00 0.18553
40.00 10.00 0.23952
45.00 10.00 0.23279
50.00 10.00 0.16106
55.00 10.00 0.31183E-01
60.00 10.00 -0.13528
65.00 10.00 -0.29452
-70.00 15.00 0.19134
-45.00 15.00 -0.21426
-40.00 15.00 0.83520E-01
-35.00 15.00 0.38439
-30.00 15.00 0.57443
-25.00 15.00 0.62646
-20.00 15.00 0.61227
-15.00 15.00 0.63318
-10.00 15.00 0.72712
-5.00 15.00 0.83326
0.00 15.00 0.84529
5.00 15.00 0.70563
10.00 15.00 0.45798
15.00 15.00 0.21491
20.00 15.00 0.73629E-01
25.00 15.00 0.54030E-01
30.00 15.00 0.10574
35.00 15.00 0.16447
40.00 15.00 0.19859
45.00 15.00 0.20774
70.00 15.00 -0.31414
-75.00 20.00 0.36949
-65.00 20.00 -0.25343E-01
-60.00 20.00 -0.25328
-55.00 20.00 -0.40709
-50.00 20.00 -0.39721
-45.00 20.00 -0.18353
-40.00 20.00 0.17267
-35.00 20.00 0.52540
-30.00 20.00 0.73351
-25.00 20.00 0.75676
-20.00 20.00 0.67655
-15.00 20.00 0.62000
-10.00 20.00 0.65100
-5.00 20.00 0.72204
0.00 20.00 0.72613
5.00 20.00 0.59848
10.00 20.00 0.37587
15.00 20.00 0.16447
20.00 20.00 0.51932E-01
25.00 20.00 0.46329E-01
30.00 20.00 0.91207E-01
35.00 20.00 0.13047
40.00 20.00 0.15355
45.00 20.00 0.18013
50.00 20.00 0.21068
55.00 20.00 0.20430
60.00 20.00 0.11337
65.00 20.00 -0.59439E-01
75.00 20.00 -0.35056
-45.00 25.00 -0.23627
-40.00 25.00 0.14381
-35.00 25.00 0.53354
-30.00 25.00 0.76746
-25.00 25.00 0.77876
-20.00 25.00 0.63728
-15.00 25.00 0.48253
-10.00 25.00 0.40872
-5.00 25.00 0.40055
0.00 25.00 0.37029
5.00 25.00 0.25461
10.00 25.00 0.78471E-01
15.00 25.00 -0.69325E-01
20.00 25.00 -0.11819
25.00 25.00 -0.73372E-01
30.00 25.00 0.25422E-02
35.00 25.00 0.57543E-01
40.00 25.00 0.94226E-01
45.00 25.00 0.14658
-80.00 30.00 0.47078
-70.00 30.00 0.18864
-65.00 30.00 -0.48117E-01
-60.00 30.00 -0.29595
-55.00 30.00 -0.48696
-50.00 30.00 -0.52634
-45.00 30.00 -0.34946
-40.00 30.00 0.84222E-02
-35.00 30.00 0.40198
-30.00 30.00 0.65375
-25.00 30.00 0.66782
-20.00 30.00 0.48738
-15.00 30.00 0.24764
-10.00 30.00 0.66047E-01
-5.00 30.00 -0.35186E-01
0.00 30.00 -0.11306
5.00 30.00 -0.22117
10.00 30.00 -0.34546
15.00 30.00 -0.41789
20.00 30.00 -0.38741
25.00 30.00 -0.27222
30.00 30.00 -0.14100
35.00 30.00 -0.45741E-01
40.00 30.00 0.21788E-01
45.00 30.00 0.10424
50.00 30.00 0.21226
55.00 30.00 0.29074
60.00 30.00 0.25955
65.00 30.00 0.93513E-01
70.00 30.00 -0.13777
80.00 30.00 -0.35787
-45.00 35.00 -0.46803
-40.00 35.00 -0.17605
-35.00 35.00 0.17848
-30.00 35.00 0.42482
-25.00 35.00 0.44891
-20.00 35.00 0.26551
-15.00 35.00 -0.61637E-02
-10.00 35.00 -0.23971
-5.00 35.00 -0.38634
0.00 35.00 -0.47871
5.00 35.00 -0.56398
10.00 35.00 -0.64019
15.00 35.00 -0.65801
20.00 35.00 -0.57912
25.00 35.00 -0.42485
30.00 35.00 -0.26184
35.00 35.00 -0.14011
40.00 35.00 -0.50096E-01
45.00 35.00 0.53734E-01
-75.00 40.00 0.35844
-65.00 40.00 -0.48247E-01
-60.00 40.00 -0.26331
-55.00 40.00 -0.45518
-50.00 40.00 -0.56677
-45.00 40.00 -0.53062
-40.00 40.00 -0.33349
-35.00 40.00 -0.58200E-01
-30.00 40.00 0.15069
-25.00 40.00 0.18084
-20.00 40.00 0.29302E-01
-15.00 40.00 -0.20385
-10.00 40.00 -0.39872
-5.00 40.00 -0.50142
0.00 40.00 -0.54048
5.00 40.00 -0.57054
10.00 40.00 -0.60632
15.00 40.00 -0.61203
20.00 40.00 -0.54912
25.00 40.00 -0.42564
30.00 40.00 -0.29217
35.00 40.00 -0.18968
40.00 40.00 -0.10783
45.00 40.00 -0.28458E-02
50.00 40.00 0.14018
55.00 40.00 0.26710
60.00 40.00 0.28656
65.00 40.00 0.15208
75.00 40.00 -0.29200
-70.00 45.00 0.15637
-45.00 45.00 -0.50001
-40.00 45.00 -0.40633
-35.00 45.00 -0.23672
-30.00 45.00 -0.95918E-01
-25.00 45.00 -0.75304E-01
-20.00 45.00 -0.18057
-15.00 45.00 -0.32823
-10.00 45.00 -0.41616
-5.00 45.00 -0.40492
0.00 45.00 -0.33817
5.00 45.00 -0.28978
10.00 45.00 -0.29336
15.00 45.00 -0.32097
20.00 45.00 -0.32392
25.00 45.00 -0.28629
30.00 45.00 -0.23374
35.00 45.00 -0.19263
40.00 45.00 -0.14997
45.00 45.00 -0.64645E-01
70.00 45.00 -0.69567E-01
-65.00 50.00 -0.41557E-02
-60.00 50.00 -0.11621
-55.00 50.00 -0.21643
-50.00 50.00 -0.31556
-45.00 50.00 -0.38318
-40.00 50.00 -0.38314
-35.00 50.00 -0.32477
-30.00 50.00 -0.26935
-25.00 50.00 -0.27805
-20.00 50.00 -0.35059
-15.00 50.00 -0.41765
-10.00 50.00 -0.39947
-5.00 50.00 -0.27794
0.00 50.00 -0.11473
5.00 50.00 0.46713E-03
10.00 50.00 0.21853E-01
15.00 50.00 -0.26304E-01
20.00 50.00 -0.87011E-01
25.00 50.00 -0.12679
30.00 50.00 -0.15266
35.00 50.00 -0.17843
40.00 50.00 -0.18578
45.00 50.00 -0.13137
50.00 50.00 0.36879E-03
55.00 50.00 0.15452
60.00 50.00 0.22757
65.00 50.00 0.14688
-85.00 55.00 0.43466
-45.00 55.00 -0.23015
-40.00 55.00 -0.30222
-35.00 55.00 -0.33757
-30.00 55.00 -0.36059
-25.00 55.00 -0.40702
-20.00 55.00 -0.47397
-15.00 55.00 -0.50844
-10.00 55.00 -0.45181
-5.00 55.00 -0.29894
0.00 55.00 -0.11276
5.00 55.00 0.22007E-01
10.00 55.00 0.62899E-01
15.00 55.00 0.31971E-01
20.00 55.00 -0.19952E-01
25.00 55.00 -0.65301E-01
30.00 55.00 -0.11323
35.00 55.00 -0.17435
40.00 55.00 -0.22170
45.00 55.00 -0.19966
85.00 55.00 -0.33224
-80.00 60.00 0.44821
-75.00 60.00 0.30760
-70.00 60.00 0.14044
-65.00 60.00 0.48931E-01
-60.00 60.00 0.38548E-01
-55.00 60.00 0.41551E-01
-50.00 60.00 -0.67418E-02
-45.00 60.00 -0.11178
-40.00 60.00 -0.22984
-35.00 60.00 -0.32145
-30.00 60.00 -0.38760
-25.00 60.00 -0.45444
-20.00 60.00 -0.52974
-15.00 60.00 -0.58290
-10.00 60.00 -0.57171
-5.00 60.00 -0.48736
0.00 60.00 -0.36848
5.00 60.00 -0.26852
10.00 60.00 -0.21040
15.00 60.00 -0.17591
20.00 60.00 -0.13954
25.00 60.00 -0.10715
30.00 60.00 -0.11305
35.00 60.00 -0.17407
40.00 60.00 -0.25003
45.00 60.00 -0.26129
50.00 60.00 -0.15874
55.00 60.00 0.16714E-01
60.00 60.00 0.14830
65.00 60.00 0.13070
70.00 60.00 -0.40585E-01
75.00 60.00 -0.25785
80.00 60.00 -0.38043
-45.00 65.00 -0.87038E-01
-40.00 65.00 -0.22525
-35.00 65.00 -0.32440
-30.00 65.00 -0.37827
-25.00 65.00 -0.42300
-20.00 65.00 -0.49169
-15.00 65.00 -0.58046
-10.00 65.00 -0.65678
-5.00 65.00 -0.69335
0.00 65.00 -0.68704
5.00 65.00 -0.64587
10.00 65.00 -0.56719
15.00 65.00 -0.44089
20.00 65.00 -0.27923
25.00 65.00 -0.13633
30.00 65.00 -0.81923E-01
35.00 65.00 -0.14063
40.00 65.00 -0.25300
45.00 65.00 -0.30685
-65.00 70.00 0.65903E-01
-60.00 70.00 0.64785E-01
-55.00 70.00 0.55061E-01
-50.00 70.00 -0.29155E-01
-45.00 70.00 -0.17568
-40.00 70.00 -0.31063
-35.00 70.00 -0.37013
-30.00 70.00 -0.35672
-25.00 70.00 -0.33227
-20.00 70.00 -0.36196
-15.00 70.00 -0.46454
-10.00 70.00 -0.60782
-5.00 70.00 -0.73976
0.00 70.00 -0.81714
5.00 70.00 -0.81086
10.00 70.00 -0.70208
15.00 70.00 -0.49380
20.00 70.00 -0.23472
25.00 70.00 -0.20858E-01
30.00 70.00 0.51040E-01
35.00 70.00 -0.43573E-01
40.00 70.00 -0.22041
45.00 70.00 -0.33278
50.00 70.00 -0.27872
55.00 70.00 -0.85257E-01
60.00 70.00 0.10578
65.00 70.00 0.14670
-70.00 75.00 0.14466
-45.00 75.00 -0.34911
-40.00 75.00 -0.46065
-35.00 75.00 -0.44787
-30.00 75.00 -0.33625
-25.00 75.00 -0.22057
-20.00 75.00 -0.19194
-15.00 75.00 -0.27649
-10.00 75.00 -0.43054
-5.00 75.00 -0.58032
0.00 75.00 -0.66228
5.00 75.00 -0.63690
10.00 75.00 -0.48839
15.00 75.00 -0.23489
20.00 75.00 0.53178E-01
25.00 75.00 0.26019
30.00 75.00 0.28173
35.00 75.00 0.10359
40.00 75.00 -0.16409
45.00 75.00 -0.34496
70.00 75.00 0.32995E-01
-75.00 80.00 0.29627
-65.00 80.00 0.59496E-01
-60.00 80.00 -0.21265E-01
-55.00 80.00 -0.15379
-50.00 80.00 -0.35278
-45.00 80.00 -0.54335
-40.00 80.00 -0.61585
-35.00 80.00 -0.52104
-30.00 80.00 -0.31774
-25.00 80.00 -0.13091
-20.00 80.00 -0.59951E-01
-15.00 80.00 -0.11618
-10.00 80.00 -0.23343
-5.00 80.00 -0.32657
0.00 80.00 -0.33968
5.00 80.00 -0.25301
10.00 80.00 -0.69310E-01
15.00 80.00 0.18455
20.00 80.00 0.43861
25.00 80.00 0.58203
30.00 80.00 0.51750
35.00 80.00 0.24285
40.00 80.00 -0.11311
45.00 80.00 -0.35360
50.00 80.00 -0.34679
55.00 80.00 -0.12739
60.00 80.00 0.12279
65.00 80.00 0.20936
75.00 80.00 -0.18297
-45.00 85.00 -0.68707
-40.00 85.00 -0.71194
-35.00 85.00 -0.54865
-30.00 85.00 -0.29299
-25.00 85.00 -0.87968E-01
-20.00 85.00 -0.18304E-01
-15.00 85.00 -0.60659E-01
-10.00 85.00 -0.12328
-5.00 85.00 -0.12638
0.00 85.00 -0.47605E-01
5.00 85.00 0.94766E-01
10.00 85.00 0.28043
15.00 85.00 0.49236
20.00 85.00 0.68462
25.00 85.00 0.76536
30.00 85.00 0.64284
35.00 85.00 0.31362
40.00 85.00 -0.90343E-01
45.00 85.00 -0.36184
-80.00 90.00 0.40423
-70.00 90.00 0.20375
-65.00 90.00 0.92580E-01
-60.00 90.00 -0.61913E-01
-55.00 90.00 -0.29525
-50.00 90.00 -0.55901
-45.00 90.00 -0.73080
-40.00 90.00 -0.70954
-35.00 90.00 -0.50813
-30.00 90.00 -0.25296
-25.00 90.00 -0.85797E-01
-20.00 90.00 -0.55758E-01
-15.00 90.00 -0.96508E-01
-10.00 90.00 -0.10152
-5.00 90.00 -0.19269E-01
0.00 90.00 0.12045
5.00 90.00 0.26139
10.00 90.00 0.38615
15.00 90.00 0.51655
20.00 90.00 0.65090
25.00 90.00 0.71694
30.00 90.00 0.61095
35.00 90.00 0.30362
40.00 90.00 -0.89181E-01
45.00 90.00 -0.35744
50.00 90.00 -0.34823
55.00 90.00 -0.93888E-01
60.00 90.00 0.20016
65.00 90.00 0.30843
70.00 90.00 0.15602
80.00 90.00 -0.34826
-45.00 95.00 -0.66393
-40.00 95.00 -0.60939
-35.00 95.00 -0.40677
-30.00 95.00 -0.19677
-25.00 95.00 -0.97831E-01
-20.00 95.00 -0.11047
-15.00 95.00 -0.13200
-10.00 95.00 -0.64867E-01
-5.00 95.00 0.88606E-01
0.00 95.00 0.23674
5.00 95.00 0.29939
10.00 95.00 0.29255
15.00 95.00 0.30641
20.00 95.00 0.39642
25.00 95.00 0.50151
30.00 95.00 0.48364
35.00 95.00 0.26411
40.00 95.00 -0.72343E-01
45.00 95.00 -0.31659
-75.00 100.00 0.33984
-65.00 100.00 0.19837
-60.00 100.00 0.48103E-01
-55.00 100.00 -0.17984
-50.00 100.00 -0.40632
-45.00 100.00 -0.51275
-40.00 100.00 -0.44601
-35.00 100.00 -0.27480
-30.00 100.00 -0.13323
-25.00 100.00 -0.98500E-01
-20.00 100.00 -0.12087
-15.00 100.00 -0.78924E-01
-10.00 100.00 0.89470E-01
-5.00 100.00 0.30969
0.00 100.00 0.42911
5.00 100.00 0.36237
10.00 100.00 0.18274
15.00 100.00 0.63959E-01
20.00 100.00 0.11911
25.00 100.00 0.28782
30.00 100.00 0.38484
35.00 100.00 0.27299
40.00 100.00 0.20852E-02
45.00 100.00 -0.21999
50.00 100.00 -0.20527
55.00 100.00 0.44672E-01
60.00 100.00 0.33100
65.00 100.00 0.42029
75.00 100.00 -0.91634E-01
-70.00 105.00 0.31745
-45.00 105.00 -0.32340
-40.00 105.00 -0.26531
-35.00 105.00 -0.14401
-30.00 105.00 -0.70261E-01
-25.00 105.00 -0.74216E-01
-20.00 105.00 -0.66539E-01
-15.00 105.00 0.72982E-01
-10.00 105.00 0.35658
-5.00 105.00 0.63881
0.00 105.00 0.72118
5.00 105.00 0.52864
10.00 105.00 0.19492
15.00 105.00 -0.33979E-01
20.00 105.00 -0.33137E-02
25.00 105.00 0.21919
30.00 105.00 0.40589
35.00 105.00 0.37326
40.00 105.00 0.14534
45.00 105.00 -0.70510E-01
70.00 105.00 0.26399
-85.00 110.00 0.32524
-65.00 110.00 0.32737
-60.00 110.00 0.23967
-55.00 110.00 0.82166E-01
-50.00 110.00 -0.73608E-01
-45.00 110.00 -0.14051
-40.00 110.00 -0.10105
-35.00 110.00 -0.26549E-01
-30.00 110.00 0.24149E-03
-25.00 110.00 -0.14790E-01
-20.00 110.00 0.36127E-01
-15.00 110.00 0.25761
-10.00 110.00 0.61940
-5.00 110.00 0.93354
0.00 110.00 0.98618
5.00 110.00 0.72188
10.00 110.00 0.31353
15.00 110.00 0.40454E-01
20.00 110.00 0.67974E-01
25.00 110.00 0.31702
30.00 110.00 0.53964
35.00 110.00 0.53578
40.00 110.00 0.32122
45.00 110.00 0.10104
50.00 110.00 0.77501E-01
55.00 110.00 0.26670
60.00 110.00 0.48545
65.00 110.00 0.51360
85.00 110.00 -0.34628
-45.00 115.00 0.66898E-02
-40.00 115.00 0.35255E-01
-35.00 115.00 0.89173E-01
-30.00 115.00 0.10477
-25.00 115.00 0.98637E-01
-20.00 115.00 0.17017
-15.00 115.00 0.40268
-10.00 115.00 0.75075
-5.00 115.00 1.0327
0.00 115.00 1.0593
5.00 115.00 0.79763
10.00 115.00 0.42207
15.00 115.00 0.19073
20.00 115.00 0.24277
25.00 115.00 0.48910
30.00 115.00 0.69367
35.00 115.00 0.67670
40.00 115.00 0.46313
45.00 115.00 0.24868
-80.00 120.00 0.30566
-75.00 120.00 0.31995
-70.00 120.00 0.35513
-65.00 120.00 0.38138
-60.00 120.00 0.34940
-55.00 120.00 0.25285
-50.00 120.00 0.14784
-45.00 120.00 0.10567
-40.00 120.00 0.14585
-35.00 120.00 0.22002
-30.00 120.00 0.26715
-25.00 120.00 0.28507
-20.00 120.00 0.34005
-15.00 120.00 0.49506
-10.00 120.00 0.72336
-5.00 120.00 0.89991
0.00 120.00 0.89564
5.00 120.00 0.69795
10.00 120.00 0.44321
15.00 120.00 0.31835
20.00 120.00 0.40804
25.00 120.00 0.62117
30.00 120.00 0.76651
35.00 120.00 0.71623
40.00 120.00 0.51455
45.00 120.00 0.33525
50.00 120.00 0.32483
55.00 120.00 0.46990
60.00 120.00 0.60539
65.00 120.00 0.55537
70.00 120.00 0.28384
75.00 120.00 -0.74197E-01
80.00 120.00 -0.31886
-45.00 125.00 0.15297
-40.00 125.00 0.22879
-35.00 125.00 0.35999
-30.00 125.00 0.47485
-25.00 125.00 0.53239
-20.00 125.00 0.55119
-15.00 125.00 0.57714
-10.00 125.00 0.62499
-5.00 125.00 0.65623
0.00 125.00 0.61973
5.00 125.00 0.51618
10.00 125.00 0.41754
15.00 125.00 0.41232
20.00 125.00 0.52139
25.00 125.00 0.66504
30.00 125.00 0.72171
35.00 125.00 0.63351
40.00 125.00 0.46437
45.00 125.00 0.35210
-65.00 130.00 0.29079
-60.00 130.00 0.27128
-55.00 130.00 0.20359
-50.00 130.00 0.13793
-45.00 130.00 0.14664
-40.00 130.00 0.26695
-35.00 130.00 0.46674
-30.00 130.00 0.66213
-25.00 130.00 0.77273
-20.00 130.00 0.77001
-15.00 130.00 0.68402
-10.00 130.00 0.57127
-5.00 130.00 0.47685
0.00 130.00 0.42104
5.00 130.00 0.41007
10.00 130.00 0.44723
15.00 130.00 0.52568
20.00 130.00 0.61267
25.00 130.00 0.65283
30.00 130.00 0.60330
35.00 130.00 0.47716
40.00 130.00 0.35188
45.00 130.00 0.32073
50.00 130.00 0.41619
55.00 130.00 0.56787
60.00 130.00 0.63903
65.00 130.00 0.52375
-70.00 135.00 0.18395
-45.00 135.00 0.85883E-01
-40.00 135.00 0.23528
-35.00 135.00 0.47919
-30.00 135.00 0.73426
-25.00 135.00 0.90020
-20.00 135.00 0.91584
-15.00 135.00 0.79266
-10.00 135.00 0.60602
-5.00 135.00 0.45207
0.00 135.00 0.39799
5.00 135.00 0.45308
10.00 135.00 0.57158
15.00 135.00 0.67986
20.00 135.00 0.71210
25.00 135.00 0.64024
30.00 135.00 0.48862
35.00 135.00 0.32685
40.00 135.00 0.23872
45.00 135.00 0.27564
70.00 135.00 0.19091
-75.00 140.00 0.10220
-65.00 140.00 0.59290E-01
-60.00 140.00 0.19239E-01
-55.00 140.00 -0.33578E-01
-50.00 140.00 -0.63665E-01
-45.00 140.00 -0.22174E-01
-40.00 140.00 0.12282
-35.00 140.00 0.35951
-30.00 140.00 0.62606
-25.00 140.00 0.83332
-20.00 140.00 0.90886
-15.00 140.00 0.83912
-10.00 140.00 0.68219
-5.00 140.00 0.53869
0.00 140.00 0.49443
5.00 140.00 0.56956
10.00 140.00 0.70685
15.00 140.00 0.80724
20.00 140.00 0.79038
25.00 140.00 0.64257
30.00 140.00 0.42467
35.00 140.00 0.23778
40.00 140.00 0.16804
45.00 140.00 0.24006
50.00 140.00 0.40159
55.00 140.00 0.54680
60.00 140.00 0.56917
65.00 140.00 0.42013
75.00 140.00 -0.14671
-45.00 145.00 -0.15581
-40.00 145.00 -0.47334E-01
-35.00 145.00 0.13023
-30.00 145.00 0.35565
-25.00 145.00 0.57967
-20.00 145.00 0.73818
-15.00 145.00 0.78544
-10.00 145.00 0.72794
-5.00 145.00 0.62949
0.00 145.00 0.57474
5.00 145.00 0.61151
10.00 145.00 0.71392
15.00 145.00 0.79695
20.00 145.00 0.77503
25.00 145.00 0.62362
30.00 145.00 0.39991
35.00 145.00 0.20894
40.00 145.00 0.13948
45.00 145.00 0.21136
-80.00 150.00 0.31461E-01
-70.00 150.00 -0.16315
-65.00 150.00 -0.24816
-60.00 150.00 -0.31196
-55.00 150.00 -0.33815
-50.00 150.00 -0.32343
-45.00 150.00 -0.28021
-40.00 150.00 -0.21770
-35.00 150.00 -0.12314
-30.00 150.00 0.29958E-01
-25.00 150.00 0.24707
-20.00 150.00 0.48448
-15.00 150.00 0.66226
-10.00 150.00 0.71736
-5.00 150.00 0.65502
0.00 150.00 0.55099
5.00 150.00 0.49664
10.00 150.00 0.52872
15.00 150.00 0.60153
20.00 150.00 0.62540
25.00 150.00 0.54052
30.00 150.00 0.36718
35.00 150.00 0.19397
40.00 150.00 0.11520
45.00 150.00 0.16552
50.00 150.00 0.29701
55.00 150.00 0.40984
60.00 150.00 0.41246
65.00 150.00 0.27373
70.00 150.00 0.40097E-01
80.00 150.00 -0.31266
-45.00 155.00 -0.35946
-40.00 155.00 -0.32003
-35.00 155.00 -0.29117
-30.00 155.00 -0.20868
-25.00 155.00 -0.16323E-01
-20.00 155.00 0.26730
-15.00 155.00 0.53779
-10.00 155.00 0.67067
-5.00 155.00 0.61540
0.00 155.00 0.43838
5.00 155.00 0.27544
10.00 155.00 0.23002
15.00 155.00 0.29977
20.00 155.00 0.38942
25.00 155.00 0.39540
30.00 155.00 0.29036
35.00 155.00 0.14091
40.00 155.00 0.50376E-01
45.00 155.00 0.77271E-01
-75.00 160.00 -0.25193
-65.00 160.00 -0.54668
-60.00 160.00 -0.61674
-55.00 160.00 -0.59176
-50.00 160.00 -0.48842
-45.00 160.00 -0.37301
-40.00 160.00 -0.30992
-35.00 160.00 -0.29824
-30.00 160.00 -0.26135
-25.00 160.00 -0.11194
-20.00 160.00 0.15776
-15.00 160.00 0.44375
-10.00 160.00 0.59505
-5.00 160.00 0.52929
0.00 160.00 0.30286
5.00 160.00 0.73308E-01
10.00 160.00 -0.18060E-01
15.00 160.00 0.51940E-01
20.00 160.00 0.18321
25.00 160.00 0.24292
30.00 160.00 0.17318
35.00 160.00 0.29522E-01
40.00 160.00 -0.73572E-01
45.00 160.00 -0.57761E-01
50.00 160.00 0.60777E-01
55.00 160.00 0.18890
60.00 160.00 0.22717
65.00 160.00 0.13681
75.00 160.00 -0.21287
-85.00 165.00 0.46489E-01
-70.00 165.00 -0.52306
-45.00 165.00 -0.32658
-40.00 165.00 -0.19104
-35.00 165.00 -0.14222
-30.00 165.00 -0.12343
-25.00 165.00 -0.43216E-01
-20.00 165.00 0.13389
-15.00 165.00 0.33985
-10.00 165.00 0.44847
-5.00 165.00 0.38044
0.00 165.00 0.17738
5.00 165.00 -0.23012E-01
10.00 165.00 -0.93557E-01
15.00 165.00 -0.16691E-01
20.00 165.00 0.10721
25.00 165.00 0.14741
30.00 165.00 0.50919E-01
35.00 165.00 -0.11800
40.00 165.00 -0.23444
45.00 165.00 -0.21358
70.00 165.00 -0.64298E-01
85.00 165.00 -0.25609
-65.00 170.00 -0.76811
-60.00 170.00 -0.82464
-55.00 170.00 -0.74404
-50.00 170.00 -0.52883
-45.00 170.00 -0.25017
-40.00 170.00 -0.14290E-01
-35.00 170.00 0.10700
-30.00 170.00 0.12309
-25.00 170.00 0.10536
-20.00 170.00 0.11807
-15.00 170.00 0.16224
-10.00 170.00 0.18408
-5.00 170.00 0.13847
0.00 170.00 0.44676E-01
5.00 170.00 -0.22260E-01
10.00 170.00 -0.18287E-03
15.00 170.00 0.94763E-01
20.00 170.00 0.16990
25.00 170.00 0.12946
30.00 170.00 -0.41362E-01
35.00 170.00 -0.25462
40.00 170.00 -0.38069
45.00 170.00 -0.34347
50.00 170.00 -0.17451
55.00 170.00 0.13068E-01
60.00 170.00 0.10530
65.00 170.00 0.60190E-01
-45.00 175.00 -0.18407
-40.00 175.00 0.14636
-35.00 175.00 0.34492
-30.00 175.00 0.36217
-25.00 175.00 0.23610
-20.00 175.00 0.57635E-01
-15.00 175.00 -0.89066E-01
-10.00 175.00 -0.16374
-5.00 175.00 -0.16465
0.00 175.00 -0.10210
5.00 175.00 0.13380E-01
10.00 175.00 0.15640
15.00 175.00 0.27028
20.00 175.00 0.28161
25.00 175.00 0.14848
30.00 175.00 -0.94298E-01
35.00 175.00 -0.33792
40.00 175.00 -0.46008
45.00 175.00 -0.40379
-80.00 180.00 -0.30857
-75.00 180.00 -0.56081
-70.00 180.00 -0.75652
-65.00 180.00 -0.87955
-60.00 180.00 -0.90641
-55.00 180.00 -0.80030
-50.00 180.00 -0.53940
-45.00 180.00 -0.16042
-40.00 180.00 0.22665
-35.00 180.00 0.47920
-30.00 180.00 0.49891
-25.00 180.00 0.29191
-20.00 180.00 -0.31775E-01
-15.00 180.00 -0.31931
-10.00 180.00 -0.45364
-5.00 180.00 -0.40043
0.00 180.00 -0.20436
5.00 180.00 0.47096E-01
10.00 180.00 0.26148
15.00 180.00 0.36537
20.00 180.00 0.31968
25.00 180.00 0.13423
30.00 180.00 -0.12480
35.00 180.00 -0.35179
40.00 180.00 -0.44842
45.00 180.00 -0.37868
50.00 180.00 -0.19385
55.00 180.00 -0.42109E-02
60.00 180.00 0.88142E-01
65.00 180.00 0.50001E-01
70.00 180.00 -0.70323E-01
75.00 180.00 -0.18565
80.00 180.00 -0.23261
-45.00 -175 -0.18965
-40.00 -175 0.19652
-35.00 -175 0.46121
-30.00 -175 0.48513
-25.00 -175 0.25798
-20.00 -175 -0.10195
-15.00 -175 -0.41151
-10.00 -175 -0.52738
-5.00 -175 -0.41968
0.00 -175 -0.16998
5.00 -175 0.92604E-01
10.00 -175 0.26387
15.00 -175 0.30014
20.00 -175 0.21175
25.00 -175 0.40311E-01
30.00 -175 -0.15603
35.00 -175 -0.31028
40.00 -175 -0.36315
45.00 -175 -0.29247
-65.00 -170 -0.88989
-60.00 -170 -0.86755
-55.00 -170 -0.76294
-50.00 -170 -0.55807
-45.00 -170 -0.25770
-40.00 -170 0.68041E-01
-35.00 -170 0.29461
-30.00 -170 0.31658
-25.00 -170 0.13052
-20.00 -170 -0.14558
-15.00 -170 -0.34254
-10.00 -170 -0.35111
-5.00 -170 -0.18899
0.00 -170 0.25474E-01
5.00 -170 0.16550
10.00 -170 0.17738
15.00 -170 0.92794E-01
20.00 -170 -0.21617E-01
25.00 -170 -0.12090
30.00 -170 -0.19588
35.00 -170 -0.24643
40.00 -170 -0.25626
45.00 -170 -0.20269
50.00 -170 -0.91073E-01
55.00 -170 0.28057E-01
60.00 -170 0.86351E-01
65.00 -170 0.50221E-01
-70.00 -165 -0.84725
-45.00 -165 -0.33408
-40.00 -165 -0.11263
-35.00 -165 0.28477E-01
-30.00 -165 0.25081E-01
-25.00 -165 -0.97442E-01
-20.00 -165 -0.22310
-15.00 -165 -0.22616
-10.00 -165 -0.72882E-01
-5.00 -165 0.14433
0.00 -165 0.27517
5.00 -165 0.22806
10.00 -165 0.37724E-01
15.00 -165 -0.17069
20.00 -165 -0.28473
25.00 -165 -0.28365
30.00 -165 -0.23028
35.00 -165 -0.19530
40.00 -165 -0.19138
45.00 -165 -0.17636
70.00 -165 -0.43703E-01
-75.00 -160 -0.73784
-65.00 -160 -0.84803
-60.00 -160 -0.76016
-55.00 -160 -0.64458
-50.00 -160 -0.51763
-45.00 -160 -0.38677
-40.00 -160 -0.28381
-35.00 -160 -0.25747
-30.00 -160 -0.32106
-25.00 -160 -0.40909
-20.00 -160 -0.40319
-15.00 -160 -0.22519
-10.00 -160 0.78083E-01
-5.00 -160 0.34272
0.00 -160 0.39913
5.00 -160 0.20278
10.00 -160 -0.12594
15.00 -160 -0.39033
20.00 -160 -0.46284
25.00 -160 -0.36718
30.00 -160 -0.23446
35.00 -160 -0.18065
40.00 -160 -0.21616
45.00 -160 -0.26027
50.00 -160 -0.23359
55.00 -160 -0.13518
60.00 -160 -0.35628E-01
65.00 -160 -0.31704E-02
75.00 -160 -0.98798E-01
-45.00 -155 -0.39824
-40.00 -155 -0.39242
-35.00 -155 -0.47610
-30.00 -155 -0.62169
-25.00 -155 -0.72798
-20.00 -155 -0.67009
-15.00 -155 -0.40156
-10.00 -155 -0.22341E-01
-5.00 -155 0.26393
0.00 -155 0.28914
5.00 -155 0.50167E-01
10.00 -155 -0.28265
15.00 -155 -0.49298
20.00 -155 -0.48014
25.00 -155 -0.32236
30.00 -155 -0.19334
35.00 -155 -0.20984
40.00 -155 -0.34239
45.00 -155 -0.45837
-80.00 -150 -0.52104
-70.00 -150 -0.87905
-65.00 -150 -0.82070
-60.00 -150 -0.68423
-55.00 -150 -0.53943
-50.00 -150 -0.42745
-45.00 -150 -0.37625
-40.00 -150 -0.41757
-35.00 -150 -0.56662
-30.00 -150 -0.77719
-25.00 -150 -0.93048
-20.00 -150 -0.89797
-15.00 -150 -0.64527
-10.00 -150 -0.28598
-5.00 -150 -0.20479E-01
0.00 -150 0.84124E-02
5.00 -150 -0.17251
10.00 -150 -0.38725
15.00 -150 -0.45440
20.00 -150 -0.33578
25.00 -150 -0.16278
30.00 -150 -0.11823
35.00 -150 -0.27682
40.00 -150 -0.54162
45.00 -150 -0.72654
50.00 -150 -0.70702
55.00 -150 -0.50803
60.00 -150 -0.26345
65.00 -150 -0.98043E-01
70.00 -150 -0.42929E-01
80.00 -150 -0.68559E-01
-45.00 -145 -0.35392
-40.00 -145 -0.38411
-35.00 -145 -0.52883
-30.00 -145 -0.74620
-25.00 -145 -0.92323
-20.00 -145 -0.93903
-15.00 -145 -0.76145
-10.00 -145 -0.48937
-5.00 -145 -0.28733
0.00 -145 -0.25523
5.00 -145 -0.34449
10.00 -145 -0.40196
15.00 -145 -0.31124
20.00 -145 -0.10865
25.00 -145 0.33698E-01
30.00 -145 -0.49488E-01
35.00 -145 -0.36901
40.00 -145 -0.75681
45.00 -145 -0.98693
-85.00 -140 -0.16893
-75.00 -140 -0.81125
-65.00 -140 -0.84525
-60.00 -140 -0.72331
-55.00 -140 -0.58895
-50.00 -140 -0.46645
-45.00 -140 -0.37614
-40.00 -140 -0.35504
-35.00 -140 -0.43366
-30.00 -140 -0.58877
-25.00 -140 -0.73108
-20.00 -140 -0.76029
-15.00 -140 -0.64882
-10.00 -140 -0.47390
-5.00 -140 -0.35566
0.00 -140 -0.34834
5.00 -140 -0.38567
10.00 -140 -0.34116
15.00 -140 -0.15770
20.00 -140 0.71552E-01
25.00 -140 0.15561
30.00 -140 -0.41169E-01
35.00 -140 -0.47282
40.00 -140 -0.92395
45.00 -140 -1.1558
50.00 -140 -1.0686
55.00 -140 -0.75119
60.00 -140 -0.39228
65.00 -140 -0.13894
75.00 -140 0.66301E-02
85.00 -140 -0.63432E-01
-70.00 -135 -0.90501
-45.00 -135 -0.47586
-40.00 -135 -0.39934
-35.00 -135 -0.39045
-30.00 -135 -0.44733
-25.00 -135 -0.50946
-20.00 -135 -0.50208
-15.00 -135 -0.40746
-10.00 -135 -0.28990
-5.00 -135 -0.23904
0.00 -135 -0.27860
5.00 -135 -0.33108
10.00 -135 -0.28452
15.00 -135 -0.10947
20.00 -135 0.83390E-01
25.00 -135 0.11134
30.00 -135 -0.13235
35.00 -135 -0.57419
40.00 -135 -0.99392
45.00 -135 -1.1738
70.00 -135 0.58437E-02
-65.00 -130 -0.89188
-60.00 -130 -0.84845
-55.00 -130 -0.80438
-50.00 -130 -0.74382
-45.00 -130 -0.65112
-40.00 -130 -0.54831
-35.00 -130 -0.47914
-30.00 -130 -0.45835
-25.00 -130 -0.44665
-20.00 -130 -0.38654
-15.00 -130 -0.26756
-10.00 -130 -0.15096
-5.00 -130 -0.11923
0.00 -130 -0.19280
5.00 -130 -0.29743
10.00 -130 -0.32451
15.00 -130 -0.23644
20.00 -130 -0.11819
25.00 -130 -0.11780
30.00 -130 -0.31888
35.00 -130 -0.65536
40.00 -130 -0.94644
45.00 -130 -1.0257
50.00 -130 -0.85705
55.00 -130 -0.54532
60.00 -130 -0.24346
65.00 -130 -0.45368E-01
-45.00 -125 -0.85716
-40.00 -125 -0.76672
-35.00 -125 -0.68883
-30.00 -125 -0.64943
-25.00 -125 -0.61796
-20.00 -125 -0.53733
-15.00 -125 -0.39115
-10.00 -125 -0.23786
-5.00 -125 -0.16989
0.00 -125 -0.23088
5.00 -125 -0.37036
10.00 -125 -0.48384
15.00 -125 -0.50499
20.00 -125 -0.46402
25.00 -125 -0.45543
30.00 -125 -0.54344
35.00 -125 -0.69325
40.00 -125 -0.79266
45.00 -125 -0.74479
-80.00 -120 -0.53832
-75.00 -120 -0.77410
-70.00 -120 -0.86393
-65.00 -120 -0.88429
-60.00 -120 -0.91868
-55.00 -120 -0.98386
-50.00 -120 -1.0333
-45.00 -120 -1.0223
-40.00 -120 -0.96275
-35.00 -120 -0.91065
-30.00 -120 -0.90257
-25.00 -120 -0.90966
-20.00 -120 -0.86155
-15.00 -120 -0.72026
-10.00 -120 -0.53124
-5.00 -120 -0.39796
0.00 -120 -0.39917
5.00 -120 -0.52393
10.00 -120 -0.68301
15.00 -120 -0.78364
20.00 -120 -0.79692
25.00 -120 -0.75913
30.00 -120 -0.71481
35.00 -120 -0.66425
40.00 -120 -0.56802
45.00 -120 -0.39931
50.00 -120 -0.18599
55.00 -120 0.34970E-02
60.00 -120 0.11621
65.00 -120 0.15452
70.00 -120 0.15882
75.00 -120 0.15320
80.00 -120 0.11425
-45.00 -115 -1.0828
-40.00 -115 -1.0374
-35.00 -115 -1.0004
-30.00 -115 -1.0243
-25.00 -115 -1.0866
-20.00 -115 -1.1041
-15.00 -115 -1.0107
-10.00 -115 -0.82584
-5.00 -115 -0.64872
0.00 -115 -0.58219
5.00 -115 -0.65387
10.00 -115 -0.80096
15.00 -115 -0.92426
20.00 -115 -0.95704
25.00 -115 -0.89080
30.00 -115 -0.74987
35.00 -115 -0.55545
40.00 -115 -0.31990
45.00 -115 -0.68891E-01
-65.00 -110 -0.77373
-60.00 -110 -0.82246
-55.00 -110 -0.92459
-50.00 -110 -1.0123
-45.00 -110 -1.0171
-40.00 -110 -0.94520
-35.00 -110 -0.87464
-30.00 -110 -0.88086
-25.00 -110 -0.96251
-20.00 -110 -1.0400
-15.00 -110 -1.0274
-10.00 -110 -0.91045
-5.00 -110 -0.75983
0.00 -110 -0.67153
5.00 -110 -0.69010
10.00 -110 -0.78059
15.00 -110 -0.86386
20.00 -110 -0.87414
25.00 -110 -0.78847
30.00 -110 -0.61588
35.00 -110 -0.37563
40.00 -110 -0.94581E-01
45.00 -110 0.18021
50.00 -110 0.38399
55.00 -110 0.46733
60.00 -110 0.43508
65.00 -110 0.34804
-70.00 -105 -0.70111
-45.00 -105 -0.85945
-40.00 -105 -0.72629
-35.00 -105 -0.57215
-30.00 -105 -0.49944
-25.00 -105 -0.54321
-20.00 -105 -0.64999
-15.00 -105 -0.73268
-10.00 -105 -0.74486
-5.00 -105 -0.70750
0.00 -105 -0.67279
5.00 -105 -0.66882
10.00 -105 -0.67845
15.00 -105 -0.66392
20.00 -105 -0.60242
25.00 -105 -0.49502
30.00 -105 -0.34786
35.00 -105 -0.15797
40.00 -105 0.73064E-01
45.00 -105 0.31256
70.00 -105 0.32148
-75.00 -100 -0.61710
-65.00 -100 -0.58973
-60.00 -100 -0.60009
-55.00 -100 -0.67758
-50.00 -100 -0.73776
-45.00 -100 -0.67982
-40.00 -100 -0.48357
-35.00 -100 -0.23372
-30.00 -100 -0.55946E-01
-25.00 -100 -0.26726E-01
-20.00 -100 -0.13322
-15.00 -100 -0.30479
-10.00 -100 -0.47280
-5.00 -100 -0.60176
0.00 -100 -0.67721
5.00 -100 -0.68301
10.00 -100 -0.60420
15.00 -100 -0.45195
20.00 -100 -0.27426
25.00 -100 -0.12781
30.00 -100 -0.31733E-01
35.00 -100 0.48686E-01
40.00 -100 0.16533
45.00 -100 0.32892
50.00 -100 0.48748
55.00 -100 0.56759
60.00 -100 0.54070
65.00 -100 0.44829
75.00 -100 0.29166
-45.00 -95 -0.54293
-40.00 -95 -0.31825
-35.00 -95 -0.97770E-02
-30.00 -95 0.24539
-25.00 -95 0.34007
-20.00 -95 0.24985
-15.00 -95 0.21781E-01
-10.00 -95 -0.26837
-5.00 -95 -0.54359
0.00 -95 -0.72876
5.00 -95 -0.75741
10.00 -95 -0.60322
15.00 -95 -0.31537
20.00 -95 -0.11876E-01
25.00 -95 0.18578
30.00 -95 0.23424
35.00 -95 0.19586
40.00 -95 0.18234
45.00 -95 0.25958
-80.00 -90 -0.38480
-70.00 -90 -0.49649
-65.00 -90 -0.40833
-60.00 -90 -0.37862
-55.00 -90 -0.44011
-50.00 -90 -0.51069
-45.00 -90 -0.46965
-40.00 -90 -0.26520
-35.00 -90 0.39404E-01
-30.00 -90 0.31142
-25.00 -90 0.43589
-20.00 -90 0.37155
-15.00 -90 0.14727
-10.00 -90 -0.17052
-5.00 -90 -0.49737
0.00 -90 -0.73367
5.00 -90 -0.78230
10.00 -90 -0.59880
15.00 -90 -0.24190
20.00 -90 0.13375
25.00 -90 0.36248
30.00 -90 0.37671
35.00 -90 0.25101
40.00 -90 0.13868
45.00 -90 0.15041
50.00 -90 0.27718
55.00 -90 0.41893
60.00 -90 0.48337
65.00 -90 0.45834
70.00 -90 0.39399
80.00 -90 0.22866
-85.00 -85 -0.81842E-01
-45.00 -85 -0.42606
-40.00 -85 -0.27229
-35.00 -85 -0.19980E-01
-30.00 -85 0.21530
-25.00 -85 0.33554
-20.00 -85 0.30951
-15.00 -85 0.16132
-10.00 -85 -0.65071E-01
-5.00 -85 -0.31797
0.00 -85 -0.52426
5.00 -85 -0.59214
10.00 -85 -0.45930
15.00 -85 -0.15708
20.00 -85 0.17790
25.00 -85 0.37931
30.00 -85 0.36704
35.00 -85 0.20716
40.00 -85 0.58565E-01
45.00 -85 0.47586E-01
85.00 -85 0.57382E-01
-75.00 -80 -0.43524
-65.00 -80 -0.27933
-60.00 -80 -0.21558
-55.00 -80 -0.25396
-50.00 -80 -0.33397
-45.00 -80 -0.34710
-40.00 -80 -0.23765
-35.00 -80 -0.47087E-01
-30.00 -80 0.13075
-25.00 -80 0.23015
-20.00 -80 0.25069
-15.00 -80 0.22631
-10.00 -80 0.17434
-5.00 -80 0.86292E-01
0.00 -80 -0.32797E-01
5.00 -80 -0.13097
10.00 -80 -0.13429
15.00 -80 -0.17118E-01
20.00 -80 0.15399
25.00 -80 0.25914
30.00 -80 0.22333
35.00 -80 0.85773E-01
40.00 -80 -0.28565E-01
45.00 -80 -0.13852E-01
50.00 -80 0.13007
55.00 -80 0.30704
60.00 -80 0.41492
65.00 -80 0.42590
75.00 -80 0.32188
-70.00 -75 -0.35753
-45.00 -75 -0.17950
-40.00 -75 -0.79317E-01
-35.00 -75 0.72852E-01
-30.00 -75 0.20075
-25.00 -75 0.27209
-20.00 -75 0.32408
-15.00 -75 0.41094
-10.00 -75 0.53181
-5.00 -75 0.61753
0.00 -75 0.59304
5.00 -75 0.45265
10.00 -75 0.27089
15.00 -75 0.13706
20.00 -75 0.79059E-01
25.00 -75 0.52394E-01
30.00 -75 0.25029E-02
35.00 -75 -0.66894E-01
40.00 -75 -0.91974E-01
45.00 -75 -0.15818E-01
70.00 -75 0.35602
-65.00 -70 -0.19989
-60.00 -70 -0.75690E-01
-55.00 -70 -0.13054E-01
-50.00 -70 0.17212E-01
-45.00 -70 0.82932E-01
-40.00 -70 0.20959
-35.00 -70 0.35091
-30.00 -70 0.44084
-25.00 -70 0.47097
-20.00 -70 0.50890
-15.00 -70 0.63210
-10.00 -70 0.83910
-5.00 -70 1.0268
0.00 -70 1.0622
5.00 -70 0.88674
10.00 -70 0.56166
15.00 -70 0.21821
20.00 -70 -0.36068E-01
25.00 -70 -0.17128
30.00 -70 -0.21406
35.00 -70 -0.19152
40.00 -70 -0.10564
45.00 -70 0.41376E-01
50.00 -70 0.21226
55.00 -70 0.34185
60.00 -70 0.38622
65.00 -70 0.35978
-45.00 -65 0.39279
-40.00 -65 0.55494
-35.00 -65 0.69073
-30.00 -65 0.74211
-25.00 -65 0.71299
-20.00 -65 0.68480
-15.00 -65 0.75101
-10.00 -65 0.92539
-5.00 -65 1.1096
0.00 -65 1.1563
5.00 -65 0.97727
10.00 -65 0.60861
15.00 -65 0.18337
20.00 -65 -0.15621
25.00 -65 -0.33266
30.00 -65 -0.34560
35.00 -65 -0.23708
40.00 -65 -0.57759E-01
45.00 -65 0.14006
-80.00 -60 -0.16407
-75.00 -60 -0.29462
-70.00 -60 -0.28793
-65.00 -60 -0.14823
-60.00 -60 0.61588E-01
-55.00 -60 0.27887
-50.00 -60 0.48111
-45.00 -60 0.67312
-40.00 -60 0.84490
-35.00 -60 0.95413
-30.00 -60 0.95885
-25.00 -60 0.86903
-20.00 -60 0.75970
-15.00 -60 0.72118
-10.00 -60 0.78381
-5.00 -60 0.88364
0.00 -60 0.90301
5.00 -60 0.75574
10.00 -60 0.44974
15.00 -60 0.82215E-01
20.00 -60 -0.22096
25.00 -60 -0.37117
30.00 -60 -0.34716
35.00 -60 -0.18643
40.00 -60 0.39521E-01
45.00 -60 0.24850
50.00 -60 0.37129
55.00 -60 0.37941
60.00 -60 0.30288
65.00 -60 0.21371
70.00 -60 0.17187
75.00 -60 0.17348
80.00 -60 0.14758
-45.00 -55 0.85538
-40.00 -55 0.99129
-35.00 -55 1.0449
-30.00 -55 1.0066
-25.00 -55 0.89221
-20.00 -55 0.75060
-15.00 -55 0.64049
-10.00 -55 0.59144
-5.00 -55 0.58096
0.00 -55 0.54913
5.00 -55 0.44125
10.00 -55 0.24722
15.00 -55 0.11390E-01
20.00 -55 -0.18970
25.00 -55 -0.28453
30.00 -55 -0.23884
35.00 -55 -0.71752E-01
40.00 -55 0.14811
45.00 -55 0.32816
-65.00 -50 -0.11689
-60.00 -50 0.15214
-55.00 -50 0.46871
-50.00 -50 0.73958
-45.00 -50 0.90832
-40.00 -50 0.97005
-35.00 -50 0.95530
-30.00 -50 0.90110
-25.00 -50 0.83044
-20.00 -50 0.74950
-15.00 -50 0.65745
-10.00 -50 0.55665
-5.00 -50 0.45407
0.00 -50 0.35442
5.00 -50 0.25374
10.00 -50 0.14265
15.00 -50 0.20606E-01
20.00 -50 -0.89826E-01
25.00 -50 -0.14459
30.00 -50 -0.10305
35.00 -50 0.36213E-01
40.00 -50 0.21682
45.00 -50 0.34592
50.00 -50 0.35003
55.00 -50 0.22850
60.00 -50 0.60607E-01
65.00 -50 -0.47697E-01
-70.00 -45 -0.23306
-45.00 -45 0.84333
-40.00 -45 0.82059
-35.00 -45 0.75251
-30.00 -45 0.72434
-25.00 -45 0.76174
-20.00 -45 0.81908
-15.00 -45 0.82271
-10.00 -45 0.73171
-5.00 -45 0.56719
0.00 -45 0.38970
5.00 -45 0.24873
10.00 -45 0.15026
15.00 -45 0.69337E-01
20.00 -45 -0.82479E-02
25.00 -45 -0.58793E-01
30.00 -45 -0.38500E-01
35.00 -45 0.66796E-01
40.00 -45 0.20717
45.00 -45 0.28846
70.00 -45 -0.16743
-75.00 -40 -0.14710
-65.00 -40 -0.10884
-60.00 -40 0.14609
-55.00 -40 0.44768
-50.00 -40 0.65707
-45.00 -40 0.69817
-40.00 -40 0.61222
-35.00 -40 0.52658
-30.00 -40 0.55768
-25.00 -40 0.72183
-20.00 -40 0.92338
-15.00 -40 1.0282
-10.00 -40 0.96222
-5.00 -40 0.75755
0.00 -40 0.51412
5.00 -40 0.31764
10.00 -40 0.18577
15.00 -40 0.83655E-01
20.00 -40 -0.15901E-01
25.00 -40 -0.91478E-01
30.00 -40 -0.93198E-01
35.00 -40 -0.43238E-02
40.00 -40 0.11834
45.00 -40 0.17160
50.00 -40 0.85098E-01
55.00 -40 -0.11386
60.00 -40 -0.30974
65.00 -40 -0.38133
75.00 -40 -0.12596
-45.00 -35 0.51283
-40.00 -35 0.40366
-35.00 -35 0.33936
-30.00 -35 0.43650
-25.00 -35 0.68637
-20.00 -35 0.95722
-15.00 -35 1.0916
-10.00 -35 1.0191
-5.00 -35 0.79446
0.00 -35 0.53770
5.00 -35 0.33553
10.00 -35 0.19090
15.00 -35 0.56801E-01
20.00 -35 -0.88748E-01
25.00 -35 -0.20470
30.00 -35 -0.22470
35.00 -35 -0.13368
40.00 -35 -0.62620E-02
45.00 -35 0.37316E-01
-85.00 -30 0.19577
-80.00 -30 0.95960E-01
-70.00 -30 -0.15157
-65.00 -30 -0.11804
-60.00 -30 0.45578E-01
-55.00 -30 0.24075
-50.00 -30 0.34502
-45.00 -30 0.31311
-40.00 -30 0.22028
-35.00 -30 0.20433
-30.00 -30 0.34962
-25.00 -30 0.61061
-20.00 -30 0.84177
-15.00 -30 0.90987
-10.00 -30 0.79342
-5.00 -30 0.58606
0.00 -30 0.40669
5.00 -30 0.30022
10.00 -30 0.21689
15.00 -30 0.83152E-01
20.00 -30 -0.10813
25.00 -30 -0.27650
30.00 -30 -0.32419
35.00 -30 -0.23349
40.00 -30 -0.99600E-01
45.00 -30 -0.63232E-01
50.00 -30 -0.19694
55.00 -30 -0.44097
60.00 -30 -0.64342
65.00 -30 -0.67280
70.00 -30 -0.51352
80.00 -30 -0.97439E-01
85.00 -30 -0.73534E-01
-45.00 -25 0.10945
-40.00 -25 0.57473E-01
-35.00 -25 0.99946E-01
-30.00 -25 0.26879
-25.00 -25 0.47969
-20.00 -25 0.59595
-15.00 -25 0.54512
-10.00 -25 0.38395
-5.00 -25 0.25008
0.00 -25 0.24047
5.00 -25 0.32491
10.00 -25 0.37340
15.00 -25 0.27490
20.00 -25 0.41656E-01
25.00 -25 -0.19478
30.00 -25 -0.29411
35.00 -25 -0.22843
40.00 -25 -0.10864
45.00 -25 -0.93266E-01
-75.00 -20 0.54238E-01
-65.00 -20 -0.12374
-60.00 -20 -0.94688E-01
-55.00 -20 -0.49629E-01
-50.00 -20 -0.51106E-01
-45.00 -20 -0.92463E-01
-40.00 -20 -0.98299E-01
-35.00 -20 -0.95190E-03
-30.00 -20 0.17753
-25.00 -20 0.32313
-20.00 -20 0.32283
-15.00 -20 0.17481
-10.00 -20 0.11294E-01
-5.00 -20 -0.15949E-04
0.00 -20 0.20051
5.00 -20 0.50015
10.00 -20 0.69123
15.00 -20 0.63169
20.00 -20 0.35612
25.00 -20 0.44732E-01
30.00 -20 -0.12283
35.00 -20 -0.10653
40.00 -20 -0.25321E-01
45.00 -20 -0.47496E-01
50.00 -20 -0.24793
55.00 -20 -0.54804
60.00 -20 -0.77936
65.00 -20 -0.81098
75.00 -20 -0.37849
-70.00 -15 -0.28176E-01
-45.00 -15 -0.27951
-40.00 -15 -0.24754
-35.00 -15 -0.10660
-30.00 -15 0.81584E-01
-25.00 -15 0.18957
-20.00 -15 0.13185
-15.00 -15 -0.40247E-01
-10.00 -15 -0.15188
-5.00 -15 -0.33683E-01
0.00 -15 0.33224
5.00 -15 0.77444
10.00 -15 1.0443
15.00 -15 0.99490
20.00 -15 0.68415
25.00 -15 0.32148
30.00 -15 0.10359
35.00 -15 0.73413E-01
40.00 -15 0.11022
45.00 -15 0.47455E-01
70.00 -15 -0.65603
-65.00 -10 -0.10466
-60.00 -10 -0.20057
-55.00 -10 -0.29143
-50.00 -10 -0.38140
-45.00 -10 -0.42714
-40.00 -10 -0.36866
-35.00 -10 -0.19806
-30.00 -10 0.37776E-02
-25.00 -10 0.11356
-20.00 -10 0.70002E-01
-15.00 -10 -0.53614E-01
-10.00 -10 -0.84828E-01
-5.00 -10 0.11693
0.00 -10 0.53488
5.00 -10 0.98289
10.00 -10 1.2271
15.00 -10 1.1503
20.00 -10 0.83116
25.00 -10 0.47640
30.00 -10 0.26452
35.00 -10 0.22401
40.00 -10 0.23632
45.00 -10 0.14939
50.00 -10 -0.95839E-01
55.00 -10 -0.42271
60.00 -10 -0.68134
65.00 -10 -0.75727
-45.00 -5 -0.50720
-40.00 -5 -0.42636
-35.00 -5 -0.23799
-30.00 -5 -0.25846E-01
-25.00 -5 0.10521
-20.00 -5 0.11494
-15.00 -5 0.72870E-01
-10.00 -5 0.11360
-5.00 -5 0.32792
0.00 -5 0.67619
5.00 -5 0.99964
10.00 -5 1.1280
15.00 -5 1.0016
20.00 -5 0.71278
25.00 -5 0.43424
30.00 -5 0.29335
35.00 -5 0.28851
40.00 -5 0.30717
45.00 -5 0.22307
90.00 0.00 -0.17505
-90.00 0.00 0.20167
