-85.00 0.00 0.41495
-80.00 0.00 0.36527
-75.00 0.00 0.30805
-70.00 0.00 0.29174
-65.00 0.00 0.31187
-60.00 0.00 0.30938
-55.00 0.00 0.21844
-50.00 0.00 0.22793E-01
-45.00 0.00 -0.22611
-40.00 0.00 -0.44456
-35.00 0.00 -0.57549
-30.00 0.00 -0.62296
-25.00 0.00 -0.63667
-20.00 0.00 -0.66242
-15.00 0.00 -0.70090
-10.00 0.00 -0.70713
-5.00 0.00 -0.62881
0.00 0.00 -0.45218
5.00 0.00 -0.22077
10.00 0.00 -0.15111E-01
15.00 0.00 0.91059E-01
20.00 0.00 0.69106E-01
25.00 0.00 -0.52842E-01
30.00 0.00 -0.20771
35.00 0.00 -0.32357
40.00 0.00 -0.35531
45.00 0.00 -0.29968
50.00 0.00 -0.18904
55.00 0.00 -0.69626E-01
60.00 0.00 0.23282E-01
65.00 0.00 0.79926E-01
70.00 0.00 0.11362
75.00 0.00 0.14630
80.00 0.00 0.19021
85.00 0.00 0.24196
-45.00 5.00 -0.25093
-40.00 5.00 -0.53483
-35.00 5.00 -0.74496
-30.00 5.00 -0.84874
-25.00 5.00 -0.86979
-20.00 5.00 -0.85561
-15.00 5.00 -0.83276
-10.00 5.00 -0.78610
-5.00 5.00 -0.67763
0.00 5.00 -0.48845
5.00 5.00 -0.24928
10.00 5.00 -0.33937E-01
15.00 5.00 0.81426E-01
20.00 5.00 0.64887E-01
25.00 5.00 -0.51245E-01
30.00 5.00 -0.19024
35.00 5.00 -0.27591
40.00 5.00 -0.27240
45.00 5.00 -0.19478
-65.00 10.00 0.27425
-60.00 10.00 0.28388
-55.00 10.00 0.22830
-50.00 10.00 0.50908E-01
-45.00 10.00 -0.24025
-40.00 10.00 -0.56937
-35.00 10.00 -0.83737
-30.00 10.00 -0.98142
-25.00 10.00 -1.0058
-20.00 10.00 -0.96350
-15.00 10.00 -0.90581
-10.00 10.00 -0.84298
-5.00 10.00 -0.74641
0.00 10.00 -0.58837
5.00 10.00 -0.38309
10.00 10.00 -0.19175
15.00 10.00 -0.84629E-01
20.00 10.00 -0.90032E-01
25.00 10.00 -0.17139
30.00 10.00 -0.25146
35.00 10.00 -0.26466
40.00 10.00 -0.19724
45.00 10.00 -0.86864E-01
50.00 10.00 0.12929E-01
55.00 10.00 0.71744E-01
60.00 10.00 0.95288E-01
65.00 10.00 0.10859
-70.00 15.00 0.26282
-45.00 15.00 -0.20889
-40.00 15.00 -0.55463
-35.00 15.00 -0.84582
-30.00 15.00 -1.0010
-25.00 15.00 -1.0171
-20.00 15.00 -0.95740
-15.00 15.00 -0.89394
-10.00 15.00 -0.85204
-5.00 15.00 -0.80295
0.00 15.00 -0.70603
5.00 15.00 -0.55931
10.00 15.00 -0.41160
15.00 15.00 -0.32444
20.00 15.00 -0.31825
25.00 15.00 -0.35138
30.00 15.00 -0.35166
35.00 15.00 -0.27368
40.00 15.00 -0.13314
45.00 15.00 0.93329E-02
70.00 15.00 0.13777
-75.00 20.00 0.32726
-65.00 20.00 0.22864
-60.00 20.00 0.24672
-55.00 20.00 0.22845
-50.00 20.00 0.92278E-01
-45.00 20.00 -0.17979
-40.00 20.00 -0.51548
-35.00 20.00 -0.79420
-30.00 20.00 -0.92781
-25.00 20.00 -0.91731
-20.00 20.00 -0.84076
-15.00 20.00 -0.78522
-10.00 20.00 -0.78097
-5.00 20.00 -0.79160
0.00 20.00 -0.76256
5.00 20.00 -0.67961
10.00 20.00 -0.58256
15.00 20.00 -0.52389
20.00 20.00 -0.51351
25.00 20.00 -0.50376
30.00 20.00 -0.43019
35.00 20.00 -0.27142
40.00 20.00 -0.73165E-01
45.00 20.00 0.85690E-01
50.00 20.00 0.15442
55.00 20.00 0.14544
60.00 20.00 0.11525
65.00 20.00 0.11309
75.00 20.00 0.18774
-45.00 25.00 -0.17470
-40.00 25.00 -0.48313
-35.00 25.00 -0.72315
-30.00 25.00 -0.80866
-25.00 25.00 -0.75215
-20.00 25.00 -0.64775
-15.00 25.00 -0.59324
-10.00 25.00 -0.61839
-5.00 25.00 -0.67756
0.00 25.00 -0.70563
5.00 25.00 -0.68070
10.00 25.00 -0.63554
15.00 25.00 -0.61212
20.00 25.00 -0.60794
25.00 25.00 -0.57004
30.00 25.00 -0.44444
35.00 25.00 -0.23446
40.00 25.00 -0.10921E-01
45.00 25.00 0.13835
-80.00 30.00 0.43190
-70.00 30.00 0.21928
-65.00 30.00 0.16318
-60.00 30.00 0.16249
-55.00 30.00 0.14638
-50.00 30.00 0.30266E-01
-45.00 30.00 -0.20444
-40.00 30.00 -0.47918
-35.00 30.00 -0.66814
-30.00 30.00 -0.69171
-25.00 30.00 -0.57625
-20.00 30.00 -0.43037
-15.00 30.00 -0.35967
-10.00 30.00 -0.39315
-5.00 30.00 -0.48006
0.00 30.00 -0.55032
5.00 30.00 -0.57697
10.00 30.00 -0.58365
15.00 30.00 -0.59784
20.00 30.00 -0.60388
25.00 30.00 -0.54754
30.00 30.00 -0.39055
35.00 30.00 -0.16115
40.00 30.00 0.52510E-01
45.00 30.00 0.16569
50.00 30.00 0.16212
55.00 30.00 0.10253
60.00 30.00 0.69905E-01
65.00 30.00 0.10199
70.00 30.00 0.17127
80.00 30.00 0.23969
-45.00 35.00 -0.26366
-40.00 35.00 -0.50499
-35.00 35.00 -0.64202
-30.00 35.00 -0.60380
-25.00 35.00 -0.42933
-20.00 35.00 -0.23778
-15.00 35.00 -0.13975
-10.00 35.00 -0.16525
-5.00 35.00 -0.26413
0.00 35.00 -0.36648
5.00 35.00 -0.44048
10.00 35.00 -0.49604
15.00 35.00 -0.54193
20.00 35.00 -0.55047
25.00 35.00 -0.47315
30.00 35.00 -0.29448
35.00 35.00 -0.67826E-01
40.00 35.00 0.10976
45.00 35.00 0.16862
-75.00 40.00 0.32673
-65.00 40.00 0.83737E-01
-60.00 40.00 0.42638E-01
-55.00 40.00 -0.22616E-02
-50.00 40.00 -0.12520
-45.00 40.00 -0.33348
-40.00 40.00 -0.54230
-35.00 40.00 -0.63210
-30.00 40.00 -0.54253
-25.00 40.00 -0.32303
-20.00 40.00 -0.97874E-01
-15.00 40.00 0.22101E-01
-10.00 40.00 0.65367E-02
-5.00 40.00 -0.98040E-01
0.00 40.00 -0.22522
5.00 40.00 -0.33864
10.00 40.00 -0.43232
15.00 40.00 -0.49531
20.00 40.00 -0.49135
25.00 40.00 -0.38431
30.00 40.00 -0.18633
35.00 40.00 0.25649E-01
40.00 40.00 0.15370
45.00 40.00 0.15224
50.00 40.00 0.66014E-01
55.00 40.00 -0.50285E-02
60.00 40.00 0.13604E-01
65.00 40.00 0.11446
75.00 40.00 0.27559
-70.00 45.00 0.16324
-45.00 45.00 -0.39073
-40.00 45.00 -0.56492
-35.00 45.00 -0.61247
-30.00 45.00 -0.48654
-25.00 45.00 -0.24530
-20.00 45.00 -0.12035E-01
-15.00 45.00 0.10977
-10.00 45.00 0.94827E-01
-5.00 45.00 -0.12611E-01
0.00 45.00 -0.15170
5.00 45.00 -0.28540
10.00 45.00 -0.39626
15.00 45.00 -0.45829
20.00 45.00 -0.43097
25.00 45.00 -0.29275
30.00 45.00 -0.81697E-01
35.00 45.00 0.10745
40.00 45.00 0.18276
45.00 45.00 0.12638
70.00 45.00 0.26601
-65.00 50.00 0.97689E-02
-60.00 50.00 -0.66811E-01
-55.00 50.00 -0.13432
-50.00 50.00 -0.25243
-45.00 50.00 -0.41879
-40.00 50.00 -0.55439
-35.00 50.00 -0.56358
-30.00 50.00 -0.41602
-25.00 50.00 -0.17768
-20.00 50.00 0.34934E-01
-15.00 50.00 0.13466
-10.00 50.00 0.10990
-5.00 50.00 0.69453E-02
0.00 50.00 -0.12112
5.00 50.00 -0.24483
10.00 50.00 -0.34635
15.00 50.00 -0.39387
20.00 50.00 -0.34573
25.00 50.00 -0.19068
30.00 50.00 0.16936E-01
35.00 50.00 0.17444
40.00 50.00 0.20080
45.00 50.00 0.10349
50.00 50.00 -0.20319E-01
55.00 50.00 -0.56937E-01
60.00 50.00 0.34903E-01
65.00 50.00 0.19509
-85.00 55.00 0.47822
-45.00 55.00 -0.41413
-40.00 55.00 -0.50997
-35.00 55.00 -0.48594
-30.00 55.00 -0.32916
-25.00 55.00 -0.11223
-20.00 55.00 0.59309E-01
-15.00 55.00 0.12147
-10.00 55.00 0.83571E-01
-5.00 55.00 -0.20597E-02
0.00 55.00 -0.92702E-01
5.00 55.00 -0.17605
10.00 55.00 -0.24668
15.00 55.00 -0.27648
20.00 55.00 -0.22321
25.00 55.00 -0.76818E-01
30.00 55.00 0.10597
35.00 55.00 0.22543
40.00 55.00 0.21329
45.00 55.00 0.94881E-01
85.00 55.00 0.25706
-80.00 60.00 0.44928
-75.00 60.00 0.30361
-70.00 60.00 0.11137
-65.00 60.00 -0.42185E-01
-60.00 60.00 -0.12963
-55.00 60.00 -0.19147
-50.00 60.00 -0.27812
-45.00 60.00 -0.38504
-40.00 60.00 -0.44723
-35.00 60.00 -0.39950
-30.00 60.00 -0.24349
-25.00 60.00 -0.55851E-01
-20.00 60.00 0.70217E-01
-15.00 60.00 0.94808E-01
-10.00 60.00 0.49276E-01
-5.00 60.00 -0.74589E-02
0.00 60.00 -0.44875E-01
5.00 60.00 -0.73269E-01
10.00 60.00 -0.10705
15.00 60.00 -0.12669
20.00 60.00 -0.87706E-01
25.00 60.00 0.27834E-01
30.00 60.00 0.17253
35.00 60.00 0.25701
40.00 60.00 0.22414
45.00 60.00 0.10740
50.00 60.00 0.13542E-01
55.00 60.00 0.37304E-01
60.00 60.00 0.18112
65.00 60.00 0.35193
70.00 60.00 0.43904
75.00 60.00 0.40617
80.00 60.00 0.31330
-45.00 65.00 -0.34406
-40.00 65.00 -0.38656
-35.00 65.00 -0.32969
-30.00 65.00 -0.18214
-25.00 65.00 -0.20395E-01
-20.00 65.00 0.72987E-01
-15.00 65.00 0.75527E-01
-10.00 65.00 0.33301E-01
-5.00 65.00 0.79286E-02
0.00 65.00 0.18225E-01
5.00 65.00 0.34180E-01
10.00 65.00 0.24249E-01
15.00 65.00 0.11804E-02
20.00 65.00 0.14082E-01
25.00 65.00 0.92653E-01
30.00 65.00 0.20311
35.00 65.00 0.26774
40.00 65.00 0.23646
45.00 65.00 0.14239
-65.00 70.00 -0.68204E-01
-60.00 70.00 -0.13972
-55.00 70.00 -0.17316
-50.00 70.00 -0.22502
-45.00 70.00 -0.29906
-40.00 70.00 -0.33960
-35.00 70.00 -0.29013
-30.00 70.00 -0.15628
-25.00 70.00 -0.88085E-02
-20.00 70.00 0.76350E-01
-15.00 70.00 0.81834E-01
-10.00 70.00 0.54710E-01
-5.00 70.00 0.52295E-01
0.00 70.00 0.85170E-01
5.00 70.00 0.11466
10.00 70.00 0.10389
15.00 70.00 0.65595E-01
20.00 70.00 0.53985E-01
25.00 70.00 0.10722
30.00 70.00 0.20113
35.00 70.00 0.26604
40.00 70.00 0.25502
45.00 70.00 0.19640
50.00 70.00 0.17461
55.00 70.00 0.25202
60.00 70.00 0.40457
65.00 70.00 0.53455
-70.00 75.00 0.71248E-01
-45.00 75.00 -0.24890
-40.00 75.00 -0.30219
-35.00 75.00 -0.27382
-30.00 75.00 -0.15652
-25.00 75.00 -0.98723E-02
-20.00 75.00 0.92637E-01
-15.00 75.00 0.12558
-10.00 75.00 0.12228
-5.00 75.00 0.12884
0.00 75.00 0.15320
5.00 75.00 0.16263
10.00 75.00 0.12961
15.00 75.00 0.73619E-01
20.00 75.00 0.50755E-01
25.00 75.00 0.98698E-01
30.00 75.00 0.19437
35.00 75.00 0.27170
40.00 75.00 0.28619
45.00 75.00 0.26225
70.00 75.00 0.59097
-75.00 80.00 0.25986
-65.00 80.00 -0.74857E-01
-60.00 80.00 -0.11008
-55.00 80.00 -0.98041E-01
-50.00 80.00 -0.11558
-45.00 80.00 -0.18607
-40.00 80.00 -0.25830
-35.00 80.00 -0.25807
-30.00 80.00 -0.15906
-25.00 80.00 -0.55983E-02
-20.00 80.00 0.12900
-15.00 80.00 0.20265
-10.00 80.00 0.22539
-5.00 80.00 0.22866
0.00 80.00 0.22365
5.00 80.00 0.19548
10.00 80.00 0.13600
15.00 80.00 0.73192E-01
20.00 80.00 0.57970E-01
25.00 80.00 0.11695
30.00 80.00 0.22068
35.00 80.00 0.30558
40.00 80.00 0.33339
45.00 80.00 0.32963
50.00 80.00 0.35908
55.00 80.00 0.45773
60.00 80.00 0.58696
65.00 80.00 0.65828
75.00 80.00 0.46626
-45.00 85.00 -0.10416
-40.00 85.00 -0.19159
-35.00 85.00 -0.21906
-30.00 85.00 -0.14064
-25.00 85.00 0.16167E-01
-20.00 85.00 0.17898
-15.00 85.00 0.28835
-10.00 85.00 0.33037
-5.00 85.00 0.32348
0.00 85.00 0.28660
5.00 85.00 0.22742
10.00 85.00 0.15814
15.00 85.00 0.11027
20.00 85.00 0.12069
25.00 85.00 0.19696
30.00 85.00 0.30054
35.00 85.00 0.37374
40.00 85.00 0.39130
45.00 85.00 0.38618
-80.00 90.00 0.40361
-70.00 90.00 0.38002E-01
-65.00 90.00 -0.73744E-01
-60.00 90.00 -0.64960E-01
-55.00 90.00 0.58042E-02
-50.00 90.00 0.41910E-01
-45.00 90.00 -0.50997E-02
-40.00 90.00 -0.96724E-01
-35.00 90.00 -0.14560
-30.00 90.00 -0.90971E-01
-25.00 90.00 0.55287E-01
-20.00 90.00 0.22501
-15.00 90.00 0.34811
-10.00 90.00 0.39432
-5.00 90.00 0.37487
0.00 90.00 0.31823
5.00 90.00 0.25158
10.00 90.00 0.20024
15.00 90.00 0.19050
20.00 90.00 0.23814
25.00 90.00 0.32914
30.00 90.00 0.41823
35.00 90.00 0.45908
40.00 90.00 0.44508
45.00 90.00 0.42060
50.00 90.00 0.44411
55.00 90.00 0.53120
60.00 90.00 0.63077
65.00 90.00 0.66196
70.00 90.00 0.58355
80.00 90.00 0.30002
-45.00 95.00 0.98981E-01
-40.00 95.00 0.16711E-01
-35.00 95.00 -0.43587E-01
-30.00 95.00 -0.14629E-01
-25.00 95.00 0.10371
-20.00 95.00 0.25169
-15.00 95.00 0.35919
-10.00 95.00 0.39136
-5.00 95.00 0.35907
0.00 95.00 0.29890
5.00 95.00 0.24907
10.00 95.00 0.23749
15.00 95.00 0.27785
20.00 95.00 0.36355
25.00 95.00 0.46269
30.00 95.00 0.52850
35.00 95.00 0.52926
40.00 95.00 0.47743
45.00 95.00 0.42776
-75.00 100.00 0.20629
-65.00 100.00 -0.75017E-01
-60.00 100.00 -0.35805E-01
-55.00 100.00 0.82601E-01
-50.00 100.00 0.17982
-45.00 100.00 0.19053
-40.00 100.00 0.12993
-35.00 100.00 0.70473E-01
-30.00 100.00 0.76619E-01
-25.00 100.00 0.15527
-20.00 100.00 0.25829
-15.00 100.00 0.32591
-10.00 100.00 0.32997
-5.00 100.00 0.28583
0.00 100.00 0.23381
5.00 100.00 0.21277
10.00 100.00 0.24417
15.00 100.00 0.32737
20.00 100.00 0.43945
25.00 100.00 0.53962
30.00 100.00 0.58495
35.00 100.00 0.55677
40.00 100.00 0.47992
45.00 100.00 0.41302
50.00 100.00 0.40801
55.00 100.00 0.46774
60.00 100.00 0.53902
65.00 100.00 0.55285
75.00 100.00 0.36244
-70.00 105.00 0.12211E-01
-45.00 105.00 0.25519
-40.00 105.00 0.22585
-35.00 105.00 0.18108
-30.00 105.00 0.17378
-25.00 105.00 0.21152
-20.00 105.00 0.25893
-15.00 105.00 0.27426
-10.00 105.00 0.24431
-5.00 105.00 0.19106
0.00 105.00 0.15240
5.00 105.00 0.15810
10.00 105.00 0.21764
15.00 105.00 0.31999
20.00 105.00 0.43753
25.00 105.00 0.53225
30.00 105.00 0.56914
35.00 105.00 0.53656
40.00 105.00 0.46000
45.00 105.00 0.39200
70.00 105.00 0.41451
-85.00 110.00 0.43158
-65.00 110.00 -0.77686E-01
-60.00 110.00 -0.36634E-01
-55.00 110.00 0.89405E-01
-50.00 110.00 0.21802
-45.00 110.00 0.28884
-40.00 110.00 0.29796
-35.00 110.00 0.28213
-30.00 110.00 0.27529
-25.00 110.00 0.27925
-20.00 110.00 0.27064
-15.00 110.00 0.23067
-10.00 110.00 0.16681
-5.00 110.00 0.10841
0.00 110.00 0.85168E-01
5.00 110.00 0.10983
10.00 110.00 0.17693
15.00 110.00 0.27100
20.00 110.00 0.37210
25.00 110.00 0.45609
30.00 110.00 0.49856
35.00 110.00 0.48762
40.00 110.00 0.43717
45.00 110.00 0.38382
50.00 110.00 0.36287
55.00 110.00 0.38009
60.00 110.00 0.40557
65.00 110.00 0.39898
85.00 110.00 0.24806
-45.00 115.00 0.29870
-40.00 115.00 0.35130
-35.00 115.00 0.37657
-30.00 115.00 0.38362
-25.00 115.00 0.36269
-20.00 115.00 0.30073
-15.00 115.00 0.20498
-10.00 115.00 0.10800
-5.00 115.00 0.47786E-01
0.00 115.00 0.42243E-01
5.00 115.00 0.81586E-01
10.00 115.00 0.14312
15.00 115.00 0.21099
20.00 115.00 0.28138
25.00 115.00 0.35158
30.00 115.00 0.40931
35.00 115.00 0.43735
40.00 115.00 0.42967
45.00 115.00 0.40057
-80.00 120.00 0.32728
-75.00 120.00 0.16763
-70.00 120.00 0.11952E-01
-65.00 120.00 -0.66582E-01
-60.00 120.00 -0.42493E-01
-55.00 120.00 0.56337E-01
-50.00 120.00 0.18104
-45.00 120.00 0.29757
-40.00 120.00 0.39512
-35.00 120.00 0.46774
-30.00 120.00 0.49654
-25.00 120.00 0.45650
-20.00 120.00 0.34338
-15.00 120.00 0.19189
-10.00 120.00 0.62256E-01
-5.00 120.00 0.23175E-02
0.00 120.00 0.16971E-01
5.00 120.00 0.71479E-01
10.00 120.00 0.12464
15.00 120.00 0.16142
20.00 120.00 0.19702
25.00 120.00 0.25263
30.00 120.00 0.32859
35.00 120.00 0.40070
40.00 120.00 0.44072
45.00 120.00 0.43909
50.00 120.00 0.40830
55.00 120.00 0.36689
60.00 120.00 0.32331
65.00 120.00 0.27667
70.00 120.00 0.23067
75.00 120.00 0.20198
80.00 120.00 0.20854
-45.00 125.00 0.29490
-40.00 125.00 0.43196
-35.00 125.00 0.54835
-30.00 125.00 0.59838
-25.00 125.00 0.54232
-20.00 125.00 0.38425
-15.00 125.00 0.18464
-10.00 125.00 0.29036E-01
-5.00 125.00 -0.26929E-01
0.00 125.00 0.81478E-02
5.00 125.00 0.75982E-01
10.00 125.00 0.11916
15.00 125.00 0.12482
20.00 125.00 0.12656
25.00 125.00 0.16742
30.00 125.00 0.25888
35.00 125.00 0.37058
40.00 125.00 0.45490
45.00 125.00 0.48116
-65.00 130.00 -0.27259E-01
-60.00 130.00 -0.15625E-01
-55.00 130.00 0.49774E-01
-50.00 130.00 0.15292
-45.00 130.00 0.29014
-40.00 130.00 0.45107
-35.00 130.00 0.59516
-30.00 130.00 0.65735
-25.00 130.00 0.58918
-20.00 130.00 0.40361
-15.00 130.00 0.18058
-10.00 130.00 0.20470E-01
-5.00 130.00 -0.21870E-01
0.00 130.00 0.29733E-01
5.00 130.00 0.99095E-01
10.00 130.00 0.12114
15.00 130.00 0.90464E-01
20.00 130.00 0.58000E-01
25.00 130.00 0.83285E-01
30.00 130.00 0.18478
35.00 130.00 0.32695
40.00 130.00 0.44845
45.00 130.00 0.50315
50.00 130.00 0.48207
55.00 130.00 0.40701
60.00 130.00 0.31090
65.00 130.00 0.22366
-70.00 135.00 0.49413E-01
-45.00 135.00 0.27296
-40.00 135.00 0.43152
-35.00 135.00 0.57565
-30.00 135.00 0.63366
-25.00 135.00 0.55905
-20.00 135.00 0.37482
-15.00 135.00 0.16945
-10.00 135.00 0.40423E-01
-5.00 135.00 0.27246E-01
0.00 135.00 0.87984E-01
5.00 135.00 0.13807
10.00 135.00 0.11920
15.00 135.00 0.42881E-01
20.00 135.00 -0.23526E-01
25.00 135.00 -0.12076E-01
30.00 135.00 0.95348E-01
35.00 135.00 0.25794
40.00 135.00 0.40747
45.00 135.00 0.49026
70.00 135.00 0.16088
-75.00 140.00 0.15620
-65.00 140.00 0.33951E-01
-60.00 140.00 0.45195E-01
-55.00 140.00 0.79732E-01
-50.00 140.00 0.13714
-45.00 140.00 0.23074
-40.00 140.00 0.35524
-35.00 140.00 0.46597
-30.00 140.00 0.49902
-25.00 140.00 0.42143
-20.00 140.00 0.26686
-15.00 140.00 0.11991
-10.00 140.00 0.56038E-01
-5.00 140.00 0.85120E-01
0.00 140.00 0.14622
5.00 140.00 0.15845
10.00 140.00 0.86149E-01
15.00 140.00 -0.33817E-01
20.00 140.00 -0.12134
25.00 140.00 -0.11165
30.00 140.00 0.32466E-02
35.00 140.00 0.17659
40.00 140.00 0.34143
45.00 140.00 0.44661
50.00 140.00 0.47231
55.00 140.00 0.42629
60.00 140.00 0.33470
65.00 140.00 0.23507
75.00 140.00 0.15672
-45.00 145.00 0.15890
-40.00 145.00 0.22269
-35.00 145.00 0.27181
-30.00 145.00 0.26044
-25.00 145.00 0.17631
-20.00 145.00 0.62564E-01
-15.00 145.00 -0.96749E-02
-10.00 145.00 0.14028E-02
-5.00 145.00 0.70759E-01
0.00 145.00 0.12371
5.00 145.00 0.95372E-01
10.00 145.00 -0.16823E-01
15.00 145.00 -0.15006
20.00 145.00 -0.22204
25.00 145.00 -0.18626
30.00 145.00 -0.54982E-01
35.00 145.00 0.11964
40.00 145.00 0.28169
45.00 145.00 0.39461
-80.00 150.00 0.25823
-70.00 150.00 0.96707E-01
-65.00 150.00 0.90788E-01
-60.00 150.00 0.10144
-55.00 150.00 0.98372E-01
-50.00 150.00 0.81181E-01
-45.00 150.00 0.67459E-01
-40.00 150.00 0.60869E-01
-35.00 150.00 0.38279E-01
-30.00 150.00 -0.26556E-01
-25.00 150.00 -0.12651
-20.00 150.00 -0.21301
-15.00 150.00 -0.23162
-10.00 150.00 -0.17222
-5.00 150.00 -0.85879E-01
0.00 150.00 -0.48463E-01
5.00 150.00 -0.99422E-01
10.00 150.00 -0.20828
15.00 150.00 -0.29714
20.00 150.00 -0.29852
25.00 150.00 -0.19953
30.00 150.00 -0.39732E-01
35.00 150.00 0.12642
40.00 150.00 0.26415
45.00 150.00 0.36292
50.00 150.00 0.41878
55.00 150.00 0.42290
60.00 150.00 0.37202
65.00 150.00 0.28699
70.00 150.00 0.21238
80.00 150.00 0.22049
-45.00 155.00 -0.21187E-01
-40.00 155.00 -0.83842E-01
-35.00 155.00 -0.16198
-30.00 155.00 -0.27019
-25.00 155.00 -0.39206
-20.00 155.00 -0.47984
-15.00 155.00 -0.49222
-10.00 155.00 -0.43603
-5.00 155.00 -0.36832
0.00 155.00 -0.35072
5.00 155.00 -0.39459
10.00 155.00 -0.44746
15.00 155.00 -0.43460
20.00 155.00 -0.31980
25.00 155.00 -0.13209
30.00 155.00 0.61787E-01
35.00 155.00 0.21015
40.00 155.00 0.30565
45.00 155.00 0.36961
-75.00 160.00 0.14840
-65.00 160.00 0.12067
-60.00 160.00 0.12126
-55.00 160.00 0.80883E-01
-50.00 160.00 0.40903E-02
-45.00 160.00 -0.82774E-01
-40.00 160.00 -0.16684
-35.00 160.00 -0.26136
-30.00 160.00 -0.38280
-25.00 160.00 -0.51986
-20.00 160.00 -0.63183
-15.00 160.00 -0.68235
-10.00 160.00 -0.67514
-5.00 160.00 -0.65219
0.00 160.00 -0.65138
5.00 160.00 -0.66325
10.00 160.00 -0.63118
15.00 160.00 -0.49972
20.00 160.00 -0.26860
25.00 160.00 -0.22138E-02
30.00 160.00 0.21536
35.00 160.00 0.33993
40.00 160.00 0.38904
45.00 160.00 0.41073
50.00 160.00 0.43336
55.00 160.00 0.44496
60.00 160.00 0.41815
65.00 160.00 0.35062
75.00 160.00 0.24163
-85.00 165.00 0.33924
-70.00 165.00 0.11667
-45.00 165.00 -0.10408
-40.00 165.00 -0.16913
-35.00 165.00 -0.23441
-30.00 165.00 -0.33077
-25.00 165.00 -0.46377
-20.00 165.00 -0.60254
-15.00 165.00 -0.70623
-10.00 165.00 -0.75917
-5.00 165.00 -0.77731
0.00 165.00 -0.77874
5.00 165.00 -0.75057
10.00 165.00 -0.65051
15.00 165.00 -0.44717
20.00 165.00 -0.16212
25.00 165.00 0.12931
30.00 165.00 0.34433
35.00 165.00 0.44772
40.00 165.00 0.46773
45.00 165.00 0.46138
70.00 165.00 0.30765
85.00 165.00 0.29458
-65.00 170.00 0.12445
-60.00 170.00 0.11128
-55.00 170.00 0.52069E-01
-50.00 170.00 -0.30071E-01
-45.00 170.00 -0.90051E-01
-40.00 170.00 -0.10902
-35.00 170.00 -0.11592
-30.00 170.00 -0.16183
-25.00 170.00 -0.27249
-20.00 170.00 -0.42412
-15.00 170.00 -0.56299
-10.00 170.00 -0.64724
-5.00 170.00 -0.67054
0.00 170.00 -0.64864
5.00 170.00 -0.58863
10.00 170.00 -0.47626
15.00 170.00 -0.29575
20.00 170.00 -0.60694E-01
25.00 170.00 0.17845
30.00 170.00 0.36198
35.00 170.00 0.46038
40.00 170.00 0.48969
45.00 170.00 0.48976
50.00 170.00 0.48748
55.00 170.00 0.47969
60.00 170.00 0.44898
65.00 170.00 0.39260
-45.00 175.00 -0.60407E-01
-40.00 175.00 -0.32878E-01
-35.00 175.00 0.14872E-01
-30.00 175.00 0.14456E-01
-25.00 175.00 -0.74000E-01
-20.00 175.00 -0.22594
-15.00 175.00 -0.36932
-10.00 175.00 -0.43851
-5.00 175.00 -0.41867
0.00 175.00 -0.34562
5.00 175.00 -0.26716
10.00 175.00 -0.20331
15.00 175.00 -0.13855
20.00 175.00 -0.46688E-01
25.00 175.00 0.79270E-01
30.00 175.00 0.21911
35.00 175.00 0.34210
40.00 175.00 0.42848
45.00 175.00 0.47626
-80.00 180.00 0.21418
-75.00 180.00 0.13907
-70.00 180.00 0.11868
-65.00 180.00 0.12230
-60.00 180.00 0.10210
-55.00 180.00 0.42458E-01
-50.00 180.00 -0.21682E-01
-45.00 180.00 -0.37550E-01
-40.00 180.00 0.10891E-01
-35.00 180.00 0.77921E-01
-30.00 180.00 0.87475E-01
-25.00 180.00 -0.26198E-02
-20.00 180.00 -0.15852
-15.00 180.00 -0.28891
-10.00 180.00 -0.31220
-5.00 180.00 -0.21887
0.00 180.00 -0.79086E-01
5.00 180.00 0.10274E-01
10.00 180.00 -0.32043E-02
15.00 180.00 -0.92244E-01
20.00 180.00 -0.17391
25.00 180.00 -0.17011
30.00 180.00 -0.57889E-01
35.00 180.00 0.12310
40.00 180.00 0.30326
45.00 180.00 0.42638
50.00 180.00 0.47417
55.00 180.00 0.46293
60.00 180.00 0.42389
65.00 180.00 0.38421
70.00 180.00 0.35802
75.00 180.00 0.34534
80.00 180.00 0.33757
-45.00 -175 -0.33710E-01
-40.00 -175 -0.13945E-02
-35.00 -175 0.37415E-01
-30.00 -175 0.11064E-01
-25.00 -175 -0.11358
-20.00 -175 -0.28964
-15.00 -175 -0.41204
-10.00 -175 -0.39281
-5.00 -175 -0.23350
0.00 -175 -0.35540E-01
5.00 -175 0.64942E-01
10.00 -175 -0.75251E-02
15.00 -175 -0.21218
20.00 -175 -0.41711
25.00 -175 -0.48606
30.00 -175 -0.36425
35.00 -175 -0.10508
40.00 -175 0.17412
45.00 -175 0.36902
-65.00 -170 0.13276
-60.00 -170 0.11530
-55.00 -170 0.61881E-01
-50.00 -170 -0.36201E-02
-45.00 -170 -0.45600E-01
-40.00 -170 -0.58037E-01
-35.00 -170 -0.80939E-01
-30.00 -170 -0.17113
-25.00 -170 -0.34657
-20.00 -170 -0.55160
-15.00 -170 -0.67984
-10.00 -170 -0.64718
-5.00 -170 -0.46284
0.00 -170 -0.23972
5.00 -170 -0.12724
10.00 -170 -0.20893
15.00 -170 -0.43863
20.00 -170 -0.66442
25.00 -170 -0.72639
30.00 -170 -0.55967
35.00 -170 -0.23111
40.00 -170 0.11214
45.00 -170 0.34005
50.00 -170 0.41230
55.00 -170 0.38071
60.00 -170 0.33190
65.00 -170 0.32169
-70.00 -165 0.13867
-45.00 -165 -0.59686E-01
-40.00 -165 -0.12373
-35.00 -165 -0.21163
-30.00 -165 -0.35909
-25.00 -165 -0.56878
-20.00 -165 -0.78648
-15.00 -165 -0.92106
-10.00 -165 -0.90314
-5.00 -165 -0.74263
0.00 -165 -0.53788
5.00 -165 -0.41968
10.00 -165 -0.46244
15.00 -165 -0.62578
20.00 -165 -0.77352
25.00 -165 -0.76261
30.00 -165 -0.54090
35.00 -165 -0.18338
40.00 -165 0.15914
45.00 -165 0.36009
70.00 -165 0.33591
-75.00 -160 0.16151
-65.00 -160 0.15584
-60.00 -160 0.14169
-55.00 -160 0.95211E-01
-50.00 -160 0.22894E-01
-45.00 -160 -0.63679E-01
-40.00 -160 -0.16453
-35.00 -160 -0.29388
-30.00 -160 -0.46498
-25.00 -160 -0.66810
-20.00 -160 -0.86019
-15.00 -160 -0.97939
-10.00 -160 -0.98089
-5.00 -160 -0.87204
0.00 -160 -0.71835
5.00 -160 -0.60787
10.00 -160 -0.59162
15.00 -160 -0.64179
20.00 -160 -0.66344
25.00 -160 -0.55935
30.00 -160 -0.30467
35.00 -160 0.25366E-01
40.00 -160 0.29992
45.00 -160 0.41966
50.00 -160 0.38196
55.00 -160 0.27515
60.00 -160 0.20840
65.00 -160 0.23390
75.00 -160 0.39475
-45.00 -155 -0.55762E-01
-40.00 -155 -0.16811
-35.00 -155 -0.30694
-30.00 -155 -0.46643
-25.00 -155 -0.62665
-20.00 -155 -0.75776
-15.00 -155 -0.83093
-10.00 -155 -0.83126
-5.00 -155 -0.76723
0.00 -155 -0.67037
5.00 -155 -0.58002
10.00 -155 -0.51754
15.00 -155 -0.46646
20.00 -155 -0.37821
25.00 -155 -0.20827
30.00 -155 0.39409E-01
35.00 -155 0.29660
40.00 -155 0.46480
45.00 -155 0.48135
-80.00 -150 0.22380
-70.00 -150 0.18323
-65.00 -150 0.17554
-60.00 -150 0.14571
-55.00 -150 0.95178E-01
-50.00 -150 0.32009E-01
-45.00 -150 -0.45227E-01
-40.00 -150 -0.14609
-35.00 -150 -0.27243
-30.00 -150 -0.40690
-25.00 -150 -0.51906
-20.00 -150 -0.58388
-15.00 -150 -0.59559
-10.00 -150 -0.56636
-5.00 -150 -0.51433
0.00 -150 -0.45257
5.00 -150 -0.38535
10.00 -150 -0.30821
15.00 -150 -0.20851
20.00 -150 -0.69799E-01
25.00 -150 0.11425
30.00 -150 0.32098
35.00 -150 0.49329
40.00 -150 0.56337
45.00 -150 0.49875
50.00 -150 0.33682
55.00 -150 0.17376
60.00 -150 0.10611
65.00 -150 0.16519
70.00 -150 0.29653
80.00 -150 0.42509
-45.00 -145 -0.44926E-01
-40.00 -145 -0.11940
-35.00 -145 -0.22633
-30.00 -145 -0.34728
-25.00 -145 -0.44015
-20.00 -145 -0.46975
-15.00 -145 -0.43336
-10.00 -145 -0.35946
-5.00 -145 -0.28341
0.00 -145 -0.22308
5.00 -145 -0.17254
10.00 -145 -0.11283
15.00 -145 -0.26154E-01
20.00 -145 0.95660E-01
25.00 -145 0.24638
30.00 -145 0.40017
35.00 -145 0.51156
40.00 -145 0.53189
45.00 -145 0.44192
-85.00 -140 0.30413
-75.00 -140 0.22258
-65.00 -140 0.17988
-60.00 -140 0.10187
-55.00 -140 0.18314E-01
-50.00 -140 -0.35393E-01
-45.00 -140 -0.61894E-01
-40.00 -140 -0.10043
-35.00 -140 -0.18645
-30.00 -140 -0.31184
-25.00 -140 -0.42398
-20.00 -140 -0.46472
-15.00 -140 -0.41412
-10.00 -140 -0.30259
-5.00 -140 -0.18495
0.00 -140 -0.10224
5.00 -140 -0.61254E-01
10.00 -140 -0.41007E-01
15.00 -140 -0.12536E-01
20.00 -140 0.44840E-01
25.00 -140 0.13565
30.00 -140 0.24444
35.00 -140 0.33596
40.00 -140 0.36724
45.00 -140 0.31451
50.00 -140 0.19992
55.00 -140 0.91484E-01
60.00 -140 0.64572E-01
65.00 -140 0.14707
75.00 -140 0.41174
85.00 -140 0.37344
-70.00 -135 0.23601
-45.00 -135 -0.93156E-01
-40.00 -135 -0.86445E-01
-35.00 -135 -0.14281
-30.00 -135 -0.27397
-25.00 -135 -0.42244
-20.00 -135 -0.50403
-15.00 -135 -0.47112
-10.00 -135 -0.34477
-5.00 -135 -0.19475
0.00 -135 -0.89992E-01
5.00 -135 -0.59912E-01
10.00 -135 -0.88785E-01
15.00 -135 -0.13574
20.00 -135 -0.15918
25.00 -135 -0.13319
30.00 -135 -0.56266E-01
35.00 -135 0.45674E-01
40.00 -135 0.12803
45.00 -135 0.15248
70.00 -135 0.29834
-65.00 -130 0.17856
-60.00 -130 0.33320E-01
-55.00 -130 -0.10782
-50.00 -130 -0.16571
-45.00 -130 -0.12886
-40.00 -130 -0.67956E-01
-35.00 -130 -0.76853E-01
-30.00 -130 -0.19187
-25.00 -130 -0.35943
-20.00 -130 -0.47774
-15.00 -130 -0.47489
-10.00 -130 -0.35890
-5.00 -130 -0.20534
0.00 -130 -0.10100
5.00 -130 -0.91472E-01
10.00 -130 -0.16590
15.00 -130 -0.27620
20.00 -130 -0.36664
25.00 -130 -0.39513
30.00 -130 -0.34505
35.00 -130 -0.23145
40.00 -130 -0.97695E-01
45.00 -130 0.52348E-02
50.00 -130 0.51707E-01
55.00 -130 0.62664E-01
60.00 -130 0.91328E-01
65.00 -130 0.17736
-45.00 -125 -0.15884
-40.00 -125 -0.42417E-01
-35.00 -125 0.10160E-01
-30.00 -125 -0.60271E-01
-25.00 -125 -0.21148
-20.00 -125 -0.33849
-15.00 -125 -0.35847
-10.00 -125 -0.27006
-5.00 -125 -0.14492
0.00 -125 -0.69128E-01
5.00 -125 -0.87426E-01
10.00 -125 -0.18803
15.00 -125 -0.32433
20.00 -125 -0.44429
25.00 -125 -0.50686
30.00 -125 -0.48813
35.00 -125 -0.38843
40.00 -125 -0.23840
45.00 -125 -0.89676E-01
-80.00 -120 0.27106
-75.00 -120 0.29319
-70.00 -120 0.29525
-65.00 -120 0.19687
-60.00 -120 0.29616E-02
-55.00 -120 -0.18727
-50.00 -120 -0.25839
-45.00 -120 -0.17646
-40.00 -120 -0.19168E-01
-35.00 -120 0.87577E-01
-30.00 -120 0.70029E-01
-25.00 -120 -0.42177E-01
-20.00 -120 -0.15228
-15.00 -120 -0.18118
-10.00 -120 -0.12557
-5.00 -120 -0.47062E-01
0.00 -120 -0.14072E-01
5.00 -120 -0.53229E-01
10.00 -120 -0.14563
15.00 -120 -0.25568
20.00 -120 -0.35542
25.00 -120 -0.42497
30.00 -120 -0.44288
35.00 -120 -0.39057
40.00 -120 -0.27189
45.00 -120 -0.12338
50.00 -120 0.54727E-02
55.00 -120 0.89871E-01
60.00 -120 0.14856
65.00 -120 0.22037
70.00 -120 0.31812
75.00 -120 0.40527
80.00 -120 0.42867
-45.00 -115 -0.17708
-40.00 -115 -0.10044E-01
-35.00 -115 0.11606
-30.00 -115 0.12556
-25.00 -115 0.42584E-01
-20.00 -115 -0.46474E-01
-15.00 -115 -0.74658E-01
-10.00 -115 -0.44179E-01
-5.00 -115 -0.70949E-02
0.00 -115 -0.74417E-02
5.00 -115 -0.45283E-01
10.00 -115 -0.91599E-01
15.00 -115 -0.12794
20.00 -115 -0.16351
25.00 -115 -0.21311
30.00 -115 -0.26523
35.00 -115 -0.28074
40.00 -115 -0.22753
45.00 -115 -0.11511
-65.00 -110 0.24898
-60.00 -110 0.57590E-01
-55.00 -110 -0.13779
-50.00 -110 -0.22007
-45.00 -110 -0.15390
-40.00 -110 -0.13614E-01
-35.00 -110 0.82784E-01
-30.00 -110 0.71081E-01
-25.00 -110 -0.17267E-01
-20.00 -110 -0.99212E-01
-15.00 -110 -0.12041
-10.00 -110 -0.94520E-01
-5.00 -110 -0.71831E-01
0.00 -110 -0.78304E-01
5.00 -110 -0.90715E-01
10.00 -110 -0.70291E-01
15.00 -110 -0.14520E-01
20.00 -110 0.31133E-01
25.00 -110 0.16324E-01
30.00 -110 -0.60059E-01
35.00 -110 -0.14124
40.00 -110 -0.16000
45.00 -110 -0.96137E-01
50.00 -110 0.11741E-01
55.00 -110 0.10881
60.00 -110 0.17509
65.00 -110 0.23282
-70.00 -105 0.35433
-45.00 -105 -0.97184E-01
-40.00 -105 -0.81224E-02
-35.00 -105 0.20844E-01
-30.00 -105 -0.53024E-01
-25.00 -105 -0.17859
-20.00 -105 -0.26594
-15.00 -105 -0.26931
-10.00 -105 -0.21833
-5.00 -105 -0.17367
0.00 -105 -0.15846
5.00 -105 -0.13745
10.00 -105 -0.63494E-01
15.00 -105 0.59412E-01
20.00 -105 0.16445
25.00 -105 0.17744
30.00 -105 0.86784E-01
35.00 -105 -0.40629E-01
40.00 -105 -0.11351
45.00 -105 -0.89137E-01
70.00 -105 0.28806
-75.00 -100 0.33056
-65.00 -100 0.31845
-60.00 -100 0.18100
-55.00 -100 0.36741E-01
-50.00 -100 -0.26660E-01
-45.00 -100 0.15111E-03
-40.00 -100 0.37940E-01
-35.00 -100 -0.63075E-02
-30.00 -100 -0.15050
-25.00 -100 -0.31839
-20.00 -100 -0.40707
-15.00 -100 -0.37561
-10.00 -100 -0.27208
-5.00 -100 -0.17809
0.00 -100 -0.12934
5.00 -100 -0.90750E-01
10.00 -100 -0.73732E-02
15.00 -100 0.12396
20.00 -100 0.23685
25.00 -100 0.25142
30.00 -100 0.15030
35.00 -100 0.67331E-03
40.00 -100 -0.98801E-01
45.00 -100 -0.95867E-01
50.00 -100 -0.15703E-01
55.00 -100 0.77726E-01
60.00 -100 0.14541
65.00 -100 0.19802
75.00 -100 0.33688
-45.00 -95 0.13362
-40.00 -95 0.14321
-35.00 -95 0.53202E-01
-30.00 -95 -0.13384
-25.00 -95 -0.32118
-20.00 -95 -0.39470
-15.00 -95 -0.31676
-10.00 -95 -0.15215
-5.00 -95 -0.56333E-02
0.00 -95 0.67392E-01
5.00 -95 0.94356E-01
10.00 -95 0.13750
15.00 -95 0.21757
20.00 -95 0.28645
25.00 -95 0.27419
30.00 -95 0.16209
35.00 -95 0.89470E-02
40.00 -95 -0.94750E-01
45.00 -95 -0.99654E-01
-80.00 -90 0.28505
-70.00 -90 0.37538
-65.00 -90 0.36907
-60.00 -90 0.30313
-55.00 -90 0.23931
-50.00 -90 0.23648
-45.00 -90 0.28223
-40.00 -90 0.29533
-35.00 -90 0.20188
-30.00 -90 0.14684E-01
-25.00 -90 -0.16175
-20.00 -90 -0.21032
-15.00 -90 -0.95961E-01
-10.00 -90 0.10800
-5.00 -90 0.28297
0.00 -90 0.35843
5.00 -90 0.35290
10.00 -90 0.33293
15.00 -90 0.33741
20.00 -90 0.34191
25.00 -90 0.29311
30.00 -90 0.17318
35.00 -90 0.27735E-01
40.00 -90 -0.69669E-01
45.00 -90 -0.79549E-01
50.00 -90 -0.24090E-01
55.00 -90 0.43359E-01
60.00 -90 0.91934E-01
65.00 -90 0.13467
70.00 -90 0.19866
80.00 -90 0.34226
-85.00 -85 0.31800
-45.00 -85 0.41323
-40.00 -85 0.45190
-35.00 -85 0.38755
-30.00 -85 0.23127
-25.00 -85 0.80219E-01
-20.00 -85 0.44716E-01
-15.00 -85 0.15931
-10.00 -85 0.35572
-5.00 -85 0.51952
0.00 -85 0.57816
5.00 -85 0.54378
10.00 -85 0.48039
15.00 -85 0.43463
20.00 -85 0.39793
25.00 -85 0.33035
30.00 -85 0.21483
35.00 -85 0.83986E-01
40.00 -85 -0.61452E-02
45.00 -85 -0.26179E-01
85.00 -85 0.33296
-75.00 -80 0.30597
-65.00 -80 0.37859
-60.00 -80 0.36307
-55.00 -80 0.35638
-50.00 -80 0.40430
-45.00 -80 0.49586
-40.00 -80 0.56184
-35.00 -80 0.53467
-30.00 -80 0.41498
-25.00 -80 0.28122
-20.00 -80 0.23000
-15.00 -80 0.29865
-10.00 -80 0.43774
-5.00 -80 0.55542
0.00 -80 0.59113
5.00 -80 0.55369
10.00 -80 0.49571
15.00 -80 0.45621
20.00 -80 0.42784
25.00 -80 0.37572
30.00 -80 0.28255
35.00 -80 0.17171
40.00 -80 0.86681E-01
45.00 -80 0.50760E-01
50.00 -80 0.49721E-01
55.00 -80 0.53987E-01
60.00 -80 0.54529E-01
65.00 -80 0.72721E-01
75.00 -80 0.22469
-70.00 -75 0.34210
-45.00 -75 0.51617
-40.00 -75 0.59314
-35.00 -75 0.58947
-30.00 -75 0.49302
-25.00 -75 0.35938
-20.00 -75 0.26874
-15.00 -75 0.26295
-10.00 -75 0.31855
-5.00 -75 0.37617
0.00 -75 0.39533
5.00 -75 0.38326
10.00 -75 0.37526
15.00 -75 0.39131
20.00 -75 0.41357
25.00 -75 0.40506
30.00 -75 0.34764
35.00 -75 0.26009
40.00 -75 0.17949
45.00 -75 0.12734
70.00 -75 0.10394
-65.00 -70 0.36159
-60.00 -70 0.36849
-55.00 -70 0.37242
-50.00 -70 0.41010
-45.00 -70 0.48388
-40.00 -70 0.54901
-35.00 -70 0.54778
-30.00 -70 0.45940
-25.00 -70 0.31929
-20.00 -70 0.19122
-15.00 -70 0.11900
-10.00 -70 0.10139
-5.00 -70 0.10886
0.00 -70 0.12061
5.00 -70 0.14362
10.00 -70 0.19687
15.00 -70 0.28032
20.00 -70 0.36292
25.00 -70 0.40314
30.00 -70 0.38204
35.00 -70 0.31665
40.00 -70 0.24153
45.00 -70 0.17871
50.00 -70 0.12631
55.00 -70 0.75298E-01
60.00 -70 0.33504E-01
65.00 -70 0.27909E-01
-45.00 -65 0.42672
-40.00 -65 0.46264
-35.00 -65 0.44900
-30.00 -65 0.36403
-25.00 -65 0.22931
-20.00 -65 0.93022E-01
-15.00 -65 -0.59754E-02
-10.00 -65 -0.59191E-01
-5.00 -65 -0.78738E-01
0.00 -65 -0.72031E-01
5.00 -65 -0.30109E-01
10.00 -65 0.58012E-01
15.00 -65 0.18148
20.00 -65 0.30168
25.00 -65 0.37388
30.00 -65 0.37769
35.00 -65 0.32824
40.00 -65 0.25865
45.00 -65 0.19208
-80.00 -60 0.26869
-75.00 -60 0.26060
-70.00 -60 0.30288
-65.00 -60 0.35450
-60.00 -60 0.38066
-55.00 -60 0.37947
-50.00 -60 0.37288
-45.00 -60 0.37571
-40.00 -60 0.37592
-35.00 -60 0.34533
-30.00 -60 0.26840
-25.00 -60 0.15945
-20.00 -60 0.52079E-01
-15.00 -60 -0.27250E-01
-10.00 -60 -0.74640E-01
-5.00 -60 -0.99556E-01
0.00 -60 -0.10375
5.00 -60 -0.73154E-01
10.00 -60 0.68639E-02
15.00 -60 0.12794
20.00 -60 0.25249
25.00 -60 0.33428
30.00 -60 0.34880
35.00 -60 0.30670
40.00 -60 0.23925
45.00 -60 0.17174
50.00 -60 0.11043
55.00 -60 0.53259E-01
60.00 -60 0.89302E-02
65.00 -60 0.61825E-03
70.00 -60 0.47202E-01
75.00 -60 0.13901
80.00 -60 0.23618
-45.00 -55 0.35037
-40.00 -55 0.31703
-35.00 -55 0.27069
-30.00 -55 0.20553
-25.00 -55 0.13323
-20.00 -55 0.75193E-01
-15.00 -55 0.42342E-01
-10.00 -55 0.25272E-01
-5.00 -55 0.68148E-02
0.00 -55 -0.15217E-01
5.00 -55 -0.19626E-01
10.00 -55 0.20803E-01
15.00 -55 0.11074
20.00 -55 0.21986
25.00 -55 0.30008
30.00 -55 0.31840
35.00 -55 0.27710
40.00 -55 0.20544
45.00 -55 0.13351
-65.00 -50 0.37655
-60.00 -50 0.43487
-55.00 -50 0.44382
-50.00 -50 0.40851
-45.00 -50 0.35174
-40.00 -50 0.29062
-35.00 -50 0.22960
-30.00 -50 0.17139
-25.00 -50 0.12721
-20.00 -50 0.11072
-15.00 -50 0.12113
-10.00 -50 0.13610
-5.00 -50 0.12741
0.00 -50 0.88136E-01
5.00 -50 0.44912E-01
10.00 -50 0.39882E-01
15.00 -50 0.95080E-01
20.00 -50 0.19004
25.00 -50 0.27334
30.00 -50 0.29909
35.00 -50 0.25758
40.00 -50 0.17606
45.00 -50 0.93007E-01
50.00 -50 0.31494E-01
55.00 -50 -0.59605E-02
60.00 -50 -0.22471E-01
65.00 -50 -0.12405E-01
-70.00 -45 0.30211
-45.00 -45 0.36570
-40.00 -45 0.28327
-35.00 -45 0.20800
-30.00 -45 0.14614
-25.00 -45 0.10802
-20.00 -45 0.10527
-15.00 -45 0.13455
-10.00 -45 0.16834
-5.00 -45 0.16956
0.00 -45 0.12292
5.00 -45 0.54377E-01
10.00 -45 0.16726E-01
15.00 -45 0.48600E-01
20.00 -45 0.14058
25.00 -45 0.23826
30.00 -45 0.28100
35.00 -45 0.24446
40.00 -45 0.15301
45.00 -45 0.55459E-01
70.00 -45 0.34900E-01
-75.00 -40 0.25381
-65.00 -40 0.41016
-60.00 -40 0.49576
-55.00 -40 0.51499
-50.00 -40 0.46355
-45.00 -40 0.37268
-40.00 -40 0.27675
-35.00 -40 0.19173
-30.00 -40 0.12021
-25.00 -40 0.68556E-01
-20.00 -40 0.50390E-01
-15.00 -40 0.69939E-01
-10.00 -40 0.10509
-5.00 -40 0.11505
0.00 -40 0.73218E-01
5.00 -40 -0.33733E-02
10.00 -40 -0.59261E-01
15.00 -40 -0.42288E-01
20.00 -40 0.51331E-01
25.00 -40 0.16830
30.00 -40 0.23551
35.00 -40 0.21310
40.00 -40 0.11996
45.00 -40 0.13420E-01
50.00 -40 -0.55447E-01
55.00 -40 -0.71827E-01
60.00 -40 -0.51582E-01
65.00 -40 -0.13621E-01
75.00 -40 0.11082
-45.00 -35 0.35711
-40.00 -35 0.25831
-35.00 -35 0.17610
-30.00 -35 0.10192
-25.00 -35 0.32193E-01
-20.00 -35 -0.17542E-01
-15.00 -35 -0.29034E-01
-10.00 -35 -0.93923E-02
-5.00 -35 0.36773E-02
0.00 -35 -0.27942E-01
5.00 -35 -0.10287
10.00 -35 -0.17133
15.00 -35 -0.17190
20.00 -35 -0.85230E-01
25.00 -35 0.43329E-01
30.00 -35 0.13454
35.00 -35 0.13484
40.00 -35 0.54443E-01
45.00 -35 -0.46242E-01
-85.00 -30 0.36504
-80.00 -30 0.29359
-70.00 -30 0.31745
-65.00 -30 0.42221
-60.00 -30 0.50345
-55.00 -30 0.50280
-50.00 -30 0.42207
-45.00 -30 0.31207
-40.00 -30 0.22220
-35.00 -30 0.16100
-30.00 -30 0.10246
-25.00 -30 0.25713E-01
-20.00 -30 -0.56575E-01
-15.00 -30 -0.11107
-10.00 -30 -0.12320
-5.00 -30 -0.11924
0.00 -30 -0.14426
5.00 -30 -0.21486
10.00 -30 -0.29423
15.00 -30 -0.31841
20.00 -30 -0.25329
25.00 -30 -0.13015
30.00 -30 -0.25318E-01
35.00 -30 -0.24532E-03
40.00 -30 -0.54361E-01
45.00 -30 -0.13083
50.00 -30 -0.16650
55.00 -30 -0.13938
60.00 -30 -0.73643E-01
65.00 -30 -0.53897E-02
70.00 -30 0.52772E-01
80.00 -30 0.18600
85.00 -30 0.25599
-45.00 -25 0.23868
-40.00 -25 0.16524
-35.00 -25 0.13930
-30.00 -25 0.11483
-25.00 -25 0.47746E-01
-20.00 -25 -0.59034E-01
-15.00 -25 -0.16063
-10.00 -25 -0.21763
-5.00 -25 -0.23611
0.00 -25 -0.25935
5.00 -25 -0.31964
10.00 -25 -0.39955
15.00 -25 -0.44311
20.00 -25 -0.40812
25.00 -25 -0.30938
30.00 -25 -0.21038
35.00 -25 -0.17008
40.00 -25 -0.19390
45.00 -25 -0.23326
-75.00 -20 0.27903
-65.00 -20 0.39891
-60.00 -20 0.44494
-55.00 -20 0.39704
-50.00 -20 0.27106
-45.00 -20 0.14337
-40.00 -20 0.83009E-01
-35.00 -20 0.91832E-01
-30.00 -20 0.10690
-25.00 -20 0.60451E-01
-20.00 -20 -0.59417E-01
-15.00 -20 -0.20241
-10.00 -20 -0.30564
-5.00 -20 -0.34910
0.00 -20 -0.36505
5.00 -20 -0.39691
10.00 -20 -0.45192
15.00 -20 -0.49494
20.00 -20 -0.48724
25.00 -20 -0.42886
30.00 -20 -0.36122
35.00 -20 -0.32747
40.00 -20 -0.33084
45.00 -20 -0.33213
50.00 -20 -0.28818
55.00 -20 -0.19250
60.00 -20 -0.78978E-01
65.00 -20 0.12517E-01
75.00 -20 0.12129
-70.00 -15 0.31309
-45.00 -15 0.35852E-01
-40.00 -15 -0.28248E-01
-35.00 -15 -0.47858E-02
-30.00 -15 0.36268E-01
-25.00 -15 0.10813E-01
-20.00 -15 -0.10841
-15.00 -15 -0.27287
-10.00 -15 -0.40343
-5.00 -15 -0.45503
0.00 -15 -0.44388
5.00 -15 -0.41987
10.00 -15 -0.41759
15.00 -15 -0.43321
20.00 -15 -0.44295
25.00 -15 -0.43599
30.00 -15 -0.42490
35.00 -15 -0.42466
40.00 -15 -0.42691
45.00 -15 -0.40054
70.00 -15 0.82914E-01
-65.00 -10 0.35493
-60.00 -10 0.36405
-55.00 -10 0.27557
-50.00 -10 0.10337
-45.00 -10 -0.71339E-01
-40.00 -10 -0.16526
-35.00 -10 -0.16172
-30.00 -10 -0.12276
-25.00 -10 -0.13499
-20.00 -10 -0.23699
-15.00 -10 -0.38964
-10.00 -10 -0.51053
-5.00 -10 -0.53881
0.00 -10 -0.47581
5.00 -10 -0.37395
10.00 -10 -0.29272
15.00 -10 -0.26261
20.00 -10 -0.28084
25.00 -10 -0.32921
30.00 -10 -0.38900
35.00 -10 -0.44053
40.00 -10 -0.45839
45.00 -10 -0.41839
50.00 -10 -0.31609
55.00 -10 -0.17773
60.00 -10 -0.47528E-01
65.00 -10 0.42444E-01
-45.00 -5 -0.16341
-40.00 -5 -0.31261
-35.00 -5 -0.36492
-30.00 -5 -0.35882
-25.00 -5 -0.36791
-20.00 -5 -0.43638
-15.00 -5 -0.54198
-10.00 -5 -0.61463
-5.00 -5 -0.59179
0.00 -5 -0.46503
5.00 -5 -0.28501
10.00 -5 -0.12782
15.00 -5 -0.51863E-01
20.00 -5 -0.73727E-01
25.00 -5 -0.16984
30.00 -5 -0.29324
35.00 -5 -0.39234
40.00 -5 -0.42690
45.00 -5 -0.38102
90.00 0.00 0.28975
-90.00 0.00 0.40338
