-85.00 0.00 0.38434
-80.00 0.00 0.30931
-75.00 0.00 0.18556
-70.00 0.00 0.90117E-01
-65.00 0.00 0.57903E-01
-60.00 0.00 0.52558E-01
-55.00 0.00 0.57137E-02
-50.00 0.00 -0.11136
-45.00 0.00 -0.25395
-40.00 0.00 -0.34254
-35.00 0.00 -0.33812
-30.00 0.00 -0.28201
-25.00 0.00 -0.25997
-20.00 0.00 -0.32235
-15.00 0.00 -0.43393
-10.00 0.00 -0.50060
-5.00 0.00 -0.44934
0.00 0.00 -0.28992
5.00 0.00 -0.10565
10.00 0.00 0.14260E-01
15.00 0.00 0.38075E-01
20.00 0.00 -0.18526E-02
25.00 0.00 -0.54721E-01
30.00 0.00 -0.98419E-01
35.00 0.00 -0.14388
40.00 0.00 -0.20081
45.00 0.00 -0.24839
50.00 0.00 -0.24594
55.00 0.00 -0.17362
60.00 0.00 -0.59225E-01
65.00 0.00 0.40216E-01
70.00 0.00 0.87642E-01
75.00 0.00 0.98330E-01
80.00 0.00 0.12341
85.00 0.00 0.19799
-45.00 5.00 -0.24532
-40.00 5.00 -0.38934
-35.00 5.00 -0.45000
-30.00 5.00 -0.43264
-25.00 5.00 -0.40286
-20.00 5.00 -0.42139
-15.00 5.00 -0.48498
-10.00 5.00 -0.52832
-5.00 5.00 -0.48426
0.00 5.00 -0.34620
5.00 5.00 -0.17643
10.00 5.00 -0.55626E-01
15.00 5.00 -0.21545E-01
20.00 5.00 -0.50402E-01
25.00 5.00 -0.90947E-01
30.00 5.00 -0.11264
35.00 5.00 -0.12188
40.00 5.00 -0.13718
45.00 5.00 -0.15597
-65.00 10.00 0.20001E-01
-60.00 10.00 0.40513E-01
-55.00 10.00 0.42325E-01
-50.00 10.00 -0.47681E-01
-45.00 10.00 -0.22894
-40.00 10.00 -0.42530
-35.00 10.00 -0.54851
-30.00 10.00 -0.56957
-25.00 10.00 -0.53497
-20.00 10.00 -0.51630
-15.00 10.00 -0.54261
-10.00 10.00 -0.57756
-5.00 10.00 -0.55931
0.00 10.00 -0.46267
5.00 10.00 -0.32478
10.00 10.00 -0.21281
15.00 10.00 -0.16672
20.00 10.00 -0.17071
25.00 10.00 -0.17637
30.00 10.00 -0.15073
35.00 10.00 -0.10199
40.00 10.00 -0.61835E-01
45.00 10.00 -0.47177E-01
50.00 10.00 -0.42334E-01
55.00 10.00 -0.18503E-01
60.00 10.00 0.32529E-01
65.00 10.00 0.87875E-01
-70.00 15.00 0.53292E-01
-45.00 15.00 -0.21275
-40.00 15.00 -0.44757
-35.00 15.00 -0.61887
-30.00 15.00 -0.67086
-25.00 15.00 -0.63493
-20.00 15.00 -0.59145
-15.00 15.00 -0.59523
-10.00 15.00 -0.63258
-5.00 15.00 -0.64472
0.00 15.00 -0.58989
5.00 15.00 -0.48329
10.00 15.00 -0.37977
15.00 15.00 -0.32008
20.00 15.00 -0.29472
25.00 15.00 -0.25865
30.00 15.00 -0.17963
35.00 15.00 -0.71122E-01
40.00 15.00 0.20946E-01
45.00 15.00 0.62305E-01
70.00 15.00 0.12677
-75.00 20.00 0.18751
-65.00 20.00 -0.69951E-02
-60.00 20.00 0.22693E-01
-55.00 20.00 0.54615E-01
-50.00 20.00 -0.11127E-01
-45.00 20.00 -0.20549
-40.00 20.00 -0.45993
-35.00 20.00 -0.65871
-30.00 20.00 -0.72904
-25.00 20.00 -0.69158
-20.00 20.00 -0.63117
-15.00 20.00 -0.61878
-10.00 20.00 -0.65576
-5.00 20.00 -0.68626
0.00 20.00 -0.65851
5.00 20.00 -0.57343
10.00 20.00 -0.47681
15.00 20.00 -0.40820
20.00 20.00 -0.36076
25.00 20.00 -0.29165
30.00 20.00 -0.17104
35.00 20.00 -0.19204E-01
40.00 20.00 0.10567
45.00 20.00 0.15723
50.00 20.00 0.14008
55.00 20.00 0.10184
60.00 20.00 0.88097E-01
65.00 20.00 0.10585
75.00 20.00 0.14043
-45.00 25.00 -0.21482
-40.00 25.00 -0.47090
-35.00 25.00 -0.67606
-30.00 25.00 -0.74922
-25.00 25.00 -0.70352
-20.00 25.00 -0.62364
-15.00 25.00 -0.58860
-10.00 25.00 -0.61069
-5.00 25.00 -0.64065
0.00 25.00 -0.62535
5.00 25.00 -0.55817
10.00 25.00 -0.47580
15.00 25.00 -0.41125
20.00 25.00 -0.35527
25.00 25.00 -0.26691
30.00 25.00 -0.12209
35.00 25.00 0.50167E-01
40.00 25.00 0.18275
45.00 25.00 0.22473
-80.00 30.00 0.34601
-70.00 30.00 0.44616E-01
-65.00 30.00 -0.37855E-01
-60.00 30.00 -0.31427E-01
-55.00 30.00 -0.71649E-02
-50.00 30.00 -0.64482E-01
-45.00 30.00 -0.24424
-40.00 30.00 -0.48841
-35.00 30.00 -0.68214
-30.00 30.00 -0.74223
-25.00 30.00 -0.67638
-20.00 30.00 -0.56621
-15.00 30.00 -0.49496
-10.00 30.00 -0.48629
-5.00 30.00 -0.50353
0.00 30.00 -0.49917
5.00 30.00 -0.46089
10.00 30.00 -0.41090
15.00 30.00 -0.36721
20.00 30.00 -0.31357
25.00 30.00 -0.21339
30.00 30.00 -0.54876E-01
35.00 30.00 0.12056
40.00 30.00 0.24025
45.00 30.00 0.25695
50.00 30.00 0.18860
55.00 30.00 0.10362
60.00 30.00 0.64868E-01
65.00 30.00 0.83536E-01
70.00 30.00 0.12388
80.00 30.00 0.16590
-45.00 35.00 -0.29068
-40.00 35.00 -0.51430
-35.00 35.00 -0.68346
-30.00 35.00 -0.71693
-25.00 35.00 -0.61910
-20.00 35.00 -0.46816
-15.00 35.00 -0.35120
-10.00 35.00 -0.30555
-5.00 35.00 -0.31144
0.00 35.00 -0.32972
5.00 35.00 -0.33971
10.00 35.00 -0.34164
15.00 35.00 -0.33097
20.00 35.00 -0.28238
25.00 35.00 -0.16849
30.00 35.00 0.27686E-02
35.00 35.00 0.17384
40.00 35.00 0.26961
45.00 35.00 0.25367
-75.00 40.00 0.21506
-65.00 40.00 -0.68431E-01
-60.00 40.00 -0.10556
-55.00 40.00 -0.11762
-50.00 40.00 -0.18593
-45.00 40.00 -0.34433
-40.00 40.00 -0.54205
-35.00 40.00 -0.67775
-30.00 40.00 -0.67569
-25.00 40.00 -0.54032
-20.00 40.00 -0.34798
-15.00 40.00 -0.18955
-10.00 40.00 -0.11517
-5.00 40.00 -0.12087
0.00 40.00 -0.17413
5.00 40.00 -0.24316
10.00 40.00 -0.30322
15.00 40.00 -0.32587
20.00 40.00 -0.27846
25.00 40.00 -0.14683
30.00 40.00 0.37866E-01
35.00 40.00 0.20173
40.00 40.00 0.27054
45.00 40.00 0.22305
50.00 40.00 0.10936
55.00 40.00 0.14897E-01
60.00 40.00 -0.25156E-02
65.00 40.00 0.50054E-01
75.00 40.00 0.16036
-70.00 45.00 0.48778E-01
-45.00 45.00 -0.39161
-40.00 45.00 -0.55928
-35.00 45.00 -0.65575
-30.00 45.00 -0.61501
-25.00 45.00 -0.44649
-20.00 45.00 -0.22686
-15.00 45.00 -0.47836E-01
-10.00 45.00 0.35044E-01
-5.00 45.00 0.17964E-01
0.00 45.00 -0.68842E-01
5.00 45.00 -0.18440
10.00 45.00 -0.28587
15.00 45.00 -0.32896
20.00 45.00 -0.27851
25.00 45.00 -0.13324
30.00 45.00 0.57176E-01
35.00 45.00 0.20843
40.00 45.00 0.25114
45.00 45.00 0.17937
70.00 45.00 0.12458
-65.00 50.00 -0.86339E-01
-60.00 50.00 -0.16039
-55.00 50.00 -0.20793
-50.00 50.00 -0.28828
-45.00 50.00 -0.41988
-40.00 50.00 -0.55390
-35.00 50.00 -0.60803
-30.00 50.00 -0.53083
-25.00 50.00 -0.34252
-20.00 50.00 -0.12174
-15.00 50.00 0.45501E-01
-10.00 50.00 0.11154
-5.00 50.00 0.77938E-01
0.00 50.00 -0.22896E-01
5.00 50.00 -0.14882
10.00 50.00 -0.25551
15.00 50.00 -0.29836
20.00 50.00 -0.24567
25.00 50.00 -0.10289
30.00 50.00 0.74681E-01
35.00 50.00 0.20361
40.00 50.00 0.22311
45.00 50.00 0.13847
50.00 50.00 0.19524E-01
55.00 50.00 -0.49048E-01
60.00 50.00 -0.27784E-01
65.00 50.00 0.55460E-01
-85.00 55.00 0.40570
-45.00 55.00 -0.42190
-40.00 55.00 -0.52046
-35.00 55.00 -0.53249
-30.00 55.00 -0.42507
-25.00 55.00 -0.23410
-20.00 55.00 -0.40859E-01
-15.00 55.00 0.81946E-01
-10.00 55.00 0.10895
-5.00 55.00 0.60440E-01
0.00 55.00 -0.25994E-01
5.00 55.00 -0.11821
10.00 55.00 -0.19023
15.00 55.00 -0.21409
20.00 55.00 -0.16575
25.00 55.00 -0.47630E-01
30.00 55.00 0.95632E-01
35.00 55.00 0.19375
40.00 55.00 0.19645
45.00 55.00 0.11307
85.00 55.00 0.22608
-80.00 60.00 0.36168
-75.00 60.00 0.22737
-70.00 60.00 0.54596E-01
-65.00 60.00 -0.87266E-01
-60.00 60.00 -0.17176
-55.00 60.00 -0.22894
-50.00 60.00 -0.30299
-45.00 60.00 -0.39762
-40.00 60.00 -0.46301
-35.00 60.00 -0.43818
-30.00 60.00 -0.30933
-25.00 60.00 -0.12977
-20.00 60.00 0.16717E-01
-15.00 60.00 0.75508E-01
-10.00 60.00 0.52338E-01
-5.00 60.00 -0.59364E-02
0.00 60.00 -0.55949E-01
5.00 60.00 -0.84377E-01
10.00 60.00 -0.97515E-01
15.00 60.00 -0.94645E-01
20.00 60.00 -0.59967E-01
25.00 60.00 0.16385E-01
30.00 60.00 0.11298
35.00 60.00 0.18036
40.00 60.00 0.17759
45.00 60.00 0.11031
50.00 60.00 0.32330E-01
55.00 60.00 0.49085E-02
60.00 60.00 0.48048E-01
65.00 60.00 0.12745
70.00 60.00 0.18851
75.00 60.00 0.20589
80.00 60.00 0.20412
-45.00 65.00 -0.35243
-40.00 65.00 -0.39274
-35.00 65.00 -0.34254
-30.00 65.00 -0.20285
-25.00 65.00 -0.41028E-01
-20.00 65.00 0.57633E-01
-15.00 65.00 0.55750E-01
-10.00 65.00 -0.11549E-01
-5.00 65.00 -0.72740E-01
0.00 65.00 -0.80765E-01
5.00 65.00 -0.43334E-01
10.00 65.00 -0.44714E-03
15.00 65.00 0.22102E-01
20.00 65.00 0.35217E-01
25.00 65.00 0.65769E-01
30.00 65.00 0.11894
35.00 65.00 0.16597
40.00 65.00 0.17139
45.00 65.00 0.13169
-65.00 70.00 -0.79356E-01
-60.00 70.00 -0.14495
-55.00 70.00 -0.18007
-50.00 70.00 -0.22913
-45.00 70.00 -0.29299
-40.00 70.00 -0.32147
-35.00 70.00 -0.26331
-30.00 70.00 -0.12517
-25.00 70.00 0.20126E-01
-20.00 70.00 0.88271E-01
-15.00 70.00 0.52744E-01
-10.00 70.00 -0.34416E-01
-5.00 70.00 -0.88921E-01
0.00 70.00 -0.64653E-01
5.00 70.00 0.14703E-01
10.00 70.00 0.87000E-01
15.00 70.00 0.11142
20.00 70.00 0.99676E-01
25.00 70.00 0.93882E-01
30.00 70.00 0.11919
35.00 70.00 0.16039
40.00 70.00 0.18319
45.00 70.00 0.17409
50.00 70.00 0.15567
55.00 70.00 0.16189
60.00 70.00 0.20069
65.00 70.00 0.24427
-70.00 75.00 0.41992E-01
-45.00 75.00 -0.22324
-40.00 75.00 -0.25478
-35.00 75.00 -0.20905
-30.00 75.00 -0.86813E-01
-25.00 75.00 0.45849E-01
-20.00 75.00 0.10982
-15.00 75.00 0.80696E-01
-10.00 75.00 0.89295E-02
-5.00 75.00 -0.26196E-01
0.00 75.00 0.14457E-01
5.00 75.00 0.10080
10.00 75.00 0.16758
15.00 75.00 0.17565
20.00 75.00 0.14257
25.00 75.00 0.11808
30.00 75.00 0.13402
35.00 75.00 0.17873
40.00 75.00 0.21712
45.00 75.00 0.23034
70.00 75.00 0.29088
-75.00 80.00 0.19184
-65.00 80.00 -0.73743E-01
-60.00 80.00 -0.99488E-01
-55.00 80.00 -0.86221E-01
-50.00 80.00 -0.94658E-01
-45.00 80.00 -0.14289
-40.00 80.00 -0.18889
-35.00 80.00 -0.17376
-30.00 80.00 -0.82452E-01
-25.00 80.00 0.37819E-01
-20.00 80.00 0.11863
-15.00 80.00 0.13072
-10.00 80.00 0.10591
-5.00 80.00 0.10173
0.00 80.00 0.14511
5.00 80.00 0.20960
10.00 80.00 0.24534
15.00 80.00 0.22934
20.00 80.00 0.18645
25.00 80.00 0.16308
30.00 80.00 0.18321
35.00 80.00 0.23052
40.00 80.00 0.27114
45.00 80.00 0.28947
50.00 80.00 0.29885
55.00 80.00 0.31837
60.00 80.00 0.34446
65.00 80.00 0.35077
75.00 80.00 0.26283
-45.00 85.00 -0.49671E-01
-40.00 85.00 -0.11328
-35.00 85.00 -0.13884
-30.00 85.00 -0.90664E-01
-25.00 85.00 0.10772E-01
-20.00 85.00 0.11295
-15.00 85.00 0.17941
-10.00 85.00 0.21421
-5.00 85.00 0.24380
0.00 85.00 0.28081
5.00 85.00 0.30982
10.00 85.00 0.30790
15.00 85.00 0.27513
20.00 85.00 0.24048
25.00 85.00 0.23611
30.00 85.00 0.26713
35.00 85.00 0.30881
40.00 85.00 0.33355
45.00 85.00 0.33840
-80.00 90.00 0.30428
-70.00 90.00 0.66664E-02
-65.00 90.00 -0.73531E-01
-60.00 90.00 -0.51957E-01
-55.00 90.00 0.25069E-01
-50.00 90.00 0.77112E-01
-45.00 90.00 0.56259E-01
-40.00 90.00 -0.18115E-01
-35.00 90.00 -0.82093E-01
-30.00 90.00 -0.81546E-01
-25.00 90.00 -0.92900E-02
-20.00 90.00 0.10094
-15.00 90.00 0.20808
-10.00 90.00 0.28978
-5.00 90.00 0.34232
0.00 90.00 0.36615
5.00 90.00 0.36008
10.00 90.00 0.33015
15.00 90.00 0.29774
20.00 90.00 0.28999
25.00 90.00 0.31733
30.00 90.00 0.36135
35.00 90.00 0.38959
40.00 90.00 0.38585
45.00 90.00 0.36606
50.00 90.00 0.36149
55.00 90.00 0.38441
60.00 90.00 0.41136
65.00 90.00 0.40379
70.00 90.00 0.34803
80.00 90.00 0.23462
-45.00 95.00 0.16832
-40.00 95.00 0.97867E-01
-35.00 95.00 0.10359E-01
-30.00 95.00 -0.29840E-01
-25.00 95.00 0.57421E-02
-20.00 95.00 0.10135
-15.00 95.00 0.21715
-10.00 95.00 0.31435
-5.00 95.00 0.36875
0.00 95.00 0.37369
5.00 95.00 0.34082
10.00 95.00 0.29877
15.00 95.00 0.28244
20.00 95.00 0.31180
25.00 95.00 0.37449
30.00 95.00 0.43100
35.00 95.00 0.44448
40.00 95.00 0.41220
45.00 95.00 0.36905
-75.00 100.00 0.12808
-65.00 100.00 -0.71187E-01
-60.00 100.00 -0.12033E-01
-55.00 100.00 0.11882
-50.00 100.00 0.23593
-45.00 100.00 0.27296
-40.00 100.00 0.22347
-35.00 100.00 0.13558
-30.00 100.00 0.72420E-01
-25.00 100.00 0.72188E-01
-20.00 100.00 0.13283
-15.00 100.00 0.22239
-10.00 100.00 0.30019
-5.00 100.00 0.33558
0.00 100.00 0.32018
5.00 100.00 0.27273
10.00 100.00 0.23228
15.00 100.00 0.23730
20.00 100.00 0.29893
25.00 100.00 0.38840
30.00 100.00 0.45374
35.00 100.00 0.45799
40.00 100.00 0.40930
45.00 100.00 0.35498
50.00 100.00 0.34139
55.00 100.00 0.37341
60.00 100.00 0.41033
65.00 100.00 0.40396
75.00 100.00 0.27184
-70.00 105.00 -0.19178E-01
-45.00 105.00 0.35334
-40.00 105.00 0.33800
-35.00 105.00 0.27368
-30.00 105.00 0.21078
-25.00 105.00 0.18383
-20.00 105.00 0.19821
-15.00 105.00 0.23581
-10.00 105.00 0.26902
-5.00 105.00 0.27485
0.00 105.00 0.24672
5.00 105.00 0.20117
10.00 105.00 0.17273
15.00 105.00 0.19381
20.00 105.00 0.26923
25.00 105.00 0.36610
30.00 105.00 0.43262
35.00 105.00 0.43595
40.00 105.00 0.38889
45.00 105.00 0.34015
70.00 105.00 0.33437
-85.00 110.00 0.34157
-65.00 110.00 -0.53511E-01
-60.00 110.00 0.19462E-01
-55.00 110.00 0.16195
-50.00 110.00 0.30531
-45.00 110.00 0.39579
-40.00 110.00 0.41967
-35.00 110.00 0.39645
-30.00 110.00 0.35455
-25.00 110.00 0.31279
-20.00 110.00 0.27768
-15.00 110.00 0.24956
-10.00 110.00 0.22666
-5.00 110.00 0.20511
0.00 110.00 0.18133
5.00 110.00 0.15903
10.00 110.00 0.15333
15.00 110.00 0.18236
20.00 110.00 0.24923
25.00 110.00 0.33083
30.00 110.00 0.38886
35.00 110.00 0.39835
40.00 110.00 0.36966
45.00 110.00 0.34111
50.00 110.00 0.34533
55.00 110.00 0.37867
60.00 110.00 0.40347
65.00 110.00 0.38365
85.00 110.00 0.27363
-45.00 115.00 0.39532
-40.00 115.00 0.45486
-35.00 115.00 0.47994
-30.00 115.00 0.47133
-25.00 115.00 0.42364
-20.00 115.00 0.33961
-15.00 115.00 0.24092
-10.00 115.00 0.16025
-5.00 115.00 0.12047
0.00 115.00 0.12081
5.00 115.00 0.14344
10.00 115.00 0.17248
15.00 115.00 0.20584
20.00 115.00 0.24876
25.00 115.00 0.29884
30.00 115.00 0.34139
35.00 115.00 0.36211
40.00 115.00 0.36336
45.00 115.00 0.36427
-80.00 120.00 0.22380
-75.00 120.00 0.95378E-01
-70.00 120.00 0.28526E-02
-65.00 120.00 -0.10577E-01
-60.00 120.00 0.53077E-01
-55.00 120.00 0.15679
-50.00 120.00 0.26286
-45.00 120.00 0.35723
-40.00 120.00 0.44277
-35.00 120.00 0.51345
-30.00 120.00 0.54086
-25.00 120.00 0.49174
-20.00 120.00 0.36238
-15.00 120.00 0.19599
-10.00 120.00 0.62341E-01
-5.00 120.00 0.13208E-01
0.00 120.00 0.49942E-01
5.00 120.00 0.12923
10.00 120.00 0.19969
15.00 120.00 0.23707
20.00 120.00 0.25101
25.00 120.00 0.26467
30.00 120.00 0.29109
35.00 120.00 0.32735
40.00 120.00 0.36508
45.00 120.00 0.40020
50.00 120.00 0.42979
55.00 120.00 0.44323
60.00 120.00 0.42423
65.00 120.00 0.36767
70.00 120.00 0.29488
75.00 120.00 0.24580
80.00 120.00 0.24809
-45.00 125.00 0.29383
-40.00 125.00 0.39306
-35.00 125.00 0.49971
-30.00 125.00 0.55913
-25.00 125.00 0.51219
-20.00 125.00 0.34845
-15.00 125.00 0.12933
-10.00 125.00 -0.43777E-01
-5.00 125.00 -0.95268E-01
0.00 125.00 -0.23694E-01
5.00 125.00 0.10436
10.00 125.00 0.20702
15.00 125.00 0.24258
20.00 125.00 0.22699
25.00 125.00 0.20766
30.00 125.00 0.22266
35.00 125.00 0.27835
40.00 125.00 0.35533
45.00 125.00 0.42710
-65.00 130.00 0.53648E-01
-60.00 130.00 0.97692E-01
-55.00 130.00 0.13737
-50.00 130.00 0.16729
-45.00 130.00 0.21844
-40.00 130.00 0.31878
-35.00 130.00 0.44765
-30.00 130.00 0.53136
-25.00 130.00 0.49267
-20.00 130.00 0.31668
-15.00 130.00 0.76258E-01
-10.00 130.00 -0.10944
-5.00 130.00 -0.15431
0.00 130.00 -0.61262E-01
5.00 130.00 0.87127E-01
10.00 130.00 0.19268
15.00 130.00 0.20842
20.00 130.00 0.15980
25.00 130.00 0.11291
30.00 130.00 0.12230
35.00 130.00 0.19899
40.00 130.00 0.31389
45.00 130.00 0.42270
50.00 130.00 0.48879
55.00 130.00 0.49380
60.00 130.00 0.44052
65.00 130.00 0.35351
-70.00 135.00 0.66575E-01
-45.00 135.00 0.14060
-40.00 135.00 0.23011
-35.00 135.00 0.36464
-30.00 135.00 0.46168
-25.00 135.00 0.43787
-20.00 135.00 0.27868
-15.00 135.00 0.59913E-01
-10.00 135.00 -0.10077
-5.00 135.00 -0.12567
0.00 135.00 -0.28651E-01
5.00 135.00 0.10175
10.00 135.00 0.17085
15.00 135.00 0.14287
20.00 135.00 0.56568E-01
25.00 135.00 -0.11905E-01
30.00 135.00 -0.35552E-02
35.00 135.00 0.91177E-01
40.00 135.00 0.23661
45.00 135.00 0.37824
70.00 135.00 0.26564
-75.00 140.00 0.10720
-65.00 140.00 0.11736
-60.00 140.00 0.14014
-55.00 140.00 0.11950
-50.00 140.00 0.74660E-01
-45.00 140.00 0.65384E-01
-40.00 140.00 0.13369
-35.00 140.00 0.25581
-30.00 140.00 0.35077
-25.00 140.00 0.34230
-20.00 140.00 0.22255
-15.00 140.00 0.62815E-01
-10.00 140.00 -0.39123E-01
-5.00 140.00 -0.32050E-01
0.00 140.00 0.53698E-01
5.00 140.00 0.13451
10.00 140.00 0.13864
15.00 140.00 0.56059E-01
20.00 140.00 -0.60639E-01
25.00 140.00 -0.13699
30.00 140.00 -0.12341
35.00 140.00 -0.17421E-01
40.00 140.00 0.14390
45.00 140.00 0.30628
50.00 140.00 0.41989
55.00 140.00 0.45526
60.00 140.00 0.41418
65.00 140.00 0.33158
75.00 140.00 0.24213
-45.00 145.00 -0.35159E-02
-40.00 145.00 0.37380E-01
-35.00 145.00 0.13114
-30.00 145.00 0.20544
-25.00 145.00 0.20137
-20.00 145.00 0.12348
-15.00 145.00 0.34706E-01
-10.00 145.00 0.18429E-02
-5.00 145.00 0.39928E-01
0.00 145.00 0.10216
5.00 145.00 0.12053
10.00 145.00 0.59971E-01
15.00 145.00 -0.57485E-01
20.00 145.00 -0.17200
25.00 145.00 -0.22616
30.00 145.00 -0.19376
35.00 145.00 -0.83295E-01
40.00 145.00 0.74167E-01
45.00 145.00 0.23698
-80.00 150.00 0.18028
-70.00 150.00 0.11970
-65.00 150.00 0.15360
-60.00 150.00 0.15241
-55.00 150.00 0.87922E-01
-50.00 150.00 -0.45611E-02
-45.00 150.00 -0.59963E-01
-40.00 150.00 -0.44717E-01
-35.00 150.00 0.12892E-01
-30.00 150.00 0.50869E-01
-25.00 150.00 0.31794E-01
-20.00 150.00 -0.24425E-01
-15.00 150.00 -0.62994E-01
-10.00 150.00 -0.48650E-01
-5.00 150.00 -0.24968E-04
0.00 150.00 0.27008E-01
5.00 150.00 -0.10561E-01
10.00 150.00 -0.10591
15.00 150.00 -0.20919
20.00 150.00 -0.26672
25.00 150.00 -0.25478
30.00 150.00 -0.18219
35.00 150.00 -0.69952E-01
40.00 150.00 0.64562E-01
45.00 150.00 0.20393
50.00 150.00 0.32015
55.00 150.00 0.37983
60.00 150.00 0.36855
65.00 150.00 0.31102
70.00 150.00 0.26060
80.00 150.00 0.30025
-45.00 155.00 -0.94758E-01
-40.00 155.00 -0.93281E-01
-35.00 155.00 -0.66592E-01
-30.00 155.00 -0.69732E-01
-25.00 155.00 -0.12098
-20.00 155.00 -0.18558
-15.00 155.00 -0.21373
-10.00 155.00 -0.19363
-5.00 155.00 -0.16573
0.00 155.00 -0.18368
5.00 155.00 -0.26006
10.00 155.00 -0.34966
15.00 155.00 -0.38602
20.00 155.00 -0.33559
25.00 155.00 -0.21957
30.00 155.00 -0.87153E-01
35.00 155.00 0.28777E-01
40.00 155.00 0.12907
45.00 155.00 0.22661
-75.00 160.00 0.12052
-65.00 160.00 0.15252
-60.00 160.00 0.12617
-55.00 160.00 0.41593E-01
-50.00 160.00 -0.52404E-01
-45.00 160.00 -0.99459E-01
-40.00 160.00 -0.92618E-01
-35.00 160.00 -0.80141E-01
-30.00 160.00 -0.11561
-25.00 160.00 -0.20390
-20.00 160.00 -0.29776
-15.00 160.00 -0.34788
-10.00 160.00 -0.35452
-5.00 160.00 -0.36686
0.00 160.00 -0.42897
5.00 160.00 -0.52580
10.00 160.00 -0.58451
15.00 160.00 -0.53331
20.00 160.00 -0.36384
25.00 160.00 -0.13974
30.00 160.00 0.54954E-01
35.00 160.00 0.17805
40.00 160.00 0.24633
45.00 160.00 0.29874
50.00 160.00 0.34902
55.00 160.00 0.37622
60.00 160.00 0.35873
65.00 160.00 0.31029
75.00 160.00 0.28839
-85.00 165.00 0.27465
-70.00 165.00 0.12954
-45.00 165.00 -0.72242E-01
-40.00 165.00 -0.42084E-01
-35.00 165.00 -0.25394E-01
-30.00 165.00 -0.78162E-01
-25.00 165.00 -0.19622
-20.00 165.00 -0.32086
-15.00 165.00 -0.39796
-10.00 165.00 -0.43032
-5.00 165.00 -0.46937
0.00 165.00 -0.55333
5.00 165.00 -0.65373
10.00 165.00 -0.68619
15.00 165.00 -0.57948
20.00 165.00 -0.34031
25.00 165.00 -0.53958E-01
30.00 165.00 0.17887
35.00 165.00 0.31107
40.00 165.00 0.36492
45.00 165.00 0.38930
70.00 165.00 0.28776
85.00 165.00 0.36251
-65.00 170.00 0.13010
-60.00 170.00 0.87447E-01
-55.00 170.00 0.11617E-01
-50.00 170.00 -0.38579E-01
-45.00 170.00 -0.21303E-01
-40.00 170.00 0.38885E-01
-35.00 170.00 0.66693E-01
-30.00 170.00 0.39237E-02
-25.00 170.00 -0.13600
-20.00 170.00 -0.28020
-15.00 170.00 -0.36358
-10.00 170.00 -0.38587
-5.00 170.00 -0.40325
0.00 170.00 -0.46351
5.00 170.00 -0.54877
10.00 170.00 -0.58202
15.00 170.00 -0.49252
20.00 170.00 -0.27900
25.00 170.00 -0.13624E-01
30.00 170.00 0.21351
35.00 170.00 0.35593
40.00 170.00 0.42541
45.00 170.00 0.45646
50.00 170.00 0.46482
55.00 170.00 0.44247
60.00 170.00 0.38717
65.00 170.00 0.32602
-45.00 175.00 0.37313E-01
-40.00 175.00 0.11777
-35.00 175.00 0.14462
-30.00 175.00 0.61509E-01
-25.00 175.00 -0.10448
-20.00 175.00 -0.26077
-15.00 175.00 -0.32513
-10.00 175.00 -0.29154
-5.00 175.00 -0.22791
0.00 175.00 -0.21094
5.00 175.00 -0.25883
10.00 175.00 -0.31997
15.00 175.00 -0.32159
20.00 175.00 -0.22946
25.00 175.00 -0.67150E-01
30.00 175.00 0.11286
35.00 175.00 0.26996
40.00 175.00 0.38961
45.00 175.00 0.46802
-80.00 180.00 0.17413
-75.00 180.00 0.12789
-70.00 180.00 0.12330
-65.00 180.00 0.11278
-60.00 180.00 0.69385E-01
-55.00 180.00 0.20482E-01
-50.00 180.00 0.20339E-01
-45.00 180.00 0.86478E-01
-40.00 180.00 0.16497
-35.00 180.00 0.16509
-30.00 180.00 0.37885E-01
-25.00 180.00 -0.17117
-20.00 180.00 -0.34598
-15.00 180.00 -0.38400
-10.00 180.00 -0.27213
-5.00 180.00 -0.93947E-01
0.00 180.00 0.33985E-01
5.00 180.00 0.42361E-01
10.00 180.00 -0.53936E-01
15.00 180.00 -0.17990
20.00 180.00 -0.25486
25.00 180.00 -0.23375
30.00 180.00 -0.11608
35.00 180.00 0.66143E-01
40.00 180.00 0.26281
45.00 180.00 0.41822
50.00 180.00 0.48913
55.00 180.00 0.46778
60.00 180.00 0.39256
65.00 180.00 0.32816
70.00 180.00 0.32143
75.00 180.00 0.36584
80.00 180.00 0.40750
-45.00 -175 0.11495
-40.00 -175 0.16846
-35.00 -175 0.11865
-30.00 -175 -0.71624E-01
-25.00 -175 -0.33818
-20.00 -175 -0.54480
-15.00 -175 -0.57230
-10.00 -175 -0.40098
-5.00 -175 -0.12592
0.00 -175 0.10287
5.00 -175 0.16987
10.00 -175 0.53910E-01
15.00 -175 -0.17140
20.00 -175 -0.38490
25.00 -175 -0.47867
30.00 -175 -0.40320
35.00 -175 -0.18326
40.00 -175 0.96576E-01
45.00 -175 0.33177
-65.00 -170 0.11434
-60.00 -170 0.77393E-01
-55.00 -170 0.49631E-01
-50.00 -170 0.67199E-01
-45.00 -170 0.11997
-40.00 -170 0.13698
-35.00 -170 0.33436E-01
-30.00 -170 -0.21445
-25.00 -170 -0.52993
-20.00 -170 -0.76940
-15.00 -170 -0.80976
-10.00 -170 -0.62843
-5.00 -170 -0.32115
0.00 -170 -0.48115E-01
5.00 -170 0.54304E-01
10.00 -170 -0.56760E-01
15.00 -170 -0.31423
20.00 -170 -0.57948
25.00 -170 -0.71172
30.00 -170 -0.63493
35.00 -170 -0.37236
40.00 -170 -0.31921E-01
45.00 -170 0.25233
50.00 -170 0.39262
55.00 -170 0.39127
60.00 -170 0.32697
65.00 -170 0.29260
-70.00 -165 0.14031
-45.00 -165 0.10443
-40.00 -165 0.89954E-01
-35.00 -165 -0.46650E-01
-30.00 -165 -0.31698
-25.00 -165 -0.64238
-20.00 -165 -0.89025
-15.00 -165 -0.95216
-10.00 -165 -0.81038
-5.00 -165 -0.54989
0.00 -165 -0.31145
5.00 -165 -0.21660
10.00 -165 -0.30644
15.00 -165 -0.52302
20.00 -165 -0.73932
25.00 -165 -0.82269
30.00 -165 -0.70264
35.00 -165 -0.40888
40.00 -165 -0.56134E-01
45.00 -165 0.22040
70.00 -165 0.32869
-75.00 -160 0.16410
-65.00 -160 0.12874
-60.00 -160 0.86289E-01
-55.00 -160 0.53397E-01
-50.00 -160 0.54823E-01
-45.00 -160 0.71823E-01
-40.00 -160 0.42339E-01
-35.00 -160 -0.93010E-01
-30.00 -160 -0.33665
-25.00 -160 -0.61812
-20.00 -160 -0.83157
-15.00 -160 -0.89968
-10.00 -160 -0.81874
-5.00 -160 -0.65754
0.00 -160 -0.51584
5.00 -160 -0.47061
10.00 -160 -0.53831
15.00 -160 -0.66800
20.00 -160 -0.76586
25.00 -160 -0.74183
30.00 -160 -0.55930
35.00 -160 -0.26163
40.00 -160 0.45326E-01
45.00 -160 0.25192
50.00 -160 0.31089
55.00 -160 0.26482
60.00 -160 0.21158
65.00 -160 0.23099
75.00 -160 0.43571
-45.00 -155 0.23721E-01
-40.00 -155 -0.36522E-02
-35.00 -155 -0.10914
-30.00 -155 -0.29010
-25.00 -155 -0.48915
-20.00 -155 -0.63215
-15.00 -155 -0.67829
-10.00 -155 -0.64350
-5.00 -155 -0.58335
0.00 -155 -0.55330
5.00 -155 -0.57558
10.00 -155 -0.62997
15.00 -155 -0.66662
20.00 -155 -0.63054
25.00 -155 -0.48881
30.00 -155 -0.25252
35.00 -155 0.17779E-01
40.00 -155 0.23435
45.00 -155 0.32880
-80.00 -150 0.21751
-70.00 -150 0.18456
-65.00 -150 0.14380
-60.00 -150 0.71085E-01
-55.00 -150 0.76087E-03
-50.00 -150 -0.33865E-01
-45.00 -150 -0.38103E-01
-40.00 -150 -0.54010E-01
-35.00 -150 -0.12072
-30.00 -150 -0.23538
-25.00 -150 -0.35208
-20.00 -150 -0.41978
-15.00 -150 -0.42473
-10.00 -150 -0.40034
-5.00 -150 -0.39768
0.00 -150 -0.44326
5.00 -150 -0.51758
10.00 -150 -0.56719
15.00 -150 -0.53711
20.00 -150 -0.40061
25.00 -150 -0.17321
30.00 -150 0.90477E-01
35.00 -150 0.31399
40.00 -150 0.42844
45.00 -150 0.40703
50.00 -150 0.28688
55.00 -150 0.15719
60.00 -150 0.11056
65.00 -150 0.18421
70.00 -150 0.33384
80.00 -150 0.49784
-45.00 -145 -0.10726
-40.00 -145 -0.11061
-35.00 -145 -0.14828
-30.00 -145 -0.22273
-25.00 -145 -0.29392
-20.00 -145 -0.31668
-15.00 -145 -0.28422
-10.00 -145 -0.23761
-5.00 -145 -0.23240
0.00 -145 -0.29108
5.00 -145 -0.38031
10.00 -145 -0.42945
15.00 -145 -0.37472
20.00 -145 -0.19801
25.00 -145 0.61367E-01
30.00 -145 0.32342
35.00 -145 0.50141
40.00 -145 0.53913
45.00 -145 0.43850
-85.00 -140 0.28718
-75.00 -140 0.23443
-65.00 -140 0.15836
-60.00 -140 0.39392E-01
-55.00 -140 -0.84612E-01
-50.00 -140 -0.15843
-45.00 -140 -0.17089
-40.00 -140 -0.16283
-35.00 -140 -0.18631
-30.00 -140 -0.25433
-25.00 -140 -0.32770
-20.00 -140 -0.35088
-15.00 -140 -0.30360
-10.00 -140 -0.22198
-5.00 -140 -0.17059
0.00 -140 -0.18941
5.00 -140 -0.25916
10.00 -140 -0.31144
15.00 -140 -0.27418
20.00 -140 -0.11923
25.00 -140 0.11804
30.00 -140 0.35552
35.00 -140 0.50476
40.00 -140 0.51406
45.00 -140 0.39503
50.00 -140 0.22023
55.00 -140 0.89365E-01
60.00 -140 0.77016E-01
65.00 -140 0.18938
75.00 -140 0.48827
85.00 -140 0.42676
-70.00 -135 0.24380
-45.00 -135 -0.21348
-40.00 -135 -0.19164
-35.00 -135 -0.20685
-30.00 -135 -0.28598
-25.00 -135 -0.38953
-20.00 -135 -0.44461
-15.00 -135 -0.40694
-10.00 -135 -0.29887
-5.00 -135 -0.19241
0.00 -135 -0.15314
5.00 -135 -0.19061
10.00 -135 -0.25234
15.00 -135 -0.26242
20.00 -135 -0.17388
25.00 -135 0.70399E-03
30.00 -135 0.19659
35.00 -135 0.33378
40.00 -135 0.36061
45.00 -135 0.28187
70.00 -135 0.37872
-65.00 -130 0.18328
-60.00 -130 0.28275E-01
-55.00 -130 -0.13369
-50.00 -130 -0.22532
-45.00 -130 -0.22439
-40.00 -130 -0.18354
-35.00 -130 -0.18499
-30.00 -130 -0.26909
-25.00 -130 -0.39838
-20.00 -130 -0.48715
-15.00 -130 -0.47058
-10.00 -130 -0.35613
-5.00 -130 -0.21708
0.00 -130 -0.13713
5.00 -130 -0.15142
10.00 -130 -0.22714
15.00 -130 -0.29213
20.00 -130 -0.28544
25.00 -130 -0.19372
30.00 -130 -0.53880E-01
35.00 -130 0.73191E-01
40.00 -130 0.13894
45.00 -130 0.13390
50.00 -130 0.92640E-01
55.00 -130 0.74028E-01
60.00 -130 0.12543
65.00 -130 0.24996
-45.00 -125 -0.20380
-40.00 -125 -0.14283
-35.00 -125 -0.12421
-30.00 -125 -0.19678
-25.00 -125 -0.32766
-20.00 -125 -0.42948
-15.00 -125 -0.43044
-10.00 -125 -0.32915
-5.00 -125 -0.19273
0.00 -125 -0.10552
5.00 -125 -0.11181
10.00 -125 -0.19379
15.00 -125 -0.29281
20.00 -125 -0.35034
25.00 -125 -0.33852
30.00 -125 -0.26610
35.00 -125 -0.16512
40.00 -125 -0.70570E-01
45.00 -125 -0.26764E-02
-80.00 -120 0.28812
-75.00 -120 0.30915
-70.00 -120 0.30821
-65.00 -120 0.22549
-60.00 -120 0.65233E-01
-55.00 -120 -0.99267E-01
-50.00 -120 -0.18336
-45.00 -120 -0.16205
-40.00 -120 -0.90929E-01
-35.00 -120 -0.58934E-01
-30.00 -120 -0.11452
-25.00 -120 -0.22833
-20.00 -120 -0.32119
-15.00 -120 -0.32947
-10.00 -120 -0.25226
-5.00 -120 -0.14567
0.00 -120 -0.76832E-01
5.00 -120 -0.79604E-01
10.00 -120 -0.14311
15.00 -120 -0.23137
20.00 -120 -0.30892
25.00 -120 -0.35265
30.00 -120 -0.35042
35.00 -120 -0.29890
40.00 -120 -0.20625
45.00 -120 -0.92357E-01
50.00 -120 0.20851E-01
55.00 -120 0.12390
60.00 -120 0.22355
65.00 -120 0.32826
70.00 -120 0.42777
75.00 -120 0.48986
80.00 -120 0.48327
-45.00 -115 -0.11240
-40.00 -115 -0.51724E-01
-35.00 -115 -0.29880E-01
-30.00 -115 -0.84724E-01
-25.00 -115 -0.18444
-20.00 -115 -0.26071
-15.00 -115 -0.26760
-10.00 -115 -0.21353
-5.00 -115 -0.14405
0.00 -115 -0.99614E-01
5.00 -115 -0.90131E-01
10.00 -115 -0.10397
15.00 -115 -0.13227
20.00 -115 -0.17789
25.00 -115 -0.24017
30.00 -115 -0.29699
35.00 -115 -0.30938
40.00 -115 -0.24924
45.00 -115 -0.12407
-65.00 -110 0.27457
-60.00 -110 0.13780
-55.00 -110 0.17546E-04
-50.00 -110 -0.69984E-01
-45.00 -110 -0.62719E-01
-40.00 -110 -0.33863E-01
-35.00 -110 -0.51268E-01
-30.00 -110 -0.13395
-25.00 -110 -0.23891
-20.00 -110 -0.30396
-15.00 -110 -0.30255
-10.00 -110 -0.25885
-5.00 -110 -0.21459
0.00 -110 -0.18594
5.00 -110 -0.15554
10.00 -110 -0.10460
15.00 -110 -0.47192E-01
20.00 -110 -0.26488E-01
25.00 -110 -0.72850E-01
30.00 -110 -0.16509
35.00 -110 -0.23605
40.00 -110 -0.22169
45.00 -110 -0.11041
50.00 -110 0.51439E-01
55.00 -110 0.20022
60.00 -110 0.30243
65.00 -110 0.36632
-70.00 -105 0.35407
-45.00 -105 -0.12185E-01
-40.00 -105 -0.24097E-01
-35.00 -105 -0.96470E-01
-30.00 -105 -0.22620
-25.00 -105 -0.35221
-20.00 -105 -0.41081
-15.00 -105 -0.39094
-10.00 -105 -0.33641
-5.00 -105 -0.29595
0.00 -105 -0.27346
5.00 -105 -0.22960
10.00 -105 -0.13276
15.00 -105 -0.62787E-02
20.00 -105 0.79151E-01
25.00 -105 0.65631E-01
30.00 -105 -0.34747E-01
35.00 -105 -0.14092
40.00 -105 -0.16399
45.00 -105 -0.74861E-01
70.00 -105 0.38419
-75.00 -100 0.34842
-65.00 -100 0.30888
-60.00 -100 0.20512
-55.00 -100 0.10649
-50.00 -100 0.58056E-01
-45.00 -100 0.44378E-01
-40.00 -100 0.23605E-02
-35.00 -100 -0.11493
-30.00 -100 -0.28529
-25.00 -100 -0.42870
-20.00 -100 -0.47455
-15.00 -100 -0.42171
-10.00 -100 -0.33443
-5.00 -100 -0.27861
0.00 -100 -0.26091
5.00 -100 -0.22961
10.00 -100 -0.13579
15.00 -100 0.62064E-02
20.00 -100 0.12021
25.00 -100 0.13333
30.00 -100 0.44551E-01
35.00 -100 -0.67749E-01
40.00 -100 -0.10750
45.00 -100 -0.36413E-01
50.00 -100 0.10291
55.00 -100 0.23174
60.00 -100 0.30212
65.00 -100 0.32477
75.00 -100 0.36658
-45.00 -95 0.10840
-40.00 -95 0.61884E-01
-35.00 -95 -0.68379E-01
-30.00 -95 -0.24955
-25.00 -95 -0.38885
-20.00 -95 -0.40847
-15.00 -95 -0.31189
-10.00 -95 -0.18001
-5.00 -95 -0.99856E-01
0.00 -95 -0.91775E-01
5.00 -95 -0.10155
10.00 -95 -0.62251E-01
15.00 -95 0.35004E-01
20.00 -95 0.12935
25.00 -95 0.14783
30.00 -95 0.76707E-01
35.00 -95 -0.21302E-01
40.00 -95 -0.59672E-01
45.00 -95 -0.79139E-03
-80.00 -90 0.32408
-70.00 -90 0.35877
-65.00 -90 0.31723
-60.00 -90 0.23740
-55.00 -90 0.17220
-50.00 -90 0.15838
-45.00 -90 0.17262
-40.00 -90 0.14813
-35.00 -90 0.40994E-01
-30.00 -90 -0.11627
-25.00 -90 -0.22909
-20.00 -90 -0.21638
-15.00 -90 -0.81127E-01
-10.00 -90 0.88459E-01
-5.00 -90 0.18988
0.00 -90 0.18665
5.00 -90 0.12760
10.00 -90 0.91925E-01
15.00 -90 0.11417
20.00 -90 0.15856
25.00 -90 0.16254
30.00 -90 0.10355
35.00 -90 0.23894E-01
40.00 -90 -0.83579E-02
45.00 -90 0.37364E-01
50.00 -90 0.12798
55.00 -90 0.20063
60.00 -90 0.22126
65.00 -90 0.21093
70.00 -90 0.21695
80.00 -90 0.31710
-85.00 -85 0.33294
-45.00 -85 0.22386
-40.00 -85 0.23448
-35.00 -85 0.17144
-30.00 -85 0.57410E-01
-25.00 -85 -0.22604E-01
-20.00 -85 0.10208E-01
-15.00 -85 0.15832
-10.00 -85 0.33958
-5.00 -85 0.45000
0.00 -85 0.44308
5.00 -85 0.35749
10.00 -85 0.27288
15.00 -85 0.23822
20.00 -85 0.23816
25.00 -85 0.22290
30.00 -85 0.16664
35.00 -85 0.95593E-01
40.00 -85 0.60606E-01
45.00 -85 0.84763E-01
85.00 -85 0.32316
-75.00 -80 0.34041
-65.00 -80 0.31405
-60.00 -80 0.24813
-55.00 -80 0.19721
-50.00 -80 0.20183
-45.00 -80 0.25203
-40.00 -80 0.29156
-35.00 -80 0.27014
-30.00 -80 0.19589
-25.00 -80 0.13633
-20.00 -80 0.16280
-15.00 -80 0.28647
-10.00 -80 0.44393
-5.00 -80 0.54630
0.00 -80 0.54846
5.00 -80 0.47806
10.00 -80 0.40186
15.00 -80 0.36433
20.00 -80 0.35547
25.00 -80 0.33337
30.00 -80 0.27412
35.00 -80 0.19778
40.00 -80 0.14650
45.00 -80 0.13991
50.00 -80 0.15470
55.00 -80 0.14987
60.00 -80 0.11167
65.00 -80 0.71914E-01
75.00 -80 0.14948
-70.00 -75 0.34300
-45.00 -75 0.25845
-40.00 -75 0.30667
-35.00 -75 0.30737
-30.00 -75 0.25539
-25.00 -75 0.19797
-20.00 -75 0.19454
-15.00 -75 0.26389
-10.00 -75 0.36749
-5.00 -75 0.44379
0.00 -75 0.46097
5.00 -75 0.43937
10.00 -75 0.42462
15.00 -75 0.43995
20.00 -75 0.46413
25.00 -75 0.45508
30.00 -75 0.39376
35.00 -75 0.30403
40.00 -75 0.22932
45.00 -75 0.19056
70.00 -75 0.16959E-01
-65.00 -70 0.32865
-60.00 -70 0.28644
-55.00 -70 0.24187
-50.00 -70 0.22993
-45.00 -70 0.25685
-40.00 -70 0.29106
-35.00 -70 0.29140
-30.00 -70 0.24565
-25.00 -70 0.18240
-20.00 -70 0.14499
-15.00 -70 0.15327
-10.00 -70 0.19014
-5.00 -70 0.22466
0.00 -70 0.24671
5.00 -70 0.27693
10.00 -70 0.34094
15.00 -70 0.43417
20.00 -70 0.51432
25.00 -70 0.53237
30.00 -70 0.47430
35.00 -70 0.37336
40.00 -70 0.28033
45.00 -70 0.21973
50.00 -70 0.17402
55.00 -70 0.11102
60.00 -70 0.26894E-01
65.00 -70 -0.39070E-01
-45.00 -65 0.26523
-40.00 -65 0.27006
-35.00 -65 0.25571
-30.00 -65 0.21110
-25.00 -65 0.15029
-20.00 -65 0.97168E-01
-15.00 -65 0.62715E-01
-10.00 -65 0.40267E-01
-5.00 -65 0.23747E-01
0.00 -65 0.27271E-01
5.00 -65 0.80445E-01
10.00 -65 0.19825
15.00 -65 0.35356
20.00 -65 0.48317
25.00 -65 0.52863
30.00 -65 0.47893
35.00 -65 0.37647
40.00 -65 0.27973
45.00 -65 0.21576
-80.00 -60 0.31935
-75.00 -60 0.31659
-70.00 -60 0.34290
-65.00 -60 0.37281
-60.00 -60 0.38039
-55.00 -60 0.36044
-50.00 -60 0.32673
-45.00 -60 0.29390
-40.00 -60 0.26415
-35.00 -60 0.23089
-30.00 -60 0.19097
-25.00 -60 0.14888
-20.00 -60 0.10807
-15.00 -60 0.62415E-01
-10.00 -60 0.30904E-02
-5.00 -60 -0.62185E-01
0.00 -60 -0.98946E-01
5.00 -60 -0.63309E-01
10.00 -60 0.60784E-01
15.00 -60 0.23624
20.00 -60 0.38724
25.00 -60 0.44803
30.00 -60 0.40797
35.00 -60 0.31423
40.00 -60 0.22913
45.00 -60 0.17946
50.00 -60 0.14252
55.00 -60 0.80023E-01
60.00 -60 -0.13326E-01
65.00 -60 -0.93628E-01
70.00 -60 -0.10084
75.00 -60 -0.12554E-01
80.00 -60 0.13142
-45.00 -55 0.33733
-40.00 -55 0.27482
-35.00 -55 0.22356
-30.00 -55 0.19148
-25.00 -55 0.17808
-20.00 -55 0.16949
-15.00 -55 0.14079
-10.00 -55 0.73020E-01
-5.00 -55 -0.23871E-01
0.00 -55 -0.10449
5.00 -55 -0.11236
10.00 -55 -0.22780E-01
15.00 -55 0.13033
20.00 -55 0.27047
25.00 -55 0.32996
30.00 -55 0.29658
35.00 -55 0.21641
40.00 -55 0.15052
45.00 -55 0.12344
-65.00 -50 0.41923
-60.00 -50 0.48485
-55.00 -50 0.50144
-50.00 -50 0.45877
-45.00 -50 0.37557
-40.00 -50 0.28463
-35.00 -50 0.21662
-30.00 -50 0.18912
-25.00 -50 0.19992
-20.00 -50 0.22503
-15.00 -50 0.22698
-10.00 -50 0.17650
-5.00 -50 0.77247E-01
0.00 -50 -0.27148E-01
5.00 -50 -0.76712E-01
10.00 -50 -0.37720E-01
15.00 -50 0.68236E-01
20.00 -50 0.17554
25.00 -50 0.22119
30.00 -50 0.19030
35.00 -50 0.12230
40.00 -50 0.72758E-01
45.00 -50 0.64265E-01
50.00 -50 0.70336E-01
55.00 -50 0.46181E-01
60.00 -50 -0.22298E-01
65.00 -50 -0.97031E-01
-70.00 -45 0.33746
-45.00 -45 0.38422
-40.00 -45 0.27028
-35.00 -45 0.18745
-30.00 -45 0.15748
-25.00 -45 0.17731
-20.00 -45 0.22138
-15.00 -45 0.25135
-10.00 -45 0.23423
-5.00 -45 0.16350
0.00 -45 0.68593E-01
5.00 -45 0.29521E-04
10.00 -45 -0.47253E-02
15.00 -45 0.49553E-01
20.00 -45 0.11714
25.00 -45 0.14560
30.00 -45 0.11637
35.00 -45 0.57205E-01
40.00 -45 0.14985E-01
45.00 -45 0.12738E-01
70.00 -45 -0.10716
-75.00 -40 0.28344
-65.00 -40 0.42003
-60.00 -40 0.51019
-55.00 -40 0.53355
-50.00 -40 0.46961
-45.00 -40 0.34702
-40.00 -40 0.21853
-35.00 -40 0.12802
-30.00 -40 0.93056E-01
-25.00 -40 0.10702
-20.00 -40 0.14909
-15.00 -40 0.19214
-10.00 -40 0.20956
-5.00 -40 0.18583
0.00 -40 0.12788
5.00 -40 0.65310E-01
10.00 -40 0.32503E-01
15.00 -40 0.42599E-01
20.00 -40 0.75390E-01
25.00 -40 0.92720E-01
30.00 -40 0.70694E-01
35.00 -40 0.20485E-01
40.00 -40 -0.22313E-01
45.00 -40 -0.31256E-01
50.00 -40 -0.14331E-01
55.00 -40 -0.58858E-02
60.00 -40 -0.31050E-01
65.00 -40 -0.75732E-01
75.00 -40 -0.38418E-01
-45.00 -35 0.26365
-40.00 -35 0.13408
-35.00 -35 0.51360E-01
-30.00 -35 0.19350E-01
-25.00 -35 0.21595E-01
-20.00 -35 0.43396E-01
-15.00 -35 0.77467E-01
-10.00 -35 0.11398
-5.00 -35 0.13430
0.00 -35 0.12146
5.00 -35 0.78088E-01
10.00 -35 0.30024E-01
15.00 -35 0.68794E-02
20.00 -35 0.15574E-01
25.00 -35 0.33245E-01
30.00 -35 0.28616E-01
35.00 -35 -0.76115E-02
40.00 -35 -0.53245E-01
45.00 -35 -0.76246E-01
-85.00 -30 0.36325
-80.00 -30 0.30469
-70.00 -30 0.27624
-65.00 -30 0.35158
-60.00 -30 0.41481
-55.00 -30 0.39851
-50.00 -30 0.29262
-45.00 -30 0.14919
-40.00 -30 0.35363E-01
-35.00 -30 -0.18792E-01
-30.00 -30 -0.31654E-01
-25.00 -30 -0.37454E-01
-20.00 -30 -0.47935E-01
-15.00 -30 -0.46898E-01
-10.00 -30 -0.18613E-01
-5.00 -30 0.24497E-01
0.00 -30 0.47014E-01
5.00 -30 0.24410E-01
10.00 -30 -0.30020E-01
15.00 -30 -0.74809E-01
20.00 -30 -0.78841E-01
25.00 -30 -0.50829E-01
30.00 -30 -0.30008E-01
35.00 -30 -0.46949E-01
40.00 -30 -0.93408E-01
45.00 -30 -0.13105
50.00 -30 -0.12970
55.00 -30 -0.96049E-01
60.00 -30 -0.63535E-01
65.00 -30 -0.53981E-01
70.00 -30 -0.50727E-01
80.00 -30 0.81557E-01
85.00 -30 0.20740
-45.00 -25 0.26479E-01
-40.00 -25 -0.57291E-01
-35.00 -25 -0.65793E-01
-30.00 -25 -0.44263E-01
-25.00 -25 -0.50817E-01
-20.00 -25 -0.99305E-01
-15.00 -25 -0.15064
-10.00 -25 -0.15785
-5.00 -25 -0.11713
0.00 -25 -0.73101E-01
5.00 -25 -0.74167E-01
10.00 -25 -0.12374
15.00 -25 -0.17689
20.00 -25 -0.18533
25.00 -25 -0.14549
30.00 -25 -0.10157
35.00 -25 -0.10104
40.00 -25 -0.14737
45.00 -25 -0.19662
-75.00 -20 0.22800
-65.00 -20 0.23822
-60.00 -20 0.25174
-55.00 -20 0.18614
-50.00 -20 0.48875E-01
-45.00 -20 -0.83284E-01
-40.00 -20 -0.13251
-35.00 -20 -0.91689E-01
-30.00 -20 -0.31121E-01
-25.00 -20 -0.33508E-01
-20.00 -20 -0.11872
-15.00 -20 -0.22866
-10.00 -20 -0.28437
-5.00 -20 -0.25896
0.00 -20 -0.19745
5.00 -20 -0.16810
10.00 -20 -0.19577
15.00 -20 -0.24280
20.00 -20 -0.25295
25.00 -20 -0.21152
30.00 -20 -0.16058
35.00 -20 -0.15505
40.00 -20 -0.20511
45.00 -20 -0.26317
50.00 -20 -0.26824
55.00 -20 -0.20302
60.00 -20 -0.10724
65.00 -20 -0.35501E-01
75.00 -20 0.23955E-01
-70.00 -15 0.17289
-45.00 -15 -0.16701
-40.00 -15 -0.19117
-35.00 -15 -0.11520
-30.00 -15 -0.25234E-01
-25.00 -15 -0.22324E-01
-20.00 -15 -0.13376
-15.00 -15 -0.28956
-10.00 -15 -0.38479
-5.00 -15 -0.36906
0.00 -15 -0.28213
5.00 -15 -0.20794
10.00 -15 -0.19599
15.00 -15 -0.22539
20.00 -15 -0.24038
25.00 -15 -0.21527
30.00 -15 -0.18100
35.00 -15 -0.18844
40.00 -15 -0.24878
45.00 -15 -0.31387
70.00 -15 0.20577E-01
-65.00 -10 0.12951
-60.00 -10 0.11481
-55.00 -10 0.36275E-01
-50.00 -10 -0.10127
-45.00 -10 -0.22094
-40.00 -10 -0.24163
-35.00 -10 -0.15887
-30.00 -10 -0.59548E-01
-25.00 -10 -0.51486E-01
-20.00 -10 -0.16919
-15.00 -10 -0.34141
-10.00 -10 -0.45019
-5.00 -10 -0.42798
0.00 -10 -0.30671
5.00 -10 -0.18013
10.00 -10 -0.12051
15.00 -10 -0.12809
20.00 -10 -0.15322
25.00 -10 -0.15935
30.00 -10 -0.15936
35.00 -10 -0.19128
40.00 -10 -0.26378
45.00 -10 -0.33255
50.00 -10 -0.33482
55.00 -10 -0.24851
60.00 -10 -0.11588
65.00 -10 -0.66111E-02
-45.00 -5 -0.24798
-40.00 -5 -0.29163
-35.00 -5 -0.23485
-30.00 -5 -0.14851
-25.00 -5 -0.13429
-20.00 -5 -0.23398
-15.00 -5 -0.38811
-10.00 -5 -0.48280
-5.00 -5 -0.44332
0.00 -5 -0.29201
5.00 -5 -0.12319
10.00 -5 -0.23689E-01
15.00 -5 -0.12706E-01
20.00 -5 -0.49058E-01
25.00 -5 -0.87113E-01
30.00 -5 -0.12019
35.00 -5 -0.17083
40.00 -5 -0.24596
45.00 -5 -0.31036
90.00 0.00 0.30585
-90.00 0.00 0.36332
