-85.00 0.00 0.58065
-80.00 0.00 0.59657
-75.00 0.00 0.47787
-70.00 0.00 0.26808
-65.00 0.00 0.15247E-01
-60.00 0.00 -0.24728
-55.00 0.00 -0.48805
-50.00 0.00 -0.65708
-45.00 0.00 -0.69270
-40.00 0.00 -0.56433
-35.00 0.00 -0.31563
-30.00 0.00 -0.57682E-01
-25.00 0.00 0.99720E-01
-20.00 0.00 0.13061
-15.00 0.00 0.11680
-10.00 0.00 0.18292
-5.00 0.00 0.38910
0.00 0.00 0.67033
5.00 0.00 0.87813
10.00 0.00 0.89444
15.00 0.00 0.72520
20.00 0.00 0.49554
25.00 0.00 0.35090
30.00 0.00 0.34517
35.00 0.00 0.40540
40.00 0.00 0.39658
45.00 0.00 0.22927
50.00 0.00 -0.74875E-01
55.00 0.00 -0.40284
60.00 0.00 -0.62878
65.00 0.00 -0.68676
70.00 0.00 -0.59233
75.00 0.00 -0.41165
80.00 0.00 -0.22062
85.00 0.00 -0.70832E-01
-45.00 5.00 -0.55807
-40.00 5.00 -0.36263
-35.00 5.00 -0.80326E-01
-30.00 5.00 0.17543
-25.00 5.00 0.32177
-20.00 5.00 0.36223
-15.00 5.00 0.37625
-10.00 5.00 0.44541
-5.00 5.00 0.57684
0.00 5.00 0.69101
5.00 5.00 0.68812
10.00 5.00 0.53810
15.00 5.00 0.31650
20.00 5.00 0.15326
25.00 5.00 0.13493
30.00 5.00 0.23955
35.00 5.00 0.35484
40.00 5.00 0.36121
45.00 5.00 0.21242
-65.00 10.00 0.40914E-01
-60.00 10.00 -0.23374
-55.00 10.00 -0.44175
-50.00 10.00 -0.50913
-45.00 10.00 -0.39233
-40.00 10.00 -0.12031
-35.00 10.00 0.20325
-30.00 10.00 0.45591
-25.00 10.00 0.57517
-20.00 10.00 0.59553
-15.00 10.00 0.60829
-10.00 10.00 0.67433
-5.00 10.00 0.76492
0.00 10.00 0.78431
5.00 10.00 0.65723
10.00 10.00 0.40546
15.00 10.00 0.14530
20.00 10.00 0.54070E-02
25.00 10.00 0.32672E-01
30.00 10.00 0.16218
35.00 10.00 0.27123
40.00 10.00 0.26805
45.00 10.00 0.14397
50.00 10.00 -0.42269E-01
55.00 10.00 -0.22024
60.00 10.00 -0.34977
65.00 10.00 -0.42166
-70.00 15.00 0.32342
-45.00 15.00 -0.26053
-40.00 15.00 0.82111E-01
-35.00 15.00 0.44917
-30.00 15.00 0.70158
-25.00 15.00 0.78465
-20.00 15.00 0.75856
-15.00 15.00 0.73782
-10.00 15.00 0.78758
-5.00 15.00 0.86580
0.00 15.00 0.86280
5.00 15.00 0.70393
10.00 15.00 0.42475
15.00 15.00 0.15231
20.00 15.00 0.89427E-02
25.00 15.00 0.22259E-01
30.00 15.00 0.11533
35.00 15.00 0.17810
40.00 15.00 0.15203
45.00 15.00 0.57025E-01
70.00 15.00 -0.34980
-75.00 20.00 0.55499
-65.00 20.00 0.34856E-01
-60.00 20.00 -0.24414
-55.00 20.00 -0.43117
-50.00 20.00 -0.43518
-45.00 20.00 -0.21351
-40.00 20.00 0.17446
-35.00 20.00 0.57642
-30.00 20.00 0.83294
-25.00 20.00 0.88167
-20.00 20.00 0.79344
-15.00 20.00 0.70516
-10.00 20.00 0.70298
-5.00 20.00 0.75505
0.00 20.00 0.75069
5.00 20.00 0.60862
10.00 20.00 0.35610
15.00 20.00 0.10972
20.00 20.00 -0.21160E-01
25.00 20.00 -0.19228E-01
30.00 20.00 0.40839E-01
35.00 20.00 0.68867E-01
40.00 20.00 0.35630E-01
45.00 20.00 -0.19680E-01
50.00 20.00 -0.48195E-01
55.00 20.00 -0.50244E-01
60.00 20.00 -0.73610E-01
65.00 20.00 -0.15561
75.00 20.00 -0.34165
-45.00 25.00 -0.26579
-40.00 25.00 0.12704
-35.00 25.00 0.54305
-30.00 25.00 0.80602
-25.00 25.00 0.83336
-20.00 25.00 0.68636
-15.00 25.00 0.51117
-10.00 25.00 0.41831
-5.00 25.00 0.40316
0.00 25.00 0.37272
5.00 25.00 0.24779
10.00 25.00 0.43932E-01
15.00 25.00 -0.14153
20.00 25.00 -0.21835
25.00 25.00 -0.18093
30.00 25.00 -0.10313
35.00 25.00 -0.61657E-01
40.00 25.00 -0.67078E-01
45.00 25.00 -0.69109E-01
-80.00 30.00 0.69018
-70.00 30.00 0.29823
-65.00 30.00 0.71609E-02
-60.00 30.00 -0.27849
-55.00 30.00 -0.49390
-50.00 30.00 -0.55146
-45.00 30.00 -0.38867
-40.00 30.00 -0.36512E-01
-35.00 30.00 0.36327
-30.00 30.00 0.62922
-25.00 30.00 0.65539
-20.00 30.00 0.47781
-15.00 30.00 0.23409
-10.00 30.00 0.50275E-01
-5.00 30.00 -0.47488E-01
0.00 30.00 -0.12374
5.00 30.00 -0.24547
10.00 30.00 -0.40393
15.00 30.00 -0.52008
20.00 30.00 -0.52275
25.00 30.00 -0.41848
30.00 30.00 -0.28393
35.00 30.00 -0.19124
40.00 30.00 -0.14388
45.00 30.00 -0.87933E-01
50.00 30.00 0.14146E-01
55.00 30.00 0.12556
60.00 30.00 0.15687
65.00 30.00 0.51726E-01
70.00 30.00 -0.14568
80.00 30.00 -0.33068
-45.00 35.00 -0.52307
-40.00 35.00 -0.25063
-35.00 35.00 0.98532E-01
-30.00 35.00 0.35475
-25.00 35.00 0.39762
-20.00 35.00 0.23453
-15.00 35.00 -0.17888E-01
-10.00 35.00 -0.23288
-5.00 35.00 -0.36501
0.00 35.00 -0.45701
5.00 35.00 -0.56641
10.00 35.00 -0.69068
15.00 35.00 -0.76436
20.00 35.00 -0.72642
25.00 35.00 -0.58520
30.00 35.00 -0.41357
35.00 35.00 -0.27999
40.00 35.00 -0.18775
45.00 35.00 -0.86373E-01
-75.00 40.00 0.52039
-65.00 40.00 0.81444E-02
-60.00 40.00 -0.24052
-55.00 40.00 -0.46128
-50.00 40.00 -0.60622
-45.00 40.00 -0.60664
-40.00 40.00 -0.43810
-35.00 40.00 -0.17154
-30.00 40.00 0.51969E-01
-25.00 40.00 0.11428
-20.00 40.00 0.34864E-02
-15.00 40.00 -0.18692
-10.00 40.00 -0.34203
-5.00 40.00 -0.41607
0.00 40.00 -0.44993
5.00 40.00 -0.50779
10.00 40.00 -0.60124
15.00 40.00 -0.67561
20.00 40.00 -0.66698
25.00 40.00 -0.56710
30.00 40.00 -0.42852
35.00 40.00 -0.30735
40.00 40.00 -0.20703
45.00 40.00 -0.85685E-01
50.00 40.00 0.78598E-01
55.00 40.00 0.23493
60.00 40.00 0.28298
65.00 40.00 0.16129
75.00 40.00 -0.29813
-70.00 45.00 0.26196
-45.00 45.00 -0.60268
-40.00 45.00 -0.54415
-35.00 45.00 -0.38220
-30.00 45.00 -0.21923
-25.00 45.00 -0.15564
-20.00 45.00 -0.20893
-15.00 45.00 -0.30308
-10.00 45.00 -0.33997
-5.00 45.00 -0.28700
0.00 45.00 -0.20042
5.00 45.00 -0.16650
10.00 45.00 -0.22043
15.00 45.00 -0.31952
20.00 45.00 -0.39013
25.00 45.00 -0.39499
30.00 45.00 -0.35284
35.00 45.00 -0.29727
40.00 45.00 -0.22744
45.00 45.00 -0.11047
70.00 45.00 -0.69066E-01
-65.00 50.00 0.66354E-01
-60.00 50.00 -0.82438E-01
-55.00 50.00 -0.22876
-50.00 50.00 -0.38802
-45.00 50.00 -0.51725
-40.00 50.00 -0.55816
-35.00 50.00 -0.50488
-30.00 50.00 -0.42121
-25.00 50.00 -0.38469
-20.00 50.00 -0.41124
-15.00 50.00 -0.43674
-10.00 50.00 -0.37732
-5.00 50.00 -0.21265
0.00 50.00 -0.13077E-01
5.00 50.00 0.11468
10.00 50.00 0.11205
15.00 50.00 0.63279E-02
20.00 50.00 -0.12582
25.00 50.00 -0.22520
30.00 50.00 -0.28046
35.00 50.00 -0.30112
40.00 50.00 -0.27639
45.00 50.00 -0.17587
50.00 50.00 0.19902E-02
55.00 50.00 0.18869
60.00 50.00 0.26998
65.00 50.00 0.17142
-85.00 55.00 0.66469
-45.00 55.00 -0.39650
-40.00 55.00 -0.51411
-35.00 55.00 -0.54988
-30.00 55.00 -0.53851
-25.00 55.00 -0.54300
-20.00 55.00 -0.58322
-15.00 55.00 -0.60828
-10.00 55.00 -0.54324
-5.00 55.00 -0.36602
0.00 55.00 -0.13951
5.00 55.00 0.32218E-01
10.00 55.00 0.81879E-01
15.00 55.00 0.19917E-01
20.00 55.00 -0.92306E-01
25.00 55.00 -0.20077
30.00 55.00 -0.28746
35.00 55.00 -0.34818
40.00 55.00 -0.35789
45.00 55.00 -0.27594
85.00 55.00 -0.24877
-80.00 60.00 0.65662
-75.00 60.00 0.47803
-70.00 60.00 0.27463
-65.00 60.00 0.15135
-60.00 60.00 0.98067E-01
-55.00 60.00 0.30476E-01
-50.00 60.00 -0.11197
-45.00 60.00 -0.30551
-40.00 60.00 -0.47086
-35.00 60.00 -0.55386
-30.00 60.00 -0.57465
-25.00 60.00 -0.59913
-20.00 60.00 -0.66641
-15.00 60.00 -0.74687
-10.00 60.00 -0.77126
-5.00 60.00 -0.69901
0.00 60.00 -0.55739
5.00 60.00 -0.41640
10.00 60.00 -0.32954
15.00 60.00 -0.30030
20.00 60.00 -0.30168
25.00 60.00 -0.31738
30.00 60.00 -0.35363
35.00 60.00 -0.40856
40.00 60.00 -0.44020
45.00 60.00 -0.38263
50.00 60.00 -0.20926
55.00 60.00 0.16207E-01
60.00 60.00 0.16316
65.00 60.00 0.12887
70.00 60.00 -0.70288E-01
75.00 60.00 -0.29543
80.00 60.00 -0.38081
-45.00 65.00 -0.29842
-40.00 65.00 -0.48244
-35.00 65.00 -0.55974
-30.00 65.00 -0.55097
-25.00 65.00 -0.54316
-20.00 65.00 -0.60915
-15.00 65.00 -0.74787
-10.00 65.00 -0.89496
-5.00 65.00 -0.98280
0.00 65.00 -0.98788
5.00 65.00 -0.92744
10.00 65.00 -0.82498
15.00 65.00 -0.69171
20.00 65.00 -0.54273
25.00 65.00 -0.41825
30.00 65.00 -0.36911
35.00 65.00 -0.40725
40.00 65.00 -0.47172
45.00 65.00 -0.45935
-65.00 70.00 0.21707
-60.00 70.00 0.16914
-55.00 70.00 0.67263E-01
-50.00 70.00 -0.13962
-45.00 70.00 -0.39314
-40.00 70.00 -0.57142
-35.00 70.00 -0.59637
-30.00 70.00 -0.50270
-25.00 70.00 -0.40978
-20.00 70.00 -0.42732
-15.00 70.00 -0.57958
-10.00 70.00 -0.80442
-5.00 70.00 -1.0108
0.00 70.00 -1.1332
5.00 70.00 -1.1441
10.00 70.00 -1.0378
15.00 70.00 -0.82685
20.00 70.00 -0.55972
25.00 70.00 -0.32807
30.00 70.00 -0.22718
35.00 70.00 -0.28417
40.00 70.00 -0.41760
45.00 70.00 -0.48221
50.00 70.00 -0.37949
55.00 70.00 -0.14562
60.00 70.00 0.66123E-01
65.00 70.00 0.10504
-70.00 75.00 0.33604
-45.00 75.00 -0.56208
-40.00 75.00 -0.71706
-35.00 75.00 -0.66454
-30.00 75.00 -0.46486
-25.00 75.00 -0.27093
-20.00 75.00 -0.21669
-15.00 75.00 -0.33365
-10.00 75.00 -0.55373
-5.00 75.00 -0.77430
0.00 75.00 -0.91699
5.00 75.00 -0.94027
10.00 75.00 -0.82601
15.00 75.00 -0.58267
20.00 75.00 -0.27116
25.00 75.00 -0.10677E-01
30.00 75.00 0.74927E-01
35.00 75.00 -0.51407E-01
40.00 75.00 -0.28926
45.00 75.00 -0.45433
70.00 75.00 -0.23753E-01
-75.00 80.00 0.50519
-65.00 80.00 0.26838
-60.00 80.00 0.14228
-55.00 80.00 -0.94390E-01
-50.00 80.00 -0.43307
-45.00 80.00 -0.74316
-40.00 80.00 -0.86380
-35.00 80.00 -0.73534
-30.00 80.00 -0.45241
-25.00 80.00 -0.19355
-20.00 80.00 -0.92575E-01
-15.00 80.00 -0.16108
-10.00 80.00 -0.31347
-5.00 80.00 -0.45020
0.00 80.00 -0.51510
5.00 80.00 -0.48947
10.00 80.00 -0.36142
15.00 80.00 -0.12856
20.00 80.00 0.16104
25.00 80.00 0.38820
30.00 80.00 0.41724
35.00 80.00 0.20347
40.00 80.00 -0.14091
45.00 80.00 -0.40183
50.00 80.00 -0.41596
55.00 80.00 -0.19988
60.00 80.00 0.59171E-01
65.00 80.00 0.15244
75.00 80.00 -0.22018
-45.00 85.00 -0.86583
-40.00 85.00 -0.94683
-35.00 85.00 -0.76455
-30.00 85.00 -0.45062
-25.00 85.00 -0.19456
-20.00 85.00 -0.10358
-15.00 85.00 -0.14574
-10.00 85.00 -0.21191
-5.00 85.00 -0.22138
0.00 85.00 -0.16807
5.00 85.00 -0.79378E-01
10.00 85.00 0.44902E-01
15.00 85.00 0.23156
20.00 85.00 0.46770
25.00 85.00 0.65191
30.00 85.00 0.64148
35.00 85.00 0.37652
40.00 85.00 -0.32325E-01
45.00 85.00 -0.35317
-80.00 90.00 0.62421
-70.00 90.00 0.45493
-65.00 90.00 0.35571
-60.00 90.00 0.16360
-55.00 90.00 -0.17381
-50.00 90.00 -0.58142
-45.00 90.00 -0.88023
-40.00 90.00 -0.92278
-35.00 90.00 -0.71820
-30.00 90.00 -0.42809
-25.00 90.00 -0.23396
-20.00 90.00 -0.19660
-15.00 90.00 -0.23255
-10.00 90.00 -0.21770
-5.00 90.00 -0.10874
0.00 90.00 0.35189E-01
5.00 90.00 0.13976
10.00 90.00 0.20798
15.00 90.00 0.31220
20.00 90.00 0.49074
25.00 90.00 0.66335
30.00 90.00 0.67134
35.00 90.00 0.42399
40.00 90.00 0.14985E-01
45.00 90.00 -0.31666
50.00 90.00 -0.36712
55.00 90.00 -0.13750
60.00 90.00 0.16142
65.00 90.00 0.28055
70.00 90.00 0.13408
80.00 90.00 -0.31306
-45.00 95.00 -0.77556
-40.00 95.00 -0.78940
-35.00 95.00 -0.59455
-30.00 95.00 -0.36492
-25.00 95.00 -0.25351
-20.00 95.00 -0.26633
-15.00 95.00 -0.27940
-10.00 95.00 -0.17757
-5.00 95.00 0.24454E-01
0.00 95.00 0.19929
5.00 95.00 0.24280
10.00 95.00 0.18768
15.00 95.00 0.17353
20.00 95.00 0.29698
25.00 95.00 0.49187
30.00 95.00 0.56949
35.00 95.00 0.39459
40.00 95.00 0.33736E-01
45.00 95.00 -0.27347
-75.00 100.00 0.57915
-65.00 100.00 0.49832
-60.00 100.00 0.32443
-55.00 100.00 0.68512E-02
-50.00 100.00 -0.35122
-45.00 100.00 -0.57964
-40.00 100.00 -0.58303
-35.00 100.00 -0.42570
-30.00 100.00 -0.27051
-25.00 100.00 -0.22496
-20.00 100.00 -0.24345
-15.00 100.00 -0.18485
-10.00 100.00 0.28323E-01
-5.00 100.00 0.30843
0.00 100.00 0.46774
5.00 100.00 0.39589
10.00 100.00 0.17803
15.00 100.00 0.30069E-01
20.00 100.00 0.10127
25.00 100.00 0.32828
30.00 100.00 0.48493
35.00 100.00 0.39032
40.00 100.00 0.84974E-01
45.00 100.00 -0.19231
50.00 100.00 -0.21170
55.00 100.00 0.42283E-01
60.00 100.00 0.35351
65.00 100.00 0.45996
75.00 100.00 -0.50908E-01
-70.00 105.00 0.59516
-45.00 105.00 -0.34196
-40.00 105.00 -0.35560
-35.00 105.00 -0.25474
-30.00 105.00 -0.17159
-25.00 105.00 -0.16117
-20.00 105.00 -0.13912
-15.00 105.00 0.28700E-01
-10.00 105.00 0.36486
-5.00 105.00 0.71151
0.00 105.00 0.84039
5.00 105.00 0.65520
10.00 105.00 0.29785
15.00 105.00 0.45987E-01
20.00 105.00 0.80453E-01
25.00 105.00 0.32947
30.00 105.00 0.53496
35.00 105.00 0.48589
40.00 105.00 0.20912
45.00 105.00 -0.55557E-01
70.00 105.00 0.34054
-85.00 110.00 0.54039
-65.00 110.00 0.63225
-60.00 110.00 0.53808
-55.00 110.00 0.31929
-50.00 110.00 0.61450E-01
-45.00 110.00 -0.11127
-40.00 110.00 -0.14663
-35.00 110.00 -0.10442
-30.00 110.00 -0.79077E-01
-25.00 110.00 -0.81375E-01
-20.00 110.00 -0.82543E-02
-15.00 110.00 0.25164
-10.00 110.00 0.67097
-5.00 110.00 1.0489
0.00 110.00 1.1488
5.00 110.00 0.90133
10.00 110.00 0.48743
15.00 110.00 0.20852
20.00 110.00 0.24371
25.00 110.00 0.50432
30.00 110.00 0.71778
35.00 110.00 0.66987
40.00 110.00 0.39109
45.00 110.00 0.12243
50.00 110.00 0.94593E-01
55.00 110.00 0.32058
60.00 110.00 0.58536
65.00 110.00 0.63581
85.00 110.00 -0.20483
-45.00 115.00 0.79160E-01
-40.00 115.00 0.30305E-01
-35.00 115.00 0.36102E-01
-30.00 115.00 0.31849E-01
-25.00 115.00 0.28444E-01
-20.00 115.00 0.12347
-15.00 115.00 0.40039
-10.00 115.00 0.80729
-5.00 115.00 1.1462
0.00 115.00 1.2106
5.00 115.00 0.96408
10.00 115.00 0.59453
15.00 115.00 0.37858
20.00 115.00 0.45899
25.00 115.00 0.72780
30.00 115.00 0.92200
35.00 115.00 0.85241
40.00 115.00 0.56585
45.00 115.00 0.29858
-80.00 120.00 0.51313
-75.00 120.00 0.53787
-70.00 120.00 0.59649
-65.00 120.00 0.64619
-60.00 120.00 0.61826
-55.00 120.00 0.49356
-50.00 120.00 0.32979
-45.00 120.00 0.21229
-40.00 120.00 0.17796
-35.00 120.00 0.19176
-30.00 120.00 0.20104
-25.00 120.00 0.20964
-20.00 120.00 0.28687
-15.00 120.00 0.49041
-10.00 120.00 0.77620
-5.00 120.00 0.99588
0.00 120.00 1.0062
5.00 120.00 0.80196
10.00 120.00 0.54520
15.00 120.00 0.44664
20.00 120.00 0.59064
25.00 120.00 0.85735
30.00 120.00 1.0186
35.00 120.00 0.93103
40.00 120.00 0.66025
45.00 120.00 0.42394
50.00 120.00 0.40279
55.00 120.00 0.58291
60.00 120.00 0.76709
65.00 120.00 0.74321
70.00 120.00 0.46379
75.00 120.00 0.81735E-01
80.00 120.00 -0.17359
-45.00 125.00 0.27835
-40.00 125.00 0.29237
-35.00 125.00 0.36260
-30.00 125.00 0.43177
-25.00 125.00 0.47448
-20.00 125.00 0.51734
-15.00 125.00 0.59697
-10.00 125.00 0.70065
-5.00 125.00 0.75788
0.00 125.00 0.70312
5.00 125.00 0.55414
10.00 125.00 0.42339
15.00 125.00 0.43537
20.00 125.00 0.61422
25.00 125.00 0.84522
30.00 125.00 0.95690
35.00 125.00 0.86266
40.00 125.00 0.63967
45.00 125.00 0.47006
-65.00 130.00 0.46651
-60.00 130.00 0.44212
-55.00 130.00 0.36602
-50.00 130.00 0.28518
-45.00 130.00 0.26757
-40.00 130.00 0.34807
-35.00 130.00 0.49979
-30.00 130.00 0.65464
-25.00 130.00 0.75299
-20.00 130.00 0.77822
-15.00 130.00 0.75004
-10.00 130.00 0.69183
-5.00 130.00 0.61043
0.00 130.00 0.50942
5.00 130.00 0.41659
10.00 130.00 0.38587
15.00 130.00 0.45813
20.00 130.00 0.61187
25.00 130.00 0.75675
30.00 130.00 0.79165
35.00 130.00 0.68819
40.00 130.00 0.52640
45.00 130.00 0.44082
50.00 130.00 0.51090
55.00 130.00 0.68478
60.00 130.00 0.80643
65.00 130.00 0.73306
-70.00 135.00 0.32430
-45.00 135.00 0.17301
-40.00 135.00 0.30802
-35.00 135.00 0.52402
-30.00 135.00 0.75015
-25.00 135.00 0.90731
-20.00 135.00 0.94906
-15.00 135.00 0.88009
-10.00 135.00 0.74530
-5.00 135.00 0.60293
0.00 135.00 0.50120
5.00 135.00 0.46727
10.00 135.00 0.50397
15.00 135.00 0.58751
20.00 135.00 0.66947
25.00 135.00 0.69329
30.00 135.00 0.62735
35.00 135.00 0.49598
40.00 135.00 0.37857
45.00 135.00 0.36320
70.00 135.00 0.41781
-75.00 140.00 0.24363
-65.00 140.00 0.11237
-60.00 140.00 0.37075E-01
-55.00 140.00 -0.30039E-01
-50.00 140.00 -0.53691E-01
-45.00 140.00 0.26274E-02
-40.00 140.00 0.15430
-35.00 140.00 0.38081
-30.00 140.00 0.62689
-25.00 140.00 0.82181
-20.00 140.00 0.91019
-15.00 140.00 0.87970
-10.00 140.00 0.76910
-5.00 140.00 0.64940
0.00 140.00 0.58686
5.00 140.00 0.60843
10.00 140.00 0.68925
15.00 140.00 0.76814
20.00 140.00 0.78140
25.00 140.00 0.69702
30.00 140.00 0.53372
35.00 140.00 0.35636
40.00 140.00 0.24770
45.00 140.00 0.26520
50.00 140.00 0.40207
55.00 140.00 0.57768
60.00 140.00 0.67321
65.00 140.00 0.60156
75.00 140.00 0.86318E-01
-45.00 145.00 -0.21039
-40.00 145.00 -0.83235E-01
-35.00 145.00 0.93377E-01
-30.00 145.00 0.29971
-25.00 145.00 0.50197
-20.00 145.00 0.65487
-15.00 145.00 0.72254
-10.00 145.00 0.70598
-5.00 145.00 0.65164
0.00 145.00 0.62643
5.00 145.00 0.67188
10.00 145.00 0.77124
15.00 145.00 0.85595
20.00 145.00 0.84955
25.00 145.00 0.71891
30.00 145.00 0.49908
35.00 145.00 0.27718
40.00 145.00 0.14663
45.00 145.00 0.15804
-80.00 150.00 0.18647
-70.00 150.00 -0.14501
-65.00 150.00 -0.31618
-60.00 150.00 -0.44794
-55.00 150.00 -0.50439
-50.00 150.00 -0.48157
-45.00 150.00 -0.41047
-40.00 150.00 -0.32563
-35.00 150.00 -0.23059
-30.00 150.00 -0.97745E-01
-25.00 150.00 0.93822E-01
-20.00 150.00 0.31971
-15.00 150.00 0.51277
-10.00 150.00 0.61114
-5.00 150.00 0.61075
0.00 150.00 0.57284
5.00 150.00 0.57553
10.00 150.00 0.64802
15.00 150.00 0.74296
20.00 150.00 0.77074
25.00 150.00 0.66883
30.00 150.00 0.45236
35.00 150.00 0.20972
40.00 150.00 0.49176E-01
45.00 150.00 0.34887E-01
50.00 150.00 0.15190
55.00 150.00 0.31663
60.00 150.00 0.42320
65.00 150.00 0.40076
70.00 150.00 0.25332
80.00 150.00 -0.70264E-01
-45.00 155.00 -0.53877
-40.00 155.00 -0.47730
-35.00 155.00 -0.44986
-30.00 155.00 -0.38448
-25.00 155.00 -0.20418
-20.00 155.00 0.90630E-01
-15.00 155.00 0.40071
-10.00 155.00 0.59400
-5.00 155.00 0.60670
0.00 155.00 0.49328
5.00 155.00 0.38150
10.00 155.00 0.36975
15.00 155.00 0.45196
20.00 155.00 0.52974
25.00 155.00 0.49734
30.00 155.00 0.32792
35.00 155.00 0.95034E-01
40.00 155.00 -0.80786E-01
45.00 155.00 -0.11404
-75.00 160.00 -0.19177
-65.00 160.00 -0.69784
-60.00 160.00 -0.84430
-55.00 160.00 -0.84187
-50.00 160.00 -0.71409
-45.00 160.00 -0.55920
-40.00 160.00 -0.47427
-35.00 160.00 -0.46690
-30.00 160.00 -0.43955
-25.00 160.00 -0.27283
-20.00 160.00 0.57945E-01
-15.00 160.00 0.43679
-10.00 160.00 0.68022
-5.00 160.00 0.67461
0.00 160.00 0.46412
5.00 160.00 0.21546
10.00 160.00 0.88993E-01
15.00 160.00 0.12266
20.00 160.00 0.21953
25.00 160.00 0.24060
30.00 160.00 0.12040
35.00 160.00 -0.86290E-01
40.00 160.00 -0.25397
45.00 160.00 -0.28250
50.00 160.00 -0.16346
55.00 160.00 0.24289E-01
60.00 160.00 0.17366
65.00 160.00 0.21523
75.00 160.00 0.40736E-01
-85.00 165.00 0.22805
-70.00 165.00 -0.58712
-45.00 165.00 -0.47613
-40.00 165.00 -0.31799
-35.00 165.00 -0.27983
-30.00 165.00 -0.26799
-25.00 165.00 -0.14309
-20.00 165.00 0.14883
-15.00 165.00 0.50863
-10.00 165.00 0.74564
-5.00 165.00 0.72299
0.00 165.00 0.46621
5.00 165.00 0.14396
10.00 165.00 -0.62014E-01
15.00 165.00 -0.88865E-01
20.00 165.00 -0.21202E-01
25.00 165.00 -0.21465E-02
30.00 165.00 -0.10901
35.00 165.00 -0.29575
40.00 165.00 -0.43932
45.00 165.00 -0.44021
70.00 165.00 0.11483
85.00 165.00 -0.15895E-01
-65.00 170.00 -0.94994
-60.00 170.00 -1.0621
-55.00 170.00 -0.96510
-50.00 170.00 -0.68078
-45.00 170.00 -0.33284
-40.00 170.00 -0.74024E-01
-35.00 170.00 0.22969E-01
-30.00 170.00 0.17986E-01
-25.00 170.00 0.47125E-01
-20.00 170.00 0.20002
-15.00 170.00 0.43555
-10.00 170.00 0.61088
-5.00 170.00 0.60032
0.00 170.00 0.40099
5.00 170.00 0.13466
10.00 170.00 -0.53464E-01
15.00 170.00 -0.10886
20.00 170.00 -0.97977E-01
25.00 170.00 -0.13480
30.00 170.00 -0.27341
35.00 170.00 -0.45974
40.00 170.00 -0.57765
45.00 170.00 -0.54310
50.00 170.00 -0.36625
55.00 170.00 -0.13778
60.00 170.00 0.38685E-01
65.00 170.00 0.11016
-45.00 175.00 -0.19165
-40.00 175.00 0.16101
-35.00 175.00 0.31536
-30.00 175.00 0.27861
-25.00 175.00 0.16599
-20.00 175.00 0.10509
-15.00 175.00 0.14144
-10.00 175.00 0.22111
-5.00 175.00 0.25685
0.00 175.00 0.21160
5.00 175.00 0.12344
10.00 175.00 0.55658E-01
15.00 175.00 0.26220E-01
20.00 175.00 -0.12455E-01
25.00 175.00 -0.12386
30.00 175.00 -0.31578
35.00 175.00 -0.51534
40.00 175.00 -0.61603
45.00 175.00 -0.55674
-80.00 180.00 -0.19731
-75.00 180.00 -0.53796
-70.00 180.00 -0.83929
-65.00 180.00 -1.0516
-60.00 180.00 -1.1078
-55.00 180.00 -0.94962
-50.00 180.00 -0.58175
-45.00 180.00 -0.10690
-40.00 180.00 0.30271
-35.00 180.00 0.49367
-30.00 180.00 0.42080
-25.00 180.00 0.17066
-20.00 180.00 -0.99137E-01
-15.00 180.00 -0.25794
-10.00 180.00 -0.26567
-5.00 180.00 -0.16515
0.00 180.00 -0.26847E-01
5.00 180.00 0.98430E-01
10.00 180.00 0.18517
15.00 180.00 0.21138
20.00 180.00 0.14897
25.00 180.00 -0.14127E-01
30.00 180.00 -0.24191
35.00 180.00 -0.44834
40.00 180.00 -0.54069
45.00 180.00 -0.47900
50.00 180.00 -0.30346
55.00 180.00 -0.10600
60.00 180.00 0.31141E-01
65.00 180.00 0.81542E-01
70.00 180.00 0.74500E-01
75.00 180.00 0.55717E-01
80.00 180.00 0.49956E-01
-45.00 -175 -0.10429
-40.00 -175 0.30910
-35.00 -175 0.50941
-30.00 -175 0.41830
-25.00 -175 0.96991E-01
-20.00 -175 -0.28479
-15.00 -175 -0.54514
-10.00 -175 -0.58524
-5.00 -175 -0.42322
0.00 -175 -0.15699
5.00 -175 0.10262
10.00 -175 0.27853
15.00 -175 0.33574
20.00 -175 0.27008
25.00 -175 0.10322
30.00 -175 -0.11281
35.00 -175 -0.30095
40.00 -175 -0.38853
45.00 -175 -0.34762
-65.00 -170 -1.0318
-60.00 -170 -1.0309
-55.00 -170 -0.87722
-50.00 -170 -0.57234
-45.00 -170 -0.17482
-40.00 -170 0.18817
-35.00 -170 0.36855
-30.00 -170 0.28474
-25.00 -170 -0.14929E-01
-20.00 -170 -0.36835
-15.00 -170 -0.59210
-10.00 -170 -0.58653
-5.00 -170 -0.38034
0.00 -170 -0.91163E-01
5.00 -170 0.15759
10.00 -170 0.29849
15.00 -170 0.32635
20.00 -170 0.26636
25.00 -170 0.14629
30.00 -170 -0.50148E-02
35.00 -170 -0.14673
40.00 -170 -0.23062
45.00 -170 -0.22723
50.00 -170 -0.14985
55.00 -170 -0.48509E-01
60.00 -170 0.26284E-01
65.00 -170 0.58703E-01
-70.00 -165 -0.90244
-45.00 -165 -0.28309
-40.00 -165 -0.12912E-01
-35.00 -165 0.11560
-30.00 -165 0.45122E-01
-25.00 -165 -0.17233
-20.00 -165 -0.39347
-15.00 -165 -0.47376
-10.00 -165 -0.36316
-5.00 -165 -0.13247
0.00 -165 0.88287E-01
5.00 -165 0.20540
10.00 -165 0.21326
15.00 -165 0.16899
20.00 -165 0.12568
25.00 -165 0.89579E-01
30.00 -165 0.34806E-01
35.00 -165 -0.50318E-01
40.00 -165 -0.13789
45.00 -165 -0.18153
70.00 -165 0.63890E-01
-75.00 -160 -0.70500
-65.00 -160 -0.94797
-60.00 -160 -0.89006
-55.00 -160 -0.76145
-50.00 -160 -0.58301
-45.00 -160 -0.38475
-40.00 -160 -0.22734
-35.00 -160 -0.17993
-30.00 -160 -0.26166
-25.00 -160 -0.40297
-20.00 -160 -0.47743
-15.00 -160 -0.39277
-10.00 -160 -0.16840
-5.00 -160 0.71787E-01
0.00 -160 0.19221
5.00 -160 0.14887
10.00 -160 0.15921E-01
15.00 -160 -0.84643E-01
20.00 -160 -0.86119E-01
25.00 -160 -0.23293E-01
30.00 -160 0.12783E-01
35.00 -160 -0.36726E-01
40.00 -160 -0.14849
45.00 -160 -0.24472
50.00 -160 -0.26367
55.00 -160 -0.20428
60.00 -160 -0.11013
65.00 -160 -0.20618E-01
75.00 -160 0.12166
-45.00 -155 -0.44617
-40.00 -155 -0.39158
-35.00 -155 -0.43608
-30.00 -155 -0.56395
-25.00 -155 -0.68316
-20.00 -155 -0.67379
-15.00 -155 -0.48304
-10.00 -155 -0.18601
-5.00 -155 0.53100E-01
0.00 -155 0.10064
5.00 -155 -0.41761E-01
10.00 -155 -0.23848
15.00 -155 -0.32993
20.00 -155 -0.25938
25.00 -155 -0.11011
30.00 -155 -0.25767E-01
35.00 -155 -0.87570E-01
40.00 -155 -0.25401
45.00 -155 -0.40618
-80.00 -150 -0.41458
-70.00 -150 -0.88164
-65.00 -150 -0.86671
-60.00 -150 -0.76453
-55.00 -150 -0.64002
-50.00 -150 -0.52932
-45.00 -150 -0.45990
-40.00 -150 -0.46918
-35.00 -150 -0.58239
-30.00 -150 -0.76494
-25.00 -150 -0.90879
-20.00 -150 -0.89225
-15.00 -150 -0.67915
-10.00 -150 -0.36957
-5.00 -150 -0.14185
0.00 -150 -0.11962
5.00 -150 -0.27218
10.00 -150 -0.43805
15.00 -150 -0.45789
20.00 -150 -0.30608
25.00 -150 -0.10921
30.00 -150 -0.37374E-01
35.00 -150 -0.16361
40.00 -150 -0.40964
45.00 -150 -0.61519
50.00 -150 -0.66145
55.00 -150 -0.54215
60.00 -150 -0.33619
65.00 -150 -0.12780
70.00 -150 0.43278E-01
80.00 -150 0.22423
-45.00 -145 -0.44983
-40.00 -145 -0.46908
-35.00 -145 -0.59582
-30.00 -145 -0.79599
-25.00 -145 -0.96036
-20.00 -145 -0.96704
-15.00 -145 -0.78136
-10.00 -145 -0.50224
-5.00 -145 -0.29872
0.00 -145 -0.27747
5.00 -145 -0.39365
10.00 -145 -0.48851
15.00 -145 -0.42803
20.00 -145 -0.22412
25.00 -145 -0.31380E-01
30.00 -145 -0.20334E-01
35.00 -145 -0.23587
40.00 -145 -0.55971
45.00 -145 -0.80227
-85.00 -140 -0.20185E-02
-75.00 -140 -0.74575
-65.00 -140 -0.83156
-60.00 -140 -0.73467
-55.00 -140 -0.63008
-50.00 -140 -0.53491
-45.00 -140 -0.46151
-40.00 -140 -0.44615
-35.00 -140 -0.52525
-30.00 -140 -0.67978
-25.00 -140 -0.81552
-20.00 -140 -0.82027
-15.00 -140 -0.65959
-10.00 -140 -0.42122
-5.00 -140 -0.25429
0.00 -140 -0.24596
5.00 -140 -0.34420
10.00 -140 -0.40244
15.00 -140 -0.31319
20.00 -140 -0.11348
25.00 -140 0.34886E-01
30.00 -140 -0.22785E-01
35.00 -140 -0.30257
40.00 -140 -0.66234
45.00 -140 -0.90612
50.00 -140 -0.91944
55.00 -140 -0.72601
60.00 -140 -0.43627
65.00 -140 -0.15350
75.00 -140 0.23148
85.00 -140 0.21563
-70.00 -135 -0.85219
-45.00 -135 -0.53847
-40.00 -135 -0.47482
-35.00 -135 -0.47438
-30.00 -135 -0.53930
-25.00 -135 -0.60046
-20.00 -135 -0.56456
-15.00 -135 -0.40244
-10.00 -135 -0.19237
-5.00 -135 -0.65561E-01
0.00 -135 -0.93809E-01
5.00 -135 -0.22138
10.00 -135 -0.30993
15.00 -135 -0.26266
20.00 -135 -0.11737
25.00 -135 -0.21685E-01
30.00 -135 -0.10870
35.00 -135 -0.38072
40.00 -135 -0.70072
45.00 -135 -0.89423
70.00 -135 0.11745
-65.00 -130 -0.82932
-60.00 -130 -0.80017
-55.00 -130 -0.78593
-50.00 -130 -0.76084
-45.00 -130 -0.69446
-40.00 -130 -0.60347
-35.00 -130 -0.53861
-30.00 -130 -0.52288
-25.00 -130 -0.51288
-20.00 -130 -0.43388
-15.00 -130 -0.26110
-10.00 -130 -0.64709E-01
-5.00 -130 0.35444E-01
0.00 -130 -0.27753E-01
5.00 -130 -0.20308
10.00 -130 -0.35813
15.00 -130 -0.39098
20.00 -130 -0.31678
25.00 -130 -0.25079
30.00 -130 -0.30319
35.00 -130 -0.48050
40.00 -130 -0.67904
45.00 -130 -0.77007
50.00 -130 -0.69552
55.00 -130 -0.49368
60.00 -130 -0.24694
65.00 -130 -0.15389E-01
-45.00 -125 -0.89732
-40.00 -125 -0.81547
-35.00 -125 -0.73243
-30.00 -125 -0.68977
-25.00 -125 -0.66360
-20.00 -125 -0.58727
-15.00 -125 -0.42852
-10.00 -125 -0.24242
-5.00 -125 -0.14042
0.00 -125 -0.19751
5.00 -125 -0.38252
10.00 -125 -0.57827
15.00 -125 -0.67529
20.00 -125 -0.65469
25.00 -125 -0.58761
30.00 -125 -0.55799
35.00 -125 -0.58433
40.00 -125 -0.61080
45.00 -125 -0.56710
-80.00 -120 -0.41591
-75.00 -120 -0.68220
-70.00 -120 -0.77780
-65.00 -120 -0.79669
-60.00 -120 -0.84606
-55.00 -120 -0.95139
-50.00 -120 -1.0519
-45.00 -120 -1.0778
-40.00 -120 -1.0270
-35.00 -120 -0.96366
-30.00 -120 -0.94752
-25.00 -120 -0.96820
-20.00 -120 -0.95475
-15.00 -120 -0.85172
-10.00 -120 -0.68596
-5.00 -120 -0.55608
0.00 -120 -0.55166
5.00 -120 -0.67658
10.00 -120 -0.84586
15.00 -120 -0.95531
20.00 -120 -0.95735
25.00 -120 -0.87734
30.00 -120 -0.76687
35.00 -120 -0.64912
40.00 -120 -0.51004
45.00 -120 -0.33477
50.00 -120 -0.14103
55.00 -120 0.30474E-01
60.00 -120 0.15654
65.00 -120 0.25274
70.00 -120 0.34547
75.00 -120 0.42264
80.00 -120 0.42088
-45.00 -115 -1.1626
-40.00 -115 -1.1305
-35.00 -115 -1.0838
-30.00 -115 -1.1026
-25.00 -115 -1.1904
-20.00 -115 -1.2687
-15.00 -115 -1.2518
-10.00 -115 -1.1282
-5.00 -115 -0.97316
0.00 -115 -0.88415
5.00 -115 -0.90139
10.00 -115 -0.98348
15.00 -115 -1.0510
20.00 -115 -1.0483
25.00 -115 -0.96740
30.00 -115 -0.82499
35.00 -115 -0.63135
40.00 -115 -0.39006
45.00 -115 -0.12289
-65.00 -110 -0.68228
-60.00 -110 -0.75322
-55.00 -110 -0.90686
-50.00 -110 -1.0593
-45.00 -110 -1.1141
-40.00 -110 -1.0608
-35.00 -110 -0.98712
-30.00 -110 -0.99676
-25.00 -110 -1.1144
-20.00 -110 -1.2647
-15.00 -110 -1.3402
-10.00 -110 -1.2913
-5.00 -110 -1.1577
0.00 -110 -1.0235
5.00 -110 -0.94499
10.00 -110 -0.91880
15.00 -110 -0.90556
20.00 -110 -0.87168
25.00 -110 -0.80381
30.00 -110 -0.69210
35.00 -110 -0.51693
40.00 -110 -0.26651
45.00 -110 0.30891E-01
50.00 -110 0.30301
55.00 -110 0.47695
60.00 -110 0.53561
65.00 -110 0.52934
-70.00 -105 -0.60657
-45.00 -105 -0.95239
-40.00 -105 -0.83875
-35.00 -105 -0.68781
-30.00 -105 -0.62724
-25.00 -105 -0.71158
-20.00 -105 -0.88624
-15.00 -105 -1.0426
-10.00 -105 -1.1044
-5.00 -105 -1.0681
0.00 -105 -0.97596
5.00 -105 -0.86545
10.00 -105 -0.74835
15.00 -105 -0.62978
20.00 -105 -0.52807
25.00 -105 -0.46178
30.00 -105 -0.41600
35.00 -105 -0.33399
40.00 -105 -0.15857
45.00 -105 0.10857
70.00 -105 0.59862
-75.00 -100 -0.50951
-65.00 -100 -0.50297
-60.00 -100 -0.53692
-55.00 -100 -0.65815
-50.00 -100 -0.76742
-45.00 -100 -0.74375
-40.00 -100 -0.56063
-35.00 -100 -0.31596
-30.00 -100 -0.15551
-25.00 -100 -0.16499
-20.00 -100 -0.32287
-15.00 -100 -0.53966
-10.00 -100 -0.73014
-5.00 -100 -0.85013
0.00 -100 -0.88232
5.00 -100 -0.81284
10.00 -100 -0.63988
15.00 -100 -0.40458
20.00 -100 -0.19438
25.00 -100 -0.91627E-01
30.00 -100 -0.10298
35.00 -100 -0.14030
40.00 -100 -0.84831E-01
45.00 -100 0.11351
50.00 -100 0.39080
55.00 -100 0.62190
60.00 -100 0.72358
65.00 -100 0.71140
75.00 -100 0.60499
-45.00 -95 -0.56048
-40.00 -95 -0.33684
-35.00 -95 -0.30799E-01
-30.00 -95 0.20579
-25.00 -95 0.26721
-20.00 -95 0.14507
-15.00 -95 -0.99108E-01
-10.00 -95 -0.38937
-5.00 -95 -0.65882
0.00 -95 -0.83734
5.00 -95 -0.85036
10.00 -95 -0.66144
15.00 -95 -0.32742
20.00 -95 0.26449E-02
25.00 -95 0.17381
30.00 -95 0.13964
35.00 -95 0.41700E-02
40.00 -95 -0.56410E-01
45.00 -95 0.66944E-01
-80.00 -90 -0.23489
-70.00 -90 -0.39862
-65.00 -90 -0.32444
-60.00 -90 -0.31363
-55.00 -90 -0.39760
-50.00 -90 -0.48188
-45.00 -90 -0.43744
-40.00 -90 -0.22052
-35.00 -90 0.86848E-01
-30.00 -90 0.34144
-25.00 -90 0.43845
-20.00 -90 0.35832
-15.00 -90 0.14031
-10.00 -90 -0.16307
-5.00 -90 -0.49368
0.00 -90 -0.76373
5.00 -90 -0.85892
10.00 -90 -0.70306
15.00 -90 -0.34016
20.00 -90 0.55361E-01
25.00 -90 0.28008
30.00 -90 0.24855
35.00 -90 0.61601E-01
40.00 -90 -0.71829E-01
45.00 -90 0.64114E-03
50.00 -90 0.26267
55.00 -90 0.56168
60.00 -90 0.74637
65.00 -90 0.77826
70.00 -90 0.72149
80.00 -90 0.52157
-85.00 -85 0.11024
-45.00 -85 -0.35282
-40.00 -85 -0.17552
-35.00 -85 0.84942E-01
-30.00 -85 0.30522
-25.00 -85 0.40275
-20.00 -85 0.37154
-15.00 -85 0.24415
-10.00 -85 0.42646E-01
-5.00 -85 -0.21748
0.00 -85 -0.48072
5.00 -85 -0.63503
10.00 -85 -0.57481
15.00 -85 -0.30169
20.00 -85 0.39235E-01
25.00 -85 0.24636
30.00 -85 0.21522
35.00 -85 0.26507E-01
40.00 -85 -0.11630
45.00 -85 -0.51809E-01
85.00 -85 0.30676
-75.00 -80 -0.30368
-65.00 -80 -0.19089
-60.00 -80 -0.14272
-55.00 -80 -0.18907
-50.00 -80 -0.25985
-45.00 -80 -0.24551
-40.00 -80 -0.10534
-35.00 -80 0.98237E-01
-30.00 -80 0.26460
-25.00 -80 0.34490
-20.00 -80 0.36520
-15.00 -80 0.36864
-10.00 -80 0.35032
-5.00 -80 0.26322
0.00 -80 0.90309E-01
5.00 -80 -0.10102
10.00 -80 -0.19519
15.00 -80 -0.13261
20.00 -80 0.21100E-01
25.00 -80 0.12080
30.00 -80 0.71691E-01
35.00 -80 -0.76422E-01
40.00 -80 -0.16453
45.00 -80 -0.62594E-01
50.00 -80 0.21578
55.00 -80 0.52708
60.00 -80 0.72202
65.00 -80 0.75843
75.00 -80 0.61610
-70.00 -75 -0.24287
-45.00 -75 -0.57516E-01
-40.00 -75 0.77497E-01
-35.00 -75 0.24710
-30.00 -75 0.36767
-25.00 -75 0.42179
-20.00 -75 0.47218
-15.00 -75 0.58506
-10.00 -75 0.74346
-5.00 -75 0.84434
0.00 -75 0.78836
5.00 -75 0.57512
10.00 -75 0.30862
15.00 -75 0.10681
20.00 -75 0.49956E-02
25.00 -75 -0.51990E-01
30.00 -75 -0.12581
35.00 -75 -0.19996
40.00 -75 -0.18572
45.00 -75 -0.15151E-01
70.00 -75 0.65593
-65.00 -70 -0.95031E-01
-60.00 -70 0.16483E-01
-55.00 -70 0.78380E-01
-50.00 -70 0.12606
-45.00 -70 0.22592
-40.00 -70 0.38944
-35.00 -70 0.55120
-30.00 -70 0.63649
-25.00 -70 0.64787
-20.00 -70 0.67590
-15.00 -70 0.81347
-10.00 -70 1.0525
-5.00 -70 1.2653
0.00 -70 1.2954
5.00 -70 1.0786
10.00 -70 0.68954
15.00 -70 0.27757
20.00 -70 -0.39210E-01
25.00 -70 -0.22737
30.00 -70 -0.30620
35.00 -70 -0.28591
40.00 -70 -0.15182
45.00 -70 0.91852E-01
50.00 -70 0.37892
55.00 -70 0.60217
60.00 -70 0.68949
65.00 -70 0.65862
-45.00 -65 0.56288
-40.00 -65 0.76127
-35.00 -65 0.91643
-30.00 -65 0.96118
-25.00 -65 0.90711
-20.00 -65 0.85582
-15.00 -65 0.91865
-10.00 -65 1.1116
-5.00 -65 1.3218
0.00 -65 1.3815
5.00 -65 1.1895
10.00 -65 0.78117
15.00 -65 0.29735
20.00 -65 -0.10885
25.00 -65 -0.34654
30.00 -65 -0.39747
35.00 -65 -0.28469
40.00 -65 -0.50056E-01
45.00 -65 0.24138
-80.00 -60 0.32431E-01
-75.00 -60 -0.12174
-70.00 -60 -0.13843
-65.00 -60 -0.15223E-01
-60.00 -60 0.19006
-55.00 -60 0.41825
-50.00 -60 0.64691
-45.00 -60 0.87433
-40.00 -60 1.0769
-35.00 -60 1.1973
-30.00 -60 1.1868
-25.00 -60 1.0626
-20.00 -60 0.91811
-15.00 -60 0.86163
-10.00 -60 0.93020
-5.00 -60 1.0521
0.00 -60 1.0931
5.00 -60 0.95129
10.00 -60 0.62584
15.00 -60 0.21462
20.00 -60 -0.14677
25.00 -60 -0.35188
30.00 -60 -0.35716
35.00 -60 -0.18220
40.00 -60 0.10339
45.00 -60 0.39741
50.00 -60 0.59654
55.00 -60 0.64339
60.00 -60 0.56237
65.00 -60 0.44528
70.00 -60 0.38046
75.00 -60 0.37906
80.00 -60 0.36108
-45.00 -55 1.0821
-40.00 -55 1.2366
-35.00 -55 1.2855
-30.00 -55 1.2183
-25.00 -55 1.0618
-20.00 -55 0.88184
-15.00 -55 0.75192
-10.00 -55 0.70647
-5.00 -55 0.71680
0.00 -55 0.70969
5.00 -55 0.61612
10.00 -55 0.41567
15.00 -55 0.15008
20.00 -55 -0.96435E-01
25.00 -55 -0.23455
30.00 -55 -0.20765
35.00 -55 -0.19374E-01
40.00 -55 0.25880
45.00 -55 0.51076
-65.00 -50 0.44910E-01
-60.00 -50 0.31669
-55.00 -50 0.65328
-50.00 -50 0.95243
-45.00 -50 1.1422
-40.00 -50 1.2040
-35.00 -50 1.1643
-30.00 -50 1.0685
-25.00 -50 0.95568
-20.00 -50 0.84701
-15.00 -50 0.74863
-10.00 -50 0.66046
-5.00 -50 0.58126
0.00 -50 0.50610
5.00 -50 0.42191
10.00 -50 0.31147
15.00 -50 0.16997
20.00 -50 0.24042E-01
25.00 -50 -0.67185E-01
30.00 -50 -0.41816E-01
35.00 -50 0.11649
40.00 -50 0.34746
45.00 -50 0.53410
50.00 -50 0.57243
55.00 -50 0.44562
60.00 -50 0.24286
65.00 -50 0.98795E-01
-70.00 -45 -0.47352E-01
-45.00 -45 1.0557
-40.00 -45 1.0116
-35.00 -45 0.90091
-30.00 -45 0.82687
-25.00 -45 0.83458
-20.00 -45 0.88734
-15.00 -45 0.90652
-10.00 -45 0.83916
-5.00 -45 0.69709
0.00 -45 0.53811
5.00 -45 0.41124
10.00 -45 0.31807
15.00 -45 0.22592
20.00 -45 0.11802
25.00 -45 0.28844E-01
30.00 -45 0.24037E-01
35.00 -45 0.13631
40.00 -45 0.31504
45.00 -45 0.44313
70.00 -45 -0.67358E-01
-75.00 -40 0.68043E-01
-65.00 -40 0.64965E-01
-60.00 -40 0.31324
-55.00 -40 0.62002
-50.00 -40 0.83235
-45.00 -40 0.85706
-40.00 -40 0.73048
-35.00 -40 0.59406
-30.00 -40 0.58886
-25.00 -40 0.74850
-20.00 -40 0.97464
-15.00 -40 1.1138
-10.00 -40 1.0725
-5.00 -40 0.87759
0.00 -40 0.63863
5.00 -40 0.45159
10.00 -40 0.33125
15.00 -40 0.22719
20.00 -40 0.99389E-01
25.00 -40 -0.24613E-01
30.00 -40 -0.69492E-01
35.00 -40 0.81345E-02
40.00 -40 0.15730
45.00 -40 0.25356
50.00 -40 0.19452
55.00 -40 -0.97453E-02
60.00 -40 -0.23263
65.00 -40 -0.32389
75.00 -40 -0.20940E-01
-45.00 -35 0.59108
-40.00 -35 0.42853
-35.00 -35 0.31789
-30.00 -35 0.40179
-25.00 -35 0.68005
-20.00 -35 1.0026
-15.00 -35 1.1794
-10.00 -35 1.1186
-5.00 -35 0.88073
0.00 -35 0.61128
5.00 -35 0.41680
10.00 -35 0.29447
15.00 -35 0.16948
20.00 -35 -0.48002E-02
25.00 -35 -0.18427
30.00 -35 -0.27038
35.00 -35 -0.21065
40.00 -35 -0.66355E-01
45.00 -35 0.22186E-01
-85.00 -30 0.42839
-80.00 -30 0.33485
-70.00 -30 0.46798E-01
-65.00 -30 0.42130E-01
-60.00 -30 0.16800
-55.00 -30 0.32599
-50.00 -30 0.38506
-45.00 -30 0.29536
-40.00 -30 0.14441
-35.00 -30 0.96759E-01
-30.00 -30 0.25854
-25.00 -30 0.57959
-20.00 -30 0.88079
-15.00 -30 0.98869
-10.00 -30 0.86548
-5.00 -30 0.62519
0.00 -30 0.42593
5.00 -30 0.33600
10.00 -30 0.29130
15.00 -30 0.17675
20.00 -30 -0.48446E-01
25.00 -30 -0.29968
30.00 -30 -0.43792
35.00 -30 -0.39801
40.00 -30 -0.25625
45.00 -30 -0.17335
50.00 -30 -0.25992
55.00 -30 -0.48030
60.00 -30 -0.67699
65.00 -30 -0.69460
70.00 -30 -0.50014
80.00 -30 0.24264E-01
85.00 -30 0.88681E-01
-45.00 -25 -0.40125E-02
-40.00 -25 -0.11198
-35.00 -25 -0.82774E-01
-30.00 -25 0.12861
-25.00 -25 0.42008
-20.00 -25 0.61205
-15.00 -25 0.59298
-10.00 -25 0.41444
-5.00 -25 0.24741
0.00 -25 0.23331
5.00 -25 0.35884
10.00 -25 0.46639
15.00 -25 0.39261
20.00 -25 0.11443
25.00 -25 -0.22567
30.00 -25 -0.43720
35.00 -25 -0.43935
40.00 -25 -0.32329
45.00 -25 -0.26810
-75.00 -20 0.28593
-65.00 -20 0.53235E-02
-60.00 -20 -0.40453E-01
-55.00 -20 -0.77779E-01
-50.00 -20 -0.16534
-45.00 -20 -0.28530
-40.00 -20 -0.34016
-35.00 -20 -0.24022
-30.00 -20 -0.51843E-02
-25.00 -20 0.22378
-20.00 -20 0.29051
-15.00 -20 0.16471
-10.00 -20 -0.12335E-01
-5.00 -20 -0.32507E-01
0.00 -20 0.20189
5.00 -20 0.57914
10.00 -20 0.84943
15.00 -20 0.81474
20.00 -20 0.48192
25.00 -20 0.52880E-01
30.00 -20 -0.23755
35.00 -20 -0.29939
40.00 -20 -0.23698
45.00 -20 -0.23923
50.00 -20 -0.41146
55.00 -20 -0.68950
60.00 -20 -0.89761
65.00 -20 -0.89091
75.00 -20 -0.33756
-70.00 -15 0.15603
-45.00 -15 -0.52237
-40.00 -15 -0.52871
-35.00 -15 -0.37422
-30.00 -15 -0.12913
-25.00 -15 0.47646E-01
-20.00 -15 0.35449E-01
-15.00 -15 -0.12610
-10.00 -15 -0.23901
-5.00 -15 -0.93360E-01
0.00 -15 0.35173
5.00 -15 0.90595
10.00 -15 1.2681
15.00 -15 1.2407
20.00 -15 0.86863
25.00 -15 0.39320
30.00 -15 0.62985E-01
35.00 -15 -0.42414E-01
40.00 -15 -0.39927E-01
45.00 -15 -0.11462
70.00 -15 -0.69113
-65.00 -10 -0.69626E-02
-60.00 -10 -0.19846
-55.00 -10 -0.39008
-50.00 -10 -0.57212
-45.00 -10 -0.68379
-40.00 -10 -0.64882
-35.00 -10 -0.45608
-30.00 -10 -0.20463
-25.00 -10 -0.49854E-01
-20.00 -10 -0.76593E-01
-15.00 -10 -0.20581
-10.00 -10 -0.23105
-5.00 -10 0.24358E-01
0.00 -10 0.54976
5.00 -10 1.1243
10.00 -10 1.4597
15.00 -10 1.4019
20.00 -10 1.0331
25.00 -10 0.59665
30.00 -10 0.30916
35.00 -10 0.21320
40.00 -10 0.17990
45.00 -10 0.43841E-01
50.00 -10 -0.25012
55.00 -10 -0.60422
60.00 -10 -0.84938
65.00 -10 -0.87213
-45.00 -5 -0.74277
-40.00 -5 -0.66631
-35.00 -5 -0.44512
-30.00 -5 -0.18875
-25.00 -5 -0.33620E-01
-20.00 -5 -0.33710E-01
-15.00 -5 -0.10106
-10.00 -5 -0.61233E-01
-5.00 -5 0.20694
0.00 -5 0.65809
5.00 -5 1.0926
10.00 -5 1.2936
15.00 -5 1.1825
20.00 -5 0.86947
25.00 -5 0.56049
30.00 -5 0.39912
35.00 -5 0.37086
40.00 -5 0.33893
45.00 -5 0.17164
90.00 0.00 0.15777E-01
-90.00 0.00 0.41706
