-85.00 0.00 0.94416
-80.00 0.00 1.0734
-75.00 0.00 1.0349
-70.00 0.00 0.81664
-65.00 0.00 0.44761
-60.00 0.00 0.17051E-01
-55.00 0.00 -0.34924
-50.00 0.00 -0.55141
-45.00 0.00 -0.56718
-40.00 0.00 -0.45392
-35.00 0.00 -0.30539
-30.00 0.00 -0.19850
-25.00 0.00 -0.16167
-20.00 0.00 -0.17003
-15.00 0.00 -0.15557
-10.00 0.00 -0.27587E-01
-5.00 0.00 0.28837
0.00 0.00 0.79403
5.00 0.00 1.3750
10.00 0.00 1.8188
15.00 0.00 1.9130
20.00 0.00 1.5783
25.00 0.00 0.94393
30.00 0.00 0.29365
35.00 0.00 -0.96711E-01
40.00 0.00 -0.12514
45.00 0.00 0.86394E-01
50.00 0.00 0.29380
55.00 0.00 0.30822
60.00 0.00 0.11878
65.00 0.00 -0.12136
70.00 0.00 -0.22227
75.00 0.00 -0.89181E-01
80.00 0.00 0.21977
85.00 0.00 0.55569
-45.00 5.00 -0.39807
-40.00 5.00 -0.29976
-35.00 5.00 -0.19281
-30.00 5.00 -0.13680
-25.00 5.00 -0.10568
-20.00 5.00 -0.22277E-01
-15.00 5.00 0.17387
-10.00 5.00 0.48379
-5.00 5.00 0.85594
0.00 5.00 1.2183
5.00 5.00 1.4980
10.00 5.00 1.6212
15.00 5.00 1.5222
20.00 5.00 1.1834
25.00 5.00 0.68501
30.00 5.00 0.20844
35.00 5.00 -0.42554E-01
40.00 5.00 0.33179E-01
45.00 5.00 0.35378
-65.00 10.00 0.80215
-60.00 10.00 0.38756
-55.00 10.00 0.54112E-02
-50.00 10.00 -0.21035
-45.00 10.00 -0.22717
-40.00 10.00 -0.13256
-35.00 10.00 -0.50387E-01
-30.00 10.00 -0.25195E-01
-25.00 10.00 0.18994E-01
-20.00 10.00 0.20404
-15.00 10.00 0.57358
-10.00 10.00 1.0333
-5.00 10.00 1.4108
0.00 10.00 1.5784
5.00 10.00 1.5300
10.00 10.00 1.3479
15.00 10.00 1.1097
20.00 10.00 0.83331
25.00 10.00 0.51511
30.00 10.00 0.21067
35.00 10.00 0.54486E-01
40.00 10.00 0.17309
45.00 10.00 0.55733
50.00 10.00 1.0177
55.00 10.00 1.2860
60.00 10.00 1.1992
65.00 10.00 0.81913
-70.00 15.00 1.2507
-45.00 15.00 -0.10606
-40.00 15.00 0.19835E-01
-35.00 15.00 0.12807
-30.00 15.00 0.16735
-25.00 15.00 0.23729
-20.00 15.00 0.48831
-15.00 15.00 0.95246
-10.00 15.00 1.4665
-5.00 15.00 1.7721
0.00 15.00 1.7135
5.00 15.00 1.3585
10.00 15.00 0.93280
15.00 15.00 0.63179
20.00 15.00 0.48296
25.00 15.00 0.38150
30.00 15.00 0.25184
35.00 15.00 0.16552
40.00 15.00 0.28892
45.00 15.00 0.70283
70.00 15.00 0.72328
-75.00 20.00 1.4374
-65.00 20.00 1.0904
-60.00 20.00 0.62890
-55.00 20.00 0.16661
-50.00 20.00 -0.95093E-01
-45.00 20.00 -0.74409E-01
-40.00 20.00 0.12950
-35.00 20.00 0.33365
-30.00 20.00 0.44555
-25.00 20.00 0.54636
-20.00 20.00 0.79187
-15.00 20.00 1.2178
-10.00 20.00 1.6420
-5.00 20.00 1.7782
0.00 20.00 1.4748
5.00 20.00 0.86526
10.00 20.00 0.28065
15.00 20.00 -0.56022E-02
20.00 20.00 0.24245E-01
25.00 20.00 0.16774
30.00 20.00 0.23075
35.00 20.00 0.22802
40.00 20.00 0.36234
45.00 20.00 0.80015
50.00 20.00 1.4578
55.00 20.00 2.0086
60.00 20.00 2.1196
65.00 20.00 1.7162
75.00 20.00 0.49713
-45.00 25.00 -0.15741
-40.00 25.00 0.16044
-35.00 25.00 0.52065
-30.00 25.00 0.75594
-25.00 25.00 0.88515
-20.00 25.00 1.0452
-15.00 25.00 1.2948
-10.00 25.00 1.4915
-5.00 25.00 1.3844
0.00 25.00 0.85478
5.00 25.00 0.77293E-01
10.00 25.00 -0.56794
15.00 25.00 -0.77691
20.00 25.00 -0.55075
25.00 25.00 -0.16361
30.00 25.00 0.10326
35.00 25.00 0.21639
40.00 25.00 0.39683
45.00 25.00 0.87250
-80.00 30.00 1.4217
-70.00 30.00 1.5591
-65.00 30.00 1.2122
-60.00 30.00 0.60633
-55.00 30.00 -0.39126E-01
-50.00 30.00 -0.42288
-45.00 30.00 -0.36153
-40.00 30.00 0.73215E-01
-35.00 30.00 0.61083
-30.00 30.00 0.99137
-25.00 30.00 1.1418
-20.00 30.00 1.1625
-15.00 30.00 1.1514
-10.00 30.00 1.0545
-5.00 30.00 0.70686
0.00 30.00 0.35538E-01
5.00 30.00 -0.78129
10.00 30.00 -1.3804
15.00 30.00 -1.4749
20.00 30.00 -1.0828
25.00 30.00 -0.50551
30.00 30.00 -0.62847E-01
35.00 30.00 0.17874
40.00 30.00 0.43473
45.00 30.00 0.95843
50.00 30.00 1.7489
55.00 30.00 2.4850
60.00 30.00 2.7558
65.00 30.00 2.3899
70.00 30.00 1.6003
80.00 30.00 0.42981
-45.00 35.00 -0.66785
-40.00 35.00 -0.15514
-35.00 35.00 0.52888
-30.00 35.00 1.0387
-25.00 35.00 1.2044
-20.00 35.00 1.0827
-15.00 35.00 0.81699
-10.00 35.00 0.46481
-5.00 35.00 -0.29980E-01
0.00 35.00 -0.69892
5.00 35.00 -1.4031
10.00 35.00 -1.8567
15.00 35.00 -1.8289
20.00 35.00 -1.3440
25.00 35.00 -0.67850
30.00 35.00 -0.13505
35.00 35.00 0.20782
40.00 35.00 0.53862
45.00 35.00 1.0985
-75.00 40.00 1.7190
-65.00 40.00 1.1951
-60.00 40.00 0.41993
-55.00 40.00 -0.43584
-50.00 40.00 -1.0085
-45.00 40.00 -1.0280
-40.00 40.00 -0.50746
-35.00 40.00 0.24921
-30.00 40.00 0.84262
-25.00 40.00 1.0256
-20.00 40.00 0.81171
-15.00 40.00 0.38020
-10.00 40.00 -0.10897
-5.00 40.00 -0.61051
0.00 40.00 -1.1298
5.00 40.00 -1.5980
10.00 40.00 -1.8435
15.00 40.00 -1.7124
20.00 40.00 -1.2216
25.00 40.00 -0.57867
30.00 40.00 -0.23878E-01
35.00 40.00 0.37048
40.00 40.00 0.74979
45.00 40.00 1.3132
50.00 40.00 2.0769
55.00 40.00 2.7867
60.00 40.00 3.0768
65.00 40.00 2.7527
75.00 40.00 1.0948
-70.00 45.00 1.6586
-45.00 45.00 -1.3699
-40.00 45.00 -0.91796
-35.00 45.00 -0.17809
-30.00 45.00 0.44228
-25.00 45.00 0.65320
-20.00 45.00 0.42868
-15.00 45.00 -0.42877E-01
-10.00 45.00 -0.53625
-5.00 45.00 -0.93325
0.00 45.00 -1.2264
5.00 45.00 -1.4201
10.00 45.00 -1.4582
15.00 45.00 -1.2608
20.00 45.00 -0.82594
25.00 45.00 -0.27222
30.00 45.00 0.24163
35.00 45.00 0.65450
40.00 45.00 1.0565
45.00 45.00 1.5873
70.00 45.00 2.0579
-65.00 50.00 1.1356
-60.00 50.00 0.27725
-55.00 50.00 -0.67842
-50.00 50.00 -1.3995
-45.00 50.00 -1.6177
-40.00 50.00 -1.2901
-35.00 50.00 -0.64307
-30.00 50.00 -0.46337E-01
-25.00 50.00 0.20418
-20.00 50.00 0.45194E-01
-15.00 50.00 -0.36065
-10.00 50.00 -0.77338
-5.00 50.00 -1.0372
0.00 50.00 -1.1340
5.00 50.00 -1.1164
10.00 50.00 -1.0100
15.00 50.00 -0.78726
20.00 50.00 -0.42204
25.00 50.00 0.48467E-01
30.00 50.00 0.53530
35.00 50.00 0.97660
40.00 50.00 1.3974
45.00 50.00 1.8735
50.00 50.00 2.4176
55.00 50.00 2.8974
60.00 50.00 3.0816
65.00 50.00 2.8026
-85.00 55.00 1.1523
-45.00 55.00 -1.7175
-40.00 55.00 -1.5351
-35.00 55.00 -1.0266
-30.00 55.00 -0.49210
-25.00 55.00 -0.20405
-20.00 55.00 -0.25945
-15.00 55.00 -0.55038
-10.00 55.00 -0.86616
-5.00 55.00 -1.0427
0.00 55.00 -1.0453
5.00 55.00 -0.93547
10.00 55.00 -0.77378
15.00 55.00 -0.55528
20.00 55.00 -0.23204
25.00 55.00 0.21461
30.00 55.00 0.73430
35.00 55.00 1.2437
40.00 55.00 1.6975
45.00 55.00 2.1137
85.00 55.00 0.51090
-80.00 60.00 1.6019
-75.00 60.00 1.8123
-70.00 60.00 1.6484
-65.00 60.00 1.0996
-60.00 60.00 0.28201
-55.00 60.00 -0.59639
-50.00 60.00 -1.3033
-45.00 60.00 -1.6596
-40.00 60.00 -1.6099
-35.00 60.00 -1.2548
-30.00 60.00 -0.81306
-25.00 60.00 -0.51460
-20.00 60.00 -0.48004
-15.00 60.00 -0.66465
-10.00 60.00 -0.90897
-5.00 60.00 -1.0582
0.00 60.00 -1.0569
5.00 60.00 -0.94842
10.00 60.00 -0.79262
15.00 60.00 -0.58681
20.00 60.00 -0.26731
25.00 60.00 0.21337
30.00 60.00 0.81446
35.00 60.00 1.4167
40.00 60.00 1.9085
45.00 60.00 2.2636
50.00 60.00 2.5289
55.00 60.00 2.7321
60.00 60.00 2.8048
65.00 60.00 2.6154
70.00 60.00 2.1011
75.00 60.00 1.3867
80.00 60.00 0.76175
-45.00 65.00 -1.4822
-40.00 65.00 -1.5326
-35.00 65.00 -1.3245
-30.00 65.00 -1.0017
-25.00 65.00 -0.74243
-20.00 65.00 -0.67125
-15.00 65.00 -0.78942
-10.00 65.00 -0.98418
-5.00 65.00 -1.1169
0.00 65.00 -1.1196
5.00 65.00 -1.0186
10.00 65.00 -0.86706
15.00 65.00 -0.66134
20.00 65.00 -0.32880
25.00 65.00 0.19264
30.00 65.00 0.86142
35.00 65.00 1.5261
40.00 65.00 2.0255
45.00 65.00 2.3070
-65.00 70.00 1.0847
-60.00 70.00 0.36092
-55.00 70.00 -0.35142
-50.00 70.00 -0.91177
-45.00 70.00 -1.2539
-40.00 70.00 -1.3669
-35.00 70.00 -1.2861
-30.00 70.00 -1.0995
-25.00 70.00 -0.93189
-20.00 70.00 -0.88647
-15.00 70.00 -0.97646
-10.00 70.00 -1.1135
-5.00 70.00 -1.1763
0.00 70.00 -1.1055
5.00 70.00 -0.93603
10.00 70.00 -0.73455
15.00 70.00 -0.50712
20.00 70.00 -0.17698
25.00 70.00 0.33278
30.00 70.00 0.98910
35.00 70.00 1.6294
40.00 70.00 2.0701
45.00 70.00 2.2516
50.00 70.00 2.2778
55.00 70.00 2.3023
60.00 70.00 2.3621
65.00 70.00 2.3262
-70.00 75.00 1.6084
-45.00 75.00 -1.0434
-40.00 75.00 -1.1849
-35.00 75.00 -1.2013
-30.00 75.00 -1.1473
-25.00 75.00 -1.0989
-20.00 75.00 -1.1178
-15.00 75.00 -1.1963
-10.00 75.00 -1.2468
-5.00 75.00 -1.1663
0.00 75.00 -0.92654
5.00 75.00 -0.60117
10.00 75.00 -0.29358
15.00 75.00 -0.31207E-01
20.00 75.00 0.26429
25.00 75.00 0.68939
30.00 75.00 1.2339
35.00 75.00 1.7492
40.00 75.00 2.0586
45.00 75.00 2.1143
70.00 75.00 1.9861
-75.00 80.00 1.7749
-65.00 80.00 1.0667
-60.00 80.00 0.40054
-55.00 80.00 -0.20067
-50.00 80.00 -0.63067
-45.00 80.00 -0.89104
-40.00 80.00 -1.0326
-35.00 80.00 -1.1053
-30.00 80.00 -1.1507
-25.00 80.00 -1.2067
-20.00 80.00 -1.2874
-15.00 80.00 -1.3491
-10.00 80.00 -1.2953
-5.00 80.00 -1.0438
0.00 80.00 -0.60859
5.00 80.00 -0.11160
10.00 80.00 0.30491
15.00 80.00 0.59345
20.00 80.00 0.83250
25.00 80.00 1.1340
30.00 80.00 1.5117
35.00 80.00 1.8443
40.00 80.00 1.9837
45.00 80.00 1.9097
50.00 80.00 1.7738
55.00 80.00 1.7679
60.00 80.00 1.9302
65.00 80.00 2.0784
75.00 80.00 1.4901
-45.00 85.00 -0.79563
-40.00 85.00 -0.91308
-35.00 85.00 -0.99539
-30.00 85.00 -1.0842
-25.00 85.00 -1.1932
-20.00 85.00 -1.2991
-15.00 85.00 -1.3303
-10.00 85.00 -1.1892
-5.00 85.00 -0.81909
0.00 85.00 -0.26982
5.00 85.00 0.30962
10.00 85.00 0.76569
15.00 85.00 1.0494
20.00 85.00 1.2379
25.00 85.00 1.4398
30.00 85.00 1.6731
35.00 85.00 1.8379
40.00 85.00 1.8234
45.00 85.00 1.6486
-80.00 90.00 1.4903
-70.00 90.00 1.5466
-65.00 90.00 1.0473
-60.00 90.00 0.40328
-55.00 90.00 -0.16608
-50.00 90.00 -0.53916
-45.00 90.00 -0.72206
-40.00 90.00 -0.79608
-35.00 90.00 -0.84647
-30.00 90.00 -0.92155
-25.00 90.00 -1.0235
-20.00 90.00 -1.1099
-15.00 90.00 -1.1029
-10.00 90.00 -0.92258
-5.00 90.00 -0.54231
0.00 90.00 -0.29035E-01
5.00 90.00 0.48068
10.00 90.00 0.86661
15.00 90.00 1.1058
20.00 90.00 1.2716
25.00 90.00 1.4432
30.00 90.00 1.6110
35.00 90.00 1.6778
40.00 90.00 1.5686
45.00 90.00 1.3463
50.00 90.00 1.2044
55.00 90.00 1.3135
60.00 90.00 1.6458
65.00 90.00 1.9508
70.00 90.00 1.9355
80.00 90.00 0.93151
-45.00 95.00 -0.62360
-40.00 95.00 -0.64110
-35.00 95.00 -0.63511
-30.00 95.00 -0.66178
-25.00 95.00 -0.71932
-20.00 95.00 -0.76065
-15.00 95.00 -0.72077
-10.00 95.00 -0.55306
-5.00 95.00 -0.26358
0.00 95.00 0.81301E-01
5.00 95.00 0.39152
10.00 95.00 0.61618
15.00 95.00 0.77973
20.00 95.00 0.94975
25.00 95.00 1.1559
30.00 95.00 1.3368
35.00 95.00 1.3813
40.00 95.00 1.2437
45.00 95.00 1.0290
-75.00 100.00 1.5795
-65.00 100.00 1.0264
-60.00 100.00 0.44088
-55.00 100.00 -0.76323E-01
-50.00 100.00 -0.38262
-45.00 100.00 -0.46784
-40.00 100.00 -0.42182
-35.00 100.00 -0.35453
-30.00 100.00 -0.32879
-25.00 100.00 -0.33998
-20.00 100.00 -0.34013
-15.00 100.00 -0.28178
-10.00 100.00 -0.15479
-5.00 100.00 0.38638E-02
0.00 100.00 0.13493
5.00 100.00 0.20400
10.00 100.00 0.23750
15.00 100.00 0.31134
20.00 100.00 0.48774
25.00 100.00 0.74502
30.00 100.00 0.96799
35.00 100.00 1.0283
40.00 100.00 0.90377
45.00 100.00 0.73275
50.00 100.00 0.73379
55.00 100.00 1.0310
60.00 100.00 1.5216
65.00 100.00 1.9122
75.00 100.00 1.5089
-70.00 105.00 1.3888
-45.00 105.00 -0.25498
-40.00 105.00 -0.14093
-35.00 105.00 -0.16510E-01
-30.00 105.00 0.49535E-01
-25.00 105.00 0.65935E-01
-20.00 105.00 0.85733E-01
-15.00 105.00 0.14764
-10.00 105.00 0.23646
-5.00 105.00 0.29088
0.00 105.00 0.25391
5.00 105.00 0.12985
10.00 105.00 0.13656E-02
15.00 105.00 -0.16795E-01
20.00 105.00 0.13619
25.00 105.00 0.40550
30.00 105.00 0.64260
35.00 105.00 0.71208
40.00 105.00 0.60994
45.00 105.00 0.49297
70.00 105.00 1.8937
-85.00 110.00 0.89841
-65.00 110.00 0.93687
-60.00 110.00 0.47129
-55.00 110.00 0.84649E-01
-50.00 110.00 -0.83262E-01
-45.00 110.00 -0.21995E-01
-40.00 110.00 0.16664
-35.00 110.00 0.35108
-30.00 110.00 0.45514
-25.00 110.00 0.48906
-20.00 110.00 0.51328
-15.00 110.00 0.56984
-10.00 110.00 0.63634
-5.00 110.00 0.63879
0.00 110.00 0.51508
5.00 110.00 0.28045
10.00 110.00 0.39901E-01
15.00 110.00 -0.72355E-01
20.00 110.00 0.10646E-01
25.00 110.00 0.22943
30.00 110.00 0.43188
35.00 110.00 0.48796
40.00 110.00 0.40283
45.00 110.00 0.33275
50.00 110.00 0.47362
55.00 110.00 0.89487
60.00 110.00 1.4487
65.00 110.00 1.8423
85.00 110.00 0.60905
-45.00 115.00 0.16784
-40.00 115.00 0.44026
-35.00 115.00 0.70301
-30.00 115.00 0.86836
-25.00 115.00 0.93744
-20.00 115.00 0.97030
-15.00 115.00 1.0169
-10.00 115.00 1.0642
-5.00 115.00 1.0418
0.00 115.00 0.88278
5.00 115.00 0.59367
10.00 115.00 0.27424
15.00 115.00 0.62994E-01
20.00 115.00 0.41456E-01
25.00 115.00 0.17058
30.00 115.00 0.31667
35.00 115.00 0.35794
40.00 115.00 0.29282
45.00 115.00 0.25765
-80.00 120.00 0.97036
-75.00 120.00 1.0522
-70.00 120.00 0.94347
-65.00 120.00 0.65254
-60.00 120.00 0.29846
-55.00 120.00 0.49644E-01
-50.00 120.00 0.28403E-01
-45.00 120.00 0.24653
-40.00 120.00 0.60858
-35.00 120.00 0.97499
-30.00 120.00 1.2411
-25.00 120.00 1.3820
-20.00 120.00 1.4398
-15.00 120.00 1.4671
-10.00 120.00 1.4720
-5.00 120.00 1.4069
0.00 120.00 1.2117
5.00 120.00 0.88048
10.00 120.00 0.49515
15.00 120.00 0.19043
20.00 120.00 0.67287E-01
25.00 120.00 0.11933
30.00 120.00 0.23694
35.00 120.00 0.29666
40.00 120.00 0.26993
45.00 120.00 0.25812
50.00 120.00 0.41197
55.00 120.00 0.78972
60.00 120.00 1.2706
65.00 120.00 1.6092
70.00 120.00 1.6068
75.00 120.00 1.2714
80.00 120.00 0.83657
-45.00 125.00 0.16686
-40.00 125.00 0.61154
-35.00 125.00 1.0933
-30.00 125.00 1.4862
-25.00 125.00 1.7237
-20.00 125.00 1.8116
-15.00 125.00 1.7977
-10.00 125.00 1.7200
-5.00 125.00 1.5730
0.00 125.00 1.3207
5.00 125.00 0.95092
10.00 125.00 0.52303
15.00 125.00 0.16149
20.00 125.00 -0.16110E-01
25.00 125.00 0.15281E-01
30.00 125.00 0.16357
35.00 125.00 0.28892
40.00 125.00 0.31938
45.00 125.00 0.31486
-65.00 130.00 0.99273E-01
-60.00 130.00 -0.22664
-55.00 130.00 -0.41960
-50.00 130.00 -0.37838
-45.00 130.00 -0.77093E-01
-40.00 130.00 0.42474
-35.00 130.00 1.0017
-30.00 130.00 1.5064
-25.00 130.00 1.8247
-20.00 130.00 1.9191
-15.00 130.00 1.8318
-10.00 130.00 1.6398
-5.00 130.00 1.3949
0.00 130.00 1.0978
5.00 130.00 0.73199
10.00 130.00 0.32684
15.00 130.00 -0.16072E-01
20.00 130.00 -0.17394
25.00 130.00 -0.98715E-01
30.00 130.00 0.12781
35.00 130.00 0.34254
40.00 130.00 0.42633
45.00 130.00 0.40138
50.00 130.00 0.40874
55.00 130.00 0.57477
60.00 130.00 0.88052
65.00 130.00 1.1557
-70.00 135.00 0.10961
-45.00 135.00 -0.44307
-40.00 135.00 0.75787E-01
-35.00 135.00 0.69479
-30.00 135.00 1.2511
-25.00 135.00 1.5923
-20.00 135.00 1.6469
-15.00 135.00 1.4600
-10.00 135.00 1.1552
-5.00 135.00 0.84708
0.00 135.00 0.57290
5.00 135.00 0.30422
10.00 135.00 0.24802E-01
15.00 135.00 -0.20564
20.00 135.00 -0.27539
25.00 135.00 -0.12187
30.00 135.00 0.18434
35.00 135.00 0.46516
40.00 135.00 0.56604
45.00 135.00 0.48333
70.00 135.00 0.97577
-75.00 140.00 0.15658
-65.00 140.00 -0.64219
-60.00 140.00 -0.99842
-55.00 140.00 -1.1851
-50.00 140.00 -1.1407
-45.00 140.00 -0.85188
-40.00 140.00 -0.35875
-35.00 140.00 0.23343
-30.00 140.00 0.76046
-25.00 140.00 1.0536
-20.00 140.00 1.0286
-15.00 140.00 0.74381
-10.00 140.00 0.36853
-5.00 140.00 0.70962E-01
0.00 140.00 -0.86752E-01
5.00 140.00 -0.15751
10.00 140.00 -0.21768
15.00 140.00 -0.26593
20.00 140.00 -0.21602
25.00 140.00 0.39129E-02
30.00 140.00 0.34314
35.00 140.00 0.62858
40.00 140.00 0.69256
45.00 140.00 0.51999
50.00 140.00 0.27538
55.00 140.00 0.17310
60.00 140.00 0.29997
65.00 140.00 0.54934
75.00 140.00 0.73190
-45.00 145.00 -1.2139
-40.00 145.00 -0.77898
-35.00 145.00 -0.27323
-30.00 145.00 0.15787
-25.00 145.00 0.35823
-20.00 145.00 0.25148
-15.00 145.00 -0.88929E-01
-10.00 145.00 -0.46560
-5.00 145.00 -0.68023
0.00 145.00 -0.66196
5.00 145.00 -0.49260
10.00 145.00 -0.30762
15.00 145.00 -0.16618
20.00 145.00 -0.14092E-01
25.00 145.00 0.22637
30.00 145.00 0.53282
35.00 145.00 0.75794
40.00 145.00 0.74357
45.00 145.00 0.47412
-80.00 150.00 0.13802
-70.00 150.00 -0.85086
-65.00 150.00 -1.3584
-60.00 150.00 -1.7043
-55.00 150.00 -1.8211
-50.00 150.00 -1.7210
-45.00 150.00 -1.4594
-40.00 150.00 -1.0992
-35.00 150.00 -0.71391
-30.00 150.00 -0.40829
-25.00 150.00 -0.29957
-20.00 150.00 -0.44425
-15.00 150.00 -0.76750
-10.00 150.00 -1.0768
-5.00 150.00 -1.1758
0.00 150.00 -0.99733
5.00 150.00 -0.63996
10.00 150.00 -0.27475
15.00 150.00 -0.42837E-02
20.00 150.00 0.19641
25.00 150.00 0.40629
30.00 150.00 0.63209
35.00 150.00 0.76364
40.00 150.00 0.66664
45.00 150.00 0.32906
50.00 150.00 -0.84688E-01
55.00 150.00 -0.33769
60.00 150.00 -0.29811
65.00 150.00 -0.32082E-01
70.00 150.00 0.27090
80.00 150.00 0.55990
-45.00 155.00 -1.5596
-40.00 155.00 -1.2773
-35.00 155.00 -1.0203
-30.00 155.00 -0.83487
-25.00 155.00 -0.78281
-20.00 155.00 -0.90026
-15.00 155.00 -1.1337
-10.00 155.00 -1.3324
-5.00 155.00 -1.3326
0.00 155.00 -1.0745
5.00 155.00 -0.64932
10.00 155.00 -0.22637
15.00 155.00 0.77254E-01
20.00 155.00 0.26603
25.00 155.00 0.41381
30.00 155.00 0.54863
35.00 155.00 0.59716
40.00 155.00 0.45259
45.00 155.00 0.10378
-75.00 160.00 -0.69566
-65.00 160.00 -1.8343
-60.00 160.00 -2.0730
-55.00 160.00 -2.0244
-50.00 160.00 -1.7938
-45.00 160.00 -1.5280
-40.00 160.00 -1.3199
-35.00 160.00 -1.1823
-30.00 160.00 -1.0959
-25.00 160.00 -1.0640
-20.00 160.00 -1.1084
-15.00 160.00 -1.2145
-10.00 160.00 -1.2974
-5.00 160.00 -1.2424
0.00 160.00 -0.99641
5.00 160.00 -0.62122
10.00 160.00 -0.25278
15.00 160.00 0.28247E-02
20.00 160.00 0.13906
25.00 160.00 0.21965
30.00 160.00 0.28407
35.00 160.00 0.28886
40.00 160.00 0.15080
45.00 160.00 -0.14665
50.00 160.00 -0.49286
55.00 160.00 -0.70575
60.00 160.00 -0.66252
65.00 160.00 -0.38839
75.00 160.00 0.29387
-85.00 165.00 0.30526
-70.00 165.00 -1.4786
-45.00 165.00 -1.4051
-40.00 165.00 -1.2634
-35.00 165.00 -1.2266
-30.00 165.00 -1.2192
-25.00 165.00 -1.1958
-20.00 165.00 -1.1693
-15.00 165.00 -1.1639
-10.00 165.00 -1.1583
-5.00 165.00 -1.0861
0.00 165.00 -0.89915
5.00 165.00 -0.62617
10.00 165.00 -0.36090
15.00 165.00 -0.18756
20.00 165.00 -0.11589
25.00 165.00 -0.91032E-01
30.00 165.00 -0.66792E-01
35.00 165.00 -0.63928E-01
40.00 165.00 -0.14895
45.00 165.00 -0.35049
70.00 165.00 -0.86116E-01
85.00 165.00 0.69930
-65.00 170.00 -1.9699
-60.00 170.00 -2.0465
-55.00 170.00 -1.8305
-50.00 170.00 -1.4956
-45.00 170.00 -1.2363
-40.00 170.00 -1.1458
-35.00 170.00 -1.1821
-30.00 170.00 -1.2369
-25.00 170.00 -1.2370
-20.00 170.00 -1.1870
-15.00 170.00 -1.1296
-10.00 170.00 -1.0791
-5.00 170.00 -1.0013
0.00 170.00 -0.85813
5.00 170.00 -0.66317
10.00 170.00 -0.48410
15.00 170.00 -0.38621
20.00 170.00 -0.37380
25.00 170.00 -0.39102
30.00 170.00 -0.38274
35.00 170.00 -0.35327
40.00 170.00 -0.36101
45.00 170.00 -0.45155
50.00 170.00 -0.59495
55.00 170.00 -0.69103
60.00 170.00 -0.64103
65.00 170.00 -0.42046
-45.00 175.00 -1.0563
-40.00 175.00 -0.99162
-35.00 175.00 -1.0611
-30.00 175.00 -1.1571
-25.00 175.00 -1.2039
-20.00 175.00 -1.1946
-15.00 175.00 -1.1573
-10.00 175.00 -1.1019
-5.00 175.00 -1.0070
0.00 175.00 -0.85717
5.00 175.00 -0.68284
10.00 175.00 -0.55226
15.00 175.00 -0.51625
20.00 175.00 -0.55922
25.00 175.00 -0.60836
30.00 175.00 -0.59671
35.00 175.00 -0.52243
40.00 175.00 -0.44764
45.00 175.00 -0.43710
-80.00 180.00 -0.39120
-75.00 180.00 -1.0265
-70.00 180.00 -1.5463
-65.00 180.00 -1.8008
-60.00 180.00 -1.7415
-55.00 180.00 -1.4570
-50.00 180.00 -1.1201
-45.00 180.00 -0.88596
-40.00 180.00 -0.81488
-35.00 180.00 -0.87119
-30.00 180.00 -0.98062
-25.00 180.00 -1.0876
-20.00 180.00 -1.1674
-15.00 180.00 -1.2020
-10.00 180.00 -1.1632
-5.00 180.00 -1.0319
0.00 180.00 -0.83401
5.00 180.00 -0.64754
10.00 180.00 -0.55849
15.00 180.00 -0.59528
20.00 180.00 -0.70027
25.00 180.00 -0.76881
30.00 180.00 -0.72783
35.00 180.00 -0.58920
40.00 180.00 -0.43437
45.00 180.00 -0.34548
50.00 180.00 -0.34141
55.00 180.00 -0.36752
60.00 180.00 -0.33956
65.00 180.00 -0.20096
70.00 180.00 0.47357E-01
75.00 180.00 0.35197
80.00 180.00 0.62889
-45.00 -175 -0.73788
-40.00 -175 -0.63395
-35.00 -175 -0.64100
-30.00 -175 -0.74067
-25.00 -175 -0.90932
-20.00 -175 -1.0963
-15.00 -175 -1.2169
-10.00 -175 -1.1910
-5.00 -175 -1.0073
0.00 -175 -0.75394
5.00 -175 -0.57325
10.00 -175 -0.56474
15.00 -175 -0.71062
20.00 -175 -0.88629
25.00 -175 -0.95023
30.00 -175 -0.84248
35.00 -175 -0.61676
40.00 -175 -0.38876
45.00 -175 -0.24927
-65.00 -170 -1.4467
-60.00 -170 -1.3226
-55.00 -170 -1.0815
-50.00 -170 -0.82966
-45.00 -170 -0.62161
-40.00 -170 -0.47779
-35.00 -170 -0.42844
-30.00 -170 -0.51744
-25.00 -170 -0.74955
-20.00 -170 -1.0377
-15.00 -170 -1.2244
-10.00 -170 -1.1851
-5.00 -170 -0.93632
0.00 -170 -0.64510
5.00 -170 -0.51694
10.00 -170 -0.64254
15.00 -170 -0.92813
20.00 -170 -1.1666
25.00 -170 -1.1898
30.00 -170 -0.97987
35.00 -170 -0.65827
40.00 -170 -0.37944
45.00 -170 -0.22392
50.00 -170 -0.16950
55.00 -170 -0.13886
60.00 -170 -0.63604E-01
65.00 -170 0.86195E-01
-70.00 -165 -1.2027
-45.00 -165 -0.54278
-40.00 -165 -0.37532
-35.00 -165 -0.29634
-30.00 -165 -0.40231
-25.00 -165 -0.70939
-20.00 -165 -1.0831
-15.00 -165 -1.2989
-10.00 -165 -1.2099
-5.00 -165 -0.88267
0.00 -165 -0.56997
5.00 -165 -0.52461
10.00 -165 -0.80174
15.00 -165 -1.2144
20.00 -165 -1.4788
25.00 -165 -1.4260
30.00 -165 -1.1071
35.00 -165 -0.72065
40.00 -165 -0.44453
45.00 -165 -0.31960
70.00 -165 0.45583
-75.00 -160 -0.83709
-65.00 -160 -1.0502
-60.00 -160 -0.92681
-55.00 -160 -0.78549
-50.00 -160 -0.65233
-45.00 -160 -0.49838
-40.00 -160 -0.33580
-35.00 -160 -0.27136
-30.00 -160 -0.43443
-25.00 -160 -0.83079
-20.00 -160 -1.2721
-15.00 -160 -1.4821
-10.00 -160 -1.3155
-5.00 -160 -0.90172
0.00 -160 -0.56838
5.00 -160 -0.59096
10.00 -160 -0.97267
15.00 -160 -1.4427
20.00 -160 -1.6735
25.00 -160 -1.5299
30.00 -160 -1.1448
35.00 -160 -0.77623
40.00 -160 -0.58860
45.00 -160 -0.54901
50.00 -160 -0.50314
55.00 -160 -0.33114
60.00 -160 -0.33611E-01
65.00 -160 0.30673
75.00 -160 0.84983
-45.00 -155 -0.47545
-40.00 -155 -0.33927
-35.00 -155 -0.32222
-30.00 -155 -0.56545
-25.00 -155 -1.0489
-20.00 -155 -1.5357
-15.00 -155 -1.7201
-10.00 -155 -1.4762
-5.00 -155 -0.98891
0.00 -155 -0.63068
5.00 -155 -0.67061
10.00 -155 -1.0609
15.00 -155 -1.4848
20.00 -155 -1.6238
25.00 -155 -1.4092
30.00 -155 -1.0468
35.00 -155 -0.81077
40.00 -155 -0.80369
45.00 -155 -0.89204
-80.00 -150 -0.33015
-70.00 -150 -0.77168
-65.00 -150 -0.73046
-60.00 -150 -0.65054
-55.00 -150 -0.60126
-50.00 -150 -0.55483
-45.00 -150 -0.45807
-40.00 -150 -0.34960
-35.00 -150 -0.38143
-30.00 -150 -0.69074
-25.00 -150 -1.2298
-20.00 -150 -1.7334
-15.00 -150 -1.8932
-10.00 -150 -1.6096
-5.00 -150 -1.0963
0.00 -150 -0.72477
5.00 -150 -0.72996
10.00 -150 -1.0295
15.00 -150 -1.3159
20.00 -150 -1.3356
25.00 -150 -1.1041
30.00 -150 -0.86897
35.00 -150 -0.86477
40.00 -150 -1.0906
45.00 -150 -1.3070
50.00 -150 -1.2414
55.00 -150 -0.80673
60.00 -150 -0.14803
65.00 -150 0.49476
70.00 -150 0.95512
80.00 -150 1.2268
-45.00 -145 -0.43921
-40.00 -145 -0.34287
-35.00 -145 -0.39811
-30.00 -145 -0.72978
-25.00 -145 -1.2733
-20.00 -145 -1.7647
-15.00 -145 -1.9193
-10.00 -145 -1.6612
-5.00 -145 -1.1947
0.00 -145 -0.84303
5.00 -145 -0.78706
10.00 -145 -0.93677
15.00 -145 -1.0475
20.00 -145 -0.96965
25.00 -145 -0.79560
30.00 -145 -0.76676
35.00 -145 -1.0277
40.00 -145 -1.4578
45.00 -145 -1.7377
-85.00 -140 0.17072
-75.00 -140 -0.47442
-65.00 -140 -0.54790
-60.00 -140 -0.53906
-55.00 -140 -0.54804
-50.00 -140 -0.52282
-45.00 -140 -0.42701
-40.00 -140 -0.32813
-35.00 -140 -0.38017
-30.00 -140 -0.69184
-25.00 -140 -1.1963
-20.00 -140 -1.6580
-15.00 -140 -1.8353
-10.00 -140 -1.6662
-5.00 -140 -1.3117
0.00 -140 -1.0136
5.00 -140 -0.89620
10.00 -140 -0.89229
15.00 -140 -0.85712
20.00 -140 -0.75169
25.00 -140 -0.70937
30.00 -140 -0.91083
35.00 -140 -1.3796
40.00 -140 -1.8945
45.00 -140 -2.1127
50.00 -140 -1.8088
55.00 -140 -1.0301
60.00 -140 -0.52571E-01
65.00 -140 0.80823
75.00 -140 1.5703
85.00 -140 1.1752
-70.00 -135 -0.47455
-45.00 -135 -0.43798
-40.00 -135 -0.34051
-35.00 -135 -0.38802
-30.00 -135 -0.66863
-25.00 -135 -1.1208
-20.00 -135 -1.5523
-15.00 -135 -1.7711
-10.00 -135 -1.7196
-5.00 -135 -1.4974
0.00 -135 -1.2587
5.00 -135 -1.0879
10.00 -135 -0.96923
15.00 -135 -0.86923
20.00 -135 -0.83271
25.00 -135 -0.97720
30.00 -135 -1.3728
35.00 -135 -1.9176
40.00 -135 -2.3391
45.00 -135 -2.3456
70.00 -135 1.5935
-65.00 -130 -0.48321
-60.00 -130 -0.55749
-55.00 -130 -0.60196
-50.00 -130 -0.57314
-45.00 -130 -0.47922
-40.00 -130 -0.40823
-35.00 -130 -0.47993
-30.00 -130 -0.75347
-25.00 -130 -1.1688
-20.00 -130 -1.5760
-15.00 -130 -1.8299
-10.00 -130 -1.8739
-5.00 -130 -1.7497
0.00 -130 -1.5424
5.00 -130 -1.3242
10.00 -130 -1.1486
15.00 -130 -1.0801
20.00 -130 -1.1992
25.00 -130 -1.5489
30.00 -130 -2.0576
35.00 -130 -2.5184
40.00 -130 -2.6713
45.00 -130 -2.3457
50.00 -130 -1.5611
55.00 -130 -0.51474
60.00 -130 0.52822
65.00 -130 1.3518
-45.00 -125 -0.53269
-40.00 -125 -0.51800
-35.00 -125 -0.65071
-30.00 -125 -0.94969
-25.00 -125 -1.3451
-20.00 -125 -1.7206
-15.00 -125 -1.9750
-10.00 -125 -2.0595
-5.00 -125 -1.9773
0.00 -125 -1.7707
5.00 -125 -1.5204
10.00 -125 -1.3468
15.00 -125 -1.3806
20.00 -125 -1.6913
25.00 -125 -2.2120
30.00 -125 -2.7293
35.00 -125 -2.9705
40.00 -125 -2.7449
45.00 -125 -2.0452
-80.00 -120 0.90051E-02
-75.00 -120 -0.14675
-70.00 -120 -0.29126
-65.00 -120 -0.45179
-60.00 -120 -0.58664
-55.00 -120 -0.63685
-50.00 -120 -0.60070
-45.00 -120 -0.55581
-40.00 -120 -0.60846
-35.00 -120 -0.81534
-30.00 -120 -1.1459
-25.00 -120 -1.5113
-20.00 -120 -1.8242
-15.00 -120 -2.0331
-10.00 -120 -2.1131
-5.00 -120 -2.0506
0.00 -120 -1.8593
5.00 -120 -1.6223
10.00 -120 -1.4986
15.00 -120 -1.6481
20.00 -120 -2.1053
25.00 -120 -2.7008
30.00 -120 -3.1169
35.00 -120 -3.0631
40.00 -120 -2.4500
45.00 -120 -1.4333
50.00 -120 -0.29951
55.00 -120 0.70898
60.00 -120 1.4881
65.00 -120 2.0314
70.00 -120 2.3266
75.00 -120 2.3128
80.00 -120 1.9528
-45.00 -115 -0.50219
-40.00 -115 -0.60222
-35.00 -115 -0.85710
-30.00 -115 -1.1853
-25.00 -115 -1.4797
-20.00 -115 -1.6885
-15.00 -115 -1.8237
-10.00 -115 -1.9035
-5.00 -115 -1.9082
0.00 -115 -1.8124
5.00 -115 -1.6651
10.00 -115 -1.6160
15.00 -115 -1.8237
20.00 -115 -2.2982
25.00 -115 -2.8203
30.00 -115 -3.0365
35.00 -115 -2.6839
40.00 -115 -1.7730
45.00 -115 -0.57948
-65.00 -110 -0.36295
-60.00 -110 -0.50386
-55.00 -110 -0.50298
-50.00 -110 -0.40497
-45.00 -110 -0.35142
-40.00 -110 -0.45736
-35.00 -110 -0.70872
-30.00 -110 -0.98126
-25.00 -110 -1.1604
-20.00 -110 -1.2420
-15.00 -110 -1.3153
-10.00 -110 -1.4517
-5.00 -110 -1.6220
0.00 -110 -1.7328
5.00 -110 -1.7487
10.00 -110 -1.7611
15.00 -110 -1.9124
20.00 -110 -2.2272
25.00 -110 -2.5153
30.00 -110 -2.4655
35.00 -110 -1.8743
40.00 -110 -0.82096
45.00 -110 0.37104
50.00 -110 1.3577
55.00 -110 1.9923
60.00 -110 2.3552
65.00 -110 2.5876
-70.00 -105 -0.73558E-01
-45.00 -105 -0.12801
-40.00 -105 -0.20202
-35.00 -105 -0.40655
-30.00 -105 -0.59035
-25.00 -105 -0.64432
-20.00 -105 -0.61737
-15.00 -105 -0.67507
-10.00 -105 -0.93730
-5.00 -105 -1.3529
0.00 -105 -1.7368
5.00 -105 -1.9347
10.00 -105 -1.9526
15.00 -105 -1.9197
20.00 -105 -1.9196
25.00 -105 -1.8632
30.00 -105 -1.5403
35.00 -105 -0.81722
40.00 -105 0.20578
45.00 -105 1.2336
70.00 -105 2.8227
-75.00 -100 0.18127
-65.00 -100 -0.18467
-60.00 -100 -0.29589
-55.00 -100 -0.22373
-50.00 -100 -0.33121E-01
-45.00 -100 0.10518
-40.00 -100 0.74727E-01
-35.00 -100 -0.74981E-01
-30.00 -100 -0.18313
-25.00 -100 -0.15249
-20.00 -100 -0.73119E-01
-15.00 -100 -0.16382
-10.00 -100 -0.57308
-5.00 -100 -1.2216
0.00 -100 -1.8367
5.00 -100 -2.1530
10.00 -100 -2.0980
15.00 -100 -1.8002
20.00 -100 -1.4272
25.00 -100 -1.0217
30.00 -100 -0.49384
35.00 -100 0.23291
40.00 -100 1.0818
45.00 -100 1.8417
50.00 -100 2.3329
55.00 -100 2.5559
60.00 -100 2.6661
65.00 -100 2.7924
75.00 -100 2.7299
-45.00 -95 0.27733
-40.00 -95 0.27256
-35.00 -95 0.15089
-30.00 -95 0.68566E-01
-25.00 -95 0.11431
-20.00 -95 0.18517
-15.00 -95 0.49100E-01
-10.00 -95 -0.44573
-5.00 -95 -1.2009
0.00 -95 -1.8979
5.00 -95 -2.2115
10.00 -95 -2.0271
15.00 -95 -1.4814
20.00 -95 -0.81304
25.00 -95 -0.17409
30.00 -95 0.42944
35.00 -95 1.0419
40.00 -95 1.6359
45.00 -95 2.1031
-80.00 -90 0.38506
-70.00 -90 0.22821
-65.00 -90 0.47087E-01
-60.00 -90 -0.55694E-01
-55.00 -90 0.13155E-01
-50.00 -90 0.20015
-45.00 -90 0.34682
-40.00 -90 0.33825
-35.00 -90 0.21072
-30.00 -90 0.10655
-25.00 -90 0.11378
-20.00 -90 0.14834
-15.00 -90 0.55769E-02
-10.00 -90 -0.45002
-5.00 -90 -1.1250
0.00 -90 -1.7187
5.00 -90 -1.9198
10.00 -90 -1.6157
15.00 -90 -0.94584
20.00 -90 -0.17130
25.00 -90 0.51015
30.00 -90 1.0466
35.00 -90 1.4729
40.00 -90 1.8085
45.00 -90 2.0303
50.00 -90 2.1384
55.00 -90 2.2136
60.00 -90 2.3702
65.00 -90 2.6262
70.00 -90 2.8256
80.00 -90 2.2043
-85.00 -85 0.46858
-45.00 -85 0.32300
-40.00 -85 0.29488
-35.00 -85 0.15316
-30.00 -85 0.19715E-01
-25.00 -85 -0.14846E-01
-20.00 -85 0.34024E-02
-15.00 -85 -0.78214E-01
-10.00 -85 -0.37121
-5.00 -85 -0.81396
0.00 -85 -1.1815
5.00 -85 -1.2372
10.00 -85 -0.90025
15.00 -85 -0.29125
20.00 -85 0.36950
25.00 -85 0.91115
30.00 -85 1.2845
35.00 -85 1.5228
40.00 -85 1.6652
45.00 -85 1.7327
85.00 -85 1.4094
-75.00 -80 0.50764
-65.00 -80 0.27758
-60.00 -80 0.14620
-55.00 -80 0.12466
-50.00 -80 0.19704
-45.00 -80 0.26041
-40.00 -80 0.22440
-35.00 -80 0.97168E-01
-30.00 -80 -0.25605E-01
-25.00 -80 -0.57169E-01
-20.00 -80 -0.73012E-02
-15.00 -80 0.25258E-01
-10.00 -80 -0.49512E-01
-5.00 -80 -0.21685
0.00 -80 -0.35373
5.00 -80 -0.32264
10.00 -80 -0.78364E-01
15.00 -80 0.30378
20.00 -80 0.69374
25.00 -80 0.99790
30.00 -80 1.1961
35.00 -80 1.3105
40.00 -80 1.3621
45.00 -80 1.3713
50.00 -80 1.3933
55.00 -80 1.5236
60.00 -80 1.8298
65.00 -80 2.2529
75.00 -80 2.5659
-70.00 -75 0.52087
-45.00 -75 0.23009
-40.00 -75 0.21720
-35.00 -75 0.15058
-30.00 -75 0.95494E-01
-25.00 -75 0.12251
-20.00 -75 0.24131
-15.00 -75 0.39265
-10.00 -75 0.50211
-5.00 -75 0.54171
0.00 -75 0.54361
5.00 -75 0.56008
10.00 -75 0.61515
15.00 -75 0.69452
20.00 -75 0.77479
25.00 -75 0.85195
30.00 -75 0.93537
35.00 -75 1.0194
40.00 -75 1.0766
45.00 -75 1.0945
70.00 -75 2.4043
-65.00 -70 0.47265
-60.00 -70 0.33079
-55.00 -70 0.24631
-50.00 -70 0.24312
-45.00 -70 0.28492
-40.00 -70 0.32203
-35.00 -70 0.34306
-30.00 -70 0.38422
-25.00 -70 0.49234
-20.00 -70 0.67912
-15.00 -70 0.90681
-10.00 -70 1.1123
-5.00 -70 1.2429
0.00 -70 1.2737
5.00 -70 1.2053
10.00 -70 1.0569
15.00 -70 0.86981
20.00 -70 0.70866
25.00 -70 0.63984
30.00 -70 0.68936
35.00 -70 0.81489
40.00 -70 0.93025
45.00 -70 0.97859
50.00 -70 0.99644
55.00 -70 1.1007
60.00 -70 1.3880
65.00 -70 1.8185
-45.00 -65 0.43712
-40.00 -65 0.52526
-35.00 -65 0.61533
-30.00 -65 0.72573
-25.00 -65 0.88637
-20.00 -65 1.1052
-15.00 -65 1.3533
-10.00 -65 1.5753
-5.00 -65 1.7115
0.00 -65 1.7151
5.00 -65 1.5656
10.00 -65 1.2837
15.00 -65 0.94229
20.00 -65 0.65415
25.00 -65 0.52413
30.00 -65 0.58495
35.00 -65 0.76636
40.00 -65 0.93642
45.00 -65 0.99950
-80.00 -60 0.66054
-75.00 -60 0.70598
-70.00 -60 0.68652
-65.00 -60 0.60505
-60.00 -60 0.51998
-55.00 -60 0.49560
-50.00 -60 0.55135
-45.00 -60 0.65630
-40.00 -60 0.76583
-35.00 -60 0.86365
-30.00 -60 0.97192
-25.00 -60 1.1251
-20.00 -60 1.3343
-15.00 -60 1.5714
-10.00 -60 1.7808
-5.00 -60 1.9018
0.00 -60 1.8869
5.00 -60 1.7143
10.00 -60 1.4035
15.00 -60 1.0284
20.00 -60 0.70833
25.00 -60 0.55825
30.00 -60 0.61831
35.00 -60 0.81471
40.00 -60 0.99794
45.00 -60 1.0479
50.00 -60 0.97121
55.00 -60 0.90443
60.00 -60 1.0054
65.00 -60 1.3084
70.00 -60 1.6642
75.00 -60 1.8315
80.00 -60 1.6564
-45.00 -55 0.88409
-40.00 -55 0.96967
-35.00 -55 1.0023
-30.00 -55 1.0340
-25.00 -55 1.1299
-20.00 -55 1.3131
-15.00 -55 1.5460
-10.00 -55 1.7558
-5.00 -55 1.8756
0.00 -55 1.8672
5.00 -55 1.7213
10.00 -55 1.4554
15.00 -55 1.1228
20.00 -55 0.81728
25.00 -55 0.64407
30.00 -55 0.65737
35.00 -55 0.80816
40.00 -55 0.96023
45.00 -55 0.98408
-65.00 -50 0.63153
-60.00 -50 0.63205
-55.00 -50 0.73972
-50.00 -50 0.91488
-45.00 -50 1.0552
-40.00 -50 1.0798
-35.00 -50 1.0015
-30.00 -50 0.92237
-25.00 -50 0.95363
-20.00 -50 1.1292
-15.00 -50 1.3836
-10.00 -50 1.6059
-5.00 -50 1.7155
0.00 -50 1.6949
5.00 -50 1.5669
10.00 -50 1.3571
15.00 -50 1.0894
20.00 -50 0.81085
25.00 -50 0.60129
30.00 -50 0.53126
35.00 -50 0.59644
40.00 -50 0.69762
45.00 -50 0.70791
50.00 -50 0.58512
55.00 -50 0.42833
60.00 -50 0.41116
65.00 -50 0.63167
-70.00 -45 0.66464
-45.00 -45 1.1158
-40.00 -45 1.0686
-35.00 -45 0.88325
-30.00 -45 0.71657
-25.00 -45 0.72101
-20.00 -45 0.92422
-15.00 -45 1.2111
-10.00 -45 1.4189
-5.00 -45 1.4573
0.00 -45 1.3510
5.00 -45 1.1809
10.00 -45 0.99736
15.00 -45 0.79285
20.00 -45 0.55270
25.00 -45 0.31427
30.00 -45 0.15849
35.00 -45 0.13303
40.00 -45 0.18928
45.00 -45 0.21237
70.00 -45 0.64708
-75.00 -40 0.73074
-65.00 -40 0.52197
-60.00 -40 0.53625
-55.00 -40 0.70235
-50.00 -40 0.92478
-45.00 -40 1.0354
-40.00 -40 0.93445
-35.00 -40 0.69058
-30.00 -40 0.50134
-25.00 -40 0.53516
-20.00 -40 0.78841
-15.00 -40 1.0836
-10.00 -40 1.2122
-5.00 -40 1.0958
0.00 -40 0.82746
5.00 -40 0.56663
10.00 -40 0.39464
15.00 -40 0.26626
20.00 -40 0.90897E-01
25.00 -40 -0.15005
30.00 -40 -0.37313
35.00 -40 -0.47854
40.00 -40 -0.45808
45.00 -40 -0.40697
50.00 -40 -0.42000
55.00 -40 -0.47598
60.00 -40 -0.43578
65.00 -40 -0.17132
75.00 -40 0.75756
-45.00 -35 0.81361
-40.00 -35 0.69444
-35.00 -35 0.46005
-30.00 -35 0.31921
-25.00 -35 0.42191
-20.00 -35 0.71448
-15.00 -35 0.96594
-10.00 -35 0.95217
-5.00 -35 0.63968
0.00 -35 0.20681
5.00 -35 -0.11422
10.00 -35 -0.22987
15.00 -35 -0.24146
20.00 -35 -0.32431
25.00 -35 -0.55324
30.00 -35 -0.83962
35.00 -35 -1.0298
40.00 -35 -1.0567
45.00 -35 -0.99151
-85.00 -30 0.77934
-80.00 -30 0.81583
-70.00 -30 0.53356
-65.00 -30 0.32227
-60.00 -30 0.22433
-55.00 -30 0.28804
-50.00 -30 0.42547
-45.00 -30 0.48172
-40.00 -30 0.38156
-35.00 -30 0.21530
-30.00 -30 0.16811
-25.00 -30 0.34172
-20.00 -30 0.63148
-15.00 -30 0.78579
-10.00 -30 0.61224
-5.00 -30 0.15208
0.00 -30 -0.33869
5.00 -30 -0.59444
10.00 -30 -0.55484
15.00 -30 -0.40208
20.00 -30 -0.39194
25.00 -30 -0.63406
30.00 -30 -1.0153
35.00 -30 -1.3215
40.00 -30 -1.4293
45.00 -30 -1.3880
50.00 -30 -1.3249
55.00 -30 -1.2852
60.00 -30 -1.1739
65.00 -30 -0.85688
70.00 -30 -0.32120
80.00 -30 0.69689
85.00 -30 0.84123
-45.00 -25 0.98327E-01
-40.00 -25 0.44068E-01
-35.00 -25 -0.22165E-01
-30.00 -25 0.31780E-01
-25.00 -25 0.24444
-20.00 -25 0.47813
-15.00 -25 0.50693
-10.00 -25 0.21612
-5.00 -25 -0.26571
0.00 -25 -0.63863
5.00 -25 -0.66544
10.00 -25 -0.37239
15.00 -25 -0.38675E-01
20.00 -25 0.22560E-01
25.00 -25 -0.29334
30.00 -25 -0.81970
35.00 -25 -1.2760
40.00 -25 -1.4937
45.00 -25 -1.5111
-75.00 -20 0.76782
-65.00 -20 0.16725
-60.00 -20 -0.10951
-55.00 -20 -0.24966
-50.00 -20 -0.27449
-45.00 -20 -0.26360
-40.00 -20 -0.26002
-35.00 -20 -0.22370
-30.00 -20 -0.91120E-01
-25.00 -20 0.11572
-20.00 -20 0.25445
-15.00 -20 0.16548
-10.00 -20 -0.16278
-5.00 -20 -0.52638
0.00 -20 -0.62920
5.00 -20 -0.31967
10.00 -20 0.25628
15.00 -20 0.73061
20.00 -20 0.77225
25.00 -20 0.32436
30.00 -20 -0.37148
35.00 -20 -0.97453
40.00 -20 -1.2917
45.00 -20 -1.3687
50.00 -20 -1.3714
55.00 -20 -1.3911
60.00 -20 -1.3577
65.00 -20 -1.1292
75.00 -20 -0.61122E-01
-70.00 -15 0.53021
-45.00 -15 -0.53612
-40.00 -15 -0.47732
-35.00 -15 -0.35865
-30.00 -15 -0.18383
-25.00 -15 -0.17982E-01
-20.00 -15 0.18906E-01
-15.00 -15 -0.14770
-10.00 -15 -0.43322
-5.00 -15 -0.59286
0.00 -15 -0.37840
5.00 -15 0.24966
10.00 -15 1.0341
15.00 -15 1.5562
20.00 -15 1.5120
25.00 -15 0.91874
30.00 -15 0.90332E-01
35.00 -15 -0.59602
40.00 -15 -0.95010
45.00 -15 -1.0425
70.00 -15 -0.68407
-65.00 -10 0.19833
-60.00 -10 -0.20694
-55.00 -10 -0.51330
-50.00 -10 -0.66717
-45.00 -10 -0.67610
-40.00 -10 -0.57674
-35.00 -10 -0.41005
-30.00 -10 -0.23013
-25.00 -10 -0.11862
-20.00 -10 -0.15462
-15.00 -10 -0.33586
-10.00 -10 -0.51975
-5.00 -10 -0.46941
0.00 -10 -0.12596E-01
5.00 -10 0.79204
10.00 -10 1.6272
15.00 -10 2.0839
20.00 -10 1.9214
25.00 -10 1.2292
30.00 -10 0.36218
35.00 -10 -0.30297
40.00 -10 -0.60269
45.00 -10 -0.64013
50.00 -10 -0.63724
55.00 -10 -0.72590
60.00 -10 -0.85183
65.00 -10 -0.85180
-45.00 -5 -0.67693
-40.00 -5 -0.55945
-35.00 -5 -0.38456
-30.00 -5 -0.23074
-25.00 -5 -0.16621
-20.00 -5 -0.21974
-15.00 -5 -0.33993
-10.00 -5 -0.38250
-5.00 -5 -0.17024
0.00 -5 0.38271
5.00 -5 1.1635
10.00 -5 1.8705
15.00 -5 2.1683
20.00 -5 1.8982
25.00 -5 1.1919
30.00 -5 0.39496
35.00 -5 -0.15355
40.00 -5 -0.32608
45.00 -5 -0.24862
90.00 0.00 0.77069
-90.00 0.00 0.65426
