-85.00 0.00 0.42296
-80.00 0.00 0.37170
-75.00 0.00 0.29405
-70.00 0.00 0.24534
-65.00 0.00 0.23690
-60.00 0.00 0.22422
-55.00 0.00 0.14768
-50.00 0.00 -0.10945E-01
-45.00 0.00 -0.20690
-40.00 0.00 -0.36625
-35.00 0.00 -0.44494
-30.00 0.00 -0.46099
-25.00 0.00 -0.47210
-20.00 0.00 -0.51967
-15.00 0.00 -0.58894
-10.00 0.00 -0.61940
-5.00 0.00 -0.55540
0.00 0.00 -0.39381
5.00 0.00 -0.19083
10.00 0.00 -0.26041E-01
15.00 0.00 0.45370E-01
20.00 0.00 0.17243E-01
25.00 0.00 -0.76619E-01
30.00 0.00 -0.18914
35.00 0.00 -0.28122
40.00 0.00 -0.32807
45.00 0.00 -0.31783
50.00 0.00 -0.25221
55.00 0.00 -0.14937
60.00 0.00 -0.40278E-01
65.00 0.00 0.45669E-01
70.00 0.00 0.98140E-01
75.00 0.00 0.13191
80.00 0.00 0.17303
85.00 0.00 0.23656
-45.00 5.00 -0.22114
-40.00 5.00 -0.44220
-35.00 5.00 -0.59501
-30.00 5.00 -0.66060
-25.00 5.00 -0.67273
-20.00 5.00 -0.67858
-15.00 5.00 -0.69279
-10.00 5.00 -0.68476
-5.00 5.00 -0.60913
0.00 5.00 -0.45172
5.00 5.00 -0.25150
10.00 5.00 -0.80536E-01
15.00 5.00 0.13394E-02
20.00 5.00 -0.18124E-01
25.00 5.00 -0.10230
30.00 5.00 -0.19419
35.00 5.00 -0.24997
40.00 5.00 -0.25468
45.00 5.00 -0.21633
-65.00 10.00 0.19392
-60.00 10.00 0.19725
-55.00 10.00 0.16084
-50.00 10.00 0.23993E-01
-45.00 10.00 -0.21316
-40.00 10.00 -0.48292
-35.00 10.00 -0.69538
-30.00 10.00 -0.79925
-25.00 10.00 -0.80958
-20.00 10.00 -0.78240
-15.00 10.00 -0.76108
-10.00 10.00 -0.74153
-5.00 10.00 -0.68467
0.00 10.00 -0.56215
5.00 10.00 -0.39293
10.00 10.00 -0.23755
15.00 10.00 -0.15504
20.00 10.00 -0.15929
25.00 10.00 -0.21106
30.00 10.00 -0.25006
35.00 10.00 -0.23826
40.00 10.00 -0.17973
45.00 10.00 -0.10560
50.00 10.00 -0.43198E-01
55.00 10.00 0.20874E-02
60.00 10.00 0.40476E-01
65.00 10.00 0.79930E-01
-70.00 15.00 0.20737
-45.00 15.00 -0.19289
-40.00 15.00 -0.48833
-35.00 15.00 -0.73265
-30.00 15.00 -0.85265
-25.00 15.00 -0.85418
-20.00 15.00 -0.80482
-15.00 15.00 -0.77111
-10.00 15.00 -0.76572
-5.00 15.00 -0.74845
0.00 15.00 -0.67528
5.00 15.00 -0.54784
10.00 15.00 -0.41742
15.00 15.00 -0.34091
20.00 15.00 -0.33050
25.00 15.00 -0.34304
30.00 15.00 -0.31826
35.00 15.00 -0.23021
40.00 15.00 -0.10646
45.00 15.00 -0.65419E-03
70.00 15.00 0.12620
-75.00 20.00 0.30046
-65.00 20.00 0.14909
-60.00 20.00 0.16172
-55.00 20.00 0.16010
-50.00 20.00 0.56733E-01
-45.00 20.00 -0.17593
-40.00 20.00 -0.47309
-35.00 20.00 -0.71881
-30.00 20.00 -0.82948
-25.00 20.00 -0.81103
-20.00 20.00 -0.74352
-15.00 20.00 -0.70908
-10.00 20.00 -0.72710
-5.00 20.00 -0.75090
0.00 20.00 -0.72296
5.00 20.00 -0.63385
10.00 20.00 -0.53000
15.00 20.00 -0.46593
20.00 20.00 -0.44906
25.00 20.00 -0.43089
30.00 20.00 -0.35289
35.00 20.00 -0.20358
40.00 20.00 -0.33203E-01
45.00 20.00 0.87271E-01
50.00 20.00 0.12414
55.00 20.00 0.10357
60.00 20.00 0.81649E-01
65.00 20.00 0.94174E-01
75.00 20.00 0.17324
-45.00 25.00 -0.17785
-40.00 25.00 -0.45935
-35.00 25.00 -0.68257
-30.00 25.00 -0.76233
-25.00 25.00 -0.71057
-20.00 25.00 -0.61876
-15.00 25.00 -0.57841
-10.00 25.00 -0.61025
-5.00 25.00 -0.66150
0.00 25.00 -0.66661
5.00 25.00 -0.61069
10.00 25.00 -0.53647
15.00 25.00 -0.49301
20.00 25.00 -0.47998
25.00 25.00 -0.44413
30.00 25.00 -0.33212
35.00 25.00 -0.14840
40.00 25.00 0.38646E-01
45.00 25.00 0.14987
-80.00 30.00 0.41942
-70.00 30.00 0.16643
-65.00 30.00 0.91605E-01
-60.00 30.00 0.87655E-01
-55.00 30.00 0.87278E-01
-50.00 30.00 -0.61338E-03
-45.00 30.00 -0.20706
-40.00 30.00 -0.46460
-35.00 30.00 -0.65214
-30.00 30.00 -0.68791
-25.00 30.00 -0.59175
-20.00 30.00 -0.46414
-15.00 30.00 -0.40270
-10.00 30.00 -0.43010
-5.00 30.00 -0.49290
0.00 30.00 -0.52391
5.00 30.00 -0.50443
10.00 30.00 -0.46889
15.00 30.00 -0.45406
20.00 30.00 -0.44931
25.00 30.00 -0.40100
30.00 30.00 -0.26814
35.00 30.00 -0.73698E-01
40.00 30.00 0.10166
45.00 30.00 0.18182
50.00 30.00 0.15713
55.00 30.00 0.89414E-01
60.00 30.00 0.56430E-01
65.00 30.00 0.88256E-01
70.00 30.00 0.15343
80.00 30.00 0.22163
-45.00 35.00 -0.26015
-40.00 35.00 -0.49191
-35.00 35.00 -0.63993
-30.00 35.00 -0.62817
-25.00 35.00 -0.48373
-20.00 35.00 -0.31321
-15.00 35.00 -0.21895
-10.00 35.00 -0.22874
-5.00 35.00 -0.29512
0.00 35.00 -0.35400
5.00 35.00 -0.38103
10.00 35.00 -0.39451
15.00 35.00 -0.41137
20.00 35.00 -0.40988
25.00 35.00 -0.34303
30.00 35.00 -0.19120
35.00 35.00 0.94777E-03
40.00 35.00 0.14637
45.00 35.00 0.18252
-75.00 40.00 0.29562
-65.00 40.00 0.27018E-01
-60.00 40.00 -0.12057E-01
-55.00 40.00 -0.39494E-01
-50.00 40.00 -0.13601
-45.00 40.00 -0.32281
-40.00 40.00 -0.52851
-35.00 40.00 -0.63792
-30.00 40.00 -0.58267
-25.00 40.00 -0.39631
-20.00 40.00 -0.18844
-15.00 40.00 -0.63685E-01
-10.00 40.00 -0.55689E-01
-5.00 40.00 -0.12612
0.00 40.00 -0.21611
5.00 40.00 -0.29410
10.00 40.00 -0.35772
15.00 40.00 -0.40074
20.00 40.00 -0.39204
25.00 40.00 -0.29736
30.00 40.00 -0.12434
35.00 40.00 0.60095E-01
40.00 40.00 0.16807
45.00 40.00 0.15798
50.00 40.00 0.70505E-01
55.00 40.00 -0.26862E-02
60.00 40.00 0.71703E-02
65.00 40.00 0.93963E-01
75.00 40.00 0.24159
-70.00 45.00 0.12096
-45.00 45.00 -0.37616
-40.00 45.00 -0.55357
-35.00 45.00 -0.62590
-30.00 45.00 -0.53558
-25.00 45.00 -0.32302
-20.00 45.00 -0.97613E-01
-15.00 45.00 0.39376E-01
-10.00 45.00 0.53771E-01
-5.00 45.00 -0.22441E-01
0.00 45.00 -0.13609
5.00 45.00 -0.25126
10.00 45.00 -0.34918
15.00 45.00 -0.40500
20.00 45.00 -0.38177
25.00 45.00 -0.25931
30.00 45.00 -0.70402E-01
35.00 45.00 0.10065
40.00 45.00 0.17040
45.00 45.00 0.12057
70.00 45.00 0.22312
-65.00 50.00 -0.29245E-01
-60.00 50.00 -0.97558E-01
-55.00 50.00 -0.14833
-50.00 50.00 -0.24791
-45.00 50.00 -0.40532
-40.00 50.00 -0.55050
-35.00 50.00 -0.58675
-30.00 50.00 -0.47124
-25.00 50.00 -0.25293
-20.00 50.00 -0.37806E-01
-15.00 50.00 0.84546E-01
-10.00 50.00 0.89981E-01
-5.00 50.00 0.11664E-01
0.00 50.00 -0.10297
5.00 50.00 -0.22225
10.00 50.00 -0.32430
15.00 50.00 -0.37707
20.00 50.00 -0.34167
25.00 50.00 -0.20678
30.00 50.00 -0.19547E-01
35.00 50.00 0.12861
40.00 50.00 0.16299
45.00 50.00 0.85670E-01
50.00 50.00 -0.21007E-01
55.00 50.00 -0.56935E-01
60.00 50.00 0.17414E-01
65.00 50.00 0.15373
-85.00 55.00 0.46321
-45.00 55.00 -0.40530
-40.00 55.00 -0.51609
-35.00 55.00 -0.51868
-30.00 55.00 -0.38756
-25.00 55.00 -0.18180
-20.00 55.00 -0.16143E-02
-15.00 55.00 0.82793E-01
-10.00 55.00 0.68165E-01
-5.00 55.00 -0.29246E-02
0.00 55.00 -0.89203E-01
5.00 55.00 -0.17403
10.00 55.00 -0.24887
15.00 55.00 -0.28759
20.00 55.00 -0.25169
25.00 55.00 -0.12917
30.00 55.00 0.33669E-01
35.00 55.00 0.15001
40.00 55.00 0.15603
45.00 55.00 0.67010E-01
85.00 55.00 0.26045
-80.00 60.00 0.42024
-75.00 60.00 0.26858
-70.00 60.00 0.78018E-01
-65.00 60.00 -0.66648E-01
-60.00 60.00 -0.14046
-55.00 60.00 -0.18876
-50.00 60.00 -0.26863
-45.00 60.00 -0.38103
-40.00 60.00 -0.46113
-35.00 60.00 -0.43676
-30.00 60.00 -0.29854
-25.00 60.00 -0.11520
-20.00 60.00 0.19519E-01
-15.00 60.00 0.57544E-01
-10.00 60.00 0.21298E-01
-5.00 60.00 -0.33063E-01
0.00 60.00 -0.70929E-01
5.00 60.00 -0.97748E-01
10.00 60.00 -0.12914
15.00 60.00 -0.15303
20.00 60.00 -0.13112
25.00 60.00 -0.41716E-01
30.00 60.00 0.82098E-01
35.00 60.00 0.16614
40.00 60.00 0.15645
45.00 60.00 0.72848E-01
50.00 60.00 0.15275E-03
55.00 60.00 0.19055E-01
60.00 60.00 0.13660
65.00 60.00 0.27979
70.00 60.00 0.35877
75.00 60.00 0.34387
80.00 60.00 0.28530
-45.00 65.00 -0.34194
-40.00 65.00 -0.40231
-35.00 65.00 -0.36322
-30.00 65.00 -0.22522
-25.00 65.00 -0.62962E-01
-20.00 65.00 0.35250E-01
-15.00 65.00 0.38634E-01
-10.00 65.00 -0.99106E-02
-5.00 65.00 -0.43410E-01
0.00 65.00 -0.33814E-01
5.00 65.00 -0.73470E-02
10.00 65.00 -0.27836E-02
15.00 65.00 -0.21337E-01
20.00 65.00 -0.22863E-01
25.00 65.00 0.27763E-01
30.00 65.00 0.11465
35.00 65.00 0.17735
40.00 65.00 0.16821
45.00 65.00 0.10467
-65.00 70.00 -0.85761E-01
-60.00 70.00 -0.13920
-55.00 70.00 -0.15988
-50.00 70.00 -0.21036
-45.00 70.00 -0.29470
-40.00 70.00 -0.35089
-35.00 70.00 -0.31325
-30.00 70.00 -0.18199
-25.00 70.00 -0.30754E-01
-20.00 70.00 0.55584E-01
-15.00 70.00 0.52473E-01
-10.00 70.00 0.90655E-02
-5.00 70.00 -0.59068E-02
0.00 70.00 0.30163E-01
5.00 70.00 0.80208E-01
10.00 70.00 0.94802E-01
15.00 70.00 0.68004E-01
20.00 70.00 0.43507E-01
25.00 70.00 0.66334E-01
30.00 70.00 0.13233
35.00 70.00 0.18997
40.00 70.00 0.19432
45.00 70.00 0.15782
50.00 70.00 0.14357
55.00 70.00 0.20411
60.00 70.00 0.32518
65.00 70.00 0.43143
-70.00 75.00 0.36849E-01
-45.00 75.00 -0.23887
-40.00 75.00 -0.30538
-35.00 75.00 -0.28532
-30.00 75.00 -0.16744
-25.00 75.00 -0.15799E-01
-20.00 75.00 0.86826E-01
-15.00 75.00 0.10943
-10.00 75.00 0.89979E-01
-5.00 75.00 0.87574E-01
0.00 75.00 0.12146
5.00 75.00 0.15808
10.00 75.00 0.15493
15.00 75.00 0.11198
20.00 75.00 0.75468E-01
25.00 75.00 0.90692E-01
30.00 75.00 0.15429
35.00 75.00 0.21725
40.00 75.00 0.23670
45.00 75.00 0.22283
70.00 75.00 0.48504
-75.00 80.00 0.21560
-65.00 80.00 -0.93319E-01
-60.00 80.00 -0.10688
-55.00 80.00 -0.78360E-01
-50.00 80.00 -0.90929E-01
-45.00 80.00 -0.16818
-40.00 80.00 -0.25268
-35.00 80.00 -0.26186
-30.00 80.00 -0.16490
-25.00 80.00 -0.85987E-02
-20.00 80.00 0.12707
-15.00 80.00 0.19597
-10.00 80.00 0.21174
-5.00 80.00 0.21534
0.00 80.00 0.22540
5.00 80.00 0.22449
10.00 80.00 0.19120
15.00 80.00 0.13762
20.00 80.00 0.10749
25.00 80.00 0.13446
30.00 80.00 0.20543
35.00 80.00 0.27054
40.00 80.00 0.29281
45.00 80.00 0.28683
50.00 80.00 0.30422
55.00 80.00 0.37752
60.00 80.00 0.47871
65.00 80.00 0.53714
75.00 80.00 0.39866
-45.00 85.00 -0.76656E-01
-40.00 85.00 -0.17702
-35.00 85.00 -0.21937
-30.00 85.00 -0.15121
-25.00 85.00 0.23247E-02
-20.00 85.00 0.16698
-15.00 85.00 0.28044
-10.00 85.00 0.32835
-5.00 85.00 0.33154
0.00 85.00 0.31081
5.00 85.00 0.27125
10.00 85.00 0.21736
15.00 85.00 0.17195
20.00 85.00 0.16828
25.00 85.00 0.21865
30.00 85.00 0.29471
35.00 85.00 0.34738
40.00 85.00 0.35234
45.00 85.00 0.33594
-80.00 90.00 0.36144
-70.00 90.00 -0.25050E-02
-65.00 90.00 -0.95804E-01
-60.00 90.00 -0.62702E-01
-55.00 90.00 0.30985E-01
-50.00 90.00 0.81163E-01
-45.00 90.00 0.34408E-01
-40.00 90.00 -0.70764E-01
-35.00 90.00 -0.14138
-30.00 90.00 -0.10767
-25.00 90.00 0.26750E-01
-20.00 90.00 0.19739
-15.00 90.00 0.33209
-10.00 90.00 0.39483
-5.00 90.00 0.39092
0.00 90.00 0.34535
5.00 90.00 0.28436
10.00 90.00 0.23341
15.00 90.00 0.21861
20.00 90.00 0.25555
25.00 90.00 0.33121
30.00 90.00 0.40302
35.00 90.00 0.42754
40.00 90.00 0.39900
45.00 90.00 0.35967
50.00 90.00 0.36534
55.00 90.00 0.43253
60.00 90.00 0.51698
65.00 90.00 0.54796
70.00 90.00 0.49081
80.00 90.00 0.28974
-45.00 95.00 0.15334
-40.00 95.00 0.59195E-01
-35.00 95.00 -0.27037E-01
-30.00 95.00 -0.27466E-01
-25.00 95.00 0.71185E-01
-20.00 95.00 0.21763
-15.00 95.00 0.34037
-10.00 95.00 0.39422
-5.00 95.00 0.37728
0.00 95.00 0.31880
5.00 95.00 0.25857
10.00 95.00 0.23214
15.00 95.00 0.26046
20.00 95.00 0.33906
25.00 95.00 0.43322
30.00 95.00 0.49223
35.00 95.00 0.48285
40.00 95.00 0.41872
45.00 95.00 0.35621
-75.00 100.00 0.15875
-65.00 100.00 -0.95398E-01
-60.00 100.00 -0.30244E-01
-55.00 100.00 0.11673
-50.00 100.00 0.23841
-45.00 100.00 0.26103
-40.00 100.00 0.19349
-35.00 100.00 0.10926
-30.00 100.00 0.83237E-01
-25.00 100.00 0.13784
-20.00 100.00 0.23634
-15.00 100.00 0.31851
-10.00 100.00 0.34373
-5.00 100.00 0.31116
0.00 100.00 0.25201
5.00 100.00 0.20859
10.00 100.00 0.21448
15.00 100.00 0.28031
20.00 100.00 0.38618
25.00 100.00 0.48595
30.00 100.00 0.52939
35.00 100.00 0.49481
40.00 100.00 0.40941
45.00 100.00 0.33559
50.00 100.00 0.32654
55.00 100.00 0.38399
60.00 100.00 0.45516
65.00 100.00 0.47540
75.00 100.00 0.33362
-70.00 105.00 -0.23046E-01
-45.00 105.00 0.33876
-40.00 105.00 0.30929
-35.00 105.00 0.24589
-30.00 105.00 0.20983
-25.00 105.00 0.22337
-20.00 105.00 0.26315
-15.00 105.00 0.28838
-10.00 105.00 0.27470
-5.00 105.00 0.22869
0.00 105.00 0.17955
5.00 105.00 0.16059
10.00 105.00 0.19309
15.00 105.00 0.27652
20.00 105.00 0.38533
25.00 105.00 0.47596
30.00 105.00 0.50720
35.00 105.00 0.46667
40.00 105.00 0.38440
45.00 105.00 0.31708
70.00 105.00 0.37720
-85.00 110.00 0.40523
-65.00 110.00 -0.85694E-01
-60.00 110.00 -0.19582E-01
-55.00 110.00 0.13311
-50.00 110.00 0.28699
-45.00 110.00 0.37630
-40.00 110.00 0.39076
-35.00 110.00 0.36451
-30.00 110.00 0.33635
-25.00 110.00 0.31901
-20.00 110.00 0.29936
-15.00 110.00 0.26121
-10.00 110.00 0.20537
-5.00 110.00 0.15079
0.00 110.00 0.12091
5.00 110.00 0.13027
10.00 110.00 0.18007
15.00 110.00 0.25975
20.00 110.00 0.34866
25.00 110.00 0.41888
30.00 110.00 0.44497
35.00 110.00 0.41995
40.00 110.00 0.36514
45.00 110.00 0.32030
50.00 110.00 0.31581
55.00 110.00 0.34805
60.00 110.00 0.38118
65.00 110.00 0.37759
85.00 110.00 0.27985
-45.00 115.00 0.37576
-40.00 115.00 0.43474
-35.00 115.00 0.45649
-30.00 115.00 0.45102
-25.00 115.00 0.41355
-20.00 115.00 0.33725
-15.00 115.00 0.23308
-10.00 115.00 0.13334
-5.00 115.00 0.73556E-01
0.00 115.00 0.69724E-01
5.00 115.00 0.11137
10.00 115.00 0.17433
15.00 115.00 0.23874
20.00 115.00 0.29583
25.00 115.00 0.34173
30.00 115.00 0.37061
35.00 115.00 0.37744
40.00 115.00 0.36673
45.00 115.00 0.35388
-80.00 120.00 0.29033
-75.00 120.00 0.13704
-70.00 120.00 0.14144E-02
-65.00 120.00 -0.52948E-01
-60.00 120.00 -0.94548E-02
-55.00 120.00 0.10052
-50.00 120.00 0.23001
-45.00 120.00 0.34882
-40.00 120.00 0.44824
-35.00 120.00 0.52138
-30.00 120.00 0.54664
-25.00 120.00 0.49689
-20.00 120.00 0.36818
-15.00 120.00 0.19863
-10.00 120.00 0.54419E-01
-5.00 120.00 -0.10008E-01
0.00 120.00 0.14081E-01
5.00 120.00 0.89500E-01
10.00 120.00 0.16521
15.00 120.00 0.21255
20.00 120.00 0.23699
25.00 120.00 0.26109
30.00 120.00 0.29900
35.00 120.00 0.34570
40.00 120.00 0.38593
45.00 120.00 0.40859
50.00 120.00 0.41146
55.00 120.00 0.39533
60.00 120.00 0.35978
65.00 120.00 0.30845
70.00 120.00 0.25716
75.00 120.00 0.23096
80.00 120.00 0.24522
-45.00 125.00 0.30908
-40.00 125.00 0.43977
-35.00 125.00 0.55881
-30.00 125.00 0.61505
-25.00 125.00 0.55941
-20.00 125.00 0.38908
-15.00 125.00 0.16576
-10.00 125.00 -0.14591E-01
-5.00 125.00 -0.81654E-01
0.00 125.00 -0.34125E-01
5.00 125.00 0.67047E-01
10.00 125.00 0.14842
15.00 125.00 0.17582
20.00 125.00 0.16923
25.00 125.00 0.17509
30.00 125.00 0.22446
35.00 125.00 0.31110
40.00 125.00 0.40136
45.00 125.00 0.46021
-65.00 130.00 0.92547E-02
-60.00 130.00 0.30102E-01
-55.00 130.00 0.82110E-01
-50.00 130.00 0.15627
-45.00 130.00 0.26439
-40.00 130.00 0.41087
-35.00 130.00 0.56037
-30.00 130.00 0.64020
-25.00 130.00 0.58606
-20.00 130.00 0.39694
-15.00 130.00 0.15060
-10.00 130.00 -0.40080E-01
-5.00 130.00 -0.99971E-01
0.00 130.00 -0.38111E-01
5.00 130.00 0.67569E-01
10.00 130.00 0.13288
15.00 130.00 0.12705
20.00 130.00 0.85704E-01
25.00 130.00 0.73680E-01
30.00 130.00 0.13256
35.00 130.00 0.25320
40.00 130.00 0.38750
45.00 130.00 0.48214
50.00 130.00 0.50697
55.00 130.00 0.46325
60.00 130.00 0.37626
65.00 130.00 0.28296
-70.00 135.00 0.68845E-01
-45.00 135.00 0.21409
-40.00 135.00 0.35450
-35.00 135.00 0.50962
-30.00 135.00 0.59802
-25.00 135.00 0.55223
-20.00 135.00 0.37600
-15.00 135.00 0.15271
-10.00 135.00 -0.72908E-02
-5.00 135.00 -0.41741E-01
0.00 135.00 0.24559E-01
5.00 135.00 0.10609
10.00 135.00 0.12499
15.00 135.00 0.67158E-01
20.00 135.00 -0.14200E-01
25.00 135.00 -0.43696E-01
30.00 135.00 0.21476E-01
35.00 135.00 0.16652
40.00 135.00 0.33423
45.00 135.00 0.46129
70.00 135.00 0.21636
-75.00 140.00 0.15075
-65.00 140.00 0.84016E-01
-60.00 140.00 0.93094E-01
-55.00 140.00 0.94977E-01
-50.00 140.00 0.10246
-45.00 140.00 0.15299
-40.00 140.00 0.26276
-35.00 140.00 0.39355
-30.00 140.00 0.46899
-25.00 140.00 0.43204
-20.00 140.00 0.29508
-15.00 140.00 0.13692
-10.00 140.00 0.45796E-01
-5.00 140.00 0.53888E-01
0.00 140.00 0.11653
5.00 140.00 0.15147
10.00 140.00 0.10467
15.00 140.00 -0.96322E-02
20.00 140.00 -0.12190
25.00 140.00 -0.15763
30.00 140.00 -0.84477E-01
35.00 140.00 0.74123E-01
40.00 140.00 0.25898
45.00 140.00 0.40769
50.00 140.00 0.47925
55.00 140.00 0.46445
60.00 140.00 0.38572
65.00 140.00 0.28837
75.00 140.00 0.21550
-45.00 145.00 0.79251E-01
-40.00 145.00 0.13910
-35.00 145.00 0.21970
-30.00 145.00 0.25937
-25.00 145.00 0.22109
-20.00 145.00 0.12859
-15.00 145.00 0.49571E-01
-10.00 145.00 0.38700E-01
-5.00 145.00 0.90385E-01
0.00 145.00 0.14240
5.00 145.00 0.12691
10.00 145.00 0.25407E-01
15.00 145.00 -0.11651
20.00 145.00 -0.22201
25.00 145.00 -0.23325
30.00 145.00 -0.14081
35.00 145.00 0.21496E-01
40.00 145.00 0.20164
45.00 145.00 0.35143
-80.00 150.00 0.23913
-70.00 150.00 0.12738
-65.00 150.00 0.13740
-60.00 150.00 0.13618
-55.00 150.00 0.96176E-01
-50.00 150.00 0.36739E-01
-45.00 150.00 0.43100E-03
-40.00 150.00 0.58226E-02
-35.00 150.00 0.26082E-01
-30.00 150.00 0.15741E-01
-25.00 150.00 -0.40945E-01
-20.00 150.00 -0.10921
-15.00 150.00 -0.13344
-10.00 150.00 -0.90848E-01
-5.00 150.00 -0.18065E-01
0.00 150.00 0.15731E-01
5.00 150.00 -0.33542E-01
10.00 150.00 -0.14708
15.00 150.00 -0.25664
20.00 150.00 -0.29462
25.00 150.00 -0.23691
30.00 150.00 -0.10708
35.00 150.00 0.51372E-01
40.00 150.00 0.20316
45.00 150.00 0.32710
50.00 150.00 0.40647
55.00 150.00 0.42606
60.00 150.00 0.38544
65.00 150.00 0.31247
70.00 150.00 0.25485
80.00 150.00 0.28520
-45.00 155.00 -0.67288E-01
-40.00 155.00 -0.10089
-35.00 155.00 -0.12788
-30.00 155.00 -0.18428
-25.00 155.00 -0.27184
-20.00 155.00 -0.34853
-15.00 155.00 -0.36662
-10.00 155.00 -0.32193
-5.00 155.00 -0.26424
0.00 155.00 -0.25516
5.00 155.00 -0.31113
10.00 155.00 -0.38451
15.00 155.00 -0.40080
20.00 155.00 -0.31815
25.00 155.00 -0.15681
30.00 155.00 0.23719E-01
35.00 155.00 0.17326
40.00 155.00 0.27919
45.00 155.00 0.35417
-75.00 160.00 0.15164
-65.00 160.00 0.14660
-60.00 160.00 0.12791
-55.00 160.00 0.58406E-01
-50.00 160.00 -0.34265E-01
-45.00 160.00 -0.10692
-40.00 160.00 -0.14818
-35.00 160.00 -0.18942
-30.00 160.00 -0.26842
-25.00 160.00 -0.38458
-20.00 160.00 -0.49346
-15.00 160.00 -0.54794
-10.00 160.00 -0.54477
-5.00 160.00 -0.52778
0.00 160.00 -0.54177
5.00 160.00 -0.58118
10.00 160.00 -0.58529
15.00 160.00 -0.48828
20.00 160.00 -0.27937
25.00 160.00 -0.18234E-01
30.00 160.00 0.20804
35.00 160.00 0.34651
40.00 160.00 0.40467
45.00 160.00 0.42417
50.00 160.00 0.43424
55.00 160.00 0.43147
60.00 160.00 0.40050
65.00 160.00 0.34676
75.00 160.00 0.29545
-85.00 165.00 0.32430
-70.00 165.00 0.13215
-45.00 165.00 -0.11073
-40.00 165.00 -0.12605
-35.00 165.00 -0.14436
-30.00 165.00 -0.21483
-25.00 165.00 -0.34387
-20.00 165.00 -0.48696
-15.00 165.00 -0.58944
-10.00 165.00 -0.63471
-5.00 165.00 -0.65100
0.00 165.00 -0.67027
5.00 165.00 -0.68190
10.00 165.00 -0.63057
15.00 165.00 -0.46470
20.00 165.00 -0.19128
25.00 165.00 0.11516
30.00 165.00 0.35985
35.00 165.00 0.49024
40.00 165.00 0.52061
45.00 165.00 0.50307
70.00 165.00 0.32463
85.00 165.00 0.34956
-65.00 170.00 0.12078
-60.00 170.00 0.83843E-01
-55.00 170.00 0.76971E-02
-50.00 170.00 -0.64587E-01
-45.00 170.00 -0.85648E-01
-40.00 170.00 -0.55911E-01
-35.00 170.00 -0.30762E-01
-30.00 170.00 -0.74035E-01
-25.00 170.00 -0.20104
-20.00 170.00 -0.36433
-15.00 170.00 -0.49417
-10.00 170.00 -0.55434
-5.00 170.00 -0.56108
0.00 170.00 -0.55109
5.00 170.00 -0.53358
10.00 170.00 -0.47539
15.00 170.00 -0.33381
20.00 170.00 -0.10476
25.00 170.00 0.16036
30.00 170.00 0.38542
35.00 170.00 0.51941
40.00 170.00 0.56217
45.00 170.00 0.54856
50.00 170.00 0.51294
55.00 170.00 0.46909
60.00 170.00 0.41887
65.00 170.00 0.37102
-45.00 175.00 -0.49701E-01
-40.00 175.00 0.19291E-01
-35.00 175.00 0.78531E-01
-30.00 175.00 0.53781E-01
-25.00 175.00 -0.73023E-01
-20.00 175.00 -0.24446
-15.00 175.00 -0.37048
-10.00 175.00 -0.39637
-5.00 175.00 -0.33848
0.00 175.00 -0.26038
5.00 175.00 -0.21466
10.00 175.00 -0.20163
15.00 175.00 -0.17679
20.00 175.00 -0.94373E-01
25.00 175.00 0.53524E-01
30.00 175.00 0.23228
35.00 175.00 0.39130
40.00 175.00 0.49467
45.00 175.00 0.53342
-80.00 180.00 0.20557
-75.00 180.00 0.13537
-70.00 180.00 0.10952
-65.00 180.00 0.92375E-01
-60.00 180.00 0.48619E-01
-55.00 180.00 -0.15027E-01
-50.00 180.00 -0.51721E-01
-45.00 180.00 -0.21772E-01
-40.00 180.00 0.58699E-01
-35.00 180.00 0.11682
-30.00 180.00 0.77473E-01
-25.00 180.00 -0.70253E-01
-20.00 180.00 -0.25259
-15.00 180.00 -0.35856
-10.00 180.00 -0.32072
-5.00 180.00 -0.16622
0.00 180.00 0.15613E-02
5.00 180.00 0.76253E-01
10.00 180.00 0.21175E-01
15.00 180.00 -0.10992
20.00 180.00 -0.21384
25.00 180.00 -0.20662
30.00 180.00 -0.71984E-01
35.00 180.00 0.13731
40.00 180.00 0.33756
45.00 180.00 0.46206
50.00 180.00 0.49077
55.00 180.00 0.45040
60.00 180.00 0.39127
65.00 180.00 0.35681
70.00 180.00 0.36158
75.00 180.00 0.38766
80.00 180.00 0.40129
-45.00 -175 -0.11361E-01
-40.00 -175 0.45825E-01
-35.00 -175 0.62059E-01
-30.00 -175 -0.28044E-01
-25.00 -175 -0.22069
-20.00 -175 -0.42600
-15.00 -175 -0.51914
-10.00 -175 -0.42778
-5.00 -175 -0.19178
0.00 -175 0.52027E-01
5.00 -175 0.15402
10.00 -175 0.48637E-01
15.00 -175 -0.20206
20.00 -175 -0.44663
25.00 -175 -0.53735
30.00 -175 -0.41621
35.00 -175 -0.14071
40.00 -175 0.16093
45.00 -175 0.37010
-65.00 -170 0.88877E-01
-60.00 -170 0.52242E-01
-55.00 -170 0.59833E-02
-50.00 -170 -0.21357E-01
-45.00 -170 -0.15383E-01
-40.00 -170 -0.51367E-02
-35.00 -170 -0.53269E-01
-30.00 -170 -0.20726
-25.00 -170 -0.44754
-20.00 -170 -0.67775
-15.00 -170 -0.77473
-10.00 -170 -0.67072
-5.00 -170 -0.41098
0.00 -170 -0.14090
5.00 -170 -0.23181E-01
10.00 -170 -0.13518
15.00 -170 -0.41475
20.00 -170 -0.69313
25.00 -170 -0.79614
30.00 -170 -0.64851
35.00 -170 -0.31382
40.00 -170 0.53205E-01
45.00 -170 0.30606
50.00 -170 0.38928
55.00 -170 0.35268
60.00 -170 0.29650
65.00 -170 0.29450
-70.00 -165 0.11763
-45.00 -165 -0.23760E-01
-40.00 -165 -0.62697E-01
-35.00 -165 -0.16761
-30.00 -165 -0.36419
-25.00 -165 -0.62202
-20.00 -165 -0.85405
-15.00 -165 -0.95889
-10.00 -165 -0.88423
-5.00 -165 -0.67034
0.00 -165 -0.43942
5.00 -165 -0.32902
10.00 -165 -0.40627
15.00 -165 -0.61845
20.00 -165 -0.81758
25.00 -165 -0.84934
30.00 -165 -0.65073
35.00 -165 -0.29076
40.00 -165 0.74922E-01
45.00 -165 0.30442
70.00 -165 0.33878
-75.00 -160 0.15618
-65.00 -160 0.11203
-60.00 -160 0.82758E-01
-55.00 -160 0.46314E-01
-50.00 -160 0.11184E-01
-45.00 -160 -0.29121E-01
-40.00 -160 -0.10084
-35.00 -160 -0.23256
-30.00 -160 -0.42872
-25.00 -160 -0.65480
-20.00 -160 -0.84669
-15.00 -160 -0.94121
-10.00 -160 -0.91153
-5.00 -160 -0.78732
0.00 -160 -0.64492
5.00 -160 -0.56720
10.00 -160 -0.59193
15.00 -160 -0.68047
20.00 -160 -0.73337
25.00 -160 -0.65141
30.00 -160 -0.40631
35.00 -160 -0.70167E-01
40.00 -160 0.22347
45.00 -160 0.36508
50.00 -160 0.34081
55.00 -160 0.23649
60.00 -160 0.17080
65.00 -160 0.20925
75.00 -160 0.43234
-45.00 -155 -0.33073E-01
-40.00 -155 -0.11449
-35.00 -155 -0.24095
-30.00 -155 -0.40011
-25.00 -155 -0.55708
-20.00 -155 -0.67385
-15.00 -155 -0.72937
-10.00 -155 -0.72713
-5.00 -155 -0.68929
0.00 -155 -0.64416
5.00 -155 -0.61224
10.00 -155 -0.59341
15.00 -155 -0.56040
20.00 -155 -0.46829
25.00 -155 -0.28369
30.00 -155 -0.19889E-01
35.00 -155 0.25105
40.00 -155 0.42954
45.00 -155 0.45114
-80.00 -150 0.22628
-70.00 -150 0.16949
-65.00 -150 0.14242
-60.00 -150 0.97780E-01
-55.00 -150 0.48071E-01
-50.00 -150 0.37908E-02
-45.00 -150 -0.44436E-01
-40.00 -150 -0.11734
-35.00 -150 -0.22168
-30.00 -150 -0.33608
-25.00 -150 -0.42424
-20.00 -150 -0.46384
-15.00 -150 -0.46368
-10.00 -150 -0.45371
-5.00 -150 -0.45825
0.00 -150 -0.47625
5.00 -150 -0.48261
10.00 -150 -0.44466
15.00 -150 -0.33850
20.00 -150 -0.15796
25.00 -150 0.79782E-01
30.00 -150 0.32945
35.00 -150 0.52194
40.00 -150 0.58947
45.00 -150 0.50714
50.00 -150 0.32269
55.00 -150 0.14267
60.00 -150 0.72110E-01
65.00 -150 0.14585
70.00 -150 0.30488
80.00 -150 0.47655
-45.00 -145 -0.71330E-01
-40.00 -145 -0.12577
-35.00 -145 -0.20842
-30.00 -145 -0.29885
-25.00 -145 -0.35583
-20.00 -145 -0.35372
-15.00 -145 -0.30726
-10.00 -145 -0.26064
-5.00 -145 -0.25062
0.00 -145 -0.27606
5.00 -145 -0.29812
10.00 -145 -0.26740
15.00 -145 -0.15451
20.00 -145 0.35525E-01
25.00 -145 0.26613
30.00 -145 0.47992
35.00 -145 0.61305
40.00 -145 0.61722
45.00 -145 0.48817
-85.00 -140 0.30788
-75.00 -140 0.22866
-65.00 -140 0.16333
-60.00 -140 0.69609E-01
-55.00 -140 -0.26715E-01
-50.00 -140 -0.87406E-01
-45.00 -140 -0.11369
-40.00 -140 -0.14329
-35.00 -140 -0.20948
-30.00 -140 -0.30347
-25.00 -140 -0.37726
-20.00 -140 -0.38458
-15.00 -140 -0.32169
-10.00 -140 -0.23132
-5.00 -140 -0.16781
0.00 -140 -0.15502
5.00 -140 -0.17113
10.00 -140 -0.16807
15.00 -140 -0.10553
20.00 -140 0.25846E-01
25.00 -140 0.20125
30.00 -140 0.37208
35.00 -140 0.48198
40.00 -140 0.48769
45.00 -140 0.38348
50.00 -140 0.21673
55.00 -140 0.75260E-01
60.00 -140 0.41488E-01
65.00 -140 0.13812
75.00 -140 0.44703
85.00 -140 0.41451
-70.00 -135 0.23961
-45.00 -135 -0.16216
-40.00 -135 -0.15833
-35.00 -135 -0.20392
-30.00 -135 -0.31057
-25.00 -135 -0.42657
-20.00 -135 -0.47829
-15.00 -135 -0.42995
-10.00 -135 -0.31061
-5.00 -135 -0.18967
0.00 -135 -0.12541
5.00 -135 -0.12871
10.00 -135 -0.16474
15.00 -135 -0.18242
20.00 -135 -0.14600
25.00 -135 -0.50847E-01
30.00 -135 0.77030E-01
35.00 -135 0.19198
40.00 -135 0.24759
45.00 -135 0.22179
70.00 -135 0.31679
-65.00 -130 0.17906
-60.00 -130 0.20601E-01
-55.00 -130 -0.13906
-50.00 -130 -0.21933
-45.00 -130 -0.20381
-40.00 -130 -0.15634
-35.00 -130 -0.16572
-30.00 -130 -0.26820
-25.00 -130 -0.41523
-20.00 -130 -0.51232
-15.00 -130 -0.49378
-10.00 -130 -0.37100
-5.00 -130 -0.21983
0.00 -130 -0.12419
5.00 -130 -0.12328
10.00 -130 -0.19723
15.00 -130 -0.29022
20.00 -130 -0.34584
25.00 -130 -0.33179
30.00 -130 -0.24852
35.00 -130 -0.12612
40.00 -130 -0.11396E-01
45.00 -130 0.55463E-01
50.00 -130 0.67113E-01
55.00 -130 0.59017E-01
60.00 -130 0.87643E-01
65.00 -130 0.18572
-45.00 -125 -0.22955
-40.00 -125 -0.13472
-35.00 -125 -0.93849E-01
-30.00 -125 -0.16536
-25.00 -125 -0.31031
-20.00 -125 -0.42750
-15.00 -125 -0.43543
-10.00 -125 -0.33223
-5.00 -125 -0.19002
0.00 -125 -0.97971E-01
5.00 -125 -0.10451
10.00 -125 -0.19836
15.00 -125 -0.32884
20.00 -125 -0.43862
25.00 -125 -0.48563
30.00 -125 -0.45151
35.00 -125 -0.34496
40.00 -125 -0.20079
45.00 -125 -0.66530E-01
-80.00 -120 0.28869
-75.00 -120 0.31207
-70.00 -120 0.31135
-65.00 -120 0.20793
-60.00 -120 0.58157E-02
-55.00 -120 -0.19868
-50.00 -120 -0.29174
-45.00 -120 -0.23703
-40.00 -120 -0.10646
-35.00 -120 -0.20328E-01
-30.00 -120 -0.50229E-01
-25.00 -120 -0.16769
-20.00 -120 -0.27728
-15.00 -120 -0.29881
-10.00 -120 -0.22651
-5.00 -120 -0.12212
0.00 -120 -0.59576E-01
5.00 -120 -0.74544E-01
10.00 -120 -0.15501
15.00 -120 -0.26541
20.00 -120 -0.37132
25.00 -120 -0.44500
30.00 -120 -0.46122
35.00 -120 -0.40280
40.00 -120 -0.27691
45.00 -120 -0.12149
50.00 -120 0.14918E-01
55.00 -120 0.10815
60.00 -120 0.17501
65.00 -120 0.25114
70.00 -120 0.34834
75.00 -120 0.43352
80.00 -120 0.45687
-45.00 -115 -0.22708
-40.00 -115 -0.88401E-01
-35.00 -115 0.12658E-01
-30.00 -115 0.45749E-02
-25.00 -115 -0.87676E-01
-20.00 -115 -0.17847
-15.00 -115 -0.20060
-10.00 -115 -0.15474
-5.00 -115 -0.92836E-01
0.00 -115 -0.63264E-01
5.00 -115 -0.74692E-01
10.00 -115 -0.10669
15.00 -115 -0.14400
20.00 -115 -0.19143
25.00 -115 -0.25446
30.00 -115 -0.31273
35.00 -115 -0.32287
40.00 -115 -0.25376
45.00 -115 -0.11925
-65.00 -110 0.25823
-60.00 -110 0.59719E-01
-55.00 -110 -0.14470
-50.00 -110 -0.24174
-45.00 -110 -0.19765
-40.00 -110 -0.83610E-01
-35.00 -110 -0.10926E-01
-30.00 -110 -0.37595E-01
-25.00 -110 -0.13000
-20.00 -110 -0.20725
-15.00 -110 -0.21859
-10.00 -110 -0.17978
-5.00 -110 -0.14123
0.00 -110 -0.12939
5.00 -110 -0.12416
10.00 -110 -0.92060E-01
15.00 -110 -0.34841E-01
20.00 -110 0.24380E-02
25.00 -110 -0.24577E-01
30.00 -110 -0.10808
35.00 -110 -0.18401
40.00 -110 -0.18324
45.00 -110 -0.90123E-01
50.00 -110 0.47539E-01
55.00 -110 0.16493
60.00 -110 0.23577
65.00 -110 0.28307
-70.00 -105 0.36874
-45.00 -105 -0.14179
-40.00 -105 -0.73530E-01
-35.00 -105 -0.61591E-01
-30.00 -105 -0.14127
-25.00 -105 -0.25911
-20.00 -105 -0.33012
-15.00 -105 -0.31751
-10.00 -105 -0.25785
-5.00 -105 -0.21249
0.00 -105 -0.19974
5.00 -105 -0.17886
10.00 -105 -0.10107
15.00 -105 0.26646E-01
20.00 -105 0.13346
25.00 -105 0.14470
30.00 -105 0.53490E-01
35.00 -105 -0.66067E-01
40.00 -105 -0.11839
45.00 -105 -0.63588E-01
70.00 -105 0.31880
-75.00 -100 0.35387
-65.00 -100 0.31436
-60.00 -100 0.16278
-55.00 -100 0.72994E-02
-50.00 -100 -0.66842E-01
-45.00 -100 -0.52859E-01
-40.00 -100 -0.28373E-01
-35.00 -100 -0.79843E-01
-30.00 -100 -0.21803
-25.00 -100 -0.36554
-20.00 -100 -0.42748
-15.00 -100 -0.37668
-10.00 -100 -0.27217
-5.00 -100 -0.19629
0.00 -100 -0.17450
5.00 -100 -0.15723
10.00 -100 -0.79911E-01
15.00 -100 0.60305E-01
20.00 -100 0.18918
25.00 -100 0.21883
30.00 -100 0.13003
35.00 -100 -0.53685E-02
40.00 -100 -0.83129E-01
45.00 -100 -0.51217E-01
50.00 -100 0.56806E-01
55.00 -100 0.16478
60.00 -100 0.22591
65.00 -100 0.25377
75.00 -100 0.34314
-45.00 -95 0.66539E-01
-40.00 -95 0.70417E-01
-35.00 -95 -0.17000E-01
-30.00 -95 -0.18791
-25.00 -95 -0.34647
-20.00 -95 -0.38896
-15.00 -95 -0.29388
-10.00 -95 -0.13853
-5.00 -95 -0.27558E-01
0.00 -95 -0.19028E-02
5.00 -95 -0.12984E-01
10.00 -95 0.17203E-01
15.00 -95 0.11149
20.00 -95 0.21111
25.00 -95 0.23176
30.00 -95 0.14643
35.00 -95 0.15196E-01
40.00 -95 -0.65378E-01
45.00 -95 -0.43563E-01
-80.00 -90 0.31380
-70.00 -90 0.38152
-65.00 -90 0.34989
-60.00 -90 0.25898
-55.00 -90 0.17566
-50.00 -90 0.16008
-45.00 -90 0.19916
-40.00 -90 0.21232
-35.00 -90 0.12869
-30.00 -90 -0.36433E-01
-25.00 -90 -0.18157
-20.00 -90 -0.20078
-15.00 -90 -0.74712E-01
-10.00 -90 0.11190
-5.00 -90 0.24203
0.00 -90 0.26150
5.00 -90 0.21239
10.00 -90 0.17932
15.00 -90 0.20409
20.00 -90 0.25007
25.00 -90 0.24586
30.00 -90 0.16136
35.00 -90 0.41291E-01
40.00 -90 -0.34250E-01
45.00 -90 -0.21135E-01
50.00 -90 0.54676E-01
55.00 -90 0.12961
60.00 -90 0.16506
65.00 -90 0.17722
70.00 -90 0.20776
80.00 -90 0.33444
-85.00 -85 0.33738
-45.00 -85 0.31724
-40.00 -85 0.35869
-35.00 -85 0.30755
-30.00 -85 0.17513
-25.00 -85 0.54273E-01
-20.00 -85 0.44837E-01
-15.00 -85 0.16807
-10.00 -85 0.34684
-5.00 -85 0.46934
0.00 -85 0.47850
5.00 -85 0.40810
10.00 -85 0.33840
15.00 -85 0.31800
20.00 -85 0.32561
25.00 -85 0.30275
30.00 -85 0.21971
35.00 -85 0.10848
40.00 -85 0.32927E-01
45.00 -85 0.28974E-01
85.00 -85 0.33963
-75.00 -80 0.33210
-65.00 -80 0.35552
-60.00 -80 0.31036
-55.00 -80 0.27926
-50.00 -80 0.31083
-45.00 -80 0.39495
-40.00 -80 0.46315
-35.00 -80 0.44883
-30.00 -80 0.35214
-25.00 -80 0.24719
-20.00 -80 0.22164
-15.00 -80 0.30215
-10.00 -80 0.43265
-5.00 -80 0.52393
0.00 -80 0.52808
5.00 -80 0.47096
10.00 -80 0.41724
15.00 -80 0.40563
20.00 -80 0.41627
25.00 -80 0.39767
30.00 -80 0.32252
35.00 -80 0.21617
40.00 -80 0.13218
45.00 -80 0.10197
50.00 -80 0.10978
55.00 -80 0.11595
60.00 -80 0.10214
65.00 -80 0.91103E-01
75.00 -80 0.19731
-70.00 -75 0.35049
-45.00 -75 0.42189
-40.00 -75 0.49780
-35.00 -75 0.50359
-30.00 -75 0.42781
-25.00 -75 0.32278
-20.00 -75 0.26100
-15.00 -75 0.27502
-10.00 -75 0.33548
-5.00 -75 0.38480
0.00 -75 0.39221
5.00 -75 0.37753
10.00 -75 0.38372
15.00 -75 0.42794
20.00 -75 0.48004
25.00 -75 0.48904
30.00 -75 0.43059
35.00 -75 0.32903
40.00 -75 0.23402
45.00 -75 0.17645
70.00 -75 0.81927E-01
-65.00 -70 0.35122
-60.00 -70 0.33650
-55.00 -70 0.32270
-50.00 -70 0.34604
-45.00 -70 0.40847
-40.00 -70 0.46758
-35.00 -70 0.47023
-30.00 -70 0.39882
-25.00 -70 0.28705
-20.00 -70 0.19126
-15.00 -70 0.14545
-10.00 -70 0.14189
-5.00 -70 0.15215
0.00 -70 0.16393
5.00 -70 0.19462
10.00 -70 0.26813
15.00 -70 0.37945
20.00 -70 0.48483
25.00 -70 0.53046
30.00 -70 0.49421
35.00 -70 0.40165
40.00 -70 0.30175
45.00 -70 0.22629
50.00 -70 0.17142
55.00 -70 0.11662
60.00 -70 0.58968E-01
65.00 -70 0.25534E-01
-45.00 -65 0.37947
-40.00 -65 0.40397
-35.00 -65 0.38741
-30.00 -65 0.31417
-25.00 -65 0.20538
-20.00 -65 0.10089
-15.00 -65 0.27998E-01
-10.00 -65 -0.12334E-01
-5.00 -65 -0.30630E-01
0.00 -65 -0.24597E-01
5.00 -65 0.25716E-01
10.00 -65 0.13537
15.00 -65 0.28687
20.00 -65 0.42784
25.00 -65 0.50180
30.00 -65 0.48683
35.00 -65 0.40818
40.00 -65 0.31363
45.00 -65 0.23512
-80.00 -60 0.30277
-75.00 -60 0.29280
-70.00 -60 0.32426
-65.00 -60 0.36514
-60.00 -60 0.38584
-55.00 -60 0.38227
-50.00 -60 0.36986
-45.00 -60 0.35973
-40.00 -60 0.34375
-35.00 -60 0.30363
-30.00 -60 0.23242
-25.00 -60 0.14450
-20.00 -60 0.63675E-01
-15.00 -60 0.28477E-02
-10.00 -60 -0.42055E-01
-5.00 -60 -0.77137E-01
0.00 -60 -0.91651E-01
5.00 -60 -0.58676E-01
10.00 -60 0.40323E-01
15.00 -60 0.18888
20.00 -60 0.33466
25.00 -60 0.42008
30.00 -60 0.42045
35.00 -60 0.35705
40.00 -60 0.27451
45.00 -60 0.20421
50.00 -60 0.14689
55.00 -60 0.87943E-01
60.00 -60 0.27008E-01
65.00 -60 -0.10117E-01
70.00 -60 0.92583E-02
75.00 -60 0.91298E-01
80.00 -60 0.20222
-45.00 -55 0.36073
-40.00 -55 0.30787
-35.00 -55 0.24720
-30.00 -55 0.18294
-25.00 -55 0.12664
-20.00 -55 0.88357E-01
-15.00 -55 0.64224E-01
-10.00 -55 0.37437E-01
-5.00 -55 -0.34624E-02
0.00 -55 -0.45654E-01
5.00 -55 -0.54228E-01
10.00 -55 0.86655E-03
15.00 -55 0.11465
20.00 -55 0.24199
25.00 -55 0.32545
30.00 -55 0.33437
35.00 -55 0.28244
40.00 -55 0.21008
45.00 -55 0.14941
-65.00 -50 0.39980
-60.00 -50 0.46399
-55.00 -50 0.48116
-50.00 -50 0.44603
-45.00 -50 0.37605
-40.00 -50 0.29378
-35.00 -50 0.21667
-30.00 -50 0.15783
-25.00 -50 0.12756
-20.00 -50 0.12708
-15.00 -50 0.14068
-10.00 -50 0.14005
-5.00 -50 0.10463
0.00 -50 0.43189E-01
5.00 -50 -0.55394E-02
10.00 -50 0.52722E-03
15.00 -50 0.71999E-01
20.00 -50 0.17491
25.00 -50 0.25272
30.00 -50 0.26638
35.00 -50 0.21950
40.00 -50 0.14857
45.00 -50 0.89709E-01
50.00 -50 0.52876E-01
55.00 -50 0.25233E-01
60.00 -50 -0.35139E-02
65.00 -50 -0.21519E-01
-70.00 -45 0.32618
-45.00 -45 0.38722
-40.00 -45 0.28350
-35.00 -45 0.19349
-30.00 -45 0.13330
-25.00 -45 0.11117
-20.00 -45 0.12574
-15.00 -45 0.15973
-10.00 -45 0.18152
-5.00 -45 0.16275
0.00 -45 0.10234
5.00 -45 0.34454E-01
10.00 -45 0.74393E-02
15.00 -45 0.46642E-01
20.00 -45 0.13138
25.00 -45 0.20745
30.00 -45 0.22664
35.00 -45 0.18075
40.00 -45 0.10255
45.00 -45 0.35381E-01
70.00 -45 0.83372E-03
-75.00 -40 0.28195
-65.00 -40 0.42592
-60.00 -40 0.51484
-55.00 -40 0.53828
-50.00 -40 0.48240
-45.00 -40 0.37533
-40.00 -40 0.25903
-35.00 -40 0.16270
-30.00 -40 0.97406E-01
-25.00 -40 0.66055E-01
-20.00 -40 0.69475E-01
-15.00 -40 0.99802E-01
-10.00 -40 0.13294
-5.00 -40 0.13706
0.00 -40 0.96974E-01
5.00 -40 0.32978E-01
10.00 -40 -0.83330E-02
15.00 -40 0.10411E-01
20.00 -40 0.83892E-01
25.00 -40 0.16342
30.00 -40 0.19250
35.00 -40 0.14977
40.00 -40 0.62923E-01
45.00 -40 -0.16639E-01
50.00 -40 -0.54512E-01
55.00 -40 -0.53238E-01
60.00 -40 -0.37050E-01
65.00 -40 -0.20316E-01
75.00 -40 0.67900E-01
-45.00 -35 0.33083
-40.00 -35 0.21358
-35.00 -35 0.12419
-30.00 -35 0.60309E-01
-25.00 -35 0.13785E-01
-20.00 -35 -0.11567E-01
-15.00 -35 -0.67668E-02
-10.00 -35 0.21418E-01
-5.00 -35 0.43899E-01
0.00 -35 0.30681E-01
5.00 -35 -0.18067E-01
10.00 -35 -0.64482E-01
15.00 -35 -0.62286E-01
20.00 -35 0.39354E-03
25.00 -35 0.84516E-01
30.00 -35 0.12810
35.00 -35 0.96100E-01
40.00 -35 0.84840E-02
45.00 -35 -0.77667E-01
-85.00 -30 0.38282
-80.00 -30 0.31979
-70.00 -30 0.32179
-65.00 -30 0.41281
-60.00 -30 0.48533
-55.00 -30 0.47699
-50.00 -30 0.38383
-45.00 -30 0.25654
-40.00 -30 0.15186
-35.00 -30 0.87560E-01
-30.00 -30 0.41044E-01
-25.00 -30 -0.13851E-01
-20.00 -30 -0.73751E-01
-15.00 -30 -0.11064
-10.00 -30 -0.10708
-5.00 -30 -0.81684E-01
0.00 -30 -0.75099E-01
5.00 -30 -0.10866
10.00 -30 -0.15839
15.00 -30 -0.17380
20.00 -30 -0.12657
25.00 -30 -0.42638E-01
30.00 -30 0.15224E-01
35.00 -30 0.57936E-03
40.00 -30 -0.76070E-01
45.00 -30 -0.15630
50.00 -30 -0.18319
55.00 -30 -0.14526
60.00 -30 -0.76275E-01
65.00 -30 -0.15986E-01
70.00 -30 0.27677E-01
80.00 -30 0.15550
85.00 -30 0.24771
-45.00 -25 0.16378
-40.00 -25 0.82141E-01
-35.00 -25 0.57759E-01
-30.00 -25 0.44718E-01
-25.00 -25 -0.62725E-02
-20.00 -25 -0.97703E-01
-15.00 -25 -0.18488
-10.00 -25 -0.22290
-5.00 -25 -0.21204
0.00 -25 -0.19567
5.00 -25 -0.21400
10.00 -25 -0.26132
15.00 -25 -0.29084
20.00 -25 -0.26314
25.00 -25 -0.18970
30.00 -25 -0.12735
35.00 -25 -0.12712
40.00 -25 -0.18627
45.00 -25 -0.24914
-75.00 -20 0.28706
-65.00 -20 0.35966
-60.00 -20 0.38810
-55.00 -20 0.32923
-50.00 -20 0.19655
-45.00 -20 0.65910E-01
-40.00 -20 0.79640E-02
-35.00 -20 0.24881E-01
-30.00 -20 0.50366E-01
-25.00 -20 0.12131E-01
-20.00 -20 -0.10229
-15.00 -20 -0.23688
-10.00 -20 -0.32073
-5.00 -20 -0.33066
0.00 -20 -0.30459
5.00 -20 -0.29715
10.00 -20 -0.32496
15.00 -20 -0.35547
20.00 -20 -0.34734
25.00 -20 -0.29848
30.00 -20 -0.25159
35.00 -20 -0.25154
40.00 -20 -0.29762
45.00 -20 -0.33933
50.00 -20 -0.32065
55.00 -20 -0.22995
60.00 -20 -0.10804
65.00 -20 -0.82179E-02
75.00 -20 0.94319E-01
-70.00 -15 0.28824
-45.00 -15 -0.26421E-01
-40.00 -15 -0.73662E-01
-35.00 -15 -0.32678E-01
-30.00 -15 0.19736E-01
-25.00 -15 -0.44433E-02
-20.00 -15 -0.12837
-15.00 -15 -0.29218
-10.00 -15 -0.40625
-5.00 -15 -0.42503
0.00 -15 -0.37587
5.00 -15 -0.32314
10.00 -15 -0.30797
15.00 -15 -0.32132
20.00 -15 -0.32962
25.00 -15 -0.31928
30.00 -15 -0.31144
35.00 -15 -0.33322
40.00 -15 -0.37871
45.00 -15 -0.40364
70.00 -15 0.62990E-01
-65.00 -10 0.29282
-60.00 -10 0.28545
-55.00 -10 0.19723
-50.00 -10 0.40938E-01
-45.00 -10 -0.10606
-40.00 -10 -0.16671
-35.00 -10 -0.13370
-30.00 -10 -0.79105E-01
-25.00 -10 -0.93697E-01
-20.00 -10 -0.20906
-15.00 -10 -0.37064
-10.00 -10 -0.48331
-5.00 -10 -0.48707
0.00 -10 -0.39791
5.00 -10 -0.28465
10.00 -10 -0.21051
15.00 -10 -0.19356
20.00 -10 -0.21415
25.00 -10 -0.24961
30.00 -10 -0.29541
35.00 -10 -0.35360
40.00 -10 -0.40854
45.00 -10 -0.42332
50.00 -10 -0.36659
55.00 -10 -0.24407
60.00 -10 -0.10092
65.00 -10 0.11513E-01
-45.00 -5 -0.16773
-40.00 -5 -0.26845
-35.00 -5 -0.27875
-30.00 -5 -0.24969
-25.00 -5 -0.26056
-20.00 -5 -0.34844
-15.00 -5 -0.47419
-10.00 -5 -0.55323
-5.00 -5 -0.52284
0.00 -5 -0.38911
5.00 -5 -0.21857
10.00 -5 -0.88374E-01
15.00 -5 -0.39734E-01
20.00 -5 -0.67660E-01
25.00 -5 -0.14280
30.00 -5 -0.23623
35.00 -5 -0.32538
40.00 -5 -0.38628
45.00 -5 -0.39221
90.00 0.00 0.31378
-90.00 0.00 0.40124
