-85.00 0.00 0.30805
-80.00 0.00 0.30557
-75.00 0.00 0.13829
-70.00 0.00 -0.10407
-65.00 0.00 -0.28124
-60.00 0.00 -0.30711
-55.00 0.00 -0.20683
-50.00 0.00 -0.78553E-01
-45.00 0.00 -0.46476E-02
-40.00 0.00 0.56559E-02
-35.00 0.00 -0.27737E-02
-30.00 0.00 0.49909E-02
-25.00 0.00 0.14674E-01
-20.00 0.00 -0.14883E-01
-15.00 0.00 -0.97694E-01
-10.00 0.00 -0.19619
-5.00 0.00 -0.25379
0.00 0.00 -0.25003
5.00 0.00 -0.21883
10.00 0.00 -0.20898
15.00 0.00 -0.22733
20.00 0.00 -0.22612
25.00 0.00 -0.15257
30.00 0.00 -0.13887E-01
35.00 0.00 0.10965
40.00 0.00 0.12368
45.00 0.00 0.93668E-03
50.00 0.00 -0.18994
55.00 0.00 -0.33604
60.00 0.00 -0.36646
65.00 0.00 -0.29674
70.00 0.00 -0.19623
75.00 0.00 -0.11575
80.00 0.00 -0.46913E-01
85.00 0.00 0.50868E-01
-45.00 5.00 0.29672E-01
-40.00 5.00 0.33787E-01
-35.00 5.00 0.28844E-01
-30.00 5.00 0.47999E-01
-25.00 5.00 0.63809E-01
-20.00 5.00 0.20682E-01
-15.00 5.00 -0.96818E-01
-10.00 5.00 -0.23456
-5.00 5.00 -0.31235
0.00 5.00 -0.29808
5.00 5.00 -0.23670
10.00 5.00 -0.20244
15.00 5.00 -0.22082
20.00 5.00 -0.23991
25.00 5.00 -0.18331
30.00 5.00 -0.35702E-01
35.00 5.00 0.12397
40.00 5.00 0.17927
45.00 5.00 0.74967E-01
-65.00 10.00 -0.20692
-60.00 10.00 -0.21749
-55.00 10.00 -0.10851
-50.00 10.00 0.16095E-01
-45.00 10.00 0.78405E-01
-40.00 10.00 0.83032E-01
-35.00 10.00 0.85148E-01
-30.00 10.00 0.11228
-25.00 10.00 0.12552
-20.00 10.00 0.61364E-01
-15.00 10.00 -0.90685E-01
-10.00 10.00 -0.25860
-5.00 10.00 -0.34312
0.00 10.00 -0.30726
5.00 10.00 -0.21117
10.00 10.00 -0.15420
15.00 10.00 -0.17772
20.00 10.00 -0.22348
25.00 10.00 -0.19131
30.00 10.00 -0.43541E-01
35.00 10.00 0.14385
40.00 10.00 0.23586
45.00 10.00 0.15196
50.00 10.00 -0.63574E-01
55.00 10.00 -0.27693
60.00 10.00 -0.37112
65.00 10.00 -0.32743
-70.00 15.00 -0.10802E-02
-45.00 15.00 0.10178
-40.00 15.00 0.99718E-01
-35.00 15.00 0.98810E-01
-30.00 15.00 0.12264
-25.00 15.00 0.12781
-20.00 15.00 0.50020E-01
-15.00 15.00 -0.11595
-10.00 15.00 -0.28891
-5.00 15.00 -0.36268
0.00 15.00 -0.30177
5.00 15.00 -0.17715
10.00 15.00 -0.10221
15.00 15.00 -0.12615
20.00 15.00 -0.18643
25.00 15.00 -0.16925
30.00 15.00 -0.23897E-01
35.00 15.00 0.17660
40.00 15.00 0.28805
45.00 15.00 0.21588
70.00 15.00 -0.20431
-75.00 20.00 0.24953
-65.00 20.00 -0.10263
-60.00 20.00 -0.12208
-55.00 20.00 -0.41365E-01
-50.00 20.00 0.46019E-01
-45.00 20.00 0.73082E-01
-40.00 20.00 0.49668E-01
-35.00 20.00 0.30098E-01
-30.00 20.00 0.39366E-01
-25.00 20.00 0.38849E-01
-20.00 20.00 -0.31086E-01
-15.00 20.00 -0.17627
-10.00 20.00 -0.32294
-5.00 20.00 -0.37485
0.00 20.00 -0.30205
5.00 20.00 -0.17338
10.00 20.00 -0.95357E-01
15.00 20.00 -0.11182
20.00 20.00 -0.16062
25.00 20.00 -0.13278
30.00 20.00 0.18094E-01
35.00 20.00 0.21853
40.00 20.00 0.32724
45.00 20.00 0.25253
50.00 20.00 0.30900E-01
55.00 20.00 -0.20192
60.00 20.00 -0.31851
65.00 20.00 -0.28952
75.00 20.00 -0.79480E-01
-45.00 25.00 -0.66221E-02
-40.00 25.00 -0.60818E-01
-35.00 25.00 -0.10697
-30.00 25.00 -0.11398
-25.00 25.00 -0.10848
-20.00 25.00 -0.14291
-15.00 25.00 -0.23225
-10.00 25.00 -0.32781
-5.00 25.00 -0.35880
0.00 25.00 -0.30184
5.00 25.00 -0.20689
10.00 25.00 -0.14950
15.00 25.00 -0.15374
20.00 25.00 -0.16325
25.00 25.00 -0.94417E-01
30.00 25.00 0.74639E-01
35.00 25.00 0.26476
40.00 25.00 0.34906
45.00 25.00 0.25639
-80.00 30.00 0.40724
-70.00 30.00 0.14372
-65.00 30.00 -0.95832E-02
-60.00 30.00 -0.76212E-01
-55.00 30.00 -0.72879E-01
-50.00 30.00 -0.67587E-01
-45.00 30.00 -0.11022
-40.00 30.00 -0.18994
-35.00 30.00 -0.25473
-30.00 30.00 -0.26738
-25.00 30.00 -0.24070
-20.00 30.00 -0.21984
-15.00 30.00 -0.23426
-10.00 30.00 -0.27027
-5.00 30.00 -0.29065
0.00 30.00 -0.27717
5.00 30.00 -0.24838
10.00 30.00 -0.23218
15.00 30.00 -0.22339
20.00 30.00 -0.17599
25.00 30.00 -0.46988E-01
30.00 30.00 0.14642
35.00 30.00 0.31564
40.00 30.00 0.35695
45.00 30.00 0.23308
50.00 30.00 0.97811E-02
55.00 30.00 -0.18787
60.00 30.00 -0.26466
65.00 30.00 -0.21592
70.00 30.00 -0.11217
80.00 30.00 0.24293E-01
-45.00 35.00 -0.20081
-40.00 35.00 -0.28679
-35.00 35.00 -0.34927
-30.00 35.00 -0.35095
-25.00 35.00 -0.29503
-20.00 35.00 -0.21999
-15.00 35.00 -0.16732
-10.00 35.00 -0.15491
-5.00 35.00 -0.17615
0.00 35.00 -0.21598
5.00 35.00 -0.26001
10.00 35.00 -0.28765
15.00 35.00 -0.26514
20.00 35.00 -0.15961
25.00 35.00 0.27407E-01
30.00 35.00 0.23713
35.00 35.00 0.37273
40.00 35.00 0.35823
45.00 35.00 0.19558
-75.00 40.00 0.38010
-65.00 40.00 0.72727E-01
-60.00 40.00 -0.48485E-01
-55.00 40.00 -0.12402
-50.00 40.00 -0.18364
-45.00 40.00 -0.25193
-40.00 40.00 -0.32130
-35.00 40.00 -0.35903
-30.00 40.00 -0.33724
-25.00 40.00 -0.25769
-20.00 40.00 -0.15265
-15.00 40.00 -0.65828E-01
-10.00 40.00 -0.30707E-01
-5.00 40.00 -0.58621E-01
0.00 40.00 -0.13627
5.00 40.00 -0.22726
10.00 40.00 -0.27864
15.00 40.00 -0.23937
20.00 40.00 -0.90093E-01
25.00 40.00 0.13203
30.00 40.00 0.33779
35.00 40.00 0.42857
40.00 40.00 0.35589
45.00 40.00 0.15663
50.00 40.00 -0.65629E-01
55.00 40.00 -0.20421
60.00 40.00 -0.21376
65.00 40.00 -0.12922
75.00 40.00 0.34237E-01
-70.00 45.00 0.27653
-45.00 45.00 -0.25984
-40.00 45.00 -0.29942
-35.00 45.00 -0.30029
-30.00 45.00 -0.25198
-25.00 45.00 -0.16373
-20.00 45.00 -0.63079E-01
-15.00 45.00 0.15627E-01
-10.00 45.00 0.44052E-01
-5.00 45.00 0.10171E-01
0.00 45.00 -0.73545E-01
5.00 45.00 -0.16658
10.00 45.00 -0.20954
15.00 45.00 -0.15107
20.00 45.00 0.16968E-01
25.00 45.00 0.24007
30.00 45.00 0.41893
35.00 45.00 0.46231
40.00 45.00 0.34383
45.00 45.00 0.12255
70.00 45.00 0.13258E-01
-65.00 50.00 0.16566
-60.00 50.00 0.21036E-01
-55.00 50.00 -0.97058E-01
-50.00 50.00 -0.18559
-45.00 50.00 -0.24150
-40.00 50.00 -0.25587
-35.00 50.00 -0.22299
-30.00 50.00 -0.15173
-25.00 50.00 -0.65830E-01
-20.00 50.00 0.71359E-02
-15.00 50.00 0.47587E-01
-10.00 50.00 0.47877E-01
-5.00 50.00 0.10717E-01
0.00 50.00 -0.50119E-01
5.00 50.00 -0.10576
10.00 50.00 -0.11458
15.00 50.00 -0.40671E-01
20.00 50.00 0.11713
25.00 50.00 0.30772
30.00 50.00 0.44368
35.00 50.00 0.44924
40.00 50.00 0.31085
45.00 50.00 0.92356E-01
50.00 50.00 -0.10060
55.00 50.00 -0.18470
60.00 50.00 -0.14689
65.00 50.00 -0.42861E-01
-85.00 55.00 0.34672
-45.00 55.00 -0.22120
-40.00 55.00 -0.23115
-35.00 55.00 -0.17939
-30.00 55.00 -0.88553E-01
-25.00 55.00 -0.79727E-03
-20.00 55.00 0.47069E-01
-15.00 55.00 0.44948E-01
-10.00 55.00 0.10012E-01
-5.00 55.00 -0.30691E-01
0.00 55.00 -0.57145E-01
5.00 55.00 -0.58557E-01
10.00 55.00 -0.25175E-01
15.00 55.00 0.53526E-01
20.00 55.00 0.17548
25.00 55.00 0.30915
30.00 55.00 0.39578
35.00 55.00 0.38009
40.00 55.00 0.25153
45.00 55.00 0.62264E-01
85.00 55.00 0.12050
-80.00 60.00 0.44725
-75.00 60.00 0.45683
-70.00 60.00 0.38683
-65.00 60.00 0.27417
-60.00 60.00 0.14670
-55.00 60.00 0.13976E-01
-50.00 60.00 -0.11518
-45.00 60.00 -0.21465
-40.00 60.00 -0.24750
-35.00 60.00 -0.19584
-30.00 60.00 -0.85450E-01
-25.00 60.00 0.22322E-01
-20.00 60.00 0.70047E-01
-15.00 60.00 0.43688E-01
-10.00 60.00 -0.20908E-01
-5.00 60.00 -0.68800E-01
0.00 60.00 -0.66193E-01
5.00 60.00 -0.16708E-01
10.00 60.00 0.54775E-01
15.00 60.00 0.12883
20.00 60.00 0.20051
25.00 60.00 0.26490
30.00 60.00 0.30047
35.00 60.00 0.27512
40.00 60.00 0.17533
45.00 60.00 0.31382E-01
50.00 60.00 -0.90591E-01
55.00 60.00 -0.13027
60.00 60.00 -0.76670E-01
65.00 60.00 0.24071E-01
70.00 60.00 0.10540
75.00 60.00 0.13139
80.00 60.00 0.12146
-45.00 65.00 -0.21993
-40.00 65.00 -0.29726
-35.00 65.00 -0.26205
-30.00 65.00 -0.13286
-25.00 65.00 0.12029E-01
-20.00 65.00 0.86559E-01
-15.00 65.00 0.59746E-01
-10.00 65.00 -0.23353E-01
-5.00 65.00 -0.80384E-01
0.00 65.00 -0.56717E-01
5.00 65.00 0.37775E-01
10.00 65.00 0.14702
15.00 65.00 0.21939
20.00 65.00 0.24276
25.00 65.00 0.23659
30.00 65.00 0.21763
35.00 65.00 0.17913
40.00 65.00 0.10548
45.00 65.00 0.40439E-02
-65.00 70.00 0.37329
-60.00 70.00 0.28776
-55.00 70.00 0.15842
-50.00 70.00 -0.23713E-01
-45.00 70.00 -0.21983
-40.00 70.00 -0.34820
-35.00 70.00 -0.33986
-30.00 70.00 -0.20069
-25.00 70.00 -0.20597E-01
-20.00 70.00 0.87195E-01
-15.00 70.00 0.71329E-01
-10.00 70.00 -0.19544E-01
-5.00 70.00 -0.79041E-01
0.00 70.00 -0.30240E-01
5.00 70.00 0.11562
10.00 70.00 0.27514
15.00 70.00 0.36341
20.00 70.00 0.35484
25.00 70.00 0.28551
30.00 70.00 0.20607
35.00 70.00 0.13687
40.00 70.00 0.66592E-01
45.00 70.00 -0.12960E-01
50.00 70.00 -0.79716E-01
55.00 70.00 -0.94228E-01
60.00 70.00 -0.39870E-01
65.00 70.00 0.53312E-01
-70.00 75.00 0.44435
-45.00 75.00 -0.19343
-40.00 75.00 -0.36137
-35.00 75.00 -0.38342
-30.00 75.00 -0.25404
-25.00 75.00 -0.66277E-01
-20.00 75.00 0.53085E-01
-15.00 75.00 0.42269E-01
-10.00 75.00 -0.46148E-01
-5.00 75.00 -0.89586E-01
0.00 75.00 0.24698E-02
5.00 75.00 0.21448
10.00 75.00 0.43896
15.00 75.00 0.56143
20.00 75.00 0.54096
25.00 75.00 0.42223
30.00 75.00 0.28137
35.00 75.00 0.16377
40.00 75.00 0.69063E-01
45.00 75.00 -0.15553E-01
70.00 75.00 0.13111
-75.00 80.00 0.44524
-65.00 80.00 0.42449
-60.00 80.00 0.38034
-55.00 80.00 0.27878
-50.00 80.00 0.97196E-01
-45.00 80.00 -0.12998
-40.00 80.00 -0.31159
-35.00 80.00 -0.36011
-30.00 80.00 -0.26526
-25.00 80.00 -0.11220
-20.00 80.00 -0.18384E-01
-15.00 80.00 -0.36675E-01
-10.00 80.00 -0.10817
-5.00 80.00 -0.10910
0.00 80.00 0.44927E-01
5.00 80.00 0.32486
10.00 80.00 0.60584
15.00 80.00 0.75848
20.00 80.00 0.73540
25.00 80.00 0.58577
30.00 80.00 0.39839
35.00 80.00 0.23351
40.00 80.00 0.10183
45.00 80.00 -0.52366E-02
50.00 80.00 -0.79035E-01
55.00 80.00 -0.93823E-01
60.00 80.00 -0.39847E-01
65.00 80.00 0.52544E-01
75.00 80.00 0.15941
-45.00 85.00 -0.37429E-01
-40.00 85.00 -0.20050
-35.00 85.00 -0.26405
-30.00 85.00 -0.22172
-25.00 85.00 -0.13952
-20.00 85.00 -0.10085
-15.00 85.00 -0.12996
-10.00 85.00 -0.16289
-5.00 85.00 -0.96898E-01
0.00 85.00 0.12012
5.00 85.00 0.43615
10.00 85.00 0.72378
15.00 85.00 0.86663
20.00 85.00 0.83167
25.00 85.00 0.67294
30.00 85.00 0.47500
35.00 85.00 0.29321
40.00 85.00 0.13972
45.00 85.00 0.13017E-01
-80.00 90.00 0.36317
-70.00 90.00 0.41654
-65.00 90.00 0.40581
-60.00 90.00 0.37409
-55.00 90.00 0.30631
-50.00 90.00 0.19440
-45.00 90.00 0.58823E-01
-40.00 90.00 -0.56732E-01
-35.00 90.00 -0.11799
-30.00 90.00 -0.12999
-25.00 90.00 -0.13164
-20.00 90.00 -0.15445
-15.00 90.00 -0.18217
-10.00 90.00 -0.15288
-5.00 90.00 -0.87055E-02
0.00 90.00 0.24677
5.00 90.00 0.53498
10.00 90.00 0.74787
15.00 90.00 0.81662
20.00 90.00 0.74806
25.00 90.00 0.60342
30.00 90.00 0.44460
35.00 90.00 0.29773
40.00 90.00 0.16067
45.00 90.00 0.36042E-01
50.00 90.00 -0.51066E-01
55.00 90.00 -0.70675E-01
60.00 90.00 -0.20758E-01
65.00 90.00 0.62205E-01
70.00 90.00 0.12951
80.00 90.00 0.16282
-45.00 95.00 0.12660
-40.00 95.00 0.76446E-01
-35.00 95.00 0.36738E-01
-30.00 95.00 -0.14140E-01
-25.00 95.00 -0.86764E-01
-20.00 95.00 -0.15582
-15.00 95.00 -0.16374
-10.00 95.00 -0.59561E-01
-5.00 95.00 0.15429
0.00 95.00 0.40792
5.00 95.00 0.60085
10.00 95.00 0.66519
15.00 95.00 0.60605
20.00 95.00 0.48746
25.00 95.00 0.37790
30.00 95.00 0.30237
35.00 95.00 0.23958
40.00 95.00 0.16017
45.00 95.00 0.65889E-01
-75.00 100.00 0.35594
-65.00 100.00 0.33577
-60.00 100.00 0.27393
-55.00 100.00 0.20101
-50.00 100.00 0.15011
-45.00 100.00 0.14162
-40.00 100.00 0.16013
-35.00 100.00 0.15817
-30.00 100.00 0.94415E-01
-25.00 100.00 -0.20569E-01
-20.00 100.00 -0.11380
-15.00 100.00 -0.94579E-01
-10.00 100.00 0.73192E-01
-5.00 100.00 0.32913
0.00 100.00 0.54527
5.00 100.00 0.61013
10.00 100.00 0.50475
15.00 100.00 0.31131
20.00 100.00 0.14860
25.00 100.00 0.87379E-01
30.00 100.00 0.11204
35.00 100.00 0.15252
40.00 100.00 0.15152
45.00 100.00 0.10741
50.00 100.00 0.61924E-01
55.00 100.00 0.53442E-01
60.00 100.00 0.83283E-01
65.00 100.00 0.12296
75.00 100.00 0.15703
-70.00 105.00 0.33795
-45.00 105.00 0.98894E-01
-40.00 105.00 0.17615
-35.00 105.00 0.22151
-30.00 105.00 0.17250
-25.00 105.00 0.46645E-01
-20.00 105.00 -0.55531E-01
-15.00 105.00 -0.23031E-01
-10.00 105.00 0.17035
-5.00 105.00 0.42850
0.00 105.00 0.59166
5.00 105.00 0.55047
10.00 105.00 0.32584
15.00 105.00 0.51581E-01
20.00 105.00 -0.12394
25.00 105.00 -0.13712
30.00 105.00 -0.34343E-01
35.00 105.00 0.85210E-01
40.00 105.00 0.15134
45.00 105.00 0.16090
70.00 105.00 0.16360
-85.00 110.00 0.21639
-65.00 110.00 0.26786
-60.00 110.00 0.15856
-55.00 110.00 0.34063E-01
-50.00 110.00 -0.28957E-01
-45.00 110.00 0.15083E-01
-40.00 110.00 0.13281
-35.00 110.00 0.22748
-30.00 110.00 0.21632
-25.00 110.00 0.10715
-20.00 110.00 0.28760E-02
-15.00 110.00 0.20201E-01
-10.00 110.00 0.18658
-5.00 110.00 0.40446
0.00 110.00 0.51853
5.00 110.00 0.43391
10.00 110.00 0.18879
15.00 110.00 -0.76144E-01
20.00 110.00 -0.22223
25.00 110.00 -0.20369
30.00 110.00 -0.77107E-01
35.00 110.00 0.63766E-01
40.00 110.00 0.16139
45.00 110.00 0.21568
50.00 110.00 0.25051
55.00 110.00 0.27295
60.00 110.00 0.26865
65.00 110.00 0.23068
85.00 110.00 0.19585
-45.00 115.00 -0.79205E-01
-40.00 115.00 0.57620E-01
-35.00 115.00 0.19630
-30.00 115.00 0.23848
-25.00 115.00 0.16934
-20.00 115.00 0.70539E-01
-15.00 115.00 0.49203E-01
-10.00 115.00 0.14309
-5.00 115.00 0.28519
0.00 115.00 0.35884
5.00 115.00 0.29433
10.00 115.00 0.12348
15.00 115.00 -0.50795E-01
20.00 115.00 -0.13693
25.00 115.00 -0.11469
30.00 115.00 -0.27647E-01
35.00 115.00 0.71321E-01
40.00 115.00 0.16216
45.00 115.00 0.25118
-80.00 120.00 0.20597
-75.00 120.00 0.25010
-70.00 120.00 0.28182
-65.00 120.00 0.24721
-60.00 120.00 0.12249
-55.00 120.00 -0.46723E-01
-50.00 120.00 -0.16435
-45.00 120.00 -0.15309
-40.00 120.00 -0.18372E-01
-35.00 120.00 0.15133
-30.00 120.00 0.25175
-25.00 120.00 0.24135
-20.00 120.00 0.16469
-15.00 120.00 0.10415
-10.00 120.00 0.10702
-5.00 120.00 0.15309
0.00 120.00 0.18549
5.00 120.00 0.16848
10.00 120.00 0.11536
15.00 120.00 0.65762E-01
20.00 120.00 0.43327E-01
25.00 120.00 0.40556E-01
30.00 120.00 0.43250E-01
35.00 120.00 0.61346E-01
40.00 120.00 0.12544
45.00 120.00 0.24736
50.00 120.00 0.38726
55.00 120.00 0.46955
60.00 120.00 0.44241
65.00 120.00 0.32698
70.00 120.00 0.20577
75.00 120.00 0.15378
80.00 120.00 0.17620
-45.00 125.00 -0.18778
-40.00 125.00 -0.74841E-01
-35.00 125.00 0.10424
-30.00 125.00 0.25267
-25.00 125.00 0.30931
-20.00 125.00 0.27756
-15.00 125.00 0.20303
-10.00 125.00 0.13069
-5.00 125.00 0.81985E-01
0.00 125.00 0.62332E-01
5.00 125.00 0.75421E-01
10.00 125.00 0.12002
15.00 125.00 0.17412
20.00 125.00 0.19498
25.00 125.00 0.15060
30.00 125.00 0.59810E-01
35.00 125.00 -0.36604E-02
40.00 125.00 0.38408E-01
45.00 125.00 0.19866
-65.00 130.00 0.26317
-60.00 130.00 0.17421
-55.00 130.00 0.15197E-01
-50.00 130.00 -0.13139
-45.00 130.00 -0.18166
-40.00 130.00 -0.10690
-35.00 130.00 0.52710E-01
-30.00 130.00 0.22122
-25.00 130.00 0.33372
-20.00 130.00 0.36154
-15.00 130.00 0.30936
-10.00 130.00 0.20311
-5.00 130.00 0.84627E-01
0.00 130.00 0.64836E-02
5.00 130.00 0.11145E-01
10.00 130.00 0.97348E-01
15.00 130.00 0.20395
20.00 130.00 0.24092
25.00 130.00 0.15811
30.00 130.00 -0.12279E-02
35.00 130.00 -0.11692
40.00 130.00 -0.78637E-01
45.00 130.00 0.12185
50.00 130.00 0.37302
55.00 130.00 0.52297
60.00 130.00 0.49453
65.00 130.00 0.34013
-70.00 135.00 0.23866
-45.00 135.00 -0.14653
-40.00 135.00 -0.11887
-35.00 135.00 -0.77807E-02
-30.00 135.00 0.13995
-25.00 135.00 0.27418
-20.00 135.00 0.35335
-15.00 135.00 0.34863
-10.00 135.00 0.25558
-5.00 135.00 0.11064
0.00 135.00 -0.11861E-01
5.00 135.00 -0.39723E-01
10.00 135.00 0.39547E-01
15.00 135.00 0.15420
20.00 135.00 0.19235
25.00 135.00 0.92410E-01
30.00 135.00 -0.93214E-01
35.00 135.00 -0.22386
40.00 135.00 -0.17665
45.00 135.00 0.50364E-01
70.00 135.00 0.16333
-75.00 140.00 0.13636
-65.00 140.00 0.25180
-60.00 140.00 0.21250
-55.00 140.00 0.10450
-50.00 140.00 -0.17810E-01
-45.00 140.00 -0.98843E-01
-40.00 140.00 -0.11376
-35.00 140.00 -0.68493E-01
-30.00 140.00 0.18630E-01
-25.00 140.00 0.12616
-20.00 140.00 0.22256
-15.00 140.00 0.26376
-10.00 140.00 0.21593
-5.00 140.00 0.91889E-01
0.00 140.00 -0.38294E-01
5.00 140.00 -0.89016E-01
10.00 140.00 -0.29661E-01
15.00 140.00 0.78405E-01
20.00 140.00 0.12278
25.00 140.00 0.35648E-01
30.00 140.00 -0.13631
35.00 140.00 -0.25618
40.00 140.00 -0.20463
45.00 140.00 0.16909E-01
50.00 140.00 0.27888
55.00 140.00 0.42302
60.00 140.00 0.38583
65.00 140.00 0.24096
75.00 140.00 0.12310
-45.00 145.00 -0.51725E-01
-40.00 145.00 -0.87684E-01
-35.00 145.00 -0.10324
-30.00 145.00 -0.98368E-01
-25.00 145.00 -0.61544E-01
-20.00 145.00 0.44920E-02
-15.00 145.00 0.63604E-01
-10.00 145.00 0.65779E-01
-5.00 145.00 -0.46347E-02
0.00 145.00 -0.10039
5.00 145.00 -0.14096
10.00 145.00 -0.83487E-01
15.00 145.00 0.29429E-01
20.00 145.00 0.97464E-01
25.00 145.00 0.50346E-01
30.00 145.00 -0.81139E-01
35.00 145.00 -0.18062
40.00 145.00 -0.14229
45.00 145.00 0.34463E-01
-80.00 150.00 0.36196E-01
-70.00 150.00 0.12535
-65.00 150.00 0.15716
-60.00 150.00 0.13007
-55.00 150.00 0.67655E-01
-50.00 150.00 0.14344E-01
-45.00 150.00 -0.12140E-01
-40.00 150.00 -0.34229E-01
-35.00 150.00 -0.82194E-01
-30.00 150.00 -0.15338
-25.00 150.00 -0.20901
-20.00 150.00 -0.21384
-15.00 150.00 -0.17653
-10.00 150.00 -0.14491
-5.00 150.00 -0.15663
0.00 150.00 -0.19482
5.00 150.00 -0.19813
10.00 150.00 -0.12140
15.00 150.00 0.11147E-01
20.00 150.00 0.11685
25.00 150.00 0.12613
30.00 150.00 0.49447E-01
35.00 150.00 -0.26653E-01
40.00 150.00 -0.15804E-01
45.00 150.00 0.88322E-01
50.00 150.00 0.20438
55.00 150.00 0.23755
60.00 150.00 0.16768
65.00 150.00 0.68426E-01
70.00 150.00 0.38815E-01
80.00 150.00 0.21731
-45.00 155.00 0.17103E-01
-40.00 155.00 0.45022E-01
-35.00 155.00 0.43108E-02
-30.00 155.00 -0.11438
-25.00 155.00 -0.25613
-20.00 155.00 -0.34888
-15.00 155.00 -0.36441
-10.00 155.00 -0.33426
-5.00 155.00 -0.30770
0.00 155.00 -0.29655
5.00 155.00 -0.26419
10.00 155.00 -0.16963
15.00 155.00 -0.20726E-01
20.00 155.00 0.12044
25.00 155.00 0.18866
30.00 155.00 0.17404
35.00 155.00 0.12909
40.00 155.00 0.11584
45.00 155.00 0.14511
-75.00 160.00 -0.13305E-01
-65.00 160.00 -0.73642E-02
-60.00 160.00 -0.66347E-01
-55.00 160.00 -0.10868
-50.00 160.00 -0.73490E-01
-45.00 160.00 0.34011E-01
-40.00 160.00 0.13319
-35.00 160.00 0.13016
-30.00 160.00 -0.34502E-02
-25.00 160.00 -0.20597
-20.00 160.00 -0.37624
-15.00 160.00 -0.45151
-10.00 160.00 -0.44351
-5.00 160.00 -0.40642
0.00 160.00 -0.37506
5.00 160.00 -0.33500
10.00 160.00 -0.24929
15.00 160.00 -0.10885
20.00 160.00 0.47655E-01
25.00 160.00 0.16384
30.00 160.00 0.21271
35.00 160.00 0.21226
40.00 160.00 0.19601
45.00 160.00 0.17336
50.00 160.00 0.12482
55.00 160.00 0.38216E-01
60.00 160.00 -0.55171E-01
65.00 160.00 -0.90113E-01
75.00 160.00 0.12116
-85.00 165.00 0.38500E-01
-70.00 165.00 -0.48396E-01
-45.00 165.00 0.36449E-01
-40.00 165.00 0.20169
-35.00 165.00 0.24028
-30.00 165.00 0.10880
-25.00 165.00 -0.12664
-20.00 165.00 -0.34444
-15.00 165.00 -0.45836
-10.00 165.00 -0.46786
-5.00 165.00 -0.43274
0.00 165.00 -0.40569
5.00 165.00 -0.38786
10.00 165.00 -0.34207
15.00 165.00 -0.24062
20.00 165.00 -0.97135E-01
25.00 165.00 0.44923E-01
30.00 165.00 0.14758
35.00 165.00 0.19898
40.00 165.00 0.20345
45.00 165.00 0.16215
70.00 165.00 -0.27755E-01
85.00 165.00 0.28578
-65.00 170.00 -0.16358
-60.00 170.00 -0.25631
-55.00 170.00 -0.28839
-50.00 170.00 -0.18705
-45.00 170.00 0.24207E-01
-40.00 170.00 0.22409
-35.00 170.00 0.27872
-30.00 170.00 0.14300
-25.00 170.00 -0.10703
-20.00 170.00 -0.33578
-15.00 170.00 -0.44818
-10.00 170.00 -0.44556
-5.00 170.00 -0.39929
0.00 170.00 -0.37675
5.00 170.00 -0.38784
10.00 170.00 -0.39146
15.00 170.00 -0.34309
20.00 170.00 -0.23442
25.00 170.00 -0.94438E-01
30.00 170.00 0.36378E-01
35.00 170.00 0.12754
40.00 170.00 0.16065
45.00 170.00 0.12541
50.00 170.00 0.27695E-01
55.00 170.00 -0.94691E-01
60.00 170.00 -0.17415
65.00 170.00 -0.14893
-45.00 175.00 0.14194E-02
-40.00 175.00 0.19118
-35.00 175.00 0.22056
-30.00 175.00 0.59742E-01
-25.00 175.00 -0.19685
-20.00 175.00 -0.40437
-15.00 175.00 -0.47334
-10.00 175.00 -0.42121
-5.00 175.00 -0.33651
0.00 175.00 -0.29742
5.00 175.00 -0.31628
10.00 175.00 -0.34775
15.00 175.00 -0.33847
20.00 175.00 -0.26844
25.00 175.00 -0.15529
30.00 175.00 -0.33217E-01
35.00 175.00 0.65068E-01
40.00 175.00 0.11227
45.00 175.00 0.89377E-01
-80.00 180.00 -0.95577E-01
-75.00 180.00 -0.12980
-70.00 180.00 -0.16054
-65.00 180.00 -0.23611
-60.00 180.00 -0.32441
-55.00 180.00 -0.33710
-50.00 180.00 -0.21999
-45.00 180.00 -0.24067E-01
-40.00 180.00 0.11652
-35.00 180.00 0.86441E-01
-30.00 180.00 -0.11583
-25.00 180.00 -0.37296
-20.00 180.00 -0.53728
-15.00 180.00 -0.53712
-10.00 180.00 -0.41510
-5.00 180.00 -0.27661
0.00 180.00 -0.20253
5.00 180.00 -0.20021
10.00 180.00 -0.22166
15.00 180.00 -0.21690
20.00 180.00 -0.16979
25.00 180.00 -0.94620E-01
30.00 180.00 -0.13607E-01
35.00 180.00 0.54538E-01
40.00 180.00 0.90148E-01
45.00 180.00 0.72654E-01
50.00 180.00 -0.72488E-03
55.00 180.00 -0.93522E-01
60.00 180.00 -0.13736
65.00 180.00 -0.77047E-01
70.00 180.00 0.78855E-01
75.00 180.00 0.25224
80.00 180.00 0.34506
-45.00 -175 -0.45216E-01
-40.00 -175 0.28064E-01
-35.00 -175 -0.70249E-01
-30.00 -175 -0.30988
-25.00 -175 -0.55521
-20.00 -175 -0.66593
-15.00 -175 -0.59719
-10.00 -175 -0.41813
-5.00 -175 -0.24305
0.00 -175 -0.14277
5.00 -175 -0.11018
10.00 -175 -0.95094E-01
15.00 -175 -0.61491E-01
20.00 -175 -0.11742E-01
25.00 -175 0.33173E-01
30.00 -175 0.63107E-01
35.00 -175 0.82516E-01
40.00 -175 0.91054E-01
45.00 -175 0.73494E-01
-65.00 -170 -0.21434
-60.00 -170 -0.26718
-55.00 -170 -0.26054
-50.00 -170 -0.17002
-45.00 -170 -0.61269E-01
-40.00 -170 -0.48519E-01
-35.00 -170 -0.19464
-30.00 -170 -0.44494
-25.00 -170 -0.65918
-20.00 -170 -0.71664
-15.00 -170 -0.60331
-10.00 -170 -0.40881
-5.00 -170 -0.24375
0.00 -170 -0.15605
5.00 -170 -0.11589
10.00 -170 -0.68846E-01
15.00 -170 0.39355E-02
20.00 -170 0.75409E-01
25.00 -170 0.11127
30.00 -170 0.10846
35.00 -170 0.92582E-01
40.00 -170 0.83506E-01
45.00 -170 0.73462E-01
50.00 -170 0.45063E-01
55.00 -170 0.76893E-02
60.00 -170 0.57347E-02
65.00 -170 0.80406E-01
-70.00 -165 -0.15588
-45.00 -165 -0.79567E-01
-40.00 -165 -0.10339
-35.00 -165 -0.25928
-30.00 -165 -0.48342
-25.00 -165 -0.64832
-20.00 -165 -0.66203
-15.00 -165 -0.53795
-10.00 -165 -0.37454
-5.00 -165 -0.26761
0.00 -165 -0.23688
5.00 -165 -0.22880
10.00 -165 -0.18274
15.00 -165 -0.91150E-01
20.00 -165 0.11072E-02
25.00 -165 0.48204E-01
30.00 -165 0.47706E-01
35.00 -165 0.34556E-01
40.00 -165 0.38341E-01
45.00 -165 0.54712E-01
70.00 -165 0.29176
-75.00 -160 -0.15025
-65.00 -160 -0.14842
-60.00 -160 -0.17698
-55.00 -160 -0.18310
-50.00 -160 -0.14753
-45.00 -160 -0.11116
-40.00 -160 -0.14389
-35.00 -160 -0.27264
-30.00 -160 -0.44193
-25.00 -160 -0.55105
-20.00 -160 -0.53759
-15.00 -160 -0.43022
-10.00 -160 -0.32197
-5.00 -160 -0.28919
0.00 -160 -0.33093
5.00 -160 -0.38096
10.00 -160 -0.37444
15.00 -160 -0.30346
20.00 -160 -0.21270
25.00 -160 -0.14841
30.00 -160 -0.11634
35.00 -160 -0.88010E-01
40.00 -160 -0.40545E-01
45.00 -160 0.17836E-01
50.00 -160 0.64056E-01
55.00 -160 0.96181E-01
60.00 -160 0.14366
65.00 -160 0.23484
75.00 -160 0.44206
-45.00 -155 -0.16225
-40.00 -155 -0.18367
-35.00 -155 -0.26422
-30.00 -155 -0.37073
-25.00 -155 -0.43496
-20.00 -155 -0.41488
-15.00 -155 -0.33604
-10.00 -155 -0.27241
-5.00 -155 -0.28388
0.00 -155 -0.36773
5.00 -155 -0.46597
10.00 -155 -0.51703
15.00 -155 -0.50118
20.00 -155 -0.44168
25.00 -155 -0.36986
30.00 -155 -0.29529
35.00 -155 -0.20916
40.00 -155 -0.10951
45.00 -155 -0.13530E-01
-80.00 -150 -0.12843
-70.00 -150 -0.10370
-65.00 -150 -0.92619E-01
-60.00 -150 -0.13060
-55.00 -150 -0.18828
-50.00 -150 -0.22342
-45.00 -150 -0.22700
-40.00 -150 -0.22848
-35.00 -150 -0.25947
-30.00 -150 -0.31613
-25.00 -150 -0.35943
-20.00 -150 -0.35287
-15.00 -150 -0.30037
-10.00 -150 -0.24751
-5.00 -150 -0.24547
0.00 -150 -0.31092
5.00 -150 -0.41585
10.00 -150 -0.51117
15.00 -150 -0.55885
20.00 -150 -0.54622
25.00 -150 -0.47923
30.00 -150 -0.37105
35.00 -150 -0.23962
40.00 -150 -0.10975
45.00 -150 -0.60264E-02
50.00 -150 0.64592E-01
55.00 -150 0.12304
60.00 -150 0.20331
65.00 -150 0.31825
70.00 -150 0.43631
80.00 -150 0.45731
-45.00 -145 -0.28725
-40.00 -145 -0.26920
-35.00 -145 -0.26283
-30.00 -145 -0.29275
-25.00 -145 -0.34031
-20.00 -145 -0.36132
-15.00 -145 -0.32735
-10.00 -145 -0.25364
-5.00 -145 -0.19035
0.00 -145 -0.18604
5.00 -145 -0.25314
10.00 -145 -0.35944
15.00 -145 -0.44807
20.00 -145 -0.46942
25.00 -145 -0.40549
30.00 -145 -0.27629
35.00 -145 -0.12782
40.00 -145 -0.77845E-02
45.00 -145 0.60248E-01
-85.00 -140 -0.15472E-01
-75.00 -140 -0.12569
-65.00 -140 -0.62917E-01
-60.00 -140 -0.11866
-55.00 -140 -0.22022
-50.00 -140 -0.30234
-45.00 -140 -0.32023
-40.00 -140 -0.28731
-35.00 -140 -0.25956
-30.00 -140 -0.28249
-25.00 -140 -0.34799
-20.00 -140 -0.39881
-15.00 -140 -0.37667
-10.00 -140 -0.27327
-5.00 -140 -0.14198
0.00 -140 -0.60545E-01
5.00 -140 -0.74218E-01
10.00 -140 -0.16257
15.00 -140 -0.25345
20.00 -140 -0.27225
25.00 -140 -0.19079
30.00 -140 -0.43261E-01
35.00 -140 0.99083E-01
40.00 -140 0.17550
45.00 -140 0.17414
50.00 -140 0.13724
55.00 -140 0.13052
60.00 -140 0.19679
65.00 -140 0.32415
75.00 -140 0.50540
85.00 -140 0.32611
-70.00 -135 -0.72440E-01
-45.00 -135 -0.31049
-40.00 -135 -0.26845
-35.00 -135 -0.23228
-30.00 -135 -0.25643
-25.00 -135 -0.33550
-20.00 -135 -0.40377
-15.00 -135 -0.38818
-10.00 -135 -0.27083
-5.00 -135 -0.10846
0.00 -135 0.82670E-02
5.00 -135 0.23547E-01
10.00 -135 -0.41176E-01
15.00 -135 -0.10378
20.00 -135 -0.83312E-01
25.00 -135 0.40301E-01
30.00 -135 0.21223
35.00 -135 0.34228
40.00 -135 0.36757
45.00 -135 0.29396
70.00 -135 0.43873
-65.00 -130 -0.47987E-01
-60.00 -130 -0.93282E-01
-55.00 -130 -0.18243
-50.00 -130 -0.25266
-45.00 -130 -0.25885
-40.00 -130 -0.21430
-35.00 -130 -0.17818
-30.00 -130 -0.20058
-25.00 -130 -0.27414
-20.00 -130 -0.33598
-15.00 -130 -0.31985
-10.00 -130 -0.21425
-5.00 -130 -0.76262E-01
0.00 -130 0.12184E-01
5.00 -130 0.10231E-01
10.00 -130 -0.47496E-01
15.00 -130 -0.76171E-01
20.00 -130 -0.59454E-02
25.00 -130 0.16332
30.00 -130 0.35862
35.00 -130 0.48269
40.00 -130 0.47896
45.00 -130 0.36724
50.00 -130 0.22868
55.00 -130 0.15308
60.00 -130 0.18445
65.00 -130 0.29784
-45.00 -125 -0.18333
-40.00 -125 -0.14436
-35.00 -125 -0.11398
-30.00 -125 -0.12667
-25.00 -125 -0.17167
-20.00 -125 -0.20166
-15.00 -125 -0.17642
-10.00 -125 -0.10208
-5.00 -125 -0.30194E-01
0.00 -125 -0.15561E-01
5.00 -125 -0.67773E-01
10.00 -125 -0.13722
15.00 -125 -0.14808
20.00 -125 -0.53519E-01
25.00 -125 0.12825
30.00 -125 0.32267
35.00 -125 0.44473
40.00 -125 0.45010
45.00 -125 0.35914
-80.00 -120 -0.91299E-01
-75.00 -120 -0.10449
-70.00 -120 -0.69890E-01
-65.00 -120 -0.42579E-01
-60.00 -120 -0.52913E-01
-55.00 -120 -0.88641E-01
-50.00 -120 -0.11520
-45.00 -120 -0.11139
-40.00 -120 -0.86505E-01
-35.00 -120 -0.65830E-01
-30.00 -120 -0.62221E-01
-25.00 -120 -0.63405E-01
-20.00 -120 -0.47387E-01
-15.00 -120 -0.98831E-02
-10.00 -120 0.24220E-01
-5.00 -120 0.18267E-01
0.00 -120 -0.44092E-01
5.00 -120 -0.13991
10.00 -120 -0.21743
15.00 -120 -0.22787
20.00 -120 -0.15465
25.00 -120 -0.21069E-01
30.00 -120 0.12484
35.00 -120 0.23533
40.00 -120 0.28360
45.00 -120 0.27297
50.00 -120 0.23366
55.00 -120 0.20811
60.00 -120 0.22845
65.00 -120 0.29562
70.00 -120 0.37432
75.00 -120 0.41365
80.00 -120 0.38113
-45.00 -115 -0.67914E-01
-40.00 -115 -0.62880E-01
-35.00 -115 -0.52868E-01
-30.00 -115 -0.30165E-01
-25.00 -115 0.13890E-01
-20.00 -115 0.70939E-01
-15.00 -115 0.11052
-10.00 -115 0.98730E-01
-5.00 -115 0.26553E-01
0.00 -115 -0.78869E-01
5.00 -115 -0.17234
10.00 -115 -0.22269
15.00 -115 -0.22991
20.00 -115 -0.21335
25.00 -115 -0.18555
30.00 -115 -0.13942
35.00 -115 -0.61474E-01
40.00 -115 0.44639E-01
45.00 -115 0.15141
-65.00 -110 -0.52575E-01
-60.00 -110 -0.42029E-01
-55.00 -110 -0.43002E-01
-50.00 -110 -0.51117E-01
-45.00 -110 -0.65276E-01
-40.00 -110 -0.79895E-01
-35.00 -110 -0.76639E-01
-30.00 -110 -0.34492E-01
-25.00 -110 0.44686E-01
-20.00 -110 0.12191
-15.00 -110 0.14131
-10.00 -110 0.75323E-01
-5.00 -110 -0.45109E-01
0.00 -110 -0.14870
5.00 -110 -0.18129
10.00 -110 -0.15309
15.00 -110 -0.13007
20.00 -110 -0.17229
25.00 -110 -0.27278
30.00 -110 -0.35370
35.00 -110 -0.32725
40.00 -110 -0.16951
45.00 -110 0.57056E-01
50.00 -110 0.25153
55.00 -110 0.34971
60.00 -110 0.36152
65.00 -110 0.34348
-70.00 -105 -0.75113E-01
-45.00 -105 -0.99767E-01
-40.00 -105 -0.12752
-35.00 -105 -0.12305
-30.00 -105 -0.61940E-01
-25.00 -105 0.38283E-01
-20.00 -105 0.11264
-15.00 -105 0.92227E-01
-10.00 -105 -0.32058E-01
-5.00 -105 -0.18494
0.00 -105 -0.25601
5.00 -105 -0.19143
10.00 -105 -0.49673E-01
15.00 -105 0.35464E-01
20.00 -105 -0.36511E-01
25.00 -105 -0.24123
30.00 -105 -0.43587
35.00 -105 -0.46387
40.00 -105 -0.27413
45.00 -105 0.42477E-01
70.00 -105 0.32472
-75.00 -100 -0.66772E-01
-65.00 -100 -0.70385E-01
-60.00 -100 -0.74702E-01
-55.00 -100 -0.88084E-01
-50.00 -100 -0.11514
-45.00 -100 -0.15473
-40.00 -100 -0.18626
-35.00 -100 -0.17328
-30.00 -100 -0.95828E-01
-25.00 -100 0.13901E-01
-20.00 -100 0.75406E-01
-15.00 -100 0.18086E-01
-10.00 -100 -0.14720
-5.00 -100 -0.31207
0.00 -100 -0.34169
5.00 -100 -0.18679
10.00 -100 0.58189E-01
15.00 -100 0.21217
20.00 -100 0.14583
25.00 -100 -0.10815
30.00 -100 -0.36772
35.00 -100 -0.43300
40.00 -100 -0.23361
45.00 -100 0.12469
50.00 -100 0.44605
55.00 -100 0.58740
60.00 -100 0.54297
65.00 -100 0.41455
75.00 -100 0.26888
-45.00 -95 -0.20761
-40.00 -95 -0.23595
-35.00 -95 -0.21397
-30.00 -95 -0.12864
-25.00 -95 -0.17521E-01
-20.00 -95 0.39826E-01
-15.00 -95 -0.19842E-01
-10.00 -95 -0.17663
-5.00 -95 -0.31729
0.00 -95 -0.30903
5.00 -95 -0.10991
10.00 -95 0.17697
15.00 -95 0.36371
20.00 -95 0.31738
25.00 -95 0.70442E-01
30.00 -95 -0.19205
35.00 -95 -0.26507
40.00 -95 -0.73796E-01
45.00 -95 0.27620
-80.00 -90 0.52441E-02
-70.00 -90 -0.43551E-01
-65.00 -90 -0.63452E-01
-60.00 -90 -0.96302E-01
-55.00 -90 -0.14065
-50.00 -90 -0.19088
-45.00 -90 -0.23728
-40.00 -90 -0.26124
-35.00 -90 -0.23907
-30.00 -90 -0.16212
-25.00 -90 -0.58092E-01
-20.00 -90 0.14040E-01
-15.00 -90 0.54289E-02
-10.00 -90 -0.72838E-01
-5.00 -90 -0.13981
0.00 -90 -0.97987E-01
5.00 -90 0.82945E-01
10.00 -90 0.32246
15.00 -90 0.47368
20.00 -90 0.43269
25.00 -90 0.22825
30.00 -90 0.14110E-01
35.00 -90 -0.38412E-01
40.00 -90 0.13321
45.00 -90 0.43647
50.00 -90 0.69318
55.00 -90 0.76722
60.00 -90 0.65014
65.00 -90 0.44516
70.00 -90 0.27547
80.00 -90 0.19116
-85.00 -85 0.85902E-01
-45.00 -85 -0.22974
-40.00 -85 -0.25282
-35.00 -85 -0.24442
-30.00 -85 -0.19572
-25.00 -85 -0.11041
-20.00 -85 -0.10498E-01
-15.00 -85 0.74590E-01
-10.00 -85 0.13171
-5.00 -85 0.17871
0.00 -85 0.25020
5.00 -85 0.36025
10.00 -85 0.47457
15.00 -85 0.52472
20.00 -85 0.46263
25.00 -85 0.31315
30.00 -85 0.17507
35.00 -85 0.15864
40.00 -85 0.30272
45.00 -85 0.53781
85.00 -85 0.18120
-75.00 -80 0.26501E-01
-65.00 -80 -0.54410E-03
-60.00 -80 -0.38333E-01
-55.00 -80 -0.91153E-01
-50.00 -80 -0.14270
-45.00 -80 -0.18153
-40.00 -80 -0.20770
-35.00 -80 -0.22295
-30.00 -80 -0.21581
-25.00 -80 -0.16071
-20.00 -80 -0.37174E-01
-15.00 -80 0.14632
-10.00 -80 0.34718
-5.00 -80 0.51011
0.00 -80 0.59860
5.00 -80 0.61029
10.00 -80 0.56645
15.00 -80 0.49005
20.00 -80 0.39651
25.00 -80 0.30421
30.00 -80 0.24696
35.00 -80 0.26501
40.00 -80 0.37328
45.00 -80 0.53365
50.00 -80 0.66351
55.00 -80 0.68422
60.00 -80 0.57550
65.00 -80 0.39155
75.00 -80 0.13577
-70.00 -75 0.56476E-01
-45.00 -75 -0.10094
-40.00 -75 -0.13084
-35.00 -75 -0.16759
-30.00 -75 -0.19865
-25.00 -75 -0.17673
-20.00 -75 -0.48342E-01
-15.00 -75 0.19501
-10.00 -75 0.48806
-5.00 -75 0.71840
0.00 -75 0.79519
5.00 -75 0.70786
10.00 -75 0.52796
15.00 -75 0.35471
20.00 -75 0.25095
25.00 -75 0.21984
30.00 -75 0.23206
35.00 -75 0.26759
40.00 -75 0.32875
45.00 -75 0.41653
70.00 -75 0.19325
-65.00 -70 0.10995
-60.00 -70 0.10079
-55.00 -70 0.67440E-01
-50.00 -70 0.26797E-01
-45.00 -70 -0.62974E-02
-40.00 -70 -0.37319E-01
-35.00 -70 -0.81112E-01
-30.00 -70 -0.12838
-25.00 -70 -0.12767
-20.00 -70 -0.14225E-01
-15.00 -70 0.22791
-10.00 -70 0.52514
-5.00 -70 0.74227
0.00 -70 0.76952
5.00 -70 0.60255
10.00 -70 0.34793
15.00 -70 0.14633
20.00 -70 0.75443E-01
25.00 -70 0.11093
30.00 -70 0.17105
35.00 -70 0.19756
40.00 -70 0.19822
45.00 -70 0.21859
50.00 -70 0.27911
55.00 -70 0.34384
60.00 -70 0.35186
65.00 -70 0.27855
-45.00 -65 0.79587E-01
-40.00 -65 0.49460E-01
-35.00 -65 0.16738E-01
-30.00 -65 -0.16211E-01
-25.00 -65 -0.12989E-01
-20.00 -65 0.77554E-01
-15.00 -65 0.26701
-10.00 -65 0.48821
-5.00 -65 0.62002
0.00 -65 0.57087
5.00 -65 0.35588
10.00 -65 0.97081E-01
15.00 -65 -0.62420E-01
20.00 -65 -0.63016E-01
25.00 -65 0.35386E-01
30.00 -65 0.11537
35.00 -65 0.10582
40.00 -65 0.36006E-01
45.00 -65 -0.41744E-02
-80.00 -60 0.14017
-75.00 -60 0.13802
-70.00 -60 0.16678
-65.00 -60 0.21340
-60.00 -60 0.24338
-55.00 -60 0.23254
-50.00 -60 0.18782
-45.00 -60 0.13819
-40.00 -60 0.10643
-35.00 -60 0.94655E-01
-30.00 -60 0.97867E-01
-25.00 -60 0.12547
-20.00 -60 0.19809
-15.00 -60 0.31460
-10.00 -60 0.42403
-5.00 -60 0.44338
0.00 -60 0.32138
5.00 -60 0.95828E-01
10.00 -60 -0.11498
15.00 -60 -0.19395
20.00 -60 -0.11747
25.00 -60 0.22823E-01
30.00 -60 0.93979E-01
35.00 -60 0.32005E-01
40.00 -60 -0.10630
45.00 -60 -0.19560
50.00 -60 -0.15203
55.00 -60 -0.38462E-02
60.00 -60 0.13814
65.00 -60 0.17988
70.00 -60 0.12209
75.00 -60 0.48254E-01
80.00 -60 0.41555E-01
-45.00 -55 0.16369
-40.00 -55 0.12376
-35.00 -55 0.12818
-30.00 -55 0.16741
-25.00 -55 0.22371
-20.00 -55 0.28524
-15.00 -55 0.33810
-10.00 -55 0.35138
-5.00 -55 0.28494
0.00 -55 0.12673
5.00 -55 -0.73168E-01
10.00 -55 -0.21585
15.00 -55 -0.22062
20.00 -55 -0.96013E-01
25.00 -55 0.52002E-01
30.00 -55 0.94901E-01
35.00 -55 -0.15078E-01
40.00 -55 -0.20098
45.00 -55 -0.31948
-65.00 -50 0.24405
-60.00 -50 0.29728
-55.00 -50 0.30208
-50.00 -50 0.24671
-45.00 -50 0.16605
-40.00 -50 0.11343
-35.00 -50 0.11905
-30.00 -50 0.17234
-25.00 -50 0.23810
-20.00 -50 0.28424
-15.00 -50 0.29318
-10.00 -50 0.25441
-5.00 -50 0.15970
0.00 -50 0.16845E-01
5.00 -50 -0.13161
10.00 -50 -0.21622
15.00 -50 -0.18641
20.00 -50 -0.62038E-01
25.00 -50 0.61473E-01
30.00 -50 0.75400E-01
35.00 -50 -0.54311E-01
40.00 -50 -0.24858
45.00 -50 -0.36805
50.00 -50 -0.32109
55.00 -50 -0.13760
60.00 -50 0.56084E-01
65.00 -50 0.14157
-70.00 -45 0.17477
-45.00 -45 0.16531
-40.00 -45 0.10504
-35.00 -45 0.98925E-01
-30.00 -45 0.13664
-25.00 -45 0.17857
-20.00 -45 0.19123
-15.00 -45 0.16728
-10.00 -45 0.11615
-5.00 -45 0.44962E-01
0.00 -45 -0.43378E-01
5.00 -45 -0.13338
10.00 -45 -0.18827
15.00 -45 -0.17233
20.00 -45 -0.91269E-01
25.00 -45 -0.78814E-02
30.00 -45 -0.38952E-02
35.00 -45 -0.11008
40.00 -45 -0.26638
45.00 -45 -0.35721
70.00 -45 0.95129E-01
-75.00 -40 0.16812
-65.00 -40 0.17006
-60.00 -40 0.22250
-55.00 -40 0.25453
-50.00 -40 0.23526
-45.00 -40 0.17903
-40.00 -40 0.12822
-35.00 -40 0.11036
-30.00 -40 0.11368
-25.00 -40 0.10394
-20.00 -40 0.62249E-01
-15.00 -40 0.31617E-02
-10.00 -40 -0.44582E-01
-5.00 -40 -0.71495E-01
0.00 -40 -0.96591E-01
5.00 -40 -0.14141
10.00 -40 -0.19824
15.00 -40 -0.23115
20.00 -40 -0.21393
25.00 -40 -0.16617
30.00 -40 -0.14424
35.00 -40 -0.18765
40.00 -40 -0.27089
45.00 -40 -0.31363
50.00 -40 -0.24904
55.00 -40 -0.90508E-01
60.00 -40 0.69329E-01
65.00 -40 0.13358
75.00 -40 0.24869E-02
-45.00 -35 0.20995
-40.00 -35 0.19135
-35.00 -35 0.17549
-30.00 -35 0.14640
-25.00 -35 0.79093E-01
-20.00 -35 -0.24217E-01
-15.00 -35 -0.12349
-10.00 -35 -0.17294
-5.00 -35 -0.16628
0.00 -35 -0.14764
5.00 -35 -0.17236
10.00 -35 -0.25326
15.00 -35 -0.34548
20.00 -35 -0.38751
25.00 -35 -0.35927
30.00 -35 -0.29957
35.00 -35 -0.26426
40.00 -35 -0.26663
45.00 -35 -0.26175
-85.00 -30 0.24124
-80.00 -30 0.23136
-70.00 -30 0.54719E-01
-65.00 -30 0.13968E-01
-60.00 -30 0.45211E-01
-55.00 -30 0.11850
-50.00 -30 0.19127
-45.00 -30 0.24236
-40.00 -30 0.27162
-35.00 -30 0.27494
-30.00 -30 0.23171
-25.00 -30 0.12536
-20.00 -30 -0.24214E-01
-15.00 -30 -0.15778
-10.00 -30 -0.21802
-5.00 -30 -0.20150
0.00 -30 -0.16886
5.00 -30 -0.19599
10.00 -30 -0.30590
15.00 -30 -0.44436
20.00 -30 -0.52433
25.00 -30 -0.49993
30.00 -30 -0.40190
35.00 -30 -0.30275
40.00 -30 -0.24719
45.00 -30 -0.21636
50.00 -30 -0.15936
55.00 -30 -0.57600E-01
60.00 -30 0.45941E-01
65.00 -30 0.85643E-01
70.00 -30 0.42895E-01
80.00 -30 -0.31126E-01
85.00 -30 0.58363E-01
-45.00 -25 0.25096
-40.00 -25 0.32575
-35.00 -25 0.35524
-30.00 -25 0.31804
-25.00 -25 0.20387
-20.00 -25 0.40624E-01
-15.00 -25 -0.10636
-10.00 -25 -0.17682
-5.00 -25 -0.16751
0.00 -25 -0.14199
5.00 -25 -0.18012
10.00 -25 -0.30660
15.00 -25 -0.46337
20.00 -25 -0.55427
25.00 -25 -0.52465
30.00 -25 -0.40452
35.00 -25 -0.27732
40.00 -25 -0.20526
45.00 -25 -0.18199
-75.00 -20 0.12588
-65.00 -20 -0.15822
-60.00 -20 -0.16008
-55.00 -20 -0.61796E-01
-50.00 -20 0.81770E-01
-45.00 -20 0.21782
-40.00 -20 0.31679
-35.00 -20 0.36292
-30.00 -20 0.34137
-25.00 -20 0.24670
-20.00 -20 0.10395
-15.00 -20 -0.29859E-01
-10.00 -20 -0.10039
-5.00 -20 -0.10202
0.00 -20 -0.88951E-01
5.00 -20 -0.13178
10.00 -20 -0.25233
15.00 -20 -0.39641
20.00 -20 -0.47411
25.00 -20 -0.43520
30.00 -20 -0.31233
35.00 -20 -0.19235
40.00 -20 -0.14193
45.00 -20 -0.15597
50.00 -20 -0.17437
55.00 -20 -0.14723
60.00 -20 -0.83177E-01
65.00 -20 -0.34269E-01
75.00 -20 -0.60061E-01
-70.00 -15 -0.81815E-01
-45.00 -15 0.14658
-40.00 -15 0.23993
-35.00 -15 0.28285
-30.00 -15 0.27419
-25.00 -15 0.21218
-20.00 -15 0.11036
-15.00 -15 0.69657E-02
-10.00 -15 -0.55009E-01
-5.00 -15 -0.64844E-01
0.00 -15 -0.59588E-01
5.00 -15 -0.94179E-01
10.00 -15 -0.18766
15.00 -15 -0.29641
20.00 -15 -0.34546
25.00 -15 -0.29428
30.00 -15 -0.17754
35.00 -15 -0.80348E-01
40.00 -15 -0.67814E-01
45.00 -15 -0.13196
70.00 -15 -0.81770E-01
-65.00 -10 -0.27067
-60.00 -10 -0.29786
-55.00 -10 -0.20030
-50.00 -10 -0.54983E-01
-45.00 -10 0.63889E-01
-40.00 -10 0.12905
-35.00 -10 0.15244
-30.00 -10 0.14951
-25.00 -10 0.11960
-20.00 -10 0.59252E-01
-15.00 -10 -0.15710E-01
-10.00 -10 -0.72628E-01
-5.00 -10 -0.91515E-01
0.00 -10 -0.89023E-01
5.00 -10 -0.10534
10.00 -10 -0.16118
15.00 -10 -0.22776
20.00 -10 -0.24553
25.00 -10 -0.18037
30.00 -10 -0.64849E-01
35.00 -10 0.18740E-01
40.00 -10 0.41484E-02
45.00 -10 -0.10210
50.00 -10 -0.22519
55.00 -10 -0.28445
60.00 -10 -0.25705
65.00 -10 -0.18572
-45.00 -5 0.55639E-02
-40.00 -5 0.37653E-01
-35.00 -5 0.39429E-01
-30.00 -5 0.39829E-01
-25.00 -5 0.34308E-01
-20.00 -5 0.14179E-03
-15.00 -5 -0.65876E-01
-10.00 -5 -0.13401
-5.00 -5 -0.16897
0.00 -5 -0.16730
5.00 -5 -0.16114
10.00 -5 -0.18068
15.00 -5 -0.21425
20.00 -5 -0.21216
25.00 -5 -0.13684
30.00 -5 -0.12120E-01
35.00 -5 0.81238E-01
40.00 -5 0.67264E-01
45.00 -5 -0.59083E-01
90.00 0.00 0.18760
-90.00 0.00 0.17214
