-85.00 0.00 0.41520
-80.00 0.00 0.35583
-75.00 0.00 0.25649
-70.00 0.00 0.18165
-65.00 0.00 0.15564
-60.00 0.00 0.14159
-55.00 0.00 0.78986E-01
-50.00 0.00 -0.54848E-01
-45.00 0.00 -0.21777
-40.00 0.00 -0.33715
-35.00 0.00 -0.37412
-30.00 0.00 -0.35793
-25.00 0.00 -0.35753
-20.00 0.00 -0.41608
-15.00 0.00 -0.50792
-10.00 0.00 -0.55731
-5.00 0.00 -0.50210
0.00 0.00 -0.34653
5.00 0.00 -0.15927
10.00 0.00 -0.22394E-01
15.00 0.00 0.22608E-01
20.00 0.00 -0.10653E-01
25.00 0.00 -0.81036E-01
30.00 0.00 -0.15609
35.00 0.00 -0.22371
40.00 0.00 -0.27714
45.00 0.00 -0.29906
50.00 0.00 -0.26764
55.00 0.00 -0.17960
60.00 0.00 -0.63437E-01
65.00 0.00 0.36229E-01
70.00 0.00 0.92863E-01
75.00 0.00 0.11927
80.00 0.00 0.15422
85.00 0.00 0.22515
-45.00 5.00 -0.22223
-40.00 5.00 -0.39999
-35.00 5.00 -0.50620
-30.00 5.00 -0.53352
-25.00 5.00 -0.52909
-20.00 5.00 -0.54469
-15.00 5.00 -0.58592
-10.00 5.00 -0.60645
-5.00 5.00 -0.55155
0.00 5.00 -0.41077
5.00 5.00 -0.23296
10.00 5.00 -0.92267E-01
15.00 5.00 -0.36110E-01
20.00 5.00 -0.58778E-01
25.00 5.00 -0.11754
30.00 5.00 -0.17039
35.00 5.00 -0.20029
40.00 5.00 -0.20998
45.00 5.00 -0.20188
-65.00 10.00 0.11316
-60.00 10.00 0.11915
-55.00 10.00 0.10021
-50.00 10.00 -0.98052E-02
-45.00 10.00 -0.21315
-40.00 10.00 -0.44172
-35.00 10.00 -0.60857
-30.00 10.00 -0.67300
-25.00 10.00 -0.66376
-20.00 10.00 -0.64337
-15.00 10.00 -0.64852
-10.00 10.00 -0.66032
-5.00 10.00 -0.62882
0.00 10.00 -0.52617
5.00 10.00 -0.37847
10.00 10.00 -0.24819
15.00 10.00 -0.18464
20.00 10.00 -0.18761
25.00 10.00 -0.21410
30.00 10.00 -0.21813
35.00 10.00 -0.18556
40.00 10.00 -0.13514
45.00 10.00 -0.91256E-01
50.00 10.00 -0.58847E-01
55.00 10.00 -0.24236E-01
60.00 10.00 0.23432E-01
65.00 10.00 0.76482E-01
-70.00 15.00 0.14207
-45.00 15.00 -0.19802
-40.00 15.00 -0.45903
-35.00 15.00 -0.66520
-30.00 15.00 -0.75154
-25.00 15.00 -0.73538
-20.00 15.00 -0.69037
-15.00 15.00 -0.67796
-10.00 15.00 -0.69830
-5.00 15.00 -0.70116
0.00 15.00 -0.64178
5.00 15.00 -0.52716
10.00 15.00 -0.41054
15.00 15.00 -0.34224
20.00 15.00 -0.32488
25.00 15.00 -0.31431
30.00 15.00 -0.26322
35.00 15.00 -0.16474
40.00 15.00 -0.56148E-01
45.00 15.00 0.17533E-01
70.00 15.00 0.12547
-75.00 20.00 0.25810
-65.00 20.00 0.75344E-01
-60.00 20.00 0.90841E-01
-55.00 20.00 0.10399
-50.00 20.00 0.21538E-01
-45.00 20.00 -0.18778
-40.00 20.00 -0.45978
-35.00 20.00 -0.67973
-30.00 20.00 -0.76910
-25.00 20.00 -0.74076
-20.00 20.00 -0.67763
-15.00 20.00 -0.65698
-10.00 20.00 -0.68875
-5.00 20.00 -0.71960
0.00 20.00 -0.69256
5.00 20.00 -0.60297
10.00 20.00 -0.49919
15.00 20.00 -0.43158
20.00 20.00 -0.40217
25.00 20.00 -0.36407
30.00 20.00 -0.27009
35.00 20.00 -0.12238
40.00 20.00 0.24754E-01
45.00 20.00 0.11104
50.00 20.00 0.12084
55.00 20.00 0.91631E-01
60.00 20.00 0.75703E-01
65.00 20.00 0.94856E-01
75.00 20.00 0.16022
-45.00 25.00 -0.19359
-40.00 25.00 -0.45895
-35.00 25.00 -0.67052
-30.00 25.00 -0.74508
-25.00 25.00 -0.69551
-20.00 25.00 -0.61090
-15.00 25.00 -0.57691
-10.00 25.00 -0.60839
-5.00 25.00 -0.65100
0.00 25.00 -0.64283
5.00 25.00 -0.57387
10.00 25.00 -0.48810
15.00 25.00 -0.43153
20.00 25.00 -0.40145
25.00 25.00 -0.34850
30.00 25.00 -0.22929
35.00 25.00 -0.56945E-01
40.00 25.00 0.10121
45.00 25.00 0.17815
-80.00 30.00 0.39441
-70.00 30.00 0.11341
-65.00 30.00 0.30071E-01
-60.00 30.00 0.27807E-01
-55.00 30.00 0.39110E-01
-50.00 30.00 -0.31578E-01
-45.00 30.00 -0.22176
-40.00 30.00 -0.46989
-35.00 30.00 -0.65823
-30.00 30.00 -0.70434
-25.00 30.00 -0.62287
-20.00 30.00 -0.50620
-15.00 30.00 -0.44481
-10.00 30.00 -0.45928
-5.00 30.00 -0.50038
0.00 30.00 -0.50811
5.00 30.00 -0.46860
10.00 30.00 -0.41573
15.00 30.00 -0.38286
20.00 30.00 -0.35878
25.00 30.00 -0.29550
30.00 30.00 -0.16098
35.00 30.00 0.16952E-01
40.00 30.00 0.16239
45.00 30.00 0.21156
50.00 30.00 0.16631
55.00 30.00 0.91134E-01
60.00 30.00 0.56974E-01
65.00 30.00 0.84868E-01
70.00 30.00 0.14053
80.00 30.00 0.19968
-45.00 35.00 -0.26992
-40.00 35.00 -0.49613
-35.00 35.00 -0.65348
-30.00 35.00 -0.66319
-25.00 35.00 -0.54211
-20.00 35.00 -0.38415
-15.00 35.00 -0.28403
-10.00 35.00 -0.27147
-5.00 35.00 -0.30853
0.00 35.00 -0.34110
5.00 35.00 -0.34861
10.00 35.00 -0.34613
15.00 35.00 -0.34575
20.00 35.00 -0.32597
25.00 35.00 -0.24653
30.00 35.00 -0.95901E-01
35.00 35.00 0.79174E-01
40.00 35.00 0.19839
45.00 35.00 0.21024
-75.00 40.00 0.26279
-65.00 40.00 -0.18289E-01
-60.00 40.00 -0.56551E-01
-55.00 40.00 -0.74629E-01
-50.00 40.00 -0.15511
-45.00 40.00 -0.32691
-40.00 40.00 -0.52893
-35.00 40.00 -0.65181
-30.00 40.00 -0.62290
-25.00 40.00 -0.46215
-20.00 40.00 -0.26423
-15.00 40.00 -0.12722
-10.00 40.00 -0.90684E-01
-5.00 40.00 -0.12981
0.00 40.00 -0.19680
5.00 40.00 -0.26177
10.00 40.00 -0.31614
15.00 40.00 -0.34741
20.00 40.00 -0.32498
25.00 40.00 -0.22166
30.00 40.00 -0.51823E-01
35.00 40.00 0.11776
40.00 40.00 0.20651
45.00 40.00 0.18105
50.00 40.00 0.84489E-01
55.00 40.00 0.41764E-02
60.00 40.00 0.32281E-02
65.00 40.00 0.75061E-01
75.00 40.00 0.20612
-70.00 45.00 0.87601E-01
-45.00 45.00 -0.37708
-40.00 45.00 -0.55204
-35.00 45.00 -0.63855
-30.00 45.00 -0.57358
-25.00 45.00 -0.38272
-20.00 45.00 -0.16085
-15.00 45.00 -0.53351E-02
-10.00 45.00 0.40273E-01
-5.00 45.00 -0.73694E-02
0.00 45.00 -0.10513
5.00 45.00 -0.21597
10.00 45.00 -0.31268
15.00 45.00 -0.36379
20.00 45.00 -0.33348
25.00 45.00 -0.20809
30.00 45.00 -0.24861E-01
35.00 45.00 0.13442
40.00 45.00 0.19326
45.00 45.00 0.13766
70.00 45.00 0.17920
-65.00 50.00 -0.56926E-01
-60.00 50.00 -0.12516
-55.00 50.00 -0.17086
-50.00 50.00 -0.25977
-45.00 50.00 -0.40674
-40.00 50.00 -0.55086
-35.00 50.00 -0.59983
-30.00 50.00 -0.50471
-25.00 50.00 -0.30059
-20.00 50.00 -0.81717E-01
-15.00 50.00 0.62734E-01
-10.00 50.00 0.97252E-01
-5.00 50.00 0.40659E-01
0.00 50.00 -0.66427E-01
5.00 50.00 -0.18827
10.00 50.00 -0.29405
15.00 50.00 -0.34683
20.00 50.00 -0.31034
25.00 50.00 -0.17876
30.00 50.00 -0.27737E-03
35.00 50.00 0.13901
40.00 50.00 0.17066
45.00 50.00 0.96525E-01
50.00 50.00 -0.90791E-02
55.00 50.00 -0.54991E-01
60.00 50.00 -0.25146E-02
65.00 50.00 0.10982
-85.00 55.00 0.44236
-45.00 55.00 -0.40948
-40.00 55.00 -0.52042
-35.00 55.00 -0.53278
-30.00 55.00 -0.41527
-25.00 55.00 -0.21589
-20.00 55.00 -0.27443E-01
-15.00 55.00 0.77063E-01
-10.00 55.00 0.83280E-01
-5.00 55.00 0.23405E-01
0.00 55.00 -0.63086E-01
5.00 55.00 -0.15303
10.00 55.00 -0.23068
15.00 55.00 -0.26911
20.00 55.00 -0.23513
25.00 55.00 -0.12096
30.00 55.00 0.30157E-01
35.00 55.00 0.14005
40.00 55.00 0.15044
45.00 55.00 0.71922E-01
85.00 55.00 0.25226
-80.00 60.00 0.39485
-75.00 60.00 0.24700
-70.00 60.00 0.62587E-01
-65.00 60.00 -0.78950E-01
-60.00 60.00 -0.15306
-55.00 60.00 -0.20143
-50.00 60.00 -0.27851
-45.00 60.00 -0.38724
-40.00 60.00 -0.46745
-35.00 60.00 -0.44861
-30.00 60.00 -0.31705
-25.00 60.00 -0.13451
-20.00 60.00 0.80170E-02
-15.00 60.00 0.57706E-01
-10.00 60.00 0.28661E-01
-5.00 60.00 -0.27068E-01
0.00 60.00 -0.70886E-01
5.00 60.00 -0.10037
10.00 60.00 -0.12775
15.00 60.00 -0.14608
20.00 60.00 -0.12579
25.00 60.00 -0.48070E-01
30.00 60.00 0.61483E-01
35.00 60.00 0.14070
40.00 60.00 0.14059
45.00 60.00 0.72409E-01
50.00 60.00 0.46000E-02
55.00 60.00 0.74218E-02
60.00 60.00 0.93412E-01
65.00 60.00 0.20802
70.00 60.00 0.27909
75.00 60.00 0.28051
80.00 60.00 0.25140
-45.00 65.00 -0.34692
-40.00 65.00 -0.40540
-35.00 65.00 -0.36667
-30.00 65.00 -0.22945
-25.00 65.00 -0.65799E-01
-20.00 65.00 0.35043E-01
-15.00 65.00 0.37538E-01
-10.00 65.00 -0.19115E-01
-5.00 65.00 -0.65119E-01
0.00 65.00 -0.63528E-01
5.00 65.00 -0.33039E-01
10.00 65.00 -0.14246E-01
15.00 65.00 -0.19777E-01
20.00 65.00 -0.21316E-01
25.00 65.00 0.15010E-01
30.00 65.00 0.84961E-01
35.00 65.00 0.14301
40.00 65.00 0.14596
45.00 65.00 0.99740E-01
-65.00 70.00 -0.88096E-01
-60.00 70.00 -0.14126
-55.00 70.00 -0.16398
-50.00 70.00 -0.21421
-45.00 70.00 -0.29471
-40.00 70.00 -0.34551
-35.00 70.00 -0.30333
-30.00 70.00 -0.16937
-25.00 70.00 -0.18071E-01
-20.00 70.00 0.63188E-01
-15.00 70.00 0.47082E-01
-10.00 70.00 -0.15830E-01
-5.00 70.00 -0.48592E-01
0.00 70.00 -0.17419E-01
5.00 70.00 0.45807E-01
10.00 70.00 0.84460E-01
15.00 70.00 0.76342E-01
20.00 70.00 0.51906E-01
25.00 70.00 0.57086E-01
30.00 70.00 0.10274
35.00 70.00 0.15408
40.00 70.00 0.16993
45.00 70.00 0.14949
50.00 70.00 0.13640
55.00 70.00 0.17436
60.00 70.00 0.25940
65.00 70.00 0.33845
-70.00 75.00 0.29741E-01
-45.00 75.00 -0.23186
-40.00 75.00 -0.28954
-35.00 75.00 -0.26221
-30.00 75.00 -0.14185
-25.00 75.00 0.53981E-02
-20.00 75.00 0.95369E-01
-15.00 75.00 0.97746E-01
-10.00 75.00 0.55885E-01
-5.00 75.00 0.39071E-01
0.00 75.00 0.76280E-01
5.00 75.00 0.13507
10.00 75.00 0.16169
15.00 75.00 0.13811
20.00 75.00 0.98568E-01
25.00 75.00 0.91923E-01
30.00 75.00 0.13171
35.00 75.00 0.18569
40.00 75.00 0.21371
45.00 75.00 0.21215
70.00 75.00 0.38935
-75.00 80.00 0.19664
-65.00 80.00 -0.91920E-01
-60.00 80.00 -0.10409
-55.00 80.00 -0.76366E-01
-50.00 80.00 -0.85961E-01
-45.00 80.00 -0.15465
-40.00 80.00 -0.22867
-35.00 80.00 -0.23144
-30.00 80.00 -0.13641
-25.00 80.00 0.87643E-02
-20.00 80.00 0.12630
-15.00 80.00 0.17474
-10.00 80.00 0.17469
-5.00 80.00 0.17505
0.00 80.00 0.19913
5.00 80.00 0.22595
10.00 80.00 0.22136
15.00 80.00 0.18183
20.00 80.00 0.14307
25.00 80.00 0.14489
30.00 80.00 0.19076
35.00 80.00 0.24538
40.00 80.00 0.27282
45.00 80.00 0.27442
50.00 80.00 0.28548
55.00 80.00 0.33335
60.00 80.00 0.40143
65.00 80.00 0.43909
75.00 80.00 0.33421
-45.00 85.00 -0.58683E-01
-40.00 85.00 -0.14931
-35.00 85.00 -0.18952
-30.00 85.00 -0.13079
-25.00 85.00 0.41649E-02
-20.00 85.00 0.14819
-15.00 85.00 0.24701
-10.00 85.00 0.29213
-5.00 85.00 0.30648
0.00 85.00 0.30844
5.00 85.00 0.29565
10.00 85.00 0.26182
15.00 85.00 0.22031
20.00 85.00 0.20223
25.00 85.00 0.22770
30.00 85.00 0.28201
35.00 85.00 0.32612
40.00 85.00 0.33455
45.00 85.00 0.32197
-80.00 90.00 0.33257
-70.00 90.00 -0.97688E-02
-65.00 90.00 -0.93991E-01
-60.00 90.00 -0.58174E-01
-55.00 90.00 0.36582E-01
-50.00 90.00 0.92091E-01
-45.00 90.00 0.55158E-01
-40.00 90.00 -0.42583E-01
-35.00 90.00 -0.11672
-30.00 90.00 -0.10022
-25.00 90.00 0.96081E-02
-20.00 90.00 0.16006
-15.00 90.00 0.28895
-10.00 90.00 0.36289
-5.00 90.00 0.38192
0.00 90.00 0.36154
5.00 90.00 0.31874
10.00 90.00 0.27316
15.00 90.00 0.24994
20.00 90.00 0.26878
25.00 90.00 0.32462
30.00 90.00 0.38324
35.00 90.00 0.40521
40.00 90.00 0.38122
45.00 90.00 0.34415
50.00 90.00 0.34100
55.00 90.00 0.38742
60.00 90.00 0.44824
65.00 90.00 0.46651
70.00 90.00 0.41640
80.00 90.00 0.26973
-45.00 95.00 0.17693
-40.00 95.00 0.88056E-01
-35.00 95.00 -0.58764E-02
-30.00 95.00 -0.28396E-01
-25.00 95.00 0.43071E-01
-20.00 95.00 0.17201
-15.00 95.00 0.29716
-10.00 95.00 0.37207
-5.00 95.00 0.38310
0.00 95.00 0.34507
5.00 95.00 0.28908
10.00 95.00 0.25124
15.00 95.00 0.25993
20.00 95.00 0.31977
25.00 95.00 0.40250
30.00 95.00 0.45956
35.00 95.00 0.45568
40.00 95.00 0.39914
45.00 95.00 0.33958
-75.00 100.00 0.13724
-65.00 100.00 -0.91143E-01
-60.00 100.00 -0.20591E-01
-55.00 100.00 0.12948
-50.00 100.00 0.25729
-45.00 100.00 0.28888
-40.00 100.00 0.22580
-35.00 100.00 0.13309
-30.00 100.00 0.84896E-01
-25.00 100.00 0.11388
-20.00 100.00 0.19859
-15.00 100.00 0.28804
-10.00 100.00 0.33746
-5.00 100.00 0.33068
0.00 100.00 0.28282
5.00 100.00 0.22962
10.00 100.00 0.21071
15.00 100.00 0.24991
20.00 100.00 0.33876
25.00 100.00 0.43521
30.00 100.00 0.48594
35.00 100.00 0.46303
40.00 100.00 0.38790
45.00 100.00 0.31903
50.00 100.00 0.30770
55.00 100.00 0.35636
60.00 100.00 0.41632
65.00 100.00 0.42971
75.00 100.00 0.30567
-70.00 105.00 -0.29097E-01
-45.00 105.00 0.37159
-40.00 105.00 0.34685
-35.00 105.00 0.27736
-30.00 105.00 0.22344
-25.00 105.00 0.21618
-20.00 105.00 0.24561
-15.00 105.00 0.27860
-10.00 105.00 0.28585
-5.00 105.00 0.25901
0.00 105.00 0.21263
5.00 105.00 0.17587
10.00 105.00 0.17855
15.00 105.00 0.23464
20.00 105.00 0.32938
25.00 105.00 0.42088
30.00 105.00 0.46232
35.00 105.00 0.43425
40.00 105.00 0.36237
45.00 105.00 0.30206
70.00 105.00 0.35323
-85.00 110.00 0.37904
-65.00 110.00 -0.73663E-01
-60.00 110.00 0.20400E-02
-55.00 110.00 0.15908
-50.00 110.00 0.31684
-45.00 110.00 0.41185
-40.00 110.00 0.43067
-35.00 110.00 0.40175
-30.00 110.00 0.36217
-25.00 110.00 0.33027
-20.00 110.00 0.30265
-15.00 110.00 0.26909
-10.00 110.00 0.22700
-5.00 110.00 0.18423
0.00 110.00 0.15342
5.00 110.00 0.14653
10.00 110.00 0.17191
15.00 110.00 0.23020
20.00 110.00 0.30817
25.00 110.00 0.37798
30.00 110.00 0.40945
35.00 110.00 0.39131
40.00 110.00 0.34386
45.00 110.00 0.30754
50.00 110.00 0.31187
55.00 110.00 0.34996
60.00 110.00 0.38319
65.00 110.00 0.37515
85.00 110.00 0.28944
-45.00 115.00 0.40795
-40.00 115.00 0.46828
-35.00 115.00 0.48927
-30.00 115.00 0.47844
-25.00 115.00 0.43256
-20.00 115.00 0.34986
-15.00 115.00 0.24559
-10.00 115.00 0.15153
-5.00 115.00 0.98044E-01
0.00 115.00 0.95301E-01
5.00 115.00 0.13080
10.00 115.00 0.18312
15.00 115.00 0.23693
20.00 115.00 0.28595
25.00 115.00 0.32584
30.00 115.00 0.34967
35.00 115.00 0.35358
40.00 115.00 0.34536
45.00 115.00 0.34237
-80.00 120.00 0.26064
-75.00 120.00 0.11816
-70.00 120.00 0.33603E-02
-65.00 120.00 -0.30040E-01
-60.00 120.00 0.25672E-01
-55.00 120.00 0.13632
-50.00 120.00 0.25872
-45.00 120.00 0.36920
-40.00 120.00 0.46359
-35.00 120.00 0.53515
-30.00 120.00 0.55954
-25.00 120.00 0.50716
-20.00 120.00 0.37406
-15.00 120.00 0.20056
-10.00 120.00 0.55309E-01
-5.00 120.00 -0.61537E-02
0.00 120.00 0.24228E-01
5.00 120.00 0.10731
10.00 120.00 0.18928
15.00 120.00 0.23828
20.00 120.00 0.25709
25.00 120.00 0.26802
30.00 120.00 0.28908
35.00 120.00 0.32268
40.00 120.00 0.36096
45.00 120.00 0.39535
50.00 120.00 0.41859
55.00 120.00 0.42142
60.00 120.00 0.39463
65.00 120.00 0.34007
70.00 120.00 0.27945
75.00 120.00 0.24592
80.00 120.00 0.25861
-45.00 125.00 0.31015
-40.00 125.00 0.42745
-35.00 125.00 0.54236
-30.00 125.00 0.60125
-25.00 125.00 0.54898
-20.00 125.00 0.37779
-15.00 125.00 0.14899
-10.00 125.00 -0.37022E-01
-5.00 125.00 -0.10350
0.00 125.00 -0.45134E-01
5.00 125.00 0.75468E-01
10.00 125.00 0.17742
15.00 125.00 0.21670
20.00 125.00 0.20625
25.00 125.00 0.19279
30.00 125.00 0.21581
35.00 125.00 0.28192
40.00 125.00 0.36798
45.00 125.00 0.44121
-65.00 130.00 0.40073E-01
-60.00 130.00 0.70831E-01
-55.00 130.00 0.11385
-50.00 130.00 0.16363
-45.00 130.00 0.24311
-40.00 130.00 0.36905
-35.00 130.00 0.51279
-30.00 130.00 0.59934
-25.00 130.00 0.55528
-20.00 130.00 0.37025
-15.00 130.00 0.11889
-10.00 130.00 -0.80540E-01
-5.00 130.00 -0.14265
0.00 130.00 -0.68666E-01
5.00 130.00 0.62671E-01
10.00 130.00 0.15688
15.00 130.00 0.16885
20.00 130.00 0.12427
25.00 130.00 0.88790E-01
30.00 130.00 0.11565
35.00 130.00 0.21207
40.00 130.00 0.34207
45.00 130.00 0.45392
50.00 130.00 0.50821
55.00 130.00 0.49205
60.00 130.00 0.41986
65.00 130.00 0.32650
-70.00 135.00 0.79150E-01
-45.00 135.00 0.17383
-40.00 135.00 0.29126
-35.00 135.00 0.44264
-30.00 135.00 0.54352
-25.00 135.00 0.51475
-20.00 135.00 0.34745
-15.00 135.00 0.11998
-10.00 135.00 -0.51440E-01
-5.00 135.00 -0.91831E-01
0.00 135.00 -0.15540E-01
5.00 135.00 0.92081E-01
10.00 135.00 0.14174
15.00 135.00 0.10285
20.00 135.00 0.17332E-01
25.00 135.00 -0.38215E-01
30.00 135.00 -0.76155E-02
35.00 135.00 0.11222
40.00 135.00 0.27648
45.00 135.00 0.42249
70.00 135.00 0.25054
-75.00 140.00 0.13942
-65.00 140.00 0.11514
-60.00 140.00 0.12739
-55.00 140.00 0.11115
-50.00 140.00 0.85570E-01
-45.00 140.00 0.10275
-40.00 140.00 0.19395
-35.00 140.00 0.32787
-30.00 140.00 0.42317
-25.00 140.00 0.40901
-20.00 140.00 0.28384
-15.00 140.00 0.12115
-10.00 140.00 0.15803E-01
-5.00 140.00 0.13913E-01
0.00 140.00 0.82348E-01
5.00 140.00 0.13958
10.00 140.00 0.12014
15.00 140.00 0.21673E-01
20.00 140.00 -0.97468E-01
25.00 140.00 -0.16114
30.00 140.00 -0.12325
35.00 140.00 0.10429E-01
40.00 140.00 0.19231
45.00 140.00 0.35977
50.00 140.00 0.46136
55.00 140.00 0.47445
60.00 140.00 0.41257
65.00 140.00 0.32017
75.00 140.00 0.24255
-45.00 145.00 0.30651E-01
-40.00 145.00 0.82747E-01
-35.00 145.00 0.17709
-30.00 145.00 0.24404
-25.00 145.00 0.23179
-20.00 145.00 0.15112
-15.00 145.00 0.66017E-01
-10.00 145.00 0.38645E-01
-5.00 145.00 0.77023E-01
0.00 145.00 0.12970
5.00 145.00 0.12947
10.00 145.00 0.47499E-01
15.00 145.00 -0.85383E-01
20.00 145.00 -0.20196
25.00 145.00 -0.24232
30.00 145.00 -0.18420
35.00 145.00 -0.45452E-01
40.00 145.00 0.13177
45.00 145.00 0.29822
-80.00 150.00 0.21771
-70.00 150.00 0.13914
-65.00 150.00 0.16152
-60.00 150.00 0.15610
-55.00 150.00 0.96441E-01
-50.00 150.00 0.13234E-01
-45.00 150.00 -0.36291E-01
-40.00 150.00 -0.24381E-01
-35.00 150.00 0.20706E-01
-30.00 150.00 0.42710E-01
-25.00 150.00 0.11990E-01
-20.00 150.00 -0.46351E-01
-15.00 150.00 -0.77646E-01
-10.00 150.00 -0.51659E-01
-5.00 150.00 0.60142E-02
0.00 150.00 0.34324E-01
5.00 150.00 -0.10389E-01
10.00 150.00 -0.11681
15.00 150.00 -0.22735
20.00 150.00 -0.28109
25.00 150.00 -0.25169
30.00 150.00 -0.15229
35.00 150.00 -0.13727E-01
40.00 150.00 0.13600
45.00 150.00 0.27382
50.00 150.00 0.37422
55.00 150.00 0.41272
60.00 150.00 0.38464
65.00 150.00 0.31955
70.00 150.00 0.26897
80.00 150.00 0.31075
-45.00 155.00 -0.86239E-01
-40.00 155.00 -0.10008
-35.00 155.00 -0.94906E-01
-30.00 155.00 -0.11881
-25.00 155.00 -0.18401
-20.00 155.00 -0.25289
-15.00 155.00 -0.27609
-10.00 155.00 -0.24430
-5.00 155.00 -0.20163
0.00 155.00 -0.20571
5.00 155.00 -0.27195
10.00 155.00 -0.35490
15.00 155.00 -0.38410
20.00 155.00 -0.32053
25.00 155.00 -0.18293
30.00 155.00 -0.24457E-01
35.00 155.00 0.11248
40.00 155.00 0.21934
45.00 155.00 0.30614
-75.00 160.00 0.14686
-65.00 160.00 0.16080
-60.00 160.00 0.13338
-55.00 160.00 0.50146E-01
-50.00 160.00 -0.47417E-01
-45.00 160.00 -0.10736
-40.00 160.00 -0.12078
-35.00 160.00 -0.12984
-30.00 160.00 -0.18307
-25.00 160.00 -0.28409
-20.00 160.00 -0.38651
-15.00 160.00 -0.44015
-10.00 160.00 -0.44175
-5.00 160.00 -0.43753
0.00 160.00 -0.47315
5.00 160.00 -0.53994
10.00 160.00 -0.57173
15.00 160.00 -0.49853
20.00 160.00 -0.30859
25.00 160.00 -0.62063E-01
30.00 160.00 0.15467
35.00 160.00 0.29091
40.00 160.00 0.35507
45.00 160.00 0.38573
50.00 160.00 0.40620
55.00 160.00 0.40899
60.00 160.00 0.38036
65.00 160.00 0.33168
75.00 160.00 0.30871
-85.00 165.00 0.30615
-70.00 165.00 0.14054
-45.00 165.00 -0.95643E-01
-40.00 165.00 -0.82258E-01
-35.00 165.00 -0.77014E-01
-30.00 165.00 -0.13576
-25.00 165.00 -0.26069
-20.00 165.00 -0.39839
-15.00 165.00 -0.49117
-10.00 165.00 -0.52968
-5.00 165.00 -0.55381
0.00 165.00 -0.60102
5.00 165.00 -0.65442
10.00 165.00 -0.64477
15.00 165.00 -0.50858
20.00 165.00 -0.24944
25.00 165.00 0.54280E-01
30.00 165.00 0.30276
35.00 165.00 0.44111
40.00 165.00 0.48265
45.00 165.00 0.47661
70.00 165.00 0.31536
85.00 165.00 0.37294
-65.00 170.00 0.12685
-60.00 170.00 0.80653E-01
-55.00 170.00 -0.27746E-03
-50.00 170.00 -0.61964E-01
-45.00 170.00 -0.58991E-01
-40.00 170.00 -0.61046E-02
-35.00 170.00 0.27127E-01
-30.00 170.00 -0.23985E-01
-25.00 170.00 -0.16110
-20.00 170.00 -0.32120
-15.00 170.00 -0.43225
-10.00 170.00 -0.47272
-5.00 170.00 -0.47913
0.00 170.00 -0.49740
5.00 170.00 -0.52732
10.00 170.00 -0.51510
15.00 170.00 -0.40128
20.00 170.00 -0.17845
25.00 170.00 0.94324E-01
30.00 170.00 0.33180
35.00 170.00 0.47896
40.00 170.00 0.53525
45.00 170.00 0.53352
50.00 170.00 0.50325
55.00 170.00 0.45550
60.00 170.00 0.39690
65.00 170.00 0.34668
-45.00 175.00 -0.14229E-01
-40.00 175.00 0.69356E-01
-35.00 175.00 0.11894
-30.00 175.00 0.65479E-01
-25.00 175.00 -0.86780E-01
-20.00 175.00 -0.25905
-15.00 175.00 -0.35945
-10.00 175.00 -0.35359
-5.00 175.00 -0.28423
0.00 175.00 -0.22662
5.00 175.00 -0.22222
10.00 175.00 -0.24794
15.00 175.00 -0.24209
20.00 175.00 -0.15812
25.00 175.00 0.11521E-02
30.00 175.00 0.19137
35.00 175.00 0.36034
40.00 175.00 0.47502
45.00 175.00 0.52564
-80.00 180.00 0.19582
-75.00 180.00 0.13556
-70.00 180.00 0.11519
-65.00 180.00 0.93713E-01
-60.00 180.00 0.42760E-01
-55.00 180.00 -0.17176E-01
-50.00 180.00 -0.33530E-01
-45.00 180.00 0.21509E-01
-40.00 180.00 0.10937
-35.00 180.00 0.14357
-30.00 180.00 0.58809E-01
-25.00 180.00 -0.12726
-20.00 180.00 -0.31529
-15.00 180.00 -0.39220
-10.00 180.00 -0.31343
-5.00 180.00 -0.13534
0.00 180.00 0.25741E-01
5.00 180.00 0.74115E-01
10.00 180.00 -0.51050E-02
15.00 180.00 -0.14450
20.00 180.00 -0.24390
25.00 180.00 -0.23116
30.00 180.00 -0.96507E-01
35.00 180.00 0.11165
40.00 180.00 0.31739
45.00 180.00 0.45416
50.00 180.00 0.49261
55.00 180.00 0.45029
60.00 180.00 0.37946
65.00 180.00 0.33642
70.00 180.00 0.34739
75.00 180.00 0.39287
80.00 180.00 0.42410
-45.00 -175 0.39084E-01
-40.00 -175 0.10114
-35.00 -175 0.87191E-01
-30.00 -175 -0.56188E-01
-25.00 -175 -0.29394
-20.00 -175 -0.50860
-15.00 -175 -0.57237
-10.00 -175 -0.43540
-5.00 -175 -0.16646
0.00 -175 0.84360E-01
5.00 -175 0.17596
10.00 -175 0.60136E-01
15.00 -175 -0.19262
20.00 -175 -0.43705
25.00 -175 -0.53593
30.00 -175 -0.43208
35.00 -175 -0.17158
40.00 -175 0.12974
45.00 -175 0.35345
-65.00 -170 0.86966E-01
-60.00 -170 0.44130E-01
-55.00 -170 0.59314E-02
-50.00 -170 0.45999E-02
-45.00 -170 0.39701E-01
-40.00 -170 0.57807E-01
-35.00 -170 -0.17305E-01
-30.00 -170 -0.22183
-25.00 -170 -0.50602
-20.00 -170 -0.74653
-15.00 -170 -0.81630
-10.00 -170 -0.66777
-5.00 -170 -0.37263
0.00 -170 -0.89029E-01
5.00 -170 0.26375E-01
10.00 -170 -0.90969E-01
15.00 -170 -0.37454
20.00 -170 -0.66272
25.00 -170 -0.78893
30.00 -170 -0.67333
35.00 -170 -0.36302
40.00 -170 0.20012E-02
45.00 -170 0.27428
50.00 -170 0.38173
55.00 -170 0.35646
60.00 -170 0.29541
65.00 -170 0.28485
-70.00 -165 0.12159
-45.00 -165 0.30122E-01
-40.00 -165 0.57488E-02
-35.00 -165 -0.11557
-30.00 -165 -0.35120
-25.00 -165 -0.64486
-20.00 -165 -0.88547
-15.00 -165 -0.96746
-10.00 -165 -0.85556
-5.00 -165 -0.61294
0.00 -165 -0.37322
5.00 -165 -0.26929
10.00 -165 -0.35781
15.00 -165 -0.58263
20.00 -165 -0.80139
25.00 -165 -0.86443
30.00 -165 -0.70192
35.00 -165 -0.36582
40.00 -165 0.19589E-02
45.00 -165 0.25710
70.00 -165 0.33672
-75.00 -160 0.15974
-65.00 -160 0.10634
-60.00 -160 0.67799E-01
-55.00 -160 0.35329E-01
-50.00 -160 0.23177E-01
-45.00 -160 0.15048E-01
-40.00 -160 -0.34994E-01
-35.00 -160 -0.16947
-30.00 -160 -0.38879
-25.00 -160 -0.63892
-20.00 -160 -0.83646
-15.00 -160 -0.91444
-10.00 -160 -0.85980
-5.00 -160 -0.72124
0.00 -160 -0.58437
5.00 -160 -0.52705
10.00 -160 -0.57591
15.00 -160 -0.68657
20.00 -160 -0.76216
25.00 -160 -0.70695
30.00 -160 -0.48804
35.00 -160 -0.16511
40.00 -160 0.13825
45.00 -160 0.30953
50.00 -160 0.31915
55.00 -160 0.23637
60.00 -160 0.17528
65.00 -160 0.21074
75.00 -160 0.44666
-45.00 -155 -0.70506E-02
-40.00 -155 -0.62343E-01
-35.00 -155 -0.17924
-30.00 -155 -0.34584
-25.00 -155 -0.51488
-20.00 -155 -0.63448
-15.00 -155 -0.68069
-10.00 -155 -0.66771
-5.00 -155 -0.63271
0.00 -155 -0.61062
5.00 -155 -0.61517
10.00 -155 -0.63246
15.00 -155 -0.62549
20.00 -155 -0.54889
25.00 -155 -0.37401
30.00 -155 -0.11591
35.00 -155 0.15750
40.00 -155 0.35169
45.00 -155 0.40065
-80.00 -150 0.22617
-70.00 -150 0.17179
-65.00 -150 0.13387
-60.00 -150 0.75206E-01
-55.00 -150 0.19004E-01
-50.00 -150 -0.16203E-01
-45.00 -150 -0.41370E-01
-40.00 -150 -0.87966E-01
-35.00 -150 -0.17462
-30.00 -150 -0.28397
-25.00 -150 -0.37406
-20.00 -150 -0.41404
-15.00 -150 -0.41081
-10.00 -150 -0.40211
-5.00 -150 -0.42337
0.00 -150 -0.47737
5.00 -150 -0.53031
10.00 -150 -0.53301
15.00 -150 -0.44821
20.00 -150 -0.26753
25.00 -150 -0.16060E-01
30.00 -150 0.25081
35.00 -150 0.45896
40.00 -150 0.54158
45.00 -150 0.47584
50.00 -150 0.30831
55.00 -150 0.14169
60.00 -150 0.78713E-01
65.00 -150 0.15639
70.00 -150 0.32012
80.00 -150 0.50254
-45.00 -145 -0.89932E-01
-40.00 -145 -0.12213
-35.00 -145 -0.18407
-30.00 -145 -0.26142
-25.00 -145 -0.31260
-20.00 -145 -0.30820
-15.00 -145 -0.26195
-10.00 -145 -0.22316
-5.00 -145 -0.23604
0.00 -145 -0.30098
5.00 -145 -0.36945
10.00 -145 -0.37447
15.00 -145 -0.27163
20.00 -145 -0.63436E-01
25.00 -145 0.20206
30.00 -145 0.44992
35.00 -145 0.60393
40.00 -145 0.61451
45.00 -145 0.48457
-85.00 -140 0.30418
-75.00 -140 0.23357
-65.00 -140 0.15670
-60.00 -140 0.49668E-01
-55.00 -140 -0.59261E-01
-50.00 -140 -0.12554
-45.00 -140 -0.14653
-40.00 -140 -0.16125
-35.00 -140 -0.20865
-30.00 -140 -0.28620
-25.00 -140 -0.34908
-20.00 -140 -0.35094
-15.00 -140 -0.28797
-10.00 -140 -0.20575
-5.00 -140 -0.16294
0.00 -140 -0.18343
5.00 -140 -0.23640
10.00 -140 -0.25756
15.00 -140 -0.19231
20.00 -140 -0.29355E-01
25.00 -140 0.19284
30.00 -140 0.40399
35.00 -140 0.53133
40.00 -140 0.52997
45.00 -140 0.40620
50.00 -140 0.22309
55.00 -140 0.77348E-01
60.00 -140 0.49990E-01
65.00 -140 0.15652
75.00 -140 0.47533
85.00 -140 0.43478
-70.00 -135 0.24229
-45.00 -135 -0.19809
-40.00 -135 -0.18898
-35.00 -135 -0.22225
-30.00 -135 -0.31403
-25.00 -135 -0.41722
-20.00 -135 -0.46076
-15.00 -135 -0.40974
-10.00 -135 -0.29446
-5.00 -135 -0.18621
0.00 -135 -0.14277
5.00 -135 -0.16833
10.00 -135 -0.21541
15.00 -135 -0.22126
20.00 -135 -0.14881
25.00 -135 -0.66101E-02
30.00 -135 0.15773
35.00 -135 0.28183
40.00 -135 0.31827
45.00 -135 0.25978
70.00 -135 0.34700
-65.00 -130 0.17987
-60.00 -130 0.18270E-01
-55.00 -130 -0.14737
-50.00 -130 -0.23712
-45.00 -130 -0.23169
-40.00 -130 -0.18997
-35.00 -130 -0.19754
-30.00 -130 -0.29170
-25.00 -130 -0.42804
-20.00 -130 -0.51615
-15.00 -130 -0.49220
-10.00 -130 -0.36795
-5.00 -130 -0.21957
0.00 -130 -0.13068
5.00 -130 -0.13705
10.00 -130 -0.21120
15.00 -130 -0.28931
20.00 -130 -0.31366
25.00 -130 -0.26193
30.00 -130 -0.15212
35.00 -130 -0.28455E-01
40.00 -130 0.61864E-01
45.00 -130 0.93153E-01
50.00 -130 0.77665E-01
55.00 -130 0.62321E-01
60.00 -130 0.10057
65.00 -130 0.21261
-45.00 -125 -0.24164
-40.00 -125 -0.16399
-35.00 -125 -0.13456
-30.00 -125 -0.20828
-25.00 -125 -0.34839
-20.00 -125 -0.45826
-15.00 -125 -0.45939
-10.00 -125 -0.35016
-5.00 -125 -0.20210
0.00 -125 -0.10458
5.00 -125 -0.10611
10.00 -125 -0.19320
15.00 -125 -0.31106
20.00 -125 -0.40053
25.00 -125 -0.42438
30.00 -125 -0.37516
35.00 -125 -0.27140
40.00 -125 -0.14825
45.00 -125 -0.41904E-01
-80.00 -120 0.29485
-75.00 -120 0.31707
-70.00 -120 0.31476
-65.00 -120 0.21609
-60.00 -120 0.24954E-01
-55.00 -120 -0.17065
-50.00 -120 -0.26696
-45.00 -120 -0.23088
-40.00 -120 -0.12776
-35.00 -120 -0.66392E-01
-30.00 -120 -0.11017
-25.00 -120 -0.23003
-20.00 -120 -0.33520
-15.00 -120 -0.34977
-10.00 -120 -0.26878
-5.00 -120 -0.15291
0.00 -120 -0.76582E-01
5.00 -120 -0.78266E-01
10.00 -120 -0.14848
15.00 -120 -0.25121
20.00 -120 -0.34956
25.00 -120 -0.41510
30.00 -120 -0.42611
35.00 -120 -0.37039
40.00 -120 -0.25588
45.00 -120 -0.11412
50.00 -120 0.16212E-01
55.00 -120 0.11617
60.00 -120 0.19825
65.00 -120 0.28741
70.00 -120 0.38716
75.00 -120 0.46526
80.00 -120 0.47891
-45.00 -115 -0.20569
-40.00 -115 -0.10151
-35.00 -115 -0.35081E-01
-30.00 -115 -0.65705E-01
-25.00 -115 -0.16542
-20.00 -115 -0.25352
-15.00 -115 -0.26877
-10.00 -115 -0.21366
-5.00 -115 -0.13867
0.00 -115 -0.92075E-01
5.00 -115 -0.86543E-01
10.00 -115 -0.10734
15.00 -115 -0.14177
20.00 -115 -0.19205
25.00 -115 -0.25866
30.00 -115 -0.31842
35.00 -115 -0.32862
40.00 -115 -0.25953
45.00 -115 -0.12361
-65.00 -110 0.26578
-60.00 -110 0.85275E-01
-55.00 -110 -0.10022
-50.00 -110 -0.19321
-45.00 -110 -0.16840
-40.00 -110 -0.91052E-01
-35.00 -110 -0.56389E-01
-30.00 -110 -0.10786
-25.00 -110 -0.20777
-20.00 -110 -0.28116
-15.00 -110 -0.28534
-10.00 -110 -0.23910
-5.00 -110 -0.19064
0.00 -110 -0.16453
5.00 -110 -0.14370
10.00 -110 -0.10142
15.00 -110 -0.44026E-01
20.00 -110 -0.14765E-01
25.00 -110 -0.51058E-01
30.00 -110 -0.13847
35.00 -110 -0.21075
40.00 -110 -0.20062
45.00 -110 -0.94846E-01
50.00 -110 0.57584E-01
55.00 -110 0.19051
60.00 -110 0.27396
65.00 -110 0.32586
-70.00 -105 0.36800
-45.00 -105 -0.11478
-40.00 -105 -0.80219E-01
-35.00 -105 -0.10242
-30.00 -105 -0.20194
-25.00 -105 -0.32197
-20.00 -105 -0.38532
-15.00 -105 -0.36542
-10.00 -105 -0.30288
-5.00 -105 -0.25561
0.00 -105 -0.23714
5.00 -105 -0.20689
10.00 -105 -0.12163
15.00 -105 0.62364E-02
20.00 -105 0.10615
25.00 -105 0.10966
30.00 -105 0.17135E-01
35.00 -105 -0.94235E-01
40.00 -105 -0.13102
45.00 -105 -0.57828E-01
70.00 -105 0.35208
-75.00 -100 0.35926
-65.00 -100 0.31141
-60.00 -100 0.17148
-55.00 -100 0.31075E-01
-50.00 -100 -0.38663E-01
-45.00 -100 -0.38793E-01
-40.00 -100 -0.41351E-01
-35.00 -100 -0.11774
-30.00 -100 -0.26590
-25.00 -100 -0.40726
-20.00 -100 -0.45692
-15.00 -100 -0.39957
-10.00 -100 -0.29867
-5.00 -100 -0.23173
0.00 -100 -0.21621
5.00 -100 -0.19891
10.00 -100 -0.11806
15.00 -100 0.24213E-01
20.00 -100 0.15224
25.00 -100 0.18177
30.00 -100 0.98727E-01
35.00 -100 -0.22944E-01
40.00 -100 -0.81541E-01
45.00 -100 -0.29996E-01
50.00 -100 0.93728E-01
55.00 -100 0.21076
60.00 -100 0.27286
65.00 -100 0.29346
75.00 -100 0.35710
-45.00 -95 0.58673E-01
-40.00 -95 0.43170E-01
-35.00 -95 -0.58309E-01
-30.00 -95 -0.22838
-25.00 -95 -0.37280
-20.00 -95 -0.39931
-15.00 -95 -0.29881
-10.00 -95 -0.15279
-5.00 -95 -0.60078E-01
0.00 -95 -0.51471E-01
5.00 -95 -0.71588E-01
10.00 -95 -0.42108E-01
15.00 -95 0.56346E-01
20.00 -95 0.16254
25.00 -95 0.19277
30.00 -95 0.12189
35.00 -95 0.99151E-02
40.00 -95 -0.49592E-01
45.00 -95 -0.93737E-02
-80.00 -90 0.32675
-70.00 -90 0.37615
-65.00 -90 0.33410
-60.00 -90 0.23980
-55.00 -90 0.15650
-50.00 -90 0.13685
-45.00 -90 0.16457
-40.00 -90 0.16445
-35.00 -90 0.75686E-01
-30.00 -90 -0.80305E-01
-25.00 -90 -0.20579
-20.00 -90 -0.20651
-15.00 -90 -0.74605E-01
-10.00 -90 0.10152
-5.00 -90 0.21051
0.00 -90 0.20832
5.00 -90 0.14505
10.00 -90 0.10793
15.00 -90 0.13735
20.00 -90 0.19436
25.00 -90 0.20619
30.00 -90 0.14178
35.00 -90 0.43881E-01
40.00 -90 -0.10727E-01
45.00 -90 0.18439E-01
50.00 -90 0.10265
55.00 -90 0.17704
60.00 -90 0.20344
65.00 -90 0.20071
70.00 -90 0.21571
80.00 -90 0.33137
-85.00 -85 0.34348
-45.00 -85 0.25725
-40.00 -85 0.28868
-35.00 -85 0.23760
-30.00 -85 0.11879
-25.00 -85 0.20440E-01
-20.00 -85 0.31942E-01
-15.00 -85 0.16481
-10.00 -85 0.33862
-5.00 -85 0.44572
0.00 -85 0.43698
5.00 -85 0.35316
10.00 -85 0.27802
15.00 -85 0.26047
20.00 -85 0.27801
25.00 -85 0.27052
30.00 -85 0.20628
35.00 -85 0.11472
40.00 -85 0.56812E-01
45.00 -85 0.65669E-01
85.00 -85 0.34060
-75.00 -80 0.34323
-65.00 -80 0.33596
-60.00 -80 0.27561
-55.00 -80 0.23067
-50.00 -80 0.24775
-45.00 -80 0.31749
-40.00 -80 0.37638
-35.00 -80 0.36388
-30.00 -80 0.28223
-25.00 -80 0.20118
-20.00 -80 0.19977
-15.00 -80 0.29666
-10.00 -80 0.43245
-5.00 -80 0.51983
0.00 -80 0.51575
5.00 -80 0.45084
10.00 -80 0.39277
15.00 -80 0.38131
20.00 -80 0.39638
25.00 -80 0.38563
30.00 -80 0.32055
35.00 -80 0.22532
40.00 -80 0.15214
45.00 -80 0.13054
50.00 -80 0.14201
55.00 -80 0.14424
60.00 -80 0.11839
65.00 -80 0.90716E-01
75.00 -80 0.17766
-70.00 -75 0.35115
-45.00 -75 0.33981
-40.00 -75 0.40590
-35.00 -75 0.41334
-30.00 -75 0.35255
-25.00 -75 0.27233
-20.00 -75 0.23789
-15.00 -75 0.27466
-10.00 -75 0.34954
-5.00 -75 0.40530
0.00 -75 0.41400
5.00 -75 0.39864
10.00 -75 0.40405
15.00 -75 0.44763
20.00 -75 0.49855
25.00 -75 0.50541
30.00 -75 0.44458
35.00 -75 0.34219
40.00 -75 0.24928
45.00 -75 0.19584
70.00 -75 0.56866E-01
-65.00 -70 0.34163
-60.00 -70 0.31175
-55.00 -70 0.28248
-50.00 -70 0.28934
-45.00 -70 0.33595
-40.00 -70 0.38483
-35.00 -70 0.38848
-30.00 -70 0.33167
-25.00 -70 0.24502
-20.00 -70 0.17769
-15.00 -70 0.15625
-10.00 -70 0.16890
-5.00 -70 0.18780
0.00 -70 0.20428
5.00 -70 0.23923
10.00 -70 0.31737
15.00 -70 0.43141
20.00 -70 0.53428
25.00 -70 0.57085
30.00 -70 0.52161
35.00 -70 0.41763
40.00 -70 0.31256
45.00 -70 0.23831
50.00 -70 0.18572
55.00 -70 0.12723
60.00 -70 0.56734E-01
65.00 -70 0.54481E-02
-45.00 -65 0.32762
-40.00 -65 0.34213
-35.00 -65 0.32611
-30.00 -65 0.26690
-25.00 -65 0.18231
-20.00 -65 0.10381
-15.00 -65 0.49996E-01
-10.00 -65 0.17993E-01
-5.00 -65 0.25895E-03
0.00 -65 0.62490E-02
5.00 -65 0.61770E-01
10.00 -65 0.18193
15.00 -65 0.34323
20.00 -65 0.48562
25.00 -65 0.54924
30.00 -65 0.51620
35.00 -65 0.42083
40.00 -65 0.31861
45.00 -65 0.24201
-80.00 -60 0.31995
-75.00 -60 0.31130
-70.00 -60 0.33752
-65.00 -60 0.37155
-60.00 -60 0.38638
-55.00 -60 0.37656
-50.00 -60 0.35493
-45.00 -60 0.33295
-40.00 -60 0.30761
-35.00 -60 0.26767
-30.00 -60 0.20960
-25.00 -60 0.14369
-20.00 -60 0.83478E-01
-15.00 -60 0.31679E-01
-10.00 -60 -0.18819E-01
-5.00 -60 -0.67522E-01
0.00 -60 -0.91753E-01
5.00 -60 -0.55743E-01
10.00 -60 0.58309E-01
15.00 -60 0.22395
20.00 -60 0.37676
25.00 -60 0.45389
30.00 -60 0.43611
35.00 -60 0.35678
40.00 -60 0.27004
45.00 -60 0.20699
50.00 -60 0.15852
55.00 -60 0.98447E-01
60.00 -60 0.22288E-01
65.00 -60 -0.37199E-01
70.00 -60 -0.34179E-01
75.00 -60 0.47403E-01
80.00 -60 0.17335
-45.00 -55 0.35537
-40.00 -55 0.29356
-35.00 -55 0.23256
-30.00 -55 0.18041
-25.00 -55 0.14375
-20.00 -55 0.12070
-15.00 -55 0.96107E-01
-10.00 -55 0.51194E-01
-5.00 -55 -0.15645E-01
0.00 -55 -0.75943E-01
5.00 -55 -0.84159E-01
10.00 -55 -0.12264E-01
15.00 -55 0.12155
20.00 -55 0.25749
25.00 -55 0.33283
30.00 -55 0.32464
35.00 -55 0.26105
40.00 -55 0.19227
45.00 -55 0.14778
-65.00 -50 0.41360
-60.00 -50 0.47979
-55.00 -50 0.49884
-50.00 -50 0.46064
-45.00 -50 0.38174
-40.00 -50 0.29029
-35.00 -50 0.21226
-30.00 -50 0.16500
-25.00 -50 0.15345
-20.00 -50 0.16597
-15.00 -50 0.17526
-10.00 -50 0.15184
-5.00 -50 0.86656E-01
0.00 -50 0.51667E-02
5.00 -50 -0.43837E-01
10.00 -50 -0.22279E-01
15.00 -50 0.65486E-01
20.00 -50 0.17108
25.00 -50 0.23524
30.00 -50 0.23005
35.00 -50 0.17539
40.00 -50 0.11645
45.00 -50 0.83354E-01
50.00 -50 0.69440E-01
55.00 -50 0.46520E-01
60.00 -50 0.10909E-02
65.00 -50 -0.44174E-01
-70.00 -45 0.33789
-45.00 -45 0.39044
-40.00 -45 0.27675
-35.00 -45 0.18555
-30.00 -45 0.13746
-25.00 -45 0.13537
-20.00 -45 0.16505
-15.00 -45 0.19800
-10.00 -45 0.20185
-5.00 -45 0.15941
0.00 -45 0.84615E-01
5.00 -45 0.18914E-01
10.00 -45 0.43485E-02
15.00 -45 0.51160E-01
20.00 -45 0.12692
25.00 -45 0.17905
30.00 -45 0.17412
35.00 -45 0.12133
40.00 -45 0.60410E-01
45.00 -45 0.25548E-01
70.00 -45 -0.40065E-01
-75.00 -40 0.29236
-65.00 -40 0.42896
-60.00 -40 0.51884
-55.00 -40 0.54291
-50.00 -40 0.48203
-45.00 -40 0.36383
-40.00 -40 0.23684
-35.00 -40 0.13970
-30.00 -40 0.87980E-01
-25.00 -40 0.79411E-01
-20.00 -40 0.10268
-15.00 -40 0.13963
-10.00 -40 0.16563
-5.00 -40 0.15841
0.00 -40 0.11441
5.00 -40 0.57492E-01
10.00 -40 0.26055E-01
15.00 -40 0.43564E-01
20.00 -40 0.96675E-01
25.00 -40 0.14244
30.00 -40 0.14154
35.00 -40 0.89829E-01
40.00 -40 0.20260E-01
45.00 -40 -0.26496E-01
50.00 -40 -0.35809E-01
55.00 -40 -0.26314E-01
60.00 -40 -0.25006E-01
65.00 -40 -0.35250E-01
75.00 -40 0.24457E-01
-45.00 -35 0.29746
-40.00 -35 0.16965
-35.00 -35 0.80605E-01
-30.00 -35 0.31898E-01
-25.00 -35 0.10306E-01
-20.00 -35 0.87510E-02
-15.00 -35 0.27535E-01
-10.00 -35 0.59753E-01
-5.00 -35 0.83900E-01
0.00 -35 0.77825E-01
5.00 -35 0.41871E-01
10.00 -35 0.48419E-02
15.00 -35 0.13056E-02
20.00 -35 0.38590E-01
25.00 -35 0.85581E-01
30.00 -35 0.97013E-01
35.00 -35 0.52985E-01
40.00 -35 -0.22654E-01
45.00 -35 -0.82631E-01
-85.00 -30 0.38400
-80.00 -30 0.32489
-70.00 -30 0.30899
-65.00 -30 0.39002
-60.00 -30 0.45641
-55.00 -30 0.44264
-50.00 -30 0.34055
-45.00 -30 0.20125
-40.00 -30 0.87832E-01
-35.00 -30 0.25791E-01
-30.00 -30 -0.48162E-02
-25.00 -30 -0.35188E-01
-20.00 -30 -0.71015E-01
-15.00 -30 -0.90489E-01
-10.00 -30 -0.75324E-01
-5.00 -30 -0.38324E-01
0.00 -30 -0.15845E-01
5.00 -30 -0.31734E-01
10.00 -30 -0.70697E-01
15.00 -30 -0.90904E-01
20.00 -30 -0.65696E-01
25.00 -30 -0.13292E-01
30.00 -30 0.16577E-01
35.00 -30 -0.11738E-01
40.00 -30 -0.85189E-01
45.00 -30 -0.15186
50.00 -30 -0.16610
55.00 -30 -0.12589
60.00 -30 -0.67867E-01
65.00 -30 -0.26871E-01
70.00 -30 -0.12212E-02
80.00 -30 0.12578
85.00 -30 0.23551
-45.00 -25 0.93417E-01
-40.00 -25 0.71351E-02
-35.00 -25 -0.12177E-01
-30.00 -25 -0.97153E-02
-25.00 -25 -0.39770E-01
-20.00 -25 -0.11137
-15.00 -25 -0.18257
-10.00 -25 -0.20588
-5.00 -25 -0.17728
0.00 -25 -0.13939
5.00 -25 -0.13730
10.00 -25 -0.17273
15.00 -25 -0.20363
20.00 -25 -0.18928
25.00 -25 -0.13501
30.00 -25 -0.90619E-01
35.00 -25 -0.10284
40.00 -25 -0.16829
45.00 -25 -0.23326
-75.00 -20 0.27193
-65.00 -20 0.30807
-60.00 -20 0.32598
-55.00 -20 0.26155
-50.00 -20 0.12493
-45.00 -20 -0.82410E-02
-40.00 -20 -0.64118E-01
-35.00 -20 -0.37940E-01
-30.00 -20 0.23165E-02
-25.00 -20 -0.20632E-01
-20.00 -20 -0.12278
-15.00 -20 -0.24659
-10.00 -20 -0.31616
-5.00 -20 -0.30537
0.00 -20 -0.25519
5.00 -20 -0.22775
10.00 -20 -0.24564
15.00 -20 -0.27625
20.00 -20 -0.27308
25.00 -20 -0.22919
30.00 -20 -0.18705
35.00 -20 -0.19502
40.00 -20 -0.25477
45.00 -20 -0.31354
50.00 -20 -0.30991
55.00 -20 -0.22882
60.00 -20 -0.11275
65.00 -20 -0.19546E-01
75.00 -20 0.66648E-01
-70.00 -15 0.24384
-45.00 -15 -0.92316E-01
-40.00 -15 -0.12836
-35.00 -15 -0.71946E-01
-30.00 -15 -0.42309E-02
-25.00 -15 -0.18580E-01
-20.00 -15 -0.13889
-15.00 -15 -0.29938
-10.00 -15 -0.40262
-5.00 -15 -0.40100
0.00 -15 -0.32869
5.00 -15 -0.26041
10.00 -15 -0.24203
15.00 -15 -0.25928
20.00 -15 -0.26853
25.00 -15 -0.25135
30.00 -15 -0.23465
35.00 -15 -0.25715
40.00 -15 -0.31959
45.00 -15 -0.37260
70.00 -15 0.46539E-01
-65.00 -10 0.22053
-60.00 -10 0.20542
-55.00 -10 0.12066
-50.00 -10 -0.24514E-01
-45.00 -10 -0.15474
-40.00 -10 -0.19358
-35.00 -10 -0.13686
-30.00 -10 -0.63750E-01
-25.00 -10 -0.71500E-01
-20.00 -10 -0.19088
-15.00 -10 -0.35792
-10.00 -10 -0.46670
-5.00 -10 -0.45509
0.00 -10 -0.34841
5.00 -10 -0.22824
10.00 -10 -0.16160
15.00 -10 -0.15676
20.00 -10 -0.17893
25.00 -10 -0.19952
30.00 -10 -0.22421
35.00 -10 -0.27394
40.00 -10 -0.34451
45.00 -10 -0.39291
50.00 -10 -0.36910
55.00 -10 -0.26309
60.00 -10 -0.11918
65.00 -10 -0.67107E-03
-45.00 -5 -0.19597
-40.00 -5 -0.26454
-35.00 -5 -0.24167
-30.00 -5 -0.18795
-25.00 -5 -0.19127
-20.00 -5 -0.28827
-15.00 -5 -0.42865
-10.00 -5 -0.51441
-5.00 -5 -0.47907
0.00 -5 -0.33836
5.00 -5 -0.17239
10.00 -5 -0.61418E-01
15.00 -5 -0.33799E-01
20.00 -5 -0.65798E-01
25.00 -5 -0.12091
30.00 -5 -0.18332
35.00 -5 -0.25473
40.00 -5 -0.32682
45.00 -5 -0.36696
90.00 0.00 0.32158
-90.00 0.00 0.39043
