-85.00 0.00 0.43423
-80.00 0.00 0.44348
-75.00 0.00 0.33735
-70.00 0.00 0.16132
-65.00 0.00 -0.40941E-01
-60.00 0.00 -0.24533
-55.00 0.00 -0.43124
-50.00 0.00 -0.55969
-45.00 0.00 -0.57834
-40.00 0.00 -0.45968
-35.00 0.00 -0.23913
-30.00 0.00 -0.91226E-02
-25.00 0.00 0.13953
-20.00 0.00 0.18620
-15.00 0.00 0.19843
-10.00 0.00 0.27643
-5.00 0.00 0.46464
0.00 0.00 0.70394
5.00 0.00 0.86828
10.00 0.00 0.85949
15.00 0.00 0.68465
20.00 0.00 0.45323
25.00 0.00 0.29633
30.00 0.00 0.27227
35.00 0.00 0.33019
40.00 0.00 0.35500
45.00 0.00 0.25392
50.00 0.00 0.19655E-01
55.00 0.00 -0.26958
60.00 0.00 -0.50324
65.00 0.00 -0.60224
70.00 0.00 -0.55483
75.00 0.00 -0.40999
80.00 0.00 -0.24730
85.00 0.00 -0.13375
-45.00 5.00 -0.48006
-40.00 5.00 -0.30608
-35.00 5.00 -0.61244E-01
-30.00 5.00 0.16070
-25.00 5.00 0.29610
-20.00 5.00 0.35377
-15.00 5.00 0.39944
-10.00 5.00 0.49197
-5.00 5.00 0.62455
0.00 5.00 0.72294
5.00 5.00 0.70492
10.00 5.00 0.55195
15.00 5.00 0.33286
20.00 5.00 0.15949
25.00 5.00 0.10939
30.00 5.00 0.17554
35.00 5.00 0.27714
40.00 5.00 0.31724
45.00 5.00 0.24148
-65.00 10.00 -0.83185E-02
-60.00 10.00 -0.23907
-55.00 10.00 -0.41222
-50.00 10.00 -0.46102
-45.00 10.00 -0.34787
-40.00 10.00 -0.10291
-35.00 10.00 0.17888
-30.00 10.00 0.39328
-25.00 10.00 0.49651
-20.00 10.00 0.52963
-15.00 10.00 0.57307
-10.00 10.00 0.66790
-5.00 10.00 0.77260
0.00 10.00 0.79495
5.00 10.00 0.67283
10.00 10.00 0.43442
15.00 10.00 0.18604
20.00 10.00 0.38417E-01
25.00 10.00 0.32641E-01
30.00 10.00 0.12253
35.00 10.00 0.21869
40.00 10.00 0.25064
45.00 10.00 0.19840
50.00 10.00 0.81553E-01
55.00 10.00 -0.68227E-01
60.00 10.00 -0.22097
65.00 10.00 -0.34480
-70.00 15.00 0.23591
-45.00 15.00 -0.24023
-40.00 15.00 0.78013E-01
-35.00 15.00 0.40743
-30.00 15.00 0.62365
-25.00 15.00 0.68876
-20.00 15.00 0.67038
-15.00 15.00 0.67520
-10.00 15.00 0.75171
-5.00 15.00 0.84637
0.00 15.00 0.85187
5.00 15.00 0.70454
10.00 15.00 0.44517
15.00 15.00 0.19154
20.00 15.00 0.49709E-01
25.00 15.00 0.41995E-01
30.00 15.00 0.10804
35.00 15.00 0.16676
40.00 15.00 0.17678
45.00 15.00 0.14540
70.00 15.00 -0.32697
-75.00 20.00 0.43859
-65.00 20.00 -0.11542E-01
-60.00 20.00 -0.26260
-55.00 20.00 -0.43116
-50.00 20.00 -0.42591
-45.00 20.00 -0.20565
-40.00 20.00 0.16780
-35.00 20.00 0.54416
-30.00 20.00 0.77385
-25.00 20.00 0.80795
-20.00 20.00 0.72450
-15.00 20.00 0.65524
-10.00 20.00 0.67301
-5.00 20.00 0.73637
0.00 20.00 0.73701
5.00 20.00 0.60405
10.00 20.00 0.37063
15.00 20.00 0.14630
20.00 20.00 0.26129E-01
25.00 20.00 0.21251E-01
30.00 20.00 0.68768E-01
35.00 20.00 0.10080
40.00 20.00 0.10063
45.00 20.00 0.95389E-01
50.00 20.00 0.10328
55.00 20.00 0.98449E-01
60.00 20.00 0.33823E-01
65.00 20.00 -0.10193
75.00 20.00 -0.34238
-45.00 25.00 -0.25991
-40.00 25.00 0.13185
-35.00 25.00 0.53772
-30.00 25.00 0.78610
-25.00 25.00 0.80386
-20.00 25.00 0.65883
-15.00 25.00 0.49461
-10.00 25.00 0.41262
-5.00 25.00 0.40182
0.00 25.00 0.37230
5.00 25.00 0.25441
10.00 25.00 0.69026E-01
15.00 25.00 -0.92683E-01
20.00 25.00 -0.15359
25.00 25.00 -0.11507
30.00 25.00 -0.43026E-01
35.00 25.00 0.28385E-02
40.00 25.00 0.21416E-01
45.00 25.00 0.52881E-01
-80.00 30.00 0.55792
-70.00 30.00 0.22661
-65.00 30.00 -0.36896E-01
-60.00 30.00 -0.30522
-55.00 30.00 -0.50905
-50.00 30.00 -0.55421
-45.00 30.00 -0.37686
-40.00 30.00 -0.13042E-01
-35.00 30.00 0.38973
-30.00 30.00 0.64989
-25.00 30.00 0.66746
-20.00 30.00 0.48465
-15.00 30.00 0.23996
-10.00 30.00 0.55717E-01
-5.00 30.00 -0.43935E-01
0.00 30.00 -0.11929
5.00 30.00 -0.22985
10.00 30.00 -0.36467
15.00 30.00 -0.45281
20.00 30.00 -0.43661
25.00 30.00 -0.32989
30.00 30.00 -0.20293
35.00 30.00 -0.11323
40.00 30.00 -0.55439E-01
45.00 30.00 0.17317E-01
50.00 30.00 0.12451
55.00 30.00 0.21668
60.00 30.00 0.21028
65.00 30.00 0.69541E-01
70.00 30.00 -0.14458
80.00 30.00 -0.34082
-45.00 35.00 -0.49922
-40.00 35.00 -0.20579
-35.00 35.00 0.15361
-30.00 35.00 0.40580
-25.00 35.00 0.43414
-20.00 35.00 0.25279
-15.00 35.00 -0.17001E-01
-10.00 35.00 -0.24654
-5.00 35.00 -0.38766
0.00 35.00 -0.47735
5.00 35.00 -0.56796
10.00 35.00 -0.65887
15.00 35.00 -0.69631
20.00 35.00 -0.63452
25.00 35.00 -0.48979
30.00 35.00 -0.32943
35.00 35.00 -0.20797
40.00 35.00 -0.11897
45.00 35.00 -0.15101E-01
-75.00 40.00 0.42318
-65.00 40.00 -0.34387E-01
-60.00 40.00 -0.26803
-55.00 40.00 -0.47341
-50.00 40.00 -0.59494
-45.00 40.00 -0.56525
-40.00 40.00 -0.37002
-35.00 40.00 -0.91718E-01
-30.00 40.00 0.12366
-25.00 40.00 0.16160
-20.00 40.00 0.18231E-01
-15.00 40.00 -0.20563
-10.00 40.00 -0.38962
-5.00 40.00 -0.48213
0.00 40.00 -0.51693
5.00 40.00 -0.55358
10.00 40.00 -0.60738
15.00 40.00 -0.63722
20.00 40.00 -0.59622
25.00 40.00 -0.48615
30.00 40.00 -0.35660
35.00 40.00 -0.25165
40.00 40.00 -0.16432
45.00 40.00 -0.51600E-01
50.00 40.00 0.10232
55.00 40.00 0.24271
60.00 40.00 0.27443
65.00 40.00 0.14655
75.00 40.00 -0.29469
-70.00 45.00 0.19673
-45.00 45.00 -0.53873
-40.00 45.00 -0.45023
-35.00 45.00 -0.27849
-30.00 45.00 -0.12959
-25.00 45.00 -0.97968E-01
-20.00 45.00 -0.19133
-15.00 45.00 -0.32605
-10.00 45.00 -0.39946
-5.00 45.00 -0.37406
0.00 45.00 -0.29868
5.00 45.00 -0.25297
10.00 45.00 -0.27261
15.00 45.00 -0.32578
20.00 45.00 -0.35564
25.00 45.00 -0.33826
30.00 45.00 -0.29509
35.00 45.00 -0.25271
40.00 45.00 -0.20084
45.00 45.00 -0.10145
70.00 45.00 -0.75514E-01
-65.00 50.00 0.20467E-01
-60.00 50.00 -0.10843
-55.00 50.00 -0.22576
-50.00 50.00 -0.34343
-45.00 50.00 -0.42766
-40.00 50.00 -0.43682
-35.00 50.00 -0.37737
-30.00 50.00 -0.31286
-25.00 50.00 -0.30987
-20.00 50.00 -0.37212
-15.00 50.00 -0.43006
-10.00 50.00 -0.40109
-5.00 50.00 -0.26587
0.00 50.00 -0.89595E-01
5.00 50.00 0.31119E-01
10.00 50.00 0.44759E-01
15.00 50.00 -0.24573E-01
20.00 50.00 -0.11372
25.00 50.00 -0.17978
30.00 50.00 -0.22160
35.00 50.00 -0.24910
40.00 50.00 -0.24492
45.00 50.00 -0.17046
50.00 50.00 -0.17023E-01
55.00 50.00 0.15327
60.00 50.00 0.23196
65.00 50.00 0.14653
-85.00 55.00 0.53007
-45.00 55.00 -0.28196
-40.00 55.00 -0.36772
-35.00 55.00 -0.40281
-30.00 55.00 -0.41570
-25.00 55.00 -0.45131
-20.00 55.00 -0.51382
-15.00 55.00 -0.54994
-10.00 55.00 -0.49452
-5.00 55.00 -0.33598
0.00 55.00 -0.13708
5.00 55.00 0.10366E-01
10.00 55.00 0.54305E-01
15.00 55.00 0.11447E-01
20.00 55.00 -0.64708E-01
25.00 55.00 -0.13722
30.00 55.00 -0.20411
35.00 55.00 -0.26834
40.00 55.00 -0.30180
45.00 55.00 -0.25409
85.00 55.00 -0.29521
-80.00 60.00 0.53627
-75.00 60.00 0.38007
-70.00 60.00 0.19709
-65.00 60.00 0.92126E-01
-60.00 60.00 0.66063E-01
-55.00 60.00 0.45042E-01
-50.00 60.00 -0.35258E-01
-45.00 60.00 -0.17110
-40.00 60.00 -0.30673
-35.00 60.00 -0.39732
-30.00 60.00 -0.45019
-25.00 60.00 -0.50529
-20.00 60.00 -0.58152
-15.00 60.00 -0.64875
-10.00 60.00 -0.65498
-5.00 60.00 -0.57939
0.00 60.00 -0.45565
5.00 60.00 -0.34260
10.00 60.00 -0.27450
15.00 60.00 -0.24228
20.00 60.00 -0.22140
25.00 60.00 -0.21027
30.00 60.00 -0.23191
35.00 60.00 -0.29408
40.00 60.00 -0.35382
45.00 60.00 -0.33601
50.00 60.00 -0.20125
55.00 60.00 -0.12267E-02
60.00 60.00 0.14051
65.00 60.00 0.11966
70.00 60.00 -0.59159E-01
75.00 60.00 -0.27547
80.00 60.00 -0.37941
-45.00 65.00 -0.15221
-40.00 65.00 -0.31034
-35.00 65.00 -0.40544
-30.00 65.00 -0.43980
-25.00 65.00 -0.46780
-20.00 65.00 -0.53787
-15.00 65.00 -0.64829
-10.00 65.00 -0.75522
-5.00 65.00 -0.81574
0.00 65.00 -0.81766
5.00 65.00 -0.77124
10.00 65.00 -0.68365
15.00 65.00 -0.55423
20.00 65.00 -0.39826
25.00 65.00 -0.26570
30.00 65.00 -0.21836
35.00 65.00 -0.27377
40.00 65.00 -0.36947
45.00 65.00 -0.39571
-65.00 70.00 0.13238
-60.00 70.00 0.11613
-55.00 70.00 0.74621E-01
-50.00 70.00 -0.54737E-01
-45.00 70.00 -0.24365
-40.00 70.00 -0.39945
-35.00 70.00 -0.45077
-30.00 70.00 -0.41043
-25.00 70.00 -0.36175
-20.00 70.00 -0.38811
-15.00 70.00 -0.51201
-10.00 70.00 -0.69042
-5.00 70.00 -0.85527
0.00 70.00 -0.95289
5.00 70.00 -0.95346
10.00 70.00 -0.84380
15.00 70.00 -0.63276
20.00 70.00 -0.37141
25.00 70.00 -0.15511
30.00 70.00 -0.78857E-01
35.00 70.00 -0.16535
40.00 70.00 -0.32861
45.00 70.00 -0.42126
50.00 70.00 -0.34358
55.00 70.00 -0.12836
60.00 70.00 0.76098E-01
65.00 70.00 0.12022
-70.00 75.00 0.22663
-45.00 75.00 -0.41630
-40.00 75.00 -0.54914
-35.00 75.00 -0.52540
-30.00 75.00 -0.38217
-25.00 75.00 -0.23696
-20.00 75.00 -0.19936
-15.00 75.00 -0.29934
-10.00 75.00 -0.48365
-5.00 75.00 -0.66524
0.00 75.00 -0.77230
5.00 75.00 -0.76367
10.00 75.00 -0.62430
15.00 75.00 -0.37187
20.00 75.00 -0.75967E-01
25.00 75.00 0.14581
30.00 75.00 0.18348
35.00 75.00 0.17403E-01
40.00 75.00 -0.24304
45.00 75.00 -0.41725
70.00 75.00 0.38984E-02
-75.00 80.00 0.38603
-65.00 80.00 0.14969
-60.00 80.00 0.54520E-01
-55.00 80.00 -0.11511
-50.00 80.00 -0.36726
-45.00 80.00 -0.60622
-40.00 80.00 -0.70089
-35.00 80.00 -0.59550
-30.00 80.00 -0.36163
-25.00 80.00 -0.14633
-20.00 80.00 -0.64911E-01
-15.00 80.00 -0.13031
-10.00 80.00 -0.26759
-5.00 80.00 -0.38279
0.00 80.00 -0.41695
5.00 80.00 -0.35043
10.00 80.00 -0.18302
15.00 80.00 0.65754E-01
20.00 80.00 0.33164
25.00 80.00 0.50058
30.00 80.00 0.46297
35.00 80.00 0.20372
40.00 80.00 -0.15208
45.00 80.00 -0.40015
50.00 80.00 -0.39751
55.00 80.00 -0.17392
60.00 80.00 0.84752E-01
65.00 80.00 0.17764
75.00 80.00 -0.20183
-45.00 85.00 -0.74219
-40.00 85.00 -0.79058
-35.00 85.00 -0.62005
-30.00 85.00 -0.34010
-25.00 85.00 -0.11399
-20.00 85.00 -0.38043E-01
-15.00 85.00 -0.86505E-01
-10.00 85.00 -0.15868
-5.00 85.00 -0.17045
0.00 85.00 -0.10287
5.00 85.00 0.21917E-01
10.00 85.00 0.18832
15.00 85.00 0.39239
20.00 85.00 0.59888
25.00 85.00 0.71297
30.00 85.00 0.62589
35.00 85.00 0.31527
40.00 85.00 -0.93410E-01
45.00 85.00 -0.38319
-80.00 90.00 0.49956
-70.00 90.00 0.30896
-65.00 90.00 0.20277
-60.00 90.00 0.35906E-01
-55.00 90.00 -0.23526
-50.00 90.00 -0.55362
-45.00 90.00 -0.77486
-40.00 90.00 -0.77829
-35.00 90.00 -0.57391
-30.00 90.00 -0.30240
-25.00 90.00 -0.12361
-20.00 90.00 -0.93859E-01
-15.00 90.00 -0.14036
-10.00 90.00 -0.14693
-5.00 90.00 -0.61226E-01
0.00 90.00 0.77875E-01
5.00 90.00 0.20621
10.00 90.00 0.31113
15.00 90.00 0.43104
20.00 90.00 0.57895
25.00 90.00 0.68094
30.00 90.00 0.61433
35.00 90.00 0.32763
40.00 90.00 -0.71545E-01
45.00 90.00 -0.36251
50.00 90.00 -0.37342
55.00 90.00 -0.12522
60.00 90.00 0.17391
65.00 90.00 0.28889
70.00 90.00 0.14064
80.00 90.00 -0.33703
-45.00 95.00 -0.69396
-40.00 95.00 -0.66456
-35.00 95.00 -0.46225
-30.00 95.00 -0.24182
-25.00 95.00 -0.13776
-20.00 95.00 -0.15473
-15.00 95.00 -0.18121
-10.00 95.00 -0.10976
-5.00 95.00 0.55862E-01
0.00 95.00 0.21142
5.00 95.00 0.26596
10.00 95.00 0.23927
15.00 95.00 0.23919
20.00 95.00 0.33788
25.00 95.00 0.47442
30.00 95.00 0.49272
35.00 95.00 0.29213
40.00 95.00 -0.50919E-01
45.00 95.00 -0.31675
-75.00 100.00 0.44195
-65.00 100.00 0.32102
-60.00 100.00 0.16248
-55.00 100.00 -0.98466E-01
-50.00 100.00 -0.37439
-45.00 100.00 -0.52667
-40.00 100.00 -0.48502
-35.00 100.00 -0.31630
-30.00 100.00 -0.16727
-25.00 100.00 -0.12920
-20.00 100.00 -0.15512
-15.00 100.00 -0.11472
-10.00 100.00 0.63158E-01
-5.00 100.00 0.30130
0.00 100.00 0.43356
5.00 100.00 0.36274
10.00 100.00 0.16457
15.00 100.00 0.29050E-01
20.00 100.00 0.85507E-01
25.00 100.00 0.27507
30.00 100.00 0.39750
35.00 100.00 0.29721
40.00 100.00 0.17803E-01
45.00 100.00 -0.22255
50.00 100.00 -0.21963
55.00 100.00 0.32741E-01
60.00 100.00 0.32985
65.00 100.00 0.42720
75.00 100.00 -0.81522E-01
-70.00 105.00 0.43220
-45.00 105.00 -0.32044
-40.00 105.00 -0.28769
-35.00 105.00 -0.17144
-30.00 105.00 -0.92458E-01
-25.00 105.00 -0.92546E-01
-20.00 105.00 -0.84765E-01
-15.00 105.00 0.58381E-01
-10.00 105.00 0.35618
-5.00 105.00 0.66015
0.00 105.00 0.75935
5.00 105.00 0.56775
10.00 105.00 0.22024
15.00 105.00 -0.24142E-01
20.00 105.00 0.25882E-02
25.00 105.00 0.23416
30.00 105.00 0.43164
35.00 105.00 0.39856
40.00 105.00 0.15678
45.00 105.00 -0.75553E-01
70.00 105.00 0.28623
-85.00 110.00 0.41811
-65.00 110.00 0.45071
-60.00 110.00 0.35994
-55.00 110.00 0.17916
-50.00 110.00 -0.15123E-01
-45.00 110.00 -0.12124
-40.00 110.00 -0.10794
-35.00 110.00 -0.42734E-01
-30.00 110.00 -0.14891E-01
-25.00 110.00 -0.26959E-01
-20.00 110.00 0.26884E-01
-15.00 110.00 0.25624
-10.00 110.00 0.63532
-5.00 110.00 0.97284
0.00 110.00 1.0447
5.00 110.00 0.78677
10.00 110.00 0.37272
15.00 110.00 0.91148E-01
20.00 110.00 0.11601
25.00 110.00 0.36770
30.00 110.00 0.58934
35.00 110.00 0.57307
40.00 110.00 0.33721
45.00 110.00 0.99216E-01
50.00 110.00 0.73173E-01
55.00 110.00 0.27592
60.00 110.00 0.51311
65.00 110.00 0.55149
85.00 110.00 -0.29191
-45.00 115.00 0.40486E-01
-40.00 115.00 0.42531E-01
-35.00 115.00 0.81975E-01
-30.00 115.00 0.92301E-01
-25.00 115.00 0.85529E-01
-20.00 115.00 0.16020
-15.00 115.00 0.40244
-10.00 115.00 0.76829
-5.00 115.00 1.0719
0.00 115.00 1.1161
5.00 115.00 0.86274
10.00 115.00 0.48840
15.00 115.00 0.25828
20.00 115.00 0.31575
25.00 115.00 0.56765
30.00 115.00 0.76845
35.00 115.00 0.73306
40.00 115.00 0.49236
45.00 115.00 0.25667
-80.00 120.00 0.39760
-75.00 120.00 0.41488
-70.00 120.00 0.45653
-65.00 120.00 0.48921
-60.00 120.00 0.45684
-55.00 120.00 0.34817
-50.00 120.00 0.22030
-45.00 120.00 0.15083
-40.00 120.00 0.16651
-35.00 120.00 0.22285
-30.00 120.00 0.25904
-25.00 120.00 0.27222
-20.00 120.00 0.32946
-15.00 120.00 0.49476
-10.00 120.00 0.73939
-5.00 120.00 0.93226
0.00 120.00 0.93789
5.00 120.00 0.74247
10.00 120.00 0.48835
15.00 120.00 0.37060
20.00 120.00 0.47594
25.00 120.00 0.70525
30.00 120.00 0.85446
35.00 120.00 0.78887
40.00 120.00 0.55916
45.00 120.00 0.35554
50.00 120.00 0.33892
55.00 120.00 0.49736
60.00 120.00 0.65373
65.00 120.00 0.61690
70.00 120.00 0.34483
75.00 120.00 -0.20836E-01
80.00 120.00 -0.26755
-45.00 125.00 0.20417
-40.00 125.00 0.26132
-35.00 125.00 0.37585
-30.00 125.00 0.47797
-25.00 125.00 0.52925
-20.00 125.00 0.55080
-15.00 125.00 0.58825
-10.00 125.00 0.65102
-5.00 125.00 0.69173
0.00 125.00 0.65296
5.00 125.00 0.53777
10.00 125.00 0.42931
15.00 125.00 0.42842
20.00 125.00 0.55899
25.00 125.00 0.73081
30.00 125.00 0.80472
35.00 125.00 0.71128
40.00 125.00 0.51830
45.00 125.00 0.38061
-65.00 130.00 0.36541
-60.00 130.00 0.34103
-55.00 130.00 0.26749
-50.00 130.00 0.19497
-45.00 130.00 0.19569
-40.00 130.00 0.30653
-35.00 130.00 0.49549
-30.00 130.00 0.68086
-25.00 130.00 0.78666
-20.00 130.00 0.78854
-15.00 130.00 0.71612
-10.00 130.00 0.61837
-5.00 130.00 0.52887
0.00 130.00 0.46043
5.00 130.00 0.42326
10.00 130.00 0.43595
15.00 130.00 0.50882
20.00 130.00 0.61548
25.00 130.00 0.69003
30.00 130.00 0.66854
35.00 130.00 0.54747
40.00 130.00 0.40416
45.00 130.00 0.34804
50.00 130.00 0.43140
55.00 130.00 0.59256
60.00 130.00 0.68699
65.00 130.00 0.59244
-70.00 135.00 0.24863
-45.00 135.00 0.12232
-40.00 135.00 0.27233
-35.00 135.00 0.51328
-30.00 135.00 0.76270
-25.00 135.00 0.92538
-20.00 135.00 0.94600
-15.00 135.00 0.83707
-10.00 135.00 0.66680
-5.00 135.00 0.51880
0.00 135.00 0.45098
5.00 135.00 0.47522
10.00 135.00 0.56120
15.00 135.00 0.65456
20.00 135.00 0.69902
25.00 135.00 0.65835
30.00 135.00 0.53590
35.00 135.00 0.38240
40.00 135.00 0.27857
45.00 135.00 0.29055
70.00 135.00 0.26973
-75.00 140.00 0.16958
-65.00 140.00 0.88572E-01
-60.00 140.00 0.31600E-01
-55.00 140.00 -0.29746E-01
-50.00 140.00 -0.58341E-01
-45.00 140.00 -0.85609E-02
-40.00 140.00 0.14504
-35.00 140.00 0.38487
-30.00 140.00 0.64812
-25.00 140.00 0.85060
-20.00 140.00 0.92754
-15.00 140.00 0.86948
-10.00 140.00 0.73043
-5.00 140.00 0.59985
0.00 140.00 0.55282
5.00 140.00 0.60803
10.00 140.00 0.71900
15.00 140.00 0.80328
20.00 140.00 0.79073
25.00 140.00 0.66302
30.00 140.00 0.46401
35.00 140.00 0.27815
40.00 140.00 0.18854
45.00 140.00 0.23356
50.00 140.00 0.38154
55.00 140.00 0.53867
60.00 140.00 0.59314
65.00 140.00 0.47870
75.00 140.00 -0.63944E-01
-45.00 145.00 -0.17097
-40.00 145.00 -0.49726E-01
-35.00 145.00 0.13326
-30.00 145.00 0.35442
-25.00 145.00 0.56953
-20.00 145.00 0.72381
-15.00 145.00 0.77878
-10.00 145.00 0.74068
-5.00 145.00 0.66490
0.00 145.00 0.62495
5.00 145.00 0.66272
10.00 145.00 0.75611
15.00 145.00 0.83041
20.00 145.00 0.80812
25.00 145.00 0.66292
30.00 145.00 0.44102
35.00 145.00 0.23653
40.00 145.00 0.13804
45.00 145.00 0.17909
-80.00 150.00 0.10383
-70.00 150.00 -0.14320
-65.00 150.00 -0.26349
-60.00 150.00 -0.35649
-55.00 150.00 -0.39689
-50.00 150.00 -0.37930
-45.00 150.00 -0.32242
-40.00 150.00 -0.24633
-35.00 150.00 -0.14726
-30.00 150.00 -0.54845E-03
-25.00 150.00 0.20547
-20.00 150.00 0.43738
-15.00 150.00 0.62332
-10.00 150.00 0.70111
-5.00 150.00 0.66899
0.00 150.00 0.59225
5.00 150.00 0.55462
10.00 150.00 0.59215
15.00 150.00 0.66407
20.00 150.00 0.68546
25.00 150.00 0.59570
30.00 150.00 0.40888
35.00 150.00 0.20835
40.00 150.00 0.91928E-01
45.00 150.00 0.10836
50.00 150.00 0.22734
55.00 150.00 0.35845
60.00 150.00 0.40385
65.00 150.00 0.31368
70.00 150.00 0.11525
80.00 150.00 -0.22493
-45.00 155.00 -0.41856
-40.00 155.00 -0.36626
-35.00 155.00 -0.33496
-30.00 155.00 -0.25914
-25.00 155.00 -0.73452E-01
-20.00 155.00 0.21383
-15.00 155.00 0.50300
-10.00 155.00 0.66591
-5.00 155.00 0.64250
0.00 155.00 0.48968
5.00 155.00 0.33884
10.00 155.00 0.29529
15.00 155.00 0.36171
20.00 155.00 0.44592
25.00 155.00 0.44234
30.00 155.00 0.31813
35.00 155.00 0.13680
40.00 155.00 0.68173E-02
45.00 155.00 0.64867E-03
-75.00 160.00 -0.21501
-65.00 160.00 -0.59258
-60.00 160.00 -0.69449
-55.00 160.00 -0.68005
-50.00 160.00 -0.56687
-45.00 160.00 -0.43325
-40.00 160.00 -0.35793
-35.00 160.00 -0.34596
-30.00 160.00 -0.31395
-25.00 160.00 -0.16061
-20.00 160.00 0.13184
-15.00 160.00 0.45705
-10.00 160.00 0.65005
-5.00 160.00 0.61171
0.00 160.00 0.38924
5.00 160.00 0.14343
10.00 160.00 0.27678E-01
15.00 160.00 0.77465E-01
20.00 160.00 0.19743
25.00 160.00 0.25002
30.00 160.00 0.16795
35.00 160.00 0.70024E-03
40.00 160.00 -0.13396
45.00 160.00 -0.14514
50.00 160.00 -0.33903E-01
55.00 160.00 0.11509
60.00 160.00 0.19812
65.00 160.00 0.16104
75.00 160.00 -0.12143
-85.00 165.00 0.12591
-70.00 165.00 -0.53391
-45.00 165.00 -0.37194
-40.00 165.00 -0.22442
-35.00 165.00 -0.17855
-30.00 165.00 -0.16446
-25.00 165.00 -0.70436E-01
-20.00 165.00 0.14951
-15.00 165.00 0.41739
-10.00 165.00 0.58057
-5.00 165.00 0.53304
0.00 165.00 0.30634
5.00 165.00 0.50347E-01
10.00 165.00 -0.81886E-01
15.00 165.00 -0.49272E-01
20.00 165.00 0.56570E-01
25.00 165.00 0.97229E-01
30.00 165.00 0.39229E-02
35.00 165.00 -0.17131
40.00 165.00 -0.30464
45.00 165.00 -0.30129
70.00 165.00 -0.10582E-03
85.00 165.00 -0.16517
-65.00 170.00 -0.82551
-60.00 170.00 -0.90539
-55.00 170.00 -0.81995
-50.00 170.00 -0.57769
-45.00 170.00 -0.26986
-40.00 170.00 -0.22403E-01
-35.00 170.00 0.90075E-01
-30.00 170.00 0.95385E-01
-25.00 170.00 0.91523E-01
-20.00 170.00 0.15579
-15.00 170.00 0.27503
-10.00 170.00 0.35994
-5.00 170.00 0.33043
0.00 170.00 0.19383
5.00 170.00 0.43316E-01
10.00 170.00 -0.22838E-01
15.00 170.00 0.11520E-01
20.00 170.00 0.65849E-01
25.00 170.00 0.34582E-01
30.00 170.00 -0.11783
35.00 170.00 -0.32075
40.00 170.00 -0.44964
45.00 170.00 -0.42132
50.00 170.00 -0.25450
55.00 170.00 -0.51923E-01
60.00 170.00 0.74665E-01
65.00 170.00 0.75836E-01
-45.00 175.00 -0.17576
-40.00 175.00 0.16550
-35.00 175.00 0.34716
-30.00 175.00 0.34046
-25.00 175.00 0.21454
-20.00 175.00 0.77560E-01
-15.00 175.00 0.11660E-02
-10.00 175.00 -0.11126E-01
-5.00 175.00 0.50502E-02
0.00 175.00 0.25919E-01
5.00 175.00 0.59186E-01
10.00 175.00 0.11643
15.00 175.00 0.17365
20.00 175.00 0.16904
25.00 175.00 0.50280E-01
30.00 175.00 -0.16861
35.00 175.00 -0.39594
40.00 175.00 -0.51515
45.00 175.00 -0.46423
-80.00 180.00 -0.25505
-75.00 180.00 -0.54009
-70.00 180.00 -0.77608
-65.00 180.00 -0.93427
-60.00 180.00 -0.97412
-55.00 180.00 -0.84957
-50.00 180.00 -0.54767
-45.00 180.00 -0.13023
-40.00 180.00 0.26742
-35.00 180.00 0.49626
-30.00 180.00 0.47704
-25.00 180.00 0.24785
-20.00 180.00 -0.60058E-01
-15.00 180.00 -0.29964
-10.00 180.00 -0.38309
-5.00 180.00 -0.30803
0.00 180.00 -0.13215
5.00 180.00 0.69829E-01
10.00 180.00 0.23272
15.00 180.00 0.30581
20.00 180.00 0.25591
25.00 180.00 0.83237E-01
30.00 180.00 -0.16083
35.00 180.00 -0.38076
40.00 180.00 -0.48023
45.00 180.00 -0.41895
50.00 180.00 -0.24089
55.00 180.00 -0.48302E-01
60.00 180.00 0.62770E-01
65.00 180.00 0.59297E-01
70.00 180.00 -0.18675E-01
75.00 180.00 -0.98467E-01
80.00 180.00 -0.12904
-45.00 -175 -0.14957
-40.00 -175 0.24880
-35.00 -175 0.48902
-30.00 -175 0.46595
-25.00 -175 0.19728
-20.00 -175 -0.17634
-15.00 -175 -0.46930
-10.00 -175 -0.55434
-5.00 -175 -0.42171
0.00 -175 -0.16230
5.00 -175 0.99761E-01
10.00 -175 0.27126
15.00 -175 0.31427
20.00 -175 0.23555
25.00 -175 0.68763E-01
30.00 -175 -0.13266
35.00 -175 -0.30024
40.00 -175 -0.36986
45.00 -175 -0.31512
-65.00 -170 -0.93536
-60.00 -170 -0.92322
-55.00 -170 -0.80195
-50.00 -170 -0.55990
-45.00 -170 -0.22170
-40.00 -170 0.12003
-35.00 -170 0.32990
-30.00 -170 0.30989
-25.00 -170 0.76406E-01
-20.00 -170 -0.23361
-15.00 -170 -0.44278
-10.00 -170 -0.44426
-5.00 -170 -0.26131
0.00 -170 -0.14999E-01
5.00 -170 0.16690
10.00 -170 0.22570
15.00 -170 0.18145
20.00 -170 0.87454E-01
25.00 -170 -0.17539E-01
30.00 -170 -0.11887
35.00 -170 -0.20352
40.00 -170 -0.24401
45.00 -170 -0.21361
50.00 -170 -0.11823
55.00 -170 -0.67412E-02
60.00 -170 0.58670E-01
65.00 -170 0.49415E-01
-70.00 -165 -0.85974
-45.00 -165 -0.31425
-40.00 -165 -0.72469E-01
-35.00 -165 0.65878E-01
-30.00 -165 0.37505E-01
-25.00 -165 -0.12259
-20.00 -165 -0.28671
-15.00 -165 -0.31980
-10.00 -165 -0.18084
-5.00 -165 0.44750E-01
0.00 -165 0.21164
5.00 -165 0.22541
10.00 -165 0.10594
15.00 -165 -0.44579E-01
20.00 -165 -0.13330
25.00 -165 -0.14428
30.00 -165 -0.12845
35.00 -165 -0.13725
40.00 -165 -0.16962
45.00 -165 -0.18073
70.00 -165 -0.76111E-02
-75.00 -160 -0.71719
-65.00 -160 -0.88066
-60.00 -160 -0.80692
-55.00 -160 -0.68969
-50.00 -160 -0.54591
-45.00 -160 -0.39027
-40.00 -160 -0.26503
-35.00 -160 -0.22759
-30.00 -160 -0.29514
-25.00 -160 -0.40172
-20.00 -160 -0.42552
-15.00 -160 -0.28171
-10.00 -160 -0.61457E-02
-5.00 -160 0.25128
0.00 -160 0.33158
5.00 -160 0.18901
10.00 -160 -0.72398E-01
15.00 -160 -0.28088
20.00 -160 -0.32867
25.00 -160 -0.24305
30.00 -160 -0.14249
35.00 -160 -0.12510
40.00 -160 -0.19062
45.00 -160 -0.25849
50.00 -160 -0.25305
55.00 -160 -0.17095
60.00 -160 -0.72398E-01
65.00 -160 -0.16363E-01
75.00 -160 -0.19474E-01
-45.00 -155 -0.42560
-40.00 -155 -0.40016
-35.00 -155 -0.46529
-30.00 -155 -0.59943
-25.00 -155 -0.70637
-20.00 -155 -0.66357
-15.00 -155 -0.42179
-10.00 -155 -0.71430E-01
-5.00 -155 0.19777
0.00 -155 0.22907
5.00 -155 0.20552E-01
10.00 -155 -0.26882
15.00 -155 -0.44055
20.00 -155 -0.40752
25.00 -155 -0.24971
30.00 -155 -0.13253
35.00 -155 -0.16337
40.00 -155 -0.31033
45.00 -155 -0.44469
-80.00 -150 -0.47348
-70.00 -150 -0.87542
-65.00 -150 -0.83599
-60.00 -150 -0.71617
-55.00 -150 -0.58376
-50.00 -150 -0.47690
-45.00 -150 -0.42159
-40.00 -150 -0.45033
-35.00 -150 -0.58214
-30.00 -150 -0.77659
-25.00 -150 -0.92075
-20.00 -150 -0.88981
-15.00 -150 -0.64892
-10.00 -150 -0.30666
-5.00 -150 -0.55735E-01
0.00 -150 -0.32616E-01
5.00 -150 -0.20889
10.00 -150 -0.41199
15.00 -150 -0.46561
20.00 -150 -0.33405
25.00 -150 -0.14757
30.00 -150 -0.87629E-01
35.00 -150 -0.23224
40.00 -150 -0.49303
45.00 -150 -0.69173
50.00 -150 -0.70215
55.00 -150 -0.53472
60.00 -150 -0.30262
65.00 -150 -0.11744
70.00 -150 -0.15584E-01
80.00 -150 0.41299E-01
-45.00 -145 -0.40731
-40.00 -145 -0.43363
-35.00 -145 -0.56836
-30.00 -145 -0.77388
-25.00 -145 -0.94055
-20.00 -145 -0.94853
-15.00 -145 -0.76523
-10.00 -145 -0.48959
-5.00 -145 -0.28798
0.00 -145 -0.26296
5.00 -145 -0.36664
10.00 -145 -0.44182
15.00 -145 -0.36306
20.00 -145 -0.15650
25.00 -145 0.10712E-01
30.00 -145 -0.32386E-01
35.00 -145 -0.31278
40.00 -145 -0.68169
45.00 -145 -0.92409
-85.00 -140 -0.99012E-01
-75.00 -140 -0.78175
-65.00 -140 -0.84021
-60.00 -140 -0.73200
-55.00 -140 -0.61434
-50.00 -140 -0.50773
-45.00 -140 -0.42775
-40.00 -140 -0.40967
-35.00 -140 -0.48599
-30.00 -140 -0.63625
-25.00 -140 -0.77116
-20.00 -140 -0.78743
-15.00 -140 -0.65550
-10.00 -140 -0.45648
-5.00 -140 -0.32112
0.00 -140 -0.31550
5.00 -140 -0.37760
10.00 -140 -0.37165
15.00 -140 -0.22019
20.00 -140 0.45081E-02
25.00 -140 0.11986
30.00 -140 -0.20695E-01
35.00 -140 -0.39711
40.00 -140 -0.82102
45.00 -140 -1.0663
50.00 -140 -1.0232
55.00 -140 -0.75410
60.00 -140 -0.41882
65.00 -140 -0.15063
75.00 -140 0.90243E-01
85.00 -140 0.45812E-01
-70.00 -135 -0.88280
-45.00 -135 -0.52018
-40.00 -135 -0.44985
-35.00 -135 -0.44242
-30.00 -135 -0.49856
-25.00 -135 -0.55611
-20.00 -135 -0.53470
-15.00 -135 -0.41299
-10.00 -135 -0.26052
-5.00 -135 -0.18214
0.00 -135 -0.21874
5.00 -135 -0.29955
10.00 -135 -0.30106
15.00 -135 -0.16775
20.00 -135 0.15911E-01
25.00 -135 0.77233E-01
30.00 -135 -0.10411
35.00 -135 -0.48504
40.00 -135 -0.87528
45.00 -135 -1.0694
70.00 -135 0.46572E-01
-65.00 -130 -0.86933
-60.00 -130 -0.83590
-55.00 -130 -0.80888
-50.00 -130 -0.76754
-45.00 -130 -0.68917
-40.00 -130 -0.59268
-35.00 -130 -0.52423
-30.00 -130 -0.50240
-25.00 -130 -0.48756
-20.00 -130 -0.41691
-15.00 -130 -0.27543
-10.00 -130 -0.12811
-5.00 -130 -0.71301E-01
0.00 -130 -0.14199
5.00 -130 -0.27286
10.00 -130 -0.34455
15.00 -130 -0.29467
20.00 -130 -0.18351
25.00 -130 -0.15020
30.00 -130 -0.29186
35.00 -130 -0.57116
40.00 -130 -0.83464
45.00 -130 -0.92628
50.00 -130 -0.79826
55.00 -130 -0.52916
60.00 -130 -0.24666
65.00 -130 -0.34125E-01
-45.00 -125 -0.89525
-40.00 -125 -0.81058
-35.00 -125 -0.73074
-30.00 -125 -0.68794
-25.00 -125 -0.65491
-20.00 -125 -0.57191
-15.00 -125 -0.41766
-10.00 -125 -0.25029
-5.00 -125 -0.16967
0.00 -125 -0.23037
5.00 -125 -0.38718
10.00 -125 -0.52869
15.00 -125 -0.57160
20.00 -125 -0.52915
25.00 -125 -0.49038
30.00 -125 -0.53014
35.00 -125 -0.63480
40.00 -125 -0.71175
45.00 -125 -0.67090
-80.00 -120 -0.48803
-75.00 -120 -0.73607
-70.00 -120 -0.82930
-65.00 -120 -0.85202
-60.00 -120 -0.89712
-55.00 -120 -0.98402
-50.00 -120 -1.0594
-45.00 -120 -1.0678
-40.00 -120 -1.0147
-35.00 -120 -0.95912
-30.00 -120 -0.94646
-25.00 -120 -0.95523
-20.00 -120 -0.91564
-15.00 -120 -0.78444
-10.00 -120 -0.60151
-5.00 -120 -0.46923
0.00 -120 -0.46965
5.00 -120 -0.59522
10.00 -120 -0.75599
15.00 -120 -0.85398
20.00 -120 -0.85471
25.00 -120 -0.79336
30.00 -120 -0.71984
35.00 -120 -0.64376
40.00 -120 -0.53369
45.00 -120 -0.36491
50.00 -120 -0.15994
55.00 -120 0.22947E-01
60.00 -120 0.14067
65.00 -120 0.19967
70.00 -120 0.23547
75.00 -120 0.25983
80.00 -120 0.23512
-45.00 -115 -1.1388
-40.00 -115 -1.1020
-35.00 -115 -1.0624
-30.00 -115 -1.0830
-25.00 -115 -1.1514
-20.00 -115 -1.1870
-15.00 -115 -1.1178
-10.00 -115 -0.95314
-5.00 -115 -0.78393
0.00 -115 -0.71013
5.00 -115 -0.76180
10.00 -115 -0.88198
15.00 -115 -0.97839
20.00 -115 -0.99013
25.00 -115 -0.91168
30.00 -115 -0.76645
35.00 -115 -0.57151
40.00 -115 -0.33416
45.00 -115 -0.76833E-01
-65.00 -110 -0.73891
-60.00 -110 -0.80159
-55.00 -110 -0.93082
-50.00 -110 -1.0507
-45.00 -110 -1.0804
-40.00 -110 -1.0187
-35.00 -110 -0.94738
-30.00 -110 -0.95288
-25.00 -110 -1.0443
-20.00 -110 -1.1445
-15.00 -110 -1.1610
-10.00 -110 -1.0676
-5.00 -110 -0.92346
0.00 -110 -0.81870
5.00 -110 -0.79994
10.00 -110 -0.84240
15.00 -110 -0.88228
20.00 -110 -0.86836
25.00 -110 -0.78403
30.00 -110 -0.63233
35.00 -110 -0.41672
40.00 -110 -0.14717
45.00 -110 0.13785
50.00 -110 0.37021
55.00 -110 0.48962
60.00 -110 0.49095
65.00 -110 0.43119
-70.00 -105 -0.66217
-45.00 -105 -0.92067
-40.00 -105 -0.79700
-35.00 -105 -0.64302
-30.00 -105 -0.57158
-25.00 -105 -0.62619
-20.00 -105 -0.75429
-15.00 -105 -0.86201
-10.00 -105 -0.89242
-5.00 -105 -0.85660
0.00 -105 -0.80086
5.00 -105 -0.75425
10.00 -105 -0.70956
15.00 -105 -0.64681
20.00 -105 -0.56218
25.00 -105 -0.46626
30.00 -105 -0.35765
35.00 -105 -0.21069
40.00 -105 -0.15723E-02
45.00 -105 0.25026
70.00 -105 0.43849
-75.00 -100 -0.57354
-65.00 -100 -0.55531
-60.00 -100 -0.58020
-55.00 -100 -0.68230
-50.00 -100 -0.76873
-45.00 -100 -0.72843
-40.00 -100 -0.53777
-35.00 -100 -0.28705
-30.00 -100 -0.11108
-25.00 -100 -0.91518E-01
-20.00 -100 -0.21383
-15.00 -100 -0.40137
-10.00 -100 -0.57935
-5.00 -100 -0.70744
0.00 -100 -0.76723
5.00 -100 -0.74076
10.00 -100 -0.61768
15.00 -100 -0.42317
20.00 -100 -0.22459
25.00 -100 -0.91580E-01
30.00 -100 -0.38463E-01
35.00 -100 -0.69837E-02
40.00 -100 0.84050E-01
45.00 -100 0.26204
50.00 -100 0.46905
55.00 -100 0.60895
60.00 -100 0.63026
65.00 -100 0.56493
75.00 -100 0.42068
-45.00 -95 -0.57171
-40.00 -95 -0.34679
-35.00 -95 -0.35211E-01
-30.00 -95 0.21834
-25.00 -95 0.30519
-20.00 -95 0.20550
-15.00 -95 -0.29003E-01
-10.00 -95 -0.32206
-5.00 -95 -0.59850
0.00 -95 -0.78196
5.00 -95 -0.80028
10.00 -95 -0.62322
15.00 -95 -0.30608
20.00 -95 0.16502E-01
25.00 -95 0.20687
30.00 -95 0.22074
35.00 -95 0.13993
40.00 -95 0.10494
45.00 -95 0.20007
-80.00 -90 -0.32678
-70.00 -90 -0.45599
-65.00 -90 -0.37418
-60.00 -90 -0.35656
-55.00 -90 -0.43400
-50.00 -90 -0.51648
-45.00 -90 -0.47733
-40.00 -90 -0.26708
-35.00 -90 0.42543E-01
-30.00 -90 0.31263
-25.00 -90 0.43027
-20.00 -90 0.36139
-15.00 -90 0.13853
-10.00 -90 -0.17663
-5.00 -90 -0.50791
0.00 -90 -0.75753
5.00 -90 -0.81957
10.00 -90 -0.63740
15.00 -90 -0.26699
20.00 -90 0.12499
25.00 -90 0.35515
30.00 -90 0.34914
35.00 -90 0.19478
40.00 -90 0.70600E-01
45.00 -90 0.10520
50.00 -90 0.28578
55.00 -90 0.48960
60.00 -90 0.60002
65.00 -90 0.59498
70.00 -90 0.53146
80.00 -90 0.35088
-85.00 -85 -0.63359E-02
-45.00 -85 -0.41641
-40.00 -85 -0.25315
-35.00 -85 0.48185E-02
-30.00 -85 0.23703
-25.00 -85 0.35026
-20.00 -85 0.32274
-15.00 -85 0.18204
-10.00 -85 -0.35942E-01
-5.00 -85 -0.29260
0.00 -85 -0.52006
5.00 -85 -0.61715
10.00 -85 -0.50462
15.00 -85 -0.20424
20.00 -85 0.14075
25.00 -85 0.34768
30.00 -85 0.32674
35.00 -85 0.15188
40.00 -85 0.22462E-02
45.00 -85 0.19426E-01
85.00 -85 0.16205
-75.00 -80 -0.38490
-65.00 -80 -0.24414
-60.00 -80 -0.19006
-55.00 -80 -0.23753
-50.00 -80 -0.31967
-45.00 -80 -0.32547
-40.00 -80 -0.20492
-35.00 -80 -0.89905E-02
-30.00 -80 0.16452
-25.00 -80 0.25626
-20.00 -80 0.27680
-15.00 -80 0.26421
-10.00 -80 0.22703
-5.00 -80 0.14133
0.00 -80 0.36920E-02
5.00 -80 -0.12706
10.00 -80 -0.16012
15.00 -80 -0.57214E-01
20.00 -80 0.11352
25.00 -80 0.22025
30.00 -80 0.17946
35.00 -80 0.35548E-01
40.00 -80 -0.71283E-01
45.00 -80 -0.24331E-01
50.00 -80 0.17138
55.00 -80 0.40064
60.00 -80 0.54252
65.00 -80 0.56377
75.00 -80 0.44666
-70.00 -75 -0.31336
-45.00 -75 -0.14922
-40.00 -75 -0.37478E-01
-35.00 -75 0.11979
-30.00 -75 0.24284
-25.00 -75 0.30597
-20.00 -75 0.35781
-15.00 -75 0.45790
-10.00 -75 0.59813
-5.00 -75 0.69437
0.00 -75 0.66104
5.00 -75 0.49499
10.00 -75 0.28362
15.00 -75 0.12811
20.00 -75 0.58403E-01
25.00 -75 0.24032E-01
30.00 -75 -0.33734E-01
35.00 -75 -0.10618
40.00 -75 -0.11856
45.00 -75 -0.82255E-02
70.00 -75 0.48180
-65.00 -70 -0.16127
-60.00 -70 -0.44434E-01
-55.00 -70 0.13661E-01
-50.00 -70 0.46366E-01
-45.00 -70 0.12208
-40.00 -70 0.26053
-35.00 -70 0.40708
-30.00 -70 0.49235
-25.00 -70 0.51364
-20.00 -70 0.54926
-15.00 -70 0.68302
-10.00 -70 0.90917
-5.00 -70 1.1124
0.00 -70 1.1491
5.00 -70 0.95916
10.00 -70 0.61112
15.00 -70 0.24475
20.00 -70 -0.28696E-01
25.00 -70 -0.17994
30.00 -70 -0.23473
35.00 -70 -0.21420
40.00 -70 -0.11288
45.00 -70 0.67893E-01
50.00 -70 0.28101
55.00 -70 0.44573
60.00 -70 0.50746
65.00 -70 0.48174
-45.00 -65 0.44324
-40.00 -65 0.61717
-35.00 -65 0.75795
-30.00 -65 0.80442
-25.00 -65 0.76516
-20.00 -65 0.73090
-15.00 -65 0.80182
-10.00 -65 0.99025
-5.00 -65 1.1895
0.00 -65 1.2432
5.00 -65 1.0596
10.00 -65 0.67697
15.00 -65 0.23308
20.00 -65 -0.12646
25.00 -65 -0.32156
30.00 -65 -0.34733
35.00 -65 -0.23912
40.00 -65 -0.42953E-01
45.00 -65 0.18603
-80.00 -60 -0.92349E-01
-75.00 -60 -0.23381
-70.00 -60 -0.23643
-65.00 -60 -0.10355
-60.00 -60 0.10292
-55.00 -60 0.32206
-50.00 -60 0.53235
-45.00 -60 0.73648
-40.00 -60 0.91881
-35.00 -60 1.0309
-30.00 -60 1.0288
-25.00 -60 0.92683
-20.00 -60 0.80805
-15.00 -60 0.76876
-10.00 -60 0.83931
-5.00 -60 0.95040
0.00 -60 0.97792
5.00 -60 0.83193
10.00 -60 0.52002
15.00 -60 0.14079
20.00 -60 -0.17783
25.00 -60 -0.34370
30.00 -60 -0.32967
35.00 -60 -0.16664
40.00 -60 0.76432E-01
45.00 -60 0.31221
50.00 -60 0.46028
55.00 -60 0.48192
60.00 -60 0.40510
65.00 -60 0.30891
70.00 -60 0.26289
75.00 -60 0.26686
80.00 -60 0.24437
-45.00 -55 0.92951
-40.00 -55 1.0724
-35.00 -55 1.1240
-30.00 -55 1.0751
-25.00 -55 0.94712
-20.00 -55 0.79580
-15.00 -55 0.68401
-10.00 -55 0.64048
-5.00 -55 0.63852
0.00 -55 0.61394
5.00 -55 0.50972
10.00 -55 0.31497
15.00 -55 0.73678E-01
20.00 -55 -0.13721
25.00 -55 -0.24328
30.00 -55 -0.20436
35.00 -55 -0.33469E-01
40.00 -55 0.20210
45.00 -55 0.40358
-65.00 -50 -0.66433E-01
-60.00 -50 0.20263
-55.00 -50 0.52635
-50.00 -50 0.80840
-45.00 -50 0.98618
-40.00 -50 1.0489
-35.00 -50 1.0254
-30.00 -50 0.95668
-25.00 -50 0.87324
-20.00 -50 0.78716
-15.00 -50 0.69858
-10.00 -50 0.60621
-5.00 -50 0.51226
0.00 -50 0.41895
5.00 -50 0.32221
10.00 -50 0.21279
15.00 -50 0.88857E-01
20.00 -50 -0.28273E-01
25.00 -50 -0.92749E-01
30.00 -50 -0.58152E-01
35.00 -50 0.83277E-01
40.00 -50 0.27640
45.00 -50 0.42195
50.00 -50 0.43625
55.00 -50 0.31264
60.00 -50 0.13380
65.00 -50 0.16032E-01
-70.00 -45 -0.17406
-45.00 -45 0.91414
-40.00 -45 0.88515
-35.00 -45 0.80211
-30.00 -45 0.75800
-25.00 -45 0.78731
-20.00 -45 0.84830
-15.00 -45 0.86401
-10.00 -45 0.78635
-5.00 -45 0.63113
0.00 -45 0.45860
5.00 -45 0.32090
10.00 -45 0.22510
15.00 -45 0.14368
20.00 -45 0.59098E-01
25.00 -45 -0.41238E-02
30.00 -45 0.44233E-02
35.00 -45 0.10692
40.00 -45 0.25579
45.00 -45 0.35054
70.00 -45 -0.11577
-75.00 -40 -0.75057E-01
-65.00 -40 -0.57684E-01
-60.00 -40 0.19423
-55.00 -40 0.49888
-50.00 -40 0.71195
-45.00 -40 0.75004
-40.00 -40 0.65135
-35.00 -40 0.54797
-30.00 -40 0.56642
-25.00 -40 0.73120
-20.00 -40 0.94670
-15.00 -40 1.0708
-10.00 -40 1.0198
-5.00 -40 0.82188
0.00 -40 0.58032
5.00 -40 0.38641
10.00 -40 0.25879
15.00 -40 0.15728
20.00 -40 0.48438E-01
25.00 -40 -0.46091E-01
30.00 -40 -0.67671E-01
35.00 -40 0.11619E-01
40.00 -40 0.13936
45.00 -40 0.20596
50.00 -40 0.12926
55.00 -40 -0.70508E-01
60.00 -40 -0.27407
65.00 -40 -0.34942
75.00 -40 -0.68661E-01
-45.00 -35 0.53581
-40.00 -35 0.40988
-35.00 -35 0.32990
-30.00 -35 0.42268
-25.00 -35 0.68435
-20.00 -35 0.97786
-15.00 -35 1.1338
-10.00 -35 1.0721
-5.00 -35 0.84766
0.00 -35 0.58886
5.00 -35 0.39020
10.00 -35 0.25357
15.00 -35 0.12217
20.00 -35 -0.35586E-01
25.00 -35 -0.17826
30.00 -35 -0.22742
35.00 -35 -0.15284
40.00 -35 -0.22627E-01
45.00 -35 0.36249E-01
-85.00 -30 0.28519
-80.00 -30 0.18160
-70.00 -30 -0.90461E-01
-65.00 -30 -0.73192E-01
-60.00 -30 0.76341E-01
-55.00 -30 0.25960
-50.00 -30 0.35062
-45.00 -30 0.30156
-40.00 -30 0.19093
-35.00 -30 0.16542
-30.00 -30 0.31743
-25.00 -30 0.60096
-20.00 -30 0.85972
-15.00 -30 0.94654
-10.00 -30 0.83338
-5.00 -30 0.61983
0.00 -30 0.43768
5.00 -30 0.33966
10.00 -30 0.27075
15.00 -30 0.14240
20.00 -30 -0.64640E-01
25.00 -30 -0.26796
30.00 -30 -0.35369
35.00 -30 -0.28548
40.00 -30 -0.15072
45.00 -30 -0.97573E-01
50.00 -30 -0.21339
55.00 -30 -0.44787
60.00 -30 -0.64685
65.00 -30 -0.66936
70.00 -30 -0.49346
80.00 -30 -0.33918E-01
85.00 -30 0.11996E-02
-45.00 -25 0.63316E-01
-40.00 -25 -0.51462E-02
-35.00 -25 0.35383E-01
-30.00 -25 0.22104
-25.00 -25 0.46146
-20.00 -25 0.60560
-15.00 -25 0.56819
-10.00 -25 0.40469
-5.00 -25 0.26427
0.00 -25 0.25854
5.00 -25 0.36182
10.00 -25 0.43296
15.00 -25 0.34170
20.00 -25 0.88161E-01
25.00 -25 -0.19081
30.00 -25 -0.33515
35.00 -25 -0.29666
40.00 -25 -0.17894
45.00 -25 -0.14880
-75.00 -20 0.13229
-65.00 -20 -0.88950E-01
-60.00 -20 -0.87147E-01
-55.00 -20 -0.70675E-01
-50.00 -20 -0.10098
-45.00 -20 -0.16749
-40.00 -20 -0.18720
-35.00 -20 -0.85375E-01
-30.00 -20 0.11571
-25.00 -20 0.29178
-20.00 -20 0.31498
-15.00 -20 0.17492
-10.00 -20 0.86634E-02
-5.00 -20 -0.11572E-02
0.00 -20 0.21753
5.00 -20 0.55012
10.00 -20 0.77179
15.00 -20 0.71975
20.00 -20 0.41960
25.00 -20 0.61382E-01
30.00 -20 -0.15358
35.00 -20 -0.16654
40.00 -20 -0.91847E-01
45.00 -20 -0.10653
50.00 -20 -0.29736
55.00 -20 -0.59064
60.00 -20 -0.81392
65.00 -20 -0.82994
75.00 -20 -0.34635
-70.00 -15 0.29580E-01
-45.00 -15 -0.37301
-40.00 -15 -0.35151
-35.00 -15 -0.20203
-30.00 -15 0.93331E-02
-25.00 -15 0.14271
-20.00 -15 0.10023
-15.00 -15 -0.69218E-01
-10.00 -15 -0.18034
-5.00 -15 -0.48252E-01
0.00 -15 0.35206
5.00 -15 0.83980
10.00 -15 1.1452
15.00 -15 1.1024
20.00 -15 0.76612
25.00 -15 0.35963
30.00 -15 0.99908E-01
35.00 -15 0.43100E-01
40.00 -15 0.68458E-01
45.00 -15 0.11848E-02
70.00 -15 -0.65649
-65.00 -10 -0.78490E-01
-60.00 -10 -0.20889
-55.00 -10 -0.33550
-50.00 -10 -0.45789
-45.00 -10 -0.52602
-40.00 -10 -0.47355
-35.00 -10 -0.29176
-30.00 -10 -0.69385E-01
-25.00 -10 0.57408E-01
-20.00 -10 0.18798E-01
-15.00 -10 -0.10827
-10.00 -10 -0.13691
-5.00 -10 0.87498E-01
0.00 -10 0.54935
5.00 -10 1.0476
10.00 -10 1.3265
15.00 -10 1.2554
20.00 -10 0.91584
25.00 -10 0.53004
30.00 -10 0.29138
35.00 -10 0.23268
40.00 -10 0.22976
45.00 -10 0.12417
50.00 -10 -0.14176
55.00 -10 -0.48201
60.00 -10 -0.73743
65.00 -10 -0.79254
-45.00 -5 -0.59872
-40.00 -5 -0.51783
-35.00 -5 -0.31509
-30.00 -5 -0.84646E-01
-25.00 -5 0.55975E-01
-20.00 -5 0.61319E-01
-15.00 -5 0.87940E-02
-10.00 -5 0.49212E-01
-5.00 -5 0.28528
0.00 -5 0.67449
5.00 -5 1.0413
10.00 -5 1.1971
15.00 -5 1.0754
20.00 -5 0.77662
25.00 -5 0.48725
30.00 -5 0.34102
35.00 -5 0.33039
40.00 -5 0.33193
45.00 -5 0.21608
90.00 0.00 -0.96349E-01
-90.00 0.00 0.29026
