-85.00 0.00 0.19616
-80.00 0.00 0.13870
-75.00 0.00 -0.13348E-01
-70.00 0.00 -0.19025
-65.00 0.00 -0.30053
-60.00 0.00 -0.29511
-55.00 0.00 -0.19650
-50.00 0.00 -0.69971E-01
-45.00 0.00 0.29894E-01
-40.00 0.00 0.88698E-01
-35.00 0.00 0.11825
-30.00 0.00 0.12361
-25.00 0.00 0.90939E-01
-20.00 0.00 0.88019E-02
-15.00 0.00 -0.10329
-10.00 0.00 -0.19525
-5.00 0.00 -0.22221
0.00 0.00 -0.18323
5.00 0.00 -0.12361
10.00 0.00 -0.94521E-01
15.00 0.00 -0.10633
20.00 0.00 -0.12009
25.00 0.00 -0.87088E-01
30.00 0.00 -0.15216E-03
35.00 0.00 0.92110E-01
40.00 0.00 0.12332
45.00 0.00 0.66221E-01
50.00 0.00 -0.42777E-01
55.00 0.00 -0.13300
60.00 0.00 -0.15574
65.00 0.00 -0.11734
70.00 0.00 -0.62511E-01
75.00 0.00 -0.27829E-01
80.00 0.00 -0.89792E-02
85.00 0.00 0.27559E-01
-45.00 5.00 0.58917E-01
-40.00 5.00 0.10817
-35.00 5.00 0.12623
-30.00 5.00 0.12553
-25.00 5.00 0.94976E-01
-20.00 5.00 0.19239E-01
-15.00 5.00 -0.88732E-01
-10.00 5.00 -0.18200
-5.00 5.00 -0.21318
0.00 5.00 -0.17671
5.00 5.00 -0.11646
10.00 5.00 -0.86541E-01
15.00 5.00 -0.10017
20.00 5.00 -0.11594
25.00 5.00 -0.77712E-01
30.00 5.00 0.26942E-01
35.00 5.00 0.14476
40.00 5.00 0.19468
45.00 5.00 0.13429
-65.00 10.00 -0.25501
-60.00 10.00 -0.24583
-55.00 10.00 -0.13975
-50.00 10.00 -0.93845E-02
-45.00 10.00 0.82066E-01
-40.00 10.00 0.11925
-35.00 10.00 0.12336
-30.00 10.00 0.11236
-25.00 10.00 0.78293E-01
-20.00 10.00 0.42051E-02
-15.00 10.00 -0.10156
-10.00 10.00 -0.19553
-5.00 10.00 -0.23018
0.00 10.00 -0.19765
5.00 10.00 -0.14040
10.00 10.00 -0.11319
15.00 10.00 -0.12940
20.00 10.00 -0.14434
25.00 10.00 -0.95993E-01
30.00 10.00 0.31048E-01
35.00 10.00 0.17788
40.00 10.00 0.24969
45.00 10.00 0.19052
50.00 10.00 0.30495E-01
55.00 10.00 -0.13531
60.00 10.00 -0.21821
65.00 10.00 -0.19670
-70.00 15.00 -0.10677
-45.00 15.00 0.73356E-01
-40.00 15.00 0.88126E-01
-35.00 15.00 0.69295E-01
-30.00 15.00 0.41086E-01
-25.00 15.00 0.94088E-03
-20.00 15.00 -0.67867E-01
-15.00 15.00 -0.16274
-10.00 15.00 -0.24808
-5.00 15.00 -0.28092
0.00 15.00 -0.25193
5.00 15.00 -0.19809
10.00 15.00 -0.16908
15.00 15.00 -0.17637
20.00 15.00 -0.17618
25.00 15.00 -0.10839
30.00 15.00 0.39927E-01
35.00 15.00 0.20565
40.00 15.00 0.28770
45.00 15.00 0.22461
70.00 15.00 -0.13671
-75.00 20.00 0.95156E-01
-65.00 20.00 -0.17033
-60.00 20.00 -0.17915
-55.00 20.00 -0.10619
-50.00 20.00 -0.19007E-01
-45.00 20.00 0.21356E-01
-40.00 20.00 0.15904E-02
-35.00 20.00 -0.49062E-01
-30.00 20.00 -0.97447E-01
-25.00 20.00 -0.13735
-20.00 20.00 -0.18447
-15.00 20.00 -0.24666
-10.00 20.00 -0.30518
-5.00 20.00 -0.32914
0.00 20.00 -0.30786
5.00 20.00 -0.26473
10.00 20.00 -0.23384
15.00 20.00 -0.22054
20.00 20.00 -0.18791
25.00 20.00 -0.89843E-01
30.00 20.00 0.75252E-01
35.00 20.00 0.24145
40.00 20.00 0.31218
45.00 20.00 0.23280
50.00 20.00 0.38925E-01
55.00 20.00 -0.16273
60.00 20.00 -0.26835
65.00 20.00 -0.24636
75.00 20.00 -0.49855E-01
-45.00 25.00 -0.63771E-01
-40.00 25.00 -0.12302
-35.00 25.00 -0.20600
-30.00 25.00 -0.26848
-25.00 25.00 -0.29292
-20.00 25.00 -0.29433
-15.00 25.00 -0.29703
-10.00 25.00 -0.30942
-5.00 25.00 -0.32108
0.00 25.00 -0.31988
5.00 25.00 -0.30583
10.00 25.00 -0.28435
15.00 25.00 -0.24769
20.00 25.00 -0.17043
25.00 25.00 -0.32958E-01
30.00 25.00 0.14440
35.00 25.00 0.29247
40.00 25.00 0.32918
45.00 25.00 0.21931
-80.00 30.00 0.25416
-70.00 30.00 0.39941E-01
-65.00 30.00 -0.73850E-01
-60.00 30.00 -0.12500
-55.00 30.00 -0.12241
-50.00 30.00 -0.11642
-45.00 30.00 -0.15548
-40.00 30.00 -0.24670
-35.00 30.00 -0.35095
-30.00 30.00 -0.41415
-25.00 30.00 -0.40755
-20.00 30.00 -0.34588
-15.00 30.00 -0.27292
-10.00 30.00 -0.23000
-5.00 30.00 -0.23251
0.00 30.00 -0.26709
5.00 30.00 -0.30366
10.00 30.00 -0.30877
15.00 30.00 -0.25484
20.00 30.00 -0.12936
25.00 30.00 0.52362E-01
30.00 30.00 0.23945
35.00 30.00 0.35747
40.00 30.00 0.34479
45.00 30.00 0.19465
50.00 30.00 -0.29236E-01
55.00 30.00 -0.22274
60.00 30.00 -0.30245
65.00 30.00 -0.25539
70.00 30.00 -0.13974
80.00 30.00 0.20407E-01
-45.00 35.00 -0.22479
-40.00 35.00 -0.32985
-35.00 35.00 -0.43679
-30.00 35.00 -0.48737
-25.00 35.00 -0.44506
-20.00 35.00 -0.32358
-15.00 35.00 -0.18238
-10.00 35.00 -0.92104E-01
-5.00 35.00 -0.92820E-01
0.00 35.00 -0.17110
5.00 35.00 -0.26779
10.00 35.00 -0.30970
15.00 35.00 -0.24691
20.00 35.00 -0.78127E-01
25.00 35.00 0.14586
30.00 35.00 0.34128
35.00 35.00 0.42680
40.00 35.00 0.36200
45.00 35.00 0.17098
-75.00 40.00 0.24711
-65.00 40.00 0.25182E-01
-60.00 40.00 -0.67610E-01
-55.00 40.00 -0.12904
-50.00 40.00 -0.18181
-45.00 40.00 -0.25454
-40.00 40.00 -0.35233
-35.00 40.00 -0.44336
-30.00 40.00 -0.47425
-25.00 40.00 -0.40678
-20.00 40.00 -0.25168
-15.00 40.00 -0.73559E-01
-10.00 40.00 0.41255E-01
-5.00 40.00 0.36250E-01
0.00 40.00 -0.77157E-01
5.00 40.00 -0.22120
10.00 40.00 -0.29412
15.00 40.00 -0.22818
20.00 40.00 -0.29081E-01
25.00 40.00 0.22554
30.00 40.00 0.42576
35.00 40.00 0.48428
40.00 40.00 0.37798
45.00 40.00 0.15673
50.00 40.00 -0.83018E-01
55.00 40.00 -0.24583
60.00 40.00 -0.28261
65.00 40.00 -0.21007
75.00 40.00 -0.83025E-03
-70.00 45.00 0.19009
-45.00 45.00 -0.24609
-40.00 45.00 -0.32098
-35.00 45.00 -0.38330
-30.00 45.00 -0.39344
-25.00 45.00 -0.31906
-20.00 45.00 -0.16674
-15.00 45.00 0.66475E-02
-10.00 45.00 0.11795
-5.00 45.00 0.10742
0.00 45.00 -0.17524E-01
5.00 45.00 -0.17718
10.00 45.00 -0.26163
15.00 45.00 -0.19607
20.00 45.00 0.12148E-01
25.00 45.00 0.27471
30.00 45.00 0.47065
35.00 45.00 0.51132
40.00 45.00 0.38406
45.00 45.00 0.15300
70.00 45.00 -0.58260E-01
-65.00 50.00 0.12355
-60.00 50.00 0.11358E-01
-55.00 50.00 -0.83764E-01
-50.00 50.00 -0.15751
-45.00 50.00 -0.21568
-40.00 50.00 -0.26260
-35.00 50.00 -0.29056
-30.00 50.00 -0.27922
-25.00 50.00 -0.20994
-20.00 50.00 -0.87636E-01
-15.00 50.00 0.47239E-01
-10.00 50.00 0.13184
-5.00 50.00 0.11770
0.00 50.00 0.85386E-02
5.00 50.00 -0.13021
10.00 50.00 -0.20325
15.00 50.00 -0.14244
20.00 50.00 0.47653E-01
25.00 50.00 0.28694
30.00 50.00 0.46308
35.00 50.00 0.49368
40.00 50.00 0.36938
45.00 50.00 0.15388
50.00 50.00 -0.54857E-01
55.00 50.00 -0.17673
60.00 50.00 -0.18553
65.00 50.00 -0.11236
-85.00 55.00 0.26972
-45.00 55.00 -0.18351
-40.00 55.00 -0.20810
-35.00 55.00 -0.20187
-30.00 55.00 -0.16420
-25.00 55.00 -0.96991E-01
-20.00 55.00 -0.10777E-01
-15.00 55.00 0.70621E-01
-10.00 55.00 0.11471
-5.00 55.00 0.97160E-01
0.00 55.00 0.22486E-01
5.00 55.00 -0.67756E-01
10.00 55.00 -0.11107
15.00 55.00 -0.59618E-01
20.00 55.00 0.86123E-01
25.00 55.00 0.26985
30.00 55.00 0.40655
35.00 55.00 0.42937
40.00 55.00 0.32732
45.00 55.00 0.15038
85.00 55.00 0.72368E-01
-80.00 60.00 0.34241
-75.00 60.00 0.35046
-70.00 60.00 0.30049
-65.00 60.00 0.21139
-60.00 60.00 0.10395
-55.00 60.00 -0.51268E-02
-50.00 60.00 -0.99819E-01
-45.00 60.00 -0.16223
-40.00 60.00 -0.17727
-35.00 60.00 -0.14217
-30.00 60.00 -0.71669E-01
-25.00 60.00 0.74214E-02
-20.00 60.00 0.69099E-01
-15.00 60.00 0.99136E-01
-10.00 60.00 0.97342E-01
-5.00 60.00 0.72784E-01
0.00 60.00 0.38897E-01
5.00 60.00 0.12402E-01
10.00 60.00 0.12733E-01
15.00 60.00 0.55794E-01
20.00 60.00 0.14177
25.00 60.00 0.24591
30.00 60.00 0.32376
35.00 60.00 0.33318
40.00 60.00 0.26110
45.00 60.00 0.13584
50.00 60.00 0.13645E-01
55.00 60.00 -0.53719E-01
60.00 60.00 -0.48845E-01
65.00 60.00 0.43335E-02
70.00 60.00 0.60928E-01
75.00 60.00 0.86998E-01
80.00 60.00 0.82438E-01
-45.00 65.00 -0.15060
-40.00 65.00 -0.17109
-35.00 65.00 -0.11846
-30.00 65.00 -0.15728E-01
-25.00 65.00 0.85638E-01
-20.00 65.00 0.13722
-15.00 65.00 0.12568
-10.00 65.00 0.79503E-01
-5.00 65.00 0.45232E-01
0.00 65.00 0.53035E-01
5.00 65.00 0.99325E-01
10.00 65.00 0.15757
15.00 65.00 0.20356
20.00 65.00 0.23105
25.00 65.00 0.24607
30.00 65.00 0.25025
35.00 65.00 0.23343
40.00 65.00 0.18458
45.00 65.00 0.10972
-65.00 70.00 0.27403
-60.00 70.00 0.19080
-55.00 70.00 0.86053E-01
-50.00 70.00 -0.33035E-01
-45.00 70.00 -0.13510
-40.00 70.00 -0.17348
-35.00 70.00 -0.12105
-30.00 70.00 -0.15779E-02
-25.00 70.00 0.11548
-20.00 70.00 0.16082
-15.00 70.00 0.11781
-10.00 70.00 0.37471E-01
-5.00 70.00 0.46648E-03
0.00 70.00 0.55365E-01
5.00 70.00 0.18277
10.00 70.00 0.31290
15.00 70.00 0.37923
20.00 70.00 0.36275
25.00 70.00 0.29388
30.00 70.00 0.21805
35.00 70.00 0.16001
40.00 70.00 0.11680
45.00 70.00 0.77766E-01
50.00 70.00 0.45487E-01
55.00 70.00 0.35011E-01
60.00 70.00 0.54586E-01
65.00 70.00 0.91129E-01
-70.00 75.00 0.34072
-45.00 75.00 -0.98190E-01
-40.00 75.00 -0.16040
-35.00 75.00 -0.12915
-30.00 75.00 -0.22541E-01
-25.00 75.00 0.85015E-01
-20.00 75.00 0.11525
-15.00 75.00 0.51354E-01
-10.00 75.00 -0.40849E-01
-5.00 75.00 -0.59280E-01
0.00 75.00 0.54409E-01
5.00 75.00 0.26591
10.00 75.00 0.47034
15.00 75.00 0.56639
20.00 75.00 0.52248
25.00 75.00 0.38591
30.00 75.00 0.23640
35.00 75.00 0.12929
40.00 75.00 0.73145E-01
45.00 75.00 0.49054E-01
70.00 75.00 0.13209
-75.00 80.00 0.35856
-65.00 80.00 0.29945
-60.00 80.00 0.25426
-55.00 80.00 0.18799
-50.00 80.00 0.87612E-01
-45.00 80.00 -0.28869E-01
-40.00 80.00 -0.11199
-35.00 80.00 -0.11903
-30.00 80.00 -0.58121E-01
-25.00 80.00 0.78434E-02
-20.00 80.00 0.10580E-01
-15.00 80.00 -0.59024E-01
-10.00 80.00 -0.13017
-5.00 80.00 -0.10080
0.00 80.00 0.79304E-01
5.00 80.00 0.35920
10.00 80.00 0.61371
15.00 80.00 0.72642
20.00 80.00 0.66323
25.00 80.00 0.48247
30.00 80.00 0.28246
35.00 80.00 0.13547
40.00 80.00 0.58662E-01
45.00 80.00 0.32074E-01
50.00 80.00 0.33213E-01
55.00 80.00 0.53100E-01
60.00 80.00 0.87014E-01
65.00 80.00 0.12130
75.00 80.00 0.12727
-45.00 85.00 0.69323E-01
-40.00 85.00 -0.22981E-01
-35.00 85.00 -0.73711E-01
-30.00 85.00 -0.79560E-01
-25.00 85.00 -0.77306E-01
-20.00 85.00 -0.10679
-15.00 85.00 -0.16197
-10.00 85.00 -0.17896
-5.00 85.00 -0.80658E-01
0.00 85.00 0.15463
5.00 85.00 0.45912
10.00 85.00 0.70886
15.00 85.00 0.80132
20.00 85.00 0.71724
25.00 85.00 0.52190
30.00 85.00 0.31202
35.00 85.00 0.15545
40.00 85.00 0.68007E-01
45.00 85.00 0.32311E-01
-80.00 90.00 0.31921
-70.00 90.00 0.31080
-65.00 90.00 0.28418
-60.00 90.00 0.27212
-55.00 90.00 0.26505
-50.00 90.00 0.23785
-45.00 90.00 0.17678
-40.00 90.00 0.92681E-01
-35.00 90.00 0.85115E-02
-30.00 90.00 -0.63107E-01
-25.00 90.00 -0.12579
-20.00 90.00 -0.18064
-15.00 90.00 -0.20371
-10.00 90.00 -0.14911
-5.00 90.00 0.15805E-01
0.00 90.00 0.27068
5.00 90.00 0.53587
10.00 90.00 0.71233
15.00 90.00 0.74040
20.00 90.00 0.63252
25.00 90.00 0.45662
30.00 90.00 0.28723
35.00 90.00 0.16497
40.00 90.00 0.91341E-01
45.00 90.00 0.51781E-01
50.00 90.00 0.37918E-01
55.00 90.00 0.49032E-01
60.00 90.00 0.79097E-01
65.00 90.00 0.11051
70.00 90.00 0.12490
80.00 90.00 0.10652
-45.00 95.00 0.26384
-40.00 95.00 0.20550
-35.00 95.00 0.11117
-30.00 95.00 -0.30562E-02
-25.00 95.00 -0.11154
-20.00 95.00 -0.17859
-15.00 95.00 -0.16514
-10.00 95.00 -0.48571E-01
-5.00 95.00 0.15397
0.00 95.00 0.38029
5.00 95.00 0.54865
10.00 95.00 0.60211
15.00 95.00 0.54037
20.00 95.00 0.41462
25.00 95.00 0.28970
30.00 95.00 0.20354
35.00 95.00 0.15453
40.00 95.00 0.12085
45.00 95.00 0.89209E-01
-75.00 100.00 0.30016
-65.00 100.00 0.24078
-60.00 100.00 0.23038
-55.00 100.00 0.24888
-50.00 100.00 0.28200
-45.00 100.00 0.30217
-40.00 100.00 0.28151
-35.00 100.00 0.20552
-30.00 100.00 0.85137E-01
-25.00 100.00 -0.38798E-01
-20.00 100.00 -0.10699
-15.00 100.00 -0.71105E-01
-10.00 100.00 0.72465E-01
-5.00 100.00 0.26916
0.00 100.00 0.42954
5.00 100.00 0.48004
10.00 100.00 0.40796
15.00 100.00 0.26736
20.00 100.00 0.14043
25.00 100.00 0.83034E-01
30.00 100.00 0.94748E-01
35.00 100.00 0.13259
40.00 100.00 0.15199
45.00 100.00 0.13926
50.00 100.00 0.11183
55.00 100.00 0.93614E-01
60.00 100.00 0.92270E-01
65.00 100.00 0.98342E-01
75.00 100.00 0.10072
-70.00 105.00 0.25607
-45.00 105.00 0.27666
-40.00 105.00 0.29631
-35.00 105.00 0.26329
-30.00 105.00 0.17431
-25.00 105.00 0.65899E-01
-20.00 105.00 0.16702E-02
-15.00 105.00 0.33114E-01
-10.00 105.00 0.15804
-5.00 105.00 0.31049
0.00 105.00 0.39697
5.00 105.00 0.35776
10.00 105.00 0.20914
15.00 105.00 0.33463E-01
20.00 105.00 -0.76291E-01
25.00 105.00 -0.76072E-01
30.00 105.00 0.87866E-02
35.00 105.00 0.11242
40.00 105.00 0.17843
45.00 105.00 0.19112
70.00 105.00 0.90808E-01
-85.00 110.00 0.22443
-65.00 110.00 0.20070
-60.00 110.00 0.15824
-55.00 110.00 0.13569
-50.00 110.00 0.14762
-45.00 110.00 0.19242
-40.00 110.00 0.24556
-35.00 110.00 0.26958
-30.00 110.00 0.24068
-25.00 110.00 0.17262
-20.00 110.00 0.11427
-15.00 110.00 0.11539
-10.00 110.00 0.18428
-5.00 110.00 0.27300
0.00 110.00 0.30703
5.00 110.00 0.23987
10.00 110.00 0.90414E-01
15.00 110.00 -0.67073E-01
20.00 110.00 -0.15271
25.00 110.00 -0.13184
30.00 110.00 -0.30042E-01
35.00 110.00 0.93287E-01
40.00 110.00 0.18634
45.00 110.00 0.22882
50.00 110.00 0.22749
55.00 110.00 0.19817
60.00 110.00 0.15483
65.00 110.00 0.11112
85.00 110.00 0.11656
-45.00 115.00 0.73655E-01
-40.00 115.00 0.14677
-35.00 115.00 0.22862
-30.00 115.00 0.27376
-25.00 115.00 0.26196
-20.00 115.00 0.21359
-15.00 115.00 0.17236
-10.00 115.00 0.16858
-5.00 115.00 0.19360
0.00 115.00 0.20736
5.00 115.00 0.17226
10.00 115.00 0.84963E-01
15.00 115.00 -0.19440E-01
20.00 115.00 -0.91690E-01
25.00 115.00 -0.99590E-01
30.00 115.00 -0.42961E-01
35.00 115.00 0.53318E-01
40.00 115.00 0.15605
45.00 115.00 0.23590
-80.00 120.00 0.23441
-75.00 120.00 0.24513
-70.00 120.00 0.23544
-65.00 120.00 0.19622
-60.00 120.00 0.12226
-55.00 120.00 0.29783E-01
-50.00 120.00 -0.40796E-01
-45.00 120.00 -0.45361E-01
-40.00 120.00 0.31578E-01
-35.00 120.00 0.15935
-30.00 120.00 0.27572
-25.00 120.00 0.32553
-20.00 120.00 0.29522
-15.00 120.00 0.21788
-10.00 120.00 0.14681
-5.00 120.00 0.11857
0.00 120.00 0.13207
5.00 120.00 0.15530
10.00 120.00 0.15088
15.00 120.00 0.10140
20.00 120.00 0.20302E-01
25.00 120.00 -0.54979E-01
30.00 120.00 -0.82047E-01
35.00 120.00 -0.36061E-01
40.00 120.00 0.73873E-01
45.00 120.00 0.20389
50.00 120.00 0.29491
55.00 120.00 0.30558
60.00 120.00 0.23900
65.00 120.00 0.14233
70.00 120.00 0.75472E-01
75.00 120.00 0.68327E-01
80.00 120.00 0.10146
-45.00 125.00 -0.13292
-40.00 125.00 -0.67139E-01
-35.00 125.00 0.84909E-01
-30.00 125.00 0.25352
-25.00 125.00 0.35767
-20.00 125.00 0.35339
-15.00 125.00 0.25903
-10.00 125.00 0.14130
-5.00 125.00 0.72018E-01
0.00 125.00 0.83423E-01
5.00 125.00 0.14952
10.00 125.00 0.20419
15.00 125.00 0.18487
20.00 125.00 0.75806E-01
25.00 125.00 -0.76352E-01
30.00 125.00 -0.18634
35.00 125.00 -0.18199
40.00 125.00 -0.52410E-01
45.00 125.00 0.14011
-65.00 130.00 0.22752
-60.00 130.00 0.15601
-55.00 130.00 0.30590E-01
-50.00 130.00 -0.10162
-45.00 130.00 -0.17065
-40.00 130.00 -0.12674
-35.00 130.00 0.23188E-01
-30.00 130.00 0.21250
-25.00 130.00 0.35004
-20.00 130.00 0.37272
-15.00 130.00 0.28272
-10.00 130.00 0.14535
-5.00 130.00 0.47797E-01
0.00 130.00 0.43070E-01
5.00 130.00 0.11421
10.00 130.00 0.18349
15.00 130.00 0.16429
20.00 130.00 0.24345E-01
25.00 130.00 -0.18246
30.00 130.00 -0.34181
35.00 130.00 -0.35047
40.00 130.00 -0.18702
45.00 130.00 0.68657E-01
50.00 130.00 0.28449
55.00 130.00 0.36143
60.00 130.00 0.29432
65.00 130.00 0.16457
-70.00 135.00 0.24224
-45.00 135.00 -0.15803
-40.00 135.00 -0.14000
-35.00 135.00 -0.16561E-01
-30.00 135.00 0.15679
-25.00 135.00 0.29598
-20.00 135.00 0.33489
-15.00 135.00 0.26318
-10.00 135.00 0.13219
-5.00 135.00 0.23341E-01
0.00 135.00 -0.48314E-02
5.00 135.00 0.41677E-01
10.00 135.00 0.92181E-01
15.00 135.00 0.58980E-01
20.00 135.00 -0.94788E-01
25.00 135.00 -0.31504
30.00 135.00 -0.47939
35.00 135.00 -0.47467
40.00 135.00 -0.27762
45.00 135.00 0.21271E-01
70.00 135.00 0.71235E-01
-75.00 140.00 0.19837
-65.00 140.00 0.25155
-60.00 140.00 0.20713
-55.00 140.00 0.10234
-50.00 140.00 -0.23163E-01
-45.00 140.00 -0.10972
-40.00 140.00 -0.11322
-35.00 140.00 -0.31366E-01
-30.00 140.00 0.94361E-01
-25.00 140.00 0.20047
-20.00 140.00 0.23441
-15.00 140.00 0.18220
-10.00 140.00 0.76371E-01
-5.00 140.00 -0.22373E-01
0.00 140.00 -0.63646E-01
5.00 140.00 -0.44359E-01
10.00 140.00 -0.16773E-01
15.00 140.00 -0.54150E-01
20.00 140.00 -0.19125
25.00 140.00 -0.38271
30.00 140.00 -0.51780
35.00 140.00 -0.49103
40.00 140.00 -0.28136
45.00 140.00 0.21755E-01
50.00 140.00 0.27151
55.00 140.00 0.36073
60.00 140.00 0.29017
65.00 140.00 0.15623
75.00 140.00 0.74553E-01
-45.00 145.00 -0.48027E-01
-40.00 145.00 -0.60455E-01
-35.00 145.00 -0.21148E-01
-30.00 145.00 0.39550E-01
-25.00 145.00 0.85051E-01
-20.00 145.00 0.88939E-01
-15.00 145.00 0.45015E-01
-10.00 145.00 -0.29430E-01
-5.00 145.00 -0.99770E-01
0.00 145.00 -0.13267
5.00 145.00 -0.12102
10.00 145.00 -0.96712E-01
15.00 145.00 -0.11317
20.00 145.00 -0.20172
25.00 145.00 -0.33312
30.00 145.00 -0.42170
35.00 145.00 -0.38037
40.00 145.00 -0.19015
45.00 145.00 0.72723E-01
-80.00 150.00 0.13637
-70.00 150.00 0.20089
-65.00 150.00 0.21756
-60.00 150.00 0.18548
-55.00 150.00 0.11543
-50.00 150.00 0.44740E-01
-45.00 150.00 0.57805E-02
-40.00 150.00 0.21309E-02
-35.00 150.00 0.11455E-01
-30.00 150.00 0.77702E-02
-25.00 150.00 -0.19793E-01
-20.00 150.00 -0.65883E-01
-15.00 150.00 -0.11935
-10.00 150.00 -0.17000
-5.00 150.00 -0.20662
0.00 150.00 -0.21589
5.00 150.00 -0.19185
10.00 150.00 -0.14945
15.00 150.00 -0.12317
20.00 150.00 -0.14172
25.00 150.00 -0.19562
30.00 150.00 -0.23078
35.00 150.00 -0.18393
40.00 150.00 -0.37509E-01
45.00 150.00 0.15353
50.00 150.00 0.29304
55.00 150.00 0.31365
60.00 150.00 0.22859
65.00 150.00 0.11977
70.00 150.00 0.70467E-01
80.00 150.00 0.15313
-45.00 155.00 0.37764E-01
-40.00 155.00 0.59556E-01
-35.00 155.00 0.58012E-01
-30.00 155.00 0.45305E-02
-25.00 155.00 -0.91736E-01
-20.00 155.00 -0.19483
-15.00 155.00 -0.27207
-10.00 155.00 -0.31338
-5.00 155.00 -0.32540
0.00 155.00 -0.31361
5.00 155.00 -0.27573
10.00 155.00 -0.21297
15.00 155.00 -0.14193
20.00 155.00 -0.87481E-01
25.00 155.00 -0.58987E-01
30.00 155.00 -0.35351E-01
35.00 155.00 0.19495E-01
40.00 155.00 0.11926
45.00 155.00 0.23150
-75.00 160.00 0.11267
-65.00 160.00 0.11904
-60.00 160.00 0.67014E-01
-55.00 160.00 0.11658E-01
-50.00 160.00 0.33618E-03
-45.00 160.00 0.43927E-01
-40.00 160.00 0.99562E-01
-35.00 160.00 0.10212
-30.00 160.00 0.17127E-01
-25.00 160.00 -0.13165
-20.00 160.00 -0.28256
-15.00 160.00 -0.38328
-10.00 160.00 -0.42238
-5.00 160.00 -0.42154
0.00 160.00 -0.40339
5.00 160.00 -0.36955
10.00 160.00 -0.30762
15.00 160.00 -0.21396
20.00 160.00 -0.10439
25.00 160.00 -0.16241E-02
30.00 160.00 0.84665E-01
35.00 160.00 0.16073
40.00 160.00 0.23074
45.00 160.00 0.27967
50.00 160.00 0.28058
55.00 160.00 0.22397
60.00 160.00 0.13926
65.00 160.00 0.81149E-01
75.00 160.00 0.14191
-85.00 165.00 0.11295
-70.00 165.00 0.91552E-01
-45.00 165.00 0.29317E-01
-40.00 165.00 0.11412
-35.00 165.00 0.12266
-30.00 165.00 0.17284E-01
-25.00 165.00 -0.16486
-20.00 165.00 -0.34116
-15.00 165.00 -0.44554
-10.00 165.00 -0.46983
-5.00 165.00 -0.45339
0.00 165.00 -0.43733
5.00 165.00 -0.42752
10.00 165.00 -0.39667
15.00 165.00 -0.31637
20.00 165.00 -0.18557
25.00 165.00 -0.31514E-01
30.00 165.00 0.11113
35.00 165.00 0.21867
40.00 165.00 0.28006
45.00 165.00 0.28968
70.00 165.00 0.10538
85.00 165.00 0.18419
-65.00 170.00 0.51636E-02
-60.00 170.00 -0.73066E-01
-55.00 170.00 -0.12463
-50.00 170.00 -0.96155E-01
-45.00 170.00 0.47814E-02
-40.00 170.00 0.10162
-35.00 170.00 0.10308
-30.00 170.00 -0.23958E-01
-25.00 170.00 -0.22545
-20.00 170.00 -0.40027
-15.00 170.00 -0.47534
-10.00 170.00 -0.45349
-5.00 170.00 -0.39793
0.00 170.00 -0.37227
5.00 170.00 -0.38915
10.00 170.00 -0.40711
15.00 170.00 -0.37083
20.00 170.00 -0.25621
25.00 170.00 -0.85687E-01
30.00 170.00 0.90185E-01
35.00 170.00 0.22266
40.00 170.00 0.28404
45.00 170.00 0.27161
50.00 170.00 0.20494
55.00 170.00 0.12168
60.00 170.00 0.66814E-01
65.00 170.00 0.71522E-01
-45.00 175.00 -0.17513E-01
-40.00 175.00 0.68387E-01
-35.00 175.00 0.41753E-01
-30.00 175.00 -0.11689
-25.00 175.00 -0.33184
-20.00 175.00 -0.48486
-15.00 175.00 -0.50147
-10.00 175.00 -0.40158
-5.00 175.00 -0.27645
0.00 175.00 -0.21485
5.00 175.00 -0.23934
10.00 175.00 -0.29893
15.00 175.00 -0.31544
20.00 175.00 -0.24174
25.00 175.00 -0.89447E-01
30.00 175.00 0.85451E-01
35.00 175.00 0.21917
40.00 175.00 0.27206
45.00 175.00 0.24199
-80.00 180.00 0.36708E-01
-75.00 180.00 0.18727E-01
-70.00 180.00 -0.43718E-02
-65.00 180.00 -0.63681E-01
-60.00 180.00 -0.14011
-55.00 180.00 -0.17468
-50.00 180.00 -0.12720
-45.00 180.00 -0.28789E-01
-40.00 180.00 0.27190E-01
-35.00 180.00 -0.43793E-01
-30.00 180.00 -0.24184
-25.00 180.00 -0.46898
-20.00 180.00 -0.59371
-15.00 180.00 -0.54457
-10.00 180.00 -0.35944
-5.00 180.00 -0.15415
0.00 180.00 -0.38488E-01
5.00 180.00 -0.45062E-01
10.00 180.00 -0.11996
15.00 180.00 -0.17256
20.00 180.00 -0.14065
25.00 180.00 -0.25086E-01
30.00 180.00 0.12085
35.00 180.00 0.23007
40.00 180.00 0.25963
45.00 180.00 0.20963
50.00 180.00 0.11959
55.00 180.00 0.47358E-01
60.00 180.00 0.39099E-01
65.00 180.00 0.10294
70.00 180.00 0.20156
75.00 180.00 0.27451
80.00 180.00 0.27533
-45.00 -175 -0.27426E-01
-40.00 -175 -0.81960E-02
-35.00 -175 -0.12352
-30.00 -175 -0.35516
-25.00 -175 -0.59022
-20.00 -175 -0.69318
-15.00 -175 -0.59973
-10.00 -175 -0.36051
-5.00 -175 -0.10327
0.00 -175 0.54321E-01
5.00 -175 0.75284E-01
10.00 -175 0.11249E-01
15.00 -175 -0.47497E-01
20.00 -175 -0.36359E-01
25.00 -175 0.48684E-01
30.00 -175 0.16014
35.00 -175 0.23599
40.00 -175 0.23772
45.00 -175 0.17030
-65.00 -170 -0.68450E-01
-60.00 -170 -0.11669
-55.00 -170 -0.12775
-50.00 -170 -0.81354E-01
-45.00 -170 -0.20287E-01
-40.00 -170 -0.30210E-01
-35.00 -170 -0.17007
-30.00 -170 -0.41123
-25.00 -170 -0.64092
-20.00 -170 -0.73340
-15.00 -170 -0.63552
-10.00 -170 -0.40141
-5.00 -170 -0.15247
0.00 -170 0.37869E-02
5.00 -170 0.35572E-01
10.00 -170 -0.95225E-02
15.00 -170 -0.51246E-01
20.00 -170 -0.33818E-01
25.00 -170 0.44387E-01
30.00 -170 0.13989
35.00 -170 0.19761
40.00 -170 0.18575
45.00 -170 0.11455
50.00 -170 0.31794E-01
55.00 -170 -0.32602E-02
60.00 -170 0.44380E-01
65.00 -170 0.15997
-70.00 -165 -0.28334E-01
-45.00 -165 -0.20372E-01
-40.00 -165 -0.42182E-01
-35.00 -165 -0.17395
-30.00 -165 -0.38867
-25.00 -165 -0.59152
-20.00 -165 -0.68042
-15.00 -165 -0.61542
-10.00 -165 -0.44378
-5.00 -165 -0.26394
0.00 -165 -0.15873
5.00 -165 -0.14754
10.00 -165 -0.18662
15.00 -165 -0.20908
20.00 -165 -0.17159
25.00 -165 -0.77968E-01
30.00 -165 0.29081E-01
35.00 -165 0.97414E-01
40.00 -165 0.97712E-01
45.00 -165 0.42401E-01
70.00 -165 0.32185
-75.00 -160 -0.24294E-01
-65.00 -160 -0.37408E-01
-60.00 -160 -0.64350E-01
-55.00 -160 -0.79383E-01
-50.00 -160 -0.64895E-01
-45.00 -160 -0.40904E-01
-40.00 -160 -0.56639E-01
-35.00 -160 -0.14892
-30.00 -160 -0.30420
-25.00 -160 -0.45957
-20.00 -160 -0.54433
-15.00 -160 -0.52944
-10.00 -160 -0.44617
-5.00 -160 -0.36128
0.00 -160 -0.32965
5.00 -160 -0.35962
10.00 -160 -0.41258
15.00 -160 -0.43250
20.00 -160 -0.38293
25.00 -160 -0.26896
30.00 -160 -0.13360
35.00 -160 -0.32421E-01
40.00 -160 -0.66886E-04
45.00 -160 -0.27021E-01
50.00 -160 -0.61981E-01
55.00 -160 -0.42818E-01
60.00 -160 0.60072E-01
65.00 -160 0.21754
75.00 -160 0.40276
-45.00 -155 -0.87990E-01
-40.00 -155 -0.87140E-01
-35.00 -155 -0.12332
-30.00 -155 -0.20433
-25.00 -155 -0.30433
-20.00 -155 -0.38193
-15.00 -155 -0.41128
-10.00 -155 -0.40120
-5.00 -155 -0.38804
0.00 -155 -0.40811
5.00 -155 -0.46979
10.00 -155 -0.54424
15.00 -155 -0.58107
20.00 -155 -0.53974
25.00 -155 -0.41759
30.00 -155 -0.25633
35.00 -155 -0.12010
40.00 -155 -0.55675E-01
45.00 -155 -0.60003E-01
-80.00 -150 -0.16597E-01
-70.00 -150 -0.12288E-01
-65.00 -150 -0.77538E-02
-60.00 -150 -0.39904E-01
-55.00 -150 -0.96473E-01
-50.00 -150 -0.14336
-45.00 -150 -0.15551
-40.00 -150 -0.13812
-35.00 -150 -0.12205
-30.00 -150 -0.13853
-25.00 -150 -0.19424
-20.00 -150 -0.26643
-15.00 -150 -0.32174
-10.00 -150 -0.34377
-5.00 -150 -0.34722
0.00 -150 -0.36617
5.00 -150 -0.42388
10.00 -150 -0.50680
15.00 -150 -0.56536
20.00 -150 -0.54514
25.00 -150 -0.42839
30.00 -150 -0.25414
35.00 -150 -0.97885E-01
40.00 -150 -0.21026E-01
45.00 -150 -0.26199E-01
50.00 -150 -0.53775E-01
55.00 -150 -0.25911E-01
60.00 -150 0.92796E-01
65.00 -150 0.26458
70.00 -150 0.40300
80.00 -150 0.35326
-45.00 -145 -0.22555
-40.00 -145 -0.19941
-35.00 -145 -0.15074
-30.00 -145 -0.13054
-25.00 -145 -0.16668
-20.00 -145 -0.24125
-15.00 -145 -0.30506
-10.00 -145 -0.31888
-5.00 -145 -0.28747
0.00 -145 -0.25685
5.00 -145 -0.27419
10.00 -145 -0.34242
15.00 -145 -0.40893
20.00 -145 -0.40203
25.00 -145 -0.28899
30.00 -145 -0.10876
35.00 -145 0.50412E-01
40.00 -145 0.11466
45.00 -145 0.80621E-01
-85.00 -140 0.47497E-01
-75.00 -140 -0.31697E-01
-65.00 -140 0.68952E-02
-60.00 -140 -0.38170E-01
-55.00 -140 -0.13374
-50.00 -140 -0.23098
-45.00 -140 -0.27506
-40.00 -140 -0.24974
-35.00 -140 -0.19269
-30.00 -140 -0.16650
-25.00 -140 -0.20675
-20.00 -140 -0.29001
-15.00 -140 -0.35069
-10.00 -140 -0.33543
-5.00 -140 -0.25008
0.00 -140 -0.15770
5.00 -140 -0.12609
10.00 -140 -0.16750
15.00 -140 -0.22255
20.00 -140 -0.20592
25.00 -140 -0.78313E-01
30.00 -140 0.11460
35.00 -140 0.27117
40.00 -140 0.30991
45.00 -140 0.23265
50.00 -140 0.12370
55.00 -140 0.85562E-01
60.00 -140 0.16183
65.00 -140 0.30698
75.00 -140 0.43816
85.00 -140 0.21106
-70.00 -135 -0.32522E-02
-45.00 -135 -0.28610
-40.00 -135 -0.26796
-35.00 -135 -0.22061
-30.00 -135 -0.20747
-25.00 -135 -0.26022
-20.00 -135 -0.34698
-15.00 -135 -0.39467
-10.00 -135 -0.35008
-5.00 -135 -0.22826
0.00 -135 -0.10443
5.00 -135 -0.52299E-01
10.00 -135 -0.79536E-01
15.00 -135 -0.11664
20.00 -135 -0.72441E-01
25.00 -135 0.87388E-01
30.00 -135 0.30422
35.00 -135 0.46487
40.00 -135 0.48583
45.00 -135 0.37654
70.00 -135 0.42697
-65.00 -130 0.11242E-01
-60.00 -130 -0.25903E-01
-55.00 -130 -0.11321
-50.00 -130 -0.20605
-45.00 -130 -0.25429
-40.00 -130 -0.24514
-35.00 -130 -0.21492
-30.00 -130 -0.21697
-25.00 -130 -0.27172
-20.00 -130 -0.34313
-15.00 -130 -0.36568
-10.00 -130 -0.30174
-5.00 -130 -0.17947
0.00 -130 -0.74903E-01
5.00 -130 -0.49112E-01
10.00 -130 -0.92290E-01
15.00 -130 -0.12470
20.00 -130 -0.58328E-01
25.00 -130 0.12871
30.00 -130 0.36616
35.00 -130 0.53753
40.00 -130 0.56328
45.00 -130 0.45715
50.00 -130 0.31282
55.00 -130 0.23380
60.00 -130 0.26145
65.00 -130 0.35389
-45.00 -125 -0.19115
-40.00 -125 -0.19005
-35.00 -125 -0.17587
-30.00 -125 -0.18373
-25.00 -125 -0.22054
-20.00 -125 -0.25436
-15.00 -125 -0.24175
-10.00 -125 -0.17068
-5.00 -125 -0.79912E-01
0.00 -125 -0.33126E-01
5.00 -125 -0.65417E-01
10.00 -125 -0.14641
15.00 -125 -0.19414
20.00 -125 -0.13331
25.00 -125 0.45713E-01
30.00 -125 0.27400
35.00 -125 0.44866
40.00 -125 0.50208
45.00 -125 0.44420
-80.00 -120 -0.22114E-01
-75.00 -120 -0.35608E-01
-70.00 -120 -0.13440E-01
-65.00 -120 0.63529E-02
-60.00 -120 -0.43040E-02
-55.00 -120 -0.44697E-01
-50.00 -120 -0.90884E-01
-45.00 -120 -0.11894
-40.00 -120 -0.12445
-35.00 -120 -0.12159
-30.00 -120 -0.12424
-25.00 -120 -0.12861
-20.00 -120 -0.11538
-15.00 -120 -0.70896E-01
-10.00 -120 -0.82264E-02
-5.00 -120 0.33628E-01
0.00 -120 0.15951E-01
5.00 -120 -0.66795E-01
10.00 -120 -0.17427
15.00 -120 -0.24050
20.00 -120 -0.21461
25.00 -120 -0.93484E-01
30.00 -120 0.76605E-01
35.00 -120 0.22993
40.00 -120 0.32113
45.00 -120 0.34799
50.00 -120 0.34375
55.00 -120 0.34755
60.00 -120 0.37508
65.00 -120 0.40950
70.00 -120 0.41645
75.00 -120 0.37231
80.00 -120 0.28231
-45.00 -115 -0.60983E-01
-40.00 -115 -0.71759E-01
-35.00 -115 -0.74942E-01
-30.00 -115 -0.66137E-01
-25.00 -115 -0.37697E-01
-20.00 -115 0.10864E-01
-15.00 -115 0.64258E-01
-10.00 -115 0.95482E-01
-5.00 -115 0.81840E-01
0.00 -115 0.20574E-01
5.00 -115 -0.68478E-01
10.00 -115 -0.15461
15.00 -115 -0.21205
20.00 -115 -0.22808
25.00 -115 -0.20087
30.00 -115 -0.13356
35.00 -115 -0.32490E-01
40.00 -115 0.90282E-01
45.00 -115 0.21590
-65.00 -110 -0.12721E-01
-60.00 -110 -0.75274E-02
-55.00 -110 -0.11172E-01
-50.00 -110 -0.19947E-01
-45.00 -110 -0.32680E-01
-40.00 -110 -0.46486E-01
-35.00 -110 -0.50081E-01
-30.00 -110 -0.28056E-01
-25.00 -110 0.22867E-01
-20.00 -110 0.81422E-01
-15.00 -110 0.11034
-10.00 -110 0.84090E-01
-5.00 -110 0.12487E-01
0.00 -110 -0.63864E-01
5.00 -110 -0.10635
10.00 -110 -0.11152
15.00 -110 -0.11321
20.00 -110 -0.14844
25.00 -110 -0.21630
30.00 -110 -0.26767
35.00 -110 -0.23852
40.00 -110 -0.10073
45.00 -110 0.11171
50.00 -110 0.32247
55.00 -110 0.46165
60.00 -110 0.50390
65.00 -110 0.46983
-70.00 -105 -0.32127E-01
-45.00 -105 -0.37303E-01
-40.00 -105 -0.50614E-01
-35.00 -105 -0.48531E-01
-30.00 -105 -0.12524E-01
-25.00 -105 0.50588E-01
-20.00 -105 0.99099E-01
-15.00 -105 0.82228E-01
-10.00 -105 -0.13517E-01
-5.00 -105 -0.13939
0.00 -105 -0.21198
5.00 -105 -0.17905
10.00 -105 -0.69625E-01
15.00 -105 0.20218E-01
20.00 -105 0.19816E-02
25.00 -105 -0.12838
30.00 -105 -0.27682
35.00 -105 -0.31625
40.00 -105 -0.18041
45.00 -105 0.87302E-01
70.00 -105 0.38329
-75.00 -100 -0.29009E-01
-65.00 -100 -0.39272E-01
-60.00 -100 -0.45705E-01
-55.00 -100 -0.51058E-01
-50.00 -100 -0.56768E-01
-45.00 -100 -0.67396E-01
-40.00 -100 -0.77228E-01
-35.00 -100 -0.65473E-01
-30.00 -100 -0.15231E-01
-25.00 -100 0.57083E-01
-20.00 -100 0.95963E-01
-15.00 -100 0.44104E-01
-10.00 -100 -0.10046
-5.00 -100 -0.26032
0.00 -100 -0.32223
5.00 -100 -0.22452
10.00 -100 -0.17923E-01
15.00 -100 0.15891
20.00 -100 0.18010
25.00 -100 0.32936E-01
30.00 -100 -0.16457
35.00 -100 -0.24734
40.00 -100 -0.12381
45.00 -100 0.15995
50.00 -100 0.45876
55.00 -100 0.63274
60.00 -100 0.63361
65.00 -100 0.51319
75.00 -100 0.24847
-45.00 -95 -0.10942
-40.00 -95 -0.11657
-35.00 -95 -0.97900E-01
-30.00 -95 -0.38073E-01
-25.00 -95 0.44788E-01
-20.00 -95 0.93581E-01
-15.00 -95 0.50050E-01
-10.00 -95 -0.87162E-01
-5.00 -95 -0.23783
0.00 -95 -0.28437
5.00 -95 -0.16173
10.00 -95 0.78779E-01
15.00 -95 0.29273
20.00 -95 0.34536
25.00 -95 0.21660
30.00 -95 0.22422E-01
35.00 -95 -0.68657E-01
40.00 -95 0.40021E-01
45.00 -95 0.30460
-80.00 -90 0.12032E-01
-70.00 -90 -0.26647E-01
-65.00 -90 -0.47628E-01
-60.00 -90 -0.77234E-01
-55.00 -90 -0.10641
-50.00 -90 -0.12975
-45.00 -90 -0.14849
-40.00 -90 -0.15918
-35.00 -90 -0.14547
-30.00 -90 -0.90095E-01
-25.00 -90 -0.57028E-03
-20.00 -90 0.79799E-01
-15.00 -90 0.97505E-01
-10.00 -90 0.37585E-01
-5.00 -90 -0.48173E-01
0.00 -90 -0.68675E-01
5.00 -90 0.35245E-01
10.00 -90 0.23272
15.00 -90 0.41307
20.00 -90 0.46573
25.00 -90 0.36952
30.00 -90 0.21664
35.00 -90 0.14700
40.00 -90 0.24238
45.00 -90 0.46406
50.00 -90 0.68204
55.00 -90 0.76981
60.00 -90 0.68857
65.00 -90 0.49958
70.00 -90 0.30574
80.00 -90 0.12422
-85.00 -85 0.74386E-01
-45.00 -85 -0.17149
-40.00 -85 -0.19500
-35.00 -85 -0.20312
-30.00 -85 -0.17310
-25.00 -85 -0.91399E-01
-20.00 -85 0.25581E-01
-15.00 -85 0.13516
-10.00 -85 0.19992
-5.00 -85 0.22085
0.00 -85 0.23894
5.00 -85 0.29804
10.00 -85 0.39968
15.00 -85 0.49311
20.00 -85 0.51546
25.00 -85 0.45087
30.00 -85 0.35558
35.00 -85 0.32152
40.00 -85 0.40398
45.00 -85 0.57221
85.00 -85 0.98497E-01
-75.00 -80 0.12254E-01
-65.00 -80 -0.12795E-01
-60.00 -80 -0.48084E-01
-55.00 -80 -0.91031E-01
-50.00 -80 -0.13111
-45.00 -80 -0.16928
-40.00 -80 -0.21224
-35.00 -80 -0.25402
-30.00 -80 -0.26593
-25.00 -80 -0.21086
-20.00 -80 -0.74008E-01
-15.00 -80 0.11689
-10.00 -80 0.30310
-5.00 -80 0.43195
0.00 -80 0.48915
5.00 -80 0.49943
10.00 -80 0.49693
15.00 -80 0.49437
20.00 -80 0.48010
25.00 -80 0.44407
30.00 -80 0.40397
35.00 -80 0.40133
40.00 -80 0.46595
45.00 -80 0.58007
50.00 -80 0.67802
55.00 -80 0.68769
60.00 -80 0.58266
65.00 -80 0.40244
75.00 -80 0.11131
-70.00 -75 0.28152E-01
-45.00 -75 -0.13869
-40.00 -75 -0.20022
-35.00 -75 -0.27319
-30.00 -75 -0.32626
-25.00 -75 -0.30671
-20.00 -75 -0.17648
-15.00 -75 0.50507E-01
-10.00 -75 0.30377
-5.00 -75 0.49425
0.00 -75 0.56862
5.00 -75 0.53835
10.00 -75 0.46203
15.00 -75 0.39832
20.00 -75 0.36982
25.00 -75 0.36440
30.00 -75 0.36517
35.00 -75 0.37495
40.00 -75 0.41049
45.00 -75 0.47422
70.00 -75 0.18003
-65.00 -70 0.61301E-01
-60.00 -70 0.49432E-01
-55.00 -70 0.16471E-01
-50.00 -70 -0.28972E-01
-45.00 -70 -0.84390E-01
-40.00 -70 -0.15609
-35.00 -70 -0.24260
-30.00 -70 -0.31505
-25.00 -70 -0.32026
-20.00 -70 -0.21457
-15.00 -70 -0.53811E-02
-10.00 -70 0.23715
-5.00 -70 0.41601
0.00 -70 0.46866
5.00 -70 0.40683
10.00 -70 0.30268
15.00 -70 0.23273
20.00 -70 0.22567
25.00 -70 0.25482
30.00 -70 0.27586
35.00 -70 0.27165
40.00 -70 0.26318
45.00 -70 0.28020
50.00 -70 0.32325
55.00 -70 0.35567
60.00 -70 0.33415
65.00 -70 0.24935
-45.00 -65 -0.18399E-01
-40.00 -65 -0.89909E-01
-35.00 -65 -0.16691
-30.00 -65 -0.22697
-25.00 -65 -0.23156
-20.00 -65 -0.15069
-15.00 -65 0.46941E-02
-10.00 -65 0.17389
-5.00 -65 0.27812
0.00 -65 0.27427
5.00 -65 0.18783
10.00 -65 0.94768E-01
15.00 -65 0.63558E-01
20.00 -65 0.10401
25.00 -65 0.16539
30.00 -65 0.18465
35.00 -65 0.14231
40.00 -65 0.77521E-01
45.00 -65 0.50598E-01
-80.00 -60 0.66190E-01
-75.00 -60 0.61272E-01
-70.00 -60 0.91488E-01
-65.00 -60 0.13524
-60.00 -60 0.16188
-55.00 -60 0.15234
-50.00 -60 0.10790
-45.00 -60 0.43984E-01
-40.00 -60 -0.21947E-01
-35.00 -60 -0.75232E-01
-30.00 -60 -0.10075
-25.00 -60 -0.82726E-01
-20.00 -60 -0.16166E-01
-15.00 -60 0.77854E-01
-10.00 -60 0.15231
-5.00 -60 0.16025
0.00 -60 0.91989E-01
5.00 -60 -0.86553E-02
10.00 -60 -0.69951E-01
15.00 -60 -0.46000E-01
20.00 -60 0.43659E-01
25.00 -60 0.12463
30.00 -60 0.12464
35.00 -60 0.32527E-01
40.00 -60 -0.90166E-01
45.00 -60 -0.15623
50.00 -60 -0.12078
55.00 -60 -0.14407E-01
60.00 -60 0.84812E-01
65.00 -60 0.11512
70.00 -60 0.76988E-01
75.00 -60 0.23848E-01
80.00 -60 0.11764E-01
-45.00 -55 0.90906E-01
-40.00 -55 0.28447E-01
-35.00 -55 -0.39446E-02
-30.00 -55 0.33050E-02
-25.00 -55 0.45105E-01
-20.00 -55 0.10331
-15.00 -55 0.14859
-10.00 -55 0.14861
-5.00 -55 0.86565E-01
0.00 -55 -0.19586E-01
5.00 -55 -0.11627
10.00 -55 -0.14311
15.00 -55 -0.77481E-01
20.00 -55 0.39165E-01
25.00 -55 0.12085
30.00 -55 0.95737E-01
35.00 -55 -0.37747E-01
40.00 -55 -0.20313
45.00 -55 -0.29727
-65.00 -50 0.15773
-60.00 -50 0.21484
-55.00 -50 0.22943
-50.00 -50 0.19032
-45.00 -50 0.11937
-40.00 -50 0.55258E-01
-35.00 -50 0.28275E-01
-30.00 -50 0.44669E-01
-25.00 -50 0.87703E-01
-20.00 -50 0.12926
-15.00 -50 0.14208
-10.00 -50 0.10899
-5.00 -50 0.31141E-01
0.00 -50 -0.66123E-01
5.00 -50 -0.13775
10.00 -50 -0.14082
15.00 -50 -0.66215E-01
20.00 -50 0.43083E-01
25.00 -50 0.10903
30.00 -50 0.68301E-01
35.00 -50 -0.77760E-01
40.00 -50 -0.25399
45.00 -50 -0.35706
50.00 -50 -0.32646
55.00 -50 -0.18717
60.00 -50 -0.29519E-01
65.00 -50 0.59132E-01
-70.00 -45 0.79268E-01
-45.00 -45 0.13532
-40.00 -45 0.69628E-01
-35.00 -45 0.33802E-01
-30.00 -45 0.31165E-01
-25.00 -45 0.43784E-01
-20.00 -45 0.50251E-01
-15.00 -45 0.38977E-01
-10.00 -45 0.90370E-02
-5.00 -45 -0.34812E-01
0.00 -45 -0.82891E-01
5.00 -45 -0.11753
10.00 -45 -0.11675
15.00 -45 -0.70927E-01
20.00 -45 -0.12887E-02
25.00 -45 0.41133E-01
30.00 -45 0.63076E-02
35.00 -45 -0.11225
40.00 -45 -0.25937
45.00 -45 -0.34743
70.00 -45 0.59063E-01
-75.00 -40 0.48668E-01
-65.00 -40 0.99656E-01
-60.00 -40 0.16523
-55.00 -40 0.20496
-50.00 -40 0.19556
-45.00 -40 0.14762
-40.00 -40 0.90740E-01
-35.00 -40 0.45781E-01
-30.00 -40 0.11088E-01
-25.00 -40 -0.26390E-01
-20.00 -40 -0.69916E-01
-15.00 -40 -0.10573
-10.00 -40 -0.11756
-5.00 -40 -0.10643
0.00 -40 -0.92753E-01
5.00 -40 -0.96535E-01
10.00 -40 -0.11602
15.00 -40 -0.12919
20.00 -40 -0.11938
25.00 -40 -0.99272E-01
30.00 -40 -0.10502
35.00 -40 -0.16054
40.00 -40 -0.24467
45.00 -40 -0.29678
50.00 -40 -0.26311
55.00 -40 -0.14581
60.00 -40 -0.84590E-02
65.00 -40 0.71610E-01
75.00 -40 0.14398E-01
-45.00 -35 0.16000
-40.00 -35 0.12962
-35.00 -35 0.90838E-01
-30.00 -35 0.33951E-01
-25.00 -35 -0.49458E-01
-20.00 -35 -0.14302
-15.00 -35 -0.20656
-10.00 -35 -0.20715
-5.00 -35 -0.15308
0.00 -35 -0.95193E-01
5.00 -35 -0.88856E-01
10.00 -35 -0.14786
15.00 -35 -0.23279
20.00 -35 -0.28604
25.00 -35 -0.28195
30.00 -35 -0.24543
35.00 -35 -0.22198
40.00 -35 -0.22875
45.00 -35 -0.23550
-85.00 -30 0.14777
-80.00 -30 0.92850E-01
-70.00 -30 -0.31396E-01
-65.00 -30 -0.26384E-01
-60.00 -30 0.24957E-01
-55.00 -30 0.89484E-01
-50.00 -30 0.13904
-45.00 -30 0.16721
-40.00 -30 0.17831
-35.00 -30 0.16595
-30.00 -30 0.11073
-25.00 -30 0.44924E-02
-20.00 -30 -0.12395
-15.00 -30 -0.21522
-10.00 -30 -0.22249
-5.00 -30 -0.15614
0.00 -30 -0.85840E-01
5.00 -30 -0.89939E-01
10.00 -30 -0.19175
15.00 -30 -0.33801
20.00 -30 -0.44034
25.00 -30 -0.44471
30.00 -30 -0.36871
35.00 -30 -0.27621
40.00 -30 -0.21623
45.00 -30 -0.18420
50.00 -30 -0.13944
55.00 -30 -0.57685E-01
60.00 -30 0.36218E-01
65.00 -30 0.88991E-01
70.00 -30 0.72748E-01
80.00 -30 -0.11135E-01
85.00 -30 0.25621E-01
-45.00 -25 0.15889
-40.00 -25 0.21382
-35.00 -25 0.23844
-30.00 -25 0.20541
-25.00 -25 0.10249
-20.00 -25 -0.39582E-01
-15.00 -25 -0.15370
-10.00 -25 -0.18333
-5.00 -25 -0.13334
0.00 -25 -0.75508E-01
5.00 -25 -0.95559E-01
10.00 -25 -0.22198
15.00 -25 -0.39782
20.00 -25 -0.52229
25.00 -25 -0.52802
30.00 -25 -0.42835
35.00 -25 -0.29654
40.00 -25 -0.19969
45.00 -25 -0.14891
-75.00 -20 -0.12319E-01
-65.00 -20 -0.17106
-60.00 -20 -0.14597
-55.00 -20 -0.67523E-01
-50.00 -20 0.31126E-01
-45.00 -20 0.12901
-40.00 -20 0.21497
-35.00 -20 0.27007
-30.00 -20 0.26425
-25.00 -20 0.18002
-20.00 -20 0.41532E-01
-15.00 -20 -0.87039E-01
-10.00 -20 -0.14430
-5.00 -20 -0.12348
0.00 -20 -0.84441E-01
5.00 -20 -0.10781
10.00 -20 -0.22589
15.00 -20 -0.39020
20.00 -20 -0.50622
25.00 -20 -0.50705
30.00 -20 -0.40316
35.00 -20 -0.26667
40.00 -20 -0.16805
45.00 -20 -0.12344
50.00 -20 -0.97288E-01
55.00 -20 -0.51028E-01
60.00 -20 0.13530E-01
65.00 -20 0.58156E-01
75.00 -20 0.12194E-01
-70.00 -15 -0.15695
-45.00 -15 0.83770E-01
-40.00 -15 0.17964
-35.00 -15 0.24651
-30.00 -15 0.25831
-25.00 -15 0.19450
-20.00 -15 0.68782E-01
-15.00 -15 -0.64616E-01
-10.00 -15 -0.14384
-5.00 -15 -0.14847
0.00 -15 -0.11943
5.00 -15 -0.12610
10.00 -15 -0.20532
15.00 -15 -0.32570
20.00 -15 -0.41080
25.00 -15 -0.40229
30.00 -15 -0.30752
35.00 -15 -0.19024
40.00 -15 -0.11486
45.00 -15 -0.95995E-01
70.00 -15 0.30262E-01
-65.00 -10 -0.27448
-60.00 -10 -0.26852
-55.00 -10 -0.18366
-50.00 -10 -0.67866E-01
-45.00 -10 0.41011E-01
-40.00 -10 0.12872
-35.00 -10 0.18873
-30.00 -10 0.20437
-25.00 -10 0.15560
-20.00 -10 0.45677E-01
-15.00 -10 -0.83883E-01
-10.00 -10 -0.17413
-5.00 -10 -0.19289
0.00 -10 -0.16230
5.00 -10 -0.14024
10.00 -10 -0.16884
15.00 -10 -0.23565
20.00 -10 -0.28417
25.00 -10 -0.26509
30.00 -10 -0.18177
35.00 -10 -0.88227E-01
40.00 -10 -0.42131E-01
45.00 -10 -0.56366E-01
50.00 -10 -0.92994E-01
55.00 -10 -0.10253
60.00 -10 -0.69582E-01
65.00 -10 -0.22109E-01
-45.00 -5 0.20345E-01
-40.00 -5 0.92507E-01
-35.00 -5 0.13676
-30.00 -5 0.14796
-25.00 -5 0.10897
-20.00 -5 0.14534E-01
-15.00 -5 -0.10608
-10.00 -5 -0.19849
-5.00 -5 -0.22251
0.00 -5 -0.18600
5.00 -5 -0.13855
10.00 -5 -0.12726
15.00 -5 -0.15443
20.00 -5 -0.17700
25.00 -5 -0.14945
30.00 -5 -0.70172E-01
35.00 -5 0.12515E-01
40.00 -5 0.41122E-01
45.00 -5 -0.85505E-03
90.00 0.00 0.10495
-90.00 0.00 0.15917
