-85.00 0.00 0.25816
-80.00 0.00 0.30478
-75.00 0.00 0.18799
-70.00 0.00 -0.18312E-01
-65.00 0.00 -0.19149
-60.00 0.00 -0.24415
-55.00 0.00 -0.17600
-50.00 0.00 -0.60867E-01
-45.00 0.00 0.18113E-01
-40.00 0.00 0.29758E-01
-35.00 0.00 0.48191E-02
-30.00 0.00 -0.47560E-02
-25.00 0.00 0.26213E-01
-20.00 0.00 0.84043E-01
-15.00 0.00 0.14336
-10.00 0.00 0.19867
-5.00 0.00 0.26524
0.00 0.00 0.34991
5.00 0.00 0.42596
10.00 0.00 0.44367
15.00 0.00 0.37175
20.00 0.00 0.23161
25.00 0.00 0.90203E-01
30.00 0.00 0.14278E-01
35.00 0.00 0.23993E-01
40.00 0.00 0.83472E-01
45.00 0.00 0.13184
50.00 0.00 0.12466
55.00 0.00 0.53113E-01
60.00 0.00 -0.64732E-01
65.00 0.00 -0.20083
70.00 0.00 -0.32378
75.00 0.00 -0.39794
80.00 0.00 -0.39619
85.00 0.00 -0.32172
-45.00 5.00 0.56560E-02
-40.00 5.00 0.14991E-01
-35.00 5.00 -0.13724E-01
-30.00 5.00 -0.30324E-01
-25.00 5.00 -0.93645E-03
-20.00 5.00 0.73902E-01
-15.00 5.00 0.17275
-10.00 5.00 0.27583
-5.00 5.00 0.37165
0.00 5.00 0.44581
5.00 5.00 0.47251
10.00 5.00 0.42618
15.00 5.00 0.30723
20.00 5.00 0.15622
25.00 5.00 0.37672E-01
30.00 5.00 0.17448E-02
35.00 5.00 0.53063E-01
40.00 5.00 0.15037
45.00 5.00 0.23427
-65.00 10.00 -0.87751E-01
-60.00 10.00 -0.16309
-55.00 10.00 -0.13794
-50.00 10.00 -0.62170E-01
-45.00 10.00 0.15173E-02
-40.00 10.00 0.21256E-01
-35.00 10.00 0.80383E-02
-30.00 10.00 -0.34388E-02
-25.00 10.00 0.17826E-01
-20.00 10.00 0.84516E-01
-15.00 10.00 0.19167
-10.00 10.00 0.32145
-5.00 10.00 0.44436
0.00 10.00 0.52177
5.00 10.00 0.51900
10.00 10.00 0.42717
15.00 10.00 0.27758
20.00 10.00 0.13246
25.00 10.00 0.53008E-01
30.00 10.00 0.66156E-01
35.00 10.00 0.15330
40.00 10.00 0.26656
45.00 10.00 0.35612
50.00 10.00 0.38762
55.00 10.00 0.34368
60.00 10.00 0.22122
65.00 10.00 0.36798E-01
-70.00 15.00 0.13890
-45.00 15.00 -0.97251E-02
-40.00 15.00 0.38368E-01
-35.00 15.00 0.69901E-01
-30.00 15.00 0.88902E-01
-25.00 15.00 0.10716
-20.00 15.00 0.14406
-15.00 15.00 0.21906
-10.00 15.00 0.33366
-5.00 15.00 0.45687
0.00 15.00 0.53343
5.00 15.00 0.51753
10.00 15.00 0.40930
15.00 15.00 0.26266
20.00 15.00 0.15393
25.00 15.00 0.13357
30.00 15.00 0.19859
35.00 15.00 0.30458
40.00 15.00 0.40206
45.00 15.00 0.46273
70.00 15.00 -0.94344E-01
-75.00 20.00 0.33388
-65.00 20.00 0.54069E-01
-60.00 20.00 -0.49356E-01
-55.00 20.00 -0.98621E-01
-50.00 20.00 -0.96290E-01
-45.00 20.00 -0.45777E-01
-40.00 20.00 0.43865E-01
-35.00 20.00 0.14615
-30.00 20.00 0.22259
-25.00 20.00 0.24957
-20.00 20.00 0.24198
-15.00 20.00 0.24436
-10.00 20.00 0.29047
-5.00 20.00 0.36645
0.00 20.00 0.41604
5.00 20.00 0.38881
10.00 20.00 0.29009
15.00 20.00 0.18520
20.00 20.00 0.15070
25.00 20.00 0.21433
30.00 20.00 0.33654
35.00 20.00 0.44798
40.00 20.00 0.50533
45.00 20.00 0.51345
50.00 20.00 0.49733
55.00 20.00 0.45855
60.00 20.00 0.36582
65.00 20.00 0.19249
75.00 20.00 -0.24309
-45.00 25.00 -0.11853
-40.00 25.00 0.11604E-01
-35.00 25.00 0.19225
-30.00 25.00 0.33879
-25.00 25.00 0.38351
-20.00 25.00 0.32691
-15.00 25.00 0.23368
-10.00 25.00 0.17363
-5.00 25.00 0.16200
0.00 25.00 0.15585
5.00 25.00 0.10955
10.00 25.00 0.33626E-01
15.00 25.00 -0.39002E-02
20.00 25.00 0.61584E-01
25.00 25.00 0.22559
30.00 25.00 0.40899
35.00 25.00 0.52057
40.00 25.00 0.52966
45.00 25.00 0.48059
-80.00 30.00 0.40816
-70.00 30.00 0.29496
-65.00 30.00 0.16953
-60.00 30.00 0.23940E-01
-55.00 30.00 -0.12685
-50.00 30.00 -0.23323
-45.00 30.00 -0.22529
-40.00 30.00 -0.72573E-01
-35.00 30.00 0.16837
-30.00 30.00 0.37427
-25.00 30.00 0.43753
-20.00 30.00 0.34207
-15.00 30.00 0.16545
-10.00 30.00 0.64722E-02
-5.00 30.00 -0.92804E-01
0.00 30.00 -0.15900
5.00 30.00 -0.22858
10.00 30.00 -0.28453
15.00 30.00 -0.25853
20.00 30.00 -0.10085
25.00 30.00 0.15228
30.00 30.00 0.38669
35.00 30.00 0.49478
40.00 30.00 0.46075
45.00 30.00 0.36613
50.00 30.00 0.30911
55.00 30.00 0.31350
60.00 30.00 0.31278
65.00 30.00 0.22260
70.00 30.00 0.30674E-01
80.00 30.00 -0.31280
-45.00 35.00 -0.34497
-40.00 35.00 -0.19784
-35.00 35.00 0.65227E-01
-30.00 35.00 0.29953
-25.00 35.00 0.37504
-20.00 35.00 0.26651
-15.00 35.00 0.57602E-01
-10.00 35.00 -0.14028
-5.00 35.00 -0.27543
0.00 35.00 -0.36962
5.00 35.00 -0.45464
10.00 35.00 -0.50652
15.00 35.00 -0.45261
20.00 35.00 -0.24979
25.00 35.00 0.46465E-01
30.00 35.00 0.30017
35.00 35.00 0.39490
40.00 35.00 0.32732
45.00 35.00 0.20554
-75.00 40.00 0.40849
-65.00 40.00 0.22651
-60.00 40.00 0.51353E-01
-55.00 40.00 -0.17315
-50.00 40.00 -0.37360
-45.00 40.00 -0.44358
-40.00 40.00 -0.32828
-35.00 40.00 -0.86285E-01
-30.00 40.00 0.13797
-25.00 40.00 0.21672
-20.00 40.00 0.12880
-15.00 40.00 -0.41475E-01
-10.00 40.00 -0.19045
-5.00 40.00 -0.28136
0.00 40.00 -0.35012
5.00 40.00 -0.43346
10.00 40.00 -0.50117
15.00 40.00 -0.46957
20.00 40.00 -0.28839
25.00 40.00 -0.13526E-01
30.00 40.00 0.21502
35.00 40.00 0.28068
40.00 40.00 0.18746
45.00 40.00 0.54805E-01
50.00 40.00 0.11557E-01
55.00 40.00 0.84558E-01
60.00 40.00 0.18216
65.00 40.00 0.18408
75.00 40.00 -0.14386
-70.00 45.00 0.34314
-45.00 45.00 -0.48836
-40.00 45.00 -0.41835
-35.00 45.00 -0.22963
-30.00 45.00 -0.46965E-01
-25.00 45.00 0.26570E-01
-20.00 45.00 -0.14165E-01
-15.00 45.00 -0.89084E-01
-10.00 45.00 -0.11959
-5.00 45.00 -0.10330
0.00 45.00 -0.10402
5.00 45.00 -0.16974
10.00 45.00 -0.26500
15.00 45.00 -0.29165
20.00 45.00 -0.18315
25.00 45.00 0.18965E-01
30.00 45.00 0.18644
35.00 45.00 0.21080
40.00 45.00 0.98645E-01
45.00 45.00 -0.33974E-01
70.00 45.00 0.55604E-01
-65.00 50.00 0.22478
-60.00 50.00 0.61556E-01
-55.00 50.00 -0.15138
-50.00 50.00 -0.35479
-45.00 50.00 -0.46405
-40.00 50.00 -0.43651
-35.00 50.00 -0.31315
-30.00 50.00 -0.18755
-25.00 50.00 -0.12577
-20.00 50.00 -0.11273
-15.00 50.00 -0.77894E-01
-10.00 50.00 0.23703E-01
-5.00 50.00 0.15581
0.00 50.00 0.22873
5.00 50.00 0.18677
10.00 50.00 0.70025E-01
15.00 50.00 -0.13763E-01
20.00 50.00 0.14563E-01
25.00 50.00 0.13090
30.00 50.00 0.22738
35.00 50.00 0.21072
40.00 50.00 0.88632E-01
45.00 50.00 -0.36132E-01
50.00 50.00 -0.58955E-01
55.00 50.00 0.32171E-01
60.00 50.00 0.14631
65.00 50.00 0.16987
-85.00 55.00 0.28239
-45.00 55.00 -0.38251
-40.00 55.00 -0.38304
-35.00 55.00 -0.31781
-30.00 55.00 -0.24691
-25.00 55.00 -0.20004
-20.00 55.00 -0.14746
-15.00 55.00 -0.34163E-01
-10.00 55.00 0.15279
-5.00 55.00 0.35141
0.00 55.00 0.46495
5.00 55.00 0.44328
10.00 55.00 0.33011
15.00 55.00 0.22864
20.00 55.00 0.21361
25.00 55.00 0.26915
30.00 55.00 0.30961
35.00 55.00 0.26364
40.00 55.00 0.14332
45.00 55.00 0.34535E-01
85.00 55.00 -0.28814
-80.00 60.00 0.36027
-75.00 60.00 0.34677
-70.00 60.00 0.27546
-65.00 60.00 0.17495
-60.00 60.00 0.51430E-01
-55.00 60.00 -0.85464E-01
-50.00 60.00 -0.20722
-45.00 60.00 -0.27947
-40.00 60.00 -0.29132
-35.00 60.00 -0.26537
-30.00 60.00 -0.23301
-25.00 60.00 -0.19803
-20.00 60.00 -0.12845
-15.00 60.00 0.94553E-02
-10.00 60.00 0.20531
-5.00 60.00 0.39435
0.00 60.00 0.49969
5.00 60.00 0.49315
10.00 60.00 0.41907
15.00 60.00 0.35671
20.00 60.00 0.35296
25.00 60.00 0.38565
30.00 60.00 0.39050
35.00 60.00 0.32607
40.00 60.00 0.21651
45.00 60.00 0.13258
50.00 60.00 0.12824
55.00 60.00 0.19033
60.00 60.00 0.24566
65.00 60.00 0.21879
70.00 60.00 0.91002E-01
75.00 60.00 -0.86720E-01
80.00 60.00 -0.23247
-45.00 65.00 -0.19900
-40.00 65.00 -0.21094
-35.00 65.00 -0.20327
-30.00 65.00 -0.18647
-25.00 65.00 -0.15233
-20.00 65.00 -0.80013E-01
-15.00 65.00 0.38959E-01
-10.00 65.00 0.18129
-5.00 65.00 0.30099
0.00 65.00 0.36322
5.00 65.00 0.37293
10.00 65.00 0.36987
15.00 65.00 0.39170
20.00 65.00 0.43788
25.00 65.00 0.46867
30.00 65.00 0.44184
35.00 65.00 0.35507
40.00 65.00 0.25481
45.00 65.00 0.20185
-65.00 70.00 0.95552E-01
-60.00 70.00 -0.57001E-02
-55.00 70.00 -0.88203E-01
-50.00 70.00 -0.14413
-45.00 70.00 -0.17328
-40.00 70.00 -0.18212
-35.00 70.00 -0.17634
-30.00 70.00 -0.15305
-25.00 70.00 -0.10342
-20.00 70.00 -0.26237E-01
-15.00 70.00 0.61107E-01
-10.00 70.00 0.12984
-5.00 70.00 0.16359
0.00 70.00 0.17765
5.00 70.00 0.21150
10.00 70.00 0.29500
15.00 70.00 0.41543
20.00 70.00 0.51685
25.00 70.00 0.53808
30.00 70.00 0.46111
35.00 70.00 0.33020
40.00 70.00 0.22387
45.00 70.00 0.20041
50.00 70.00 0.25796
55.00 70.00 0.33779
60.00 70.00 0.36497
65.00 70.00 0.29511
-70.00 75.00 0.16719
-45.00 75.00 -0.20785
-40.00 75.00 -0.21546
-35.00 75.00 -0.20246
-30.00 75.00 -0.15868
-25.00 75.00 -0.79990E-01
-20.00 75.00 0.14918E-01
-15.00 75.00 0.86634E-01
-10.00 75.00 0.10340
-5.00 75.00 0.75215E-01
0.00 75.00 0.59546E-01
5.00 75.00 0.12341
10.00 75.00 0.28578
15.00 75.00 0.48826
20.00 75.00 0.62494
25.00 75.00 0.61489
30.00 75.00 0.46291
35.00 75.00 0.26024
40.00 75.00 0.12355
45.00 75.00 0.11801
70.00 75.00 0.16385
-75.00 80.00 0.23081
-65.00 80.00 0.25412E-01
-60.00 80.00 -0.89084E-01
-55.00 80.00 -0.18294
-50.00 80.00 -0.24606
-45.00 80.00 -0.27973
-40.00 80.00 -0.28780
-35.00 80.00 -0.26525
-30.00 80.00 -0.19964
-25.00 80.00 -0.90411E-01
-20.00 80.00 0.32330E-01
-15.00 80.00 0.11546
-10.00 80.00 0.12228
-5.00 80.00 0.73974E-01
0.00 80.00 0.50354E-01
5.00 80.00 0.13574
10.00 80.00 0.34548
15.00 80.00 0.59467
20.00 80.00 0.74369
25.00 80.00 0.69391
30.00 80.00 0.46202
35.00 80.00 0.17465
40.00 80.00 -0.14135E-01
45.00 80.00 -0.21215E-01
50.00 80.00 0.12116
55.00 80.00 0.29900
60.00 80.00 0.39465
65.00 80.00 0.35166
75.00 80.00 -0.15864E-01
-45.00 85.00 -0.34900
-40.00 85.00 -0.35539
-35.00 85.00 -0.32589
-30.00 85.00 -0.25025
-25.00 85.00 -0.12521
-20.00 85.00 0.22801E-01
-15.00 85.00 0.13862
-10.00 85.00 0.17580
-5.00 85.00 0.14423
0.00 85.00 0.12051
5.00 85.00 0.19731
10.00 85.00 0.40279
15.00 85.00 0.65651
20.00 85.00 0.80836
25.00 85.00 0.74116
30.00 85.00 0.46141
35.00 85.00 0.10633
40.00 85.00 -0.14170
45.00 85.00 -0.17102
-80.00 90.00 0.21538
-70.00 90.00 0.12040
-65.00 90.00 0.13746E-01
-60.00 90.00 -0.11787
-55.00 90.00 -0.24558
-50.00 90.00 -0.33691
-45.00 90.00 -0.37764
-40.00 90.00 -0.37642
-35.00 90.00 -0.34544
-30.00 90.00 -0.28022
-25.00 90.00 -0.16583
-20.00 90.00 -0.69969E-02
-15.00 90.00 0.15191
-10.00 90.00 0.24864
-5.00 90.00 0.25716
0.00 90.00 0.22446
5.00 90.00 0.24512
10.00 90.00 0.38185
15.00 90.00 0.59563
20.00 90.00 0.75248
25.00 90.00 0.71469
30.00 90.00 0.45060
35.00 90.00 0.74748E-01
40.00 90.00 -0.21889
45.00 90.00 -0.28376
50.00 90.00 -0.11415
55.00 90.00 0.15985
60.00 90.00 0.36484
65.00 90.00 0.39172
70.00 90.00 0.24641
80.00 90.00 -0.16682
-45.00 95.00 -0.34611
-40.00 95.00 -0.33074
-35.00 95.00 -0.30434
-30.00 95.00 -0.27058
-25.00 95.00 -0.19404
-20.00 95.00 -0.41576E-01
-15.00 95.00 0.16440
-10.00 95.00 0.34044
-5.00 95.00 0.40303
0.00 95.00 0.34646
5.00 95.00 0.26144
10.00 95.00 0.26466
15.00 95.00 0.39251
20.00 95.00 0.55361
25.00 95.00 0.59125
30.00 95.00 0.41238
35.00 95.00 0.77014E-01
40.00 95.00 -0.23039
45.00 95.00 -0.32967
-75.00 100.00 0.16265
-65.00 100.00 0.81154E-01
-60.00 100.00 -0.34728E-01
-55.00 100.00 -0.16601
-50.00 100.00 -0.25085
-45.00 100.00 -0.26028
-40.00 100.00 -0.22722
-35.00 100.00 -0.20952
-30.00 100.00 -0.21987
-25.00 100.00 -0.19757
-20.00 100.00 -0.62449E-01
-15.00 100.00 0.19199
-10.00 100.00 0.45906
-5.00 100.00 0.58555
0.00 100.00 0.49801
5.00 100.00 0.27647
10.00 100.00 0.99965E-01
15.00 100.00 0.10068
20.00 100.00 0.25045
25.00 100.00 0.38224
30.00 100.00 0.33364
35.00 100.00 0.90989E-01
40.00 100.00 -0.19003
45.00 100.00 -0.30604
50.00 100.00 -0.16760
55.00 100.00 0.13225
60.00 100.00 0.39281
65.00 100.00 0.45504
75.00 100.00 0.52781E-01
-70.00 105.00 0.16471
-45.00 105.00 -0.14657
-40.00 105.00 -0.97052E-01
-35.00 105.00 -0.87467E-01
-30.00 105.00 -0.13979
-25.00 105.00 -0.17068
-20.00 105.00 -0.55270E-01
-15.00 105.00 0.24289
-10.00 105.00 0.59811
-5.00 105.00 0.79128
0.00 105.00 0.67999
5.00 105.00 0.32645
10.00 105.00 -0.36476E-01
15.00 105.00 -0.18357
20.00 105.00 -0.72480E-01
25.00 105.00 0.13385
30.00 105.00 0.21625
35.00 105.00 0.89463E-01
40.00 105.00 -0.13020
45.00 105.00 -0.23320
70.00 105.00 0.33007
-85.00 110.00 0.98462E-01
-65.00 110.00 0.19320
-60.00 110.00 0.12377
-55.00 110.00 0.12130E-01
-50.00 110.00 -0.57640E-01
-45.00 110.00 -0.39010E-01
-40.00 110.00 0.21755E-01
-35.00 110.00 0.30175E-01
-30.00 110.00 -0.45651E-01
-25.00 110.00 -0.11160
-20.00 110.00 -0.13430E-01
-15.00 110.00 0.30967
-10.00 110.00 0.72503
-5.00 110.00 0.97103
0.00 110.00 0.85350
5.00 110.00 0.41262
10.00 110.00 -0.90480E-01
15.00 110.00 -0.36733
20.00 110.00 -0.31748
25.00 110.00 -0.85429E-01
30.00 110.00 0.83569E-01
35.00 110.00 0.57774E-01
40.00 110.00 -0.82917E-01
45.00 110.00 -0.14112
50.00 110.00 0.69705E-02
55.00 110.00 0.29708
60.00 110.00 0.53310
65.00 110.00 0.55241
85.00 110.00 -0.24062
-45.00 115.00 0.34769E-01
-40.00 115.00 0.99744E-01
-35.00 115.00 0.11923
-30.00 115.00 0.50331E-01
-25.00 115.00 -0.21079E-01
-20.00 115.00 0.62567E-01
-15.00 115.00 0.37498
-10.00 115.00 0.79424
-5.00 115.00 1.0561
0.00 115.00 0.94965
5.00 115.00 0.49547
10.00 115.00 -0.53080E-01
15.00 115.00 -0.39606
20.00 115.00 -0.40755
25.00 115.00 -0.20611
30.00 115.00 -0.23559E-01
35.00 115.00 0.37747E-02
40.00 115.00 -0.63767E-01
45.00 115.00 -0.54772E-01
-80.00 120.00 0.43762E-01
-75.00 120.00 0.95746E-01
-70.00 120.00 0.20040
-65.00 120.00 0.27825
-60.00 120.00 0.25930
-55.00 120.00 0.15935
-50.00 120.00 0.68827E-01
-45.00 120.00 0.62729E-01
-40.00 120.00 0.12467
-35.00 120.00 0.16806
-30.00 120.00 0.13894
-25.00 120.00 0.94655E-01
-20.00 120.00 0.16607
-15.00 120.00 0.42407
-10.00 120.00 0.77495
-5.00 120.00 0.99761
0.00 120.00 0.90931
5.00 120.00 0.52151
10.00 120.00 0.44722E-01
15.00 120.00 -0.26920
20.00 120.00 -0.31393
25.00 120.00 -0.18501
30.00 120.00 -0.64679E-01
35.00 120.00 -0.47690E-01
40.00 120.00 -0.67992E-01
45.00 120.00 0.13902E-01
50.00 120.00 0.25379
55.00 120.00 0.54847
60.00 120.00 0.71183
65.00 120.00 0.62930
70.00 120.00 0.34888
75.00 120.00 0.34102E-01
80.00 120.00 -0.17209
-45.00 125.00 0.49951E-01
-40.00 125.00 0.10173
-35.00 125.00 0.17547
-30.00 125.00 0.20949
-25.00 125.00 0.21885
-20.00 125.00 0.28259
-15.00 125.00 0.45174
-10.00 125.00 0.67040
-5.00 125.00 0.79719
0.00 125.00 0.71900
5.00 125.00 0.45485
10.00 125.00 0.14997
15.00 125.00 -0.40336E-01
20.00 125.00 -0.72458E-01
25.00 125.00 -0.30570E-01
30.00 125.00 -0.25098E-01
35.00 125.00 -0.73478E-01
40.00 125.00 -0.79909E-01
45.00 125.00 0.64534E-01
-65.00 130.00 0.27070
-60.00 130.00 0.29248
-55.00 130.00 0.20342
-50.00 130.00 0.78535E-01
-45.00 130.00 0.13649E-01
-40.00 130.00 0.48123E-01
-35.00 130.00 0.14659
-30.00 130.00 0.24763
-25.00 130.00 0.32307
-20.00 130.00 0.38790
-15.00 130.00 0.45871
-10.00 130.00 0.51414
-5.00 130.00 0.50703
0.00 130.00 0.41839
5.00 130.00 0.29244
10.00 130.00 0.20651
15.00 130.00 0.19783
20.00 130.00 0.22122
25.00 130.00 0.18950
30.00 130.00 0.67362E-01
35.00 130.00 -0.71245E-01
40.00 130.00 -0.87876E-01
45.00 130.00 0.10073
50.00 130.00 0.43155
55.00 130.00 0.72003
60.00 130.00 0.78894
65.00 130.00 0.59694
-70.00 135.00 0.93918E-01
-45.00 135.00 -0.25088E-01
-40.00 135.00 -0.13817E-01
-35.00 135.00 0.91250E-01
-30.00 135.00 0.24036
-25.00 135.00 0.37518
-20.00 135.00 0.45141
-15.00 135.00 0.44336
-10.00 135.00 0.34889
-5.00 135.00 0.20304
0.00 135.00 0.80689E-01
5.00 135.00 0.62919E-01
10.00 135.00 0.17529
15.00 135.00 0.34780
20.00 135.00 0.44659
25.00 135.00 0.37192
30.00 135.00 0.15016
35.00 135.00 -0.64058E-01
40.00 135.00 -0.93532E-01
45.00 135.00 0.12303
70.00 135.00 0.17872
-75.00 140.00 -0.92522E-01
-65.00 140.00 0.14192
-60.00 140.00 0.19594
-55.00 140.00 0.14993
-50.00 140.00 0.42850E-01
-45.00 140.00 -0.49448E-01
-40.00 140.00 -0.62546E-01
-35.00 140.00 0.25143E-01
-30.00 140.00 0.18625
-25.00 140.00 0.35471
-20.00 140.00 0.44697
-15.00 140.00 0.39759
-10.00 140.00 0.20378
-5.00 140.00 -0.49106E-01
0.00 140.00 -0.21653
5.00 140.00 -0.18080
10.00 140.00 0.56915E-01
15.00 140.00 0.35502
20.00 140.00 0.51607
25.00 140.00 0.42867
30.00 140.00 0.15943
35.00 140.00 -0.85313E-01
40.00 140.00 -0.10881
45.00 140.00 0.12761
50.00 140.00 0.47348
55.00 140.00 0.70009
60.00 140.00 0.66490
65.00 140.00 0.40152
75.00 140.00 -0.15771
-45.00 145.00 -0.52696E-01
-40.00 145.00 -0.82165E-01
-35.00 145.00 -0.30112E-01
-30.00 145.00 0.10314
-25.00 145.00 0.26650
-20.00 145.00 0.36572
-15.00 145.00 0.31001
-10.00 145.00 0.82484E-01
-5.00 145.00 -0.21823
0.00 145.00 -0.41663
5.00 145.00 -0.37340
10.00 145.00 -0.96674E-01
15.00 145.00 0.24323
20.00 145.00 0.42468
25.00 145.00 0.33737
30.00 145.00 0.69806E-01
35.00 145.00 -0.15383
40.00 145.00 -0.14378
45.00 145.00 0.11095
-80.00 150.00 -0.20290
-70.00 150.00 -0.17910
-65.00 150.00 -0.92266E-01
-60.00 150.00 -0.22786E-01
-55.00 150.00 0.47048E-02
-50.00 150.00 -0.72018E-02
-45.00 150.00 -0.40455E-01
-40.00 150.00 -0.66806E-01
-35.00 150.00 -0.51923E-01
-30.00 150.00 0.25529E-01
-25.00 150.00 0.14290
-20.00 150.00 0.22277
-15.00 150.00 0.17313
-10.00 150.00 -0.35136E-01
-5.00 150.00 -0.31598
0.00 150.00 -0.50205
5.00 150.00 -0.45965
10.00 150.00 -0.20080
15.00 150.00 0.10660
20.00 150.00 0.25491
25.00 150.00 0.15567
30.00 150.00 -0.87525E-01
35.00 150.00 -0.25774
40.00 150.00 -0.19548
45.00 150.00 0.75894E-01
50.00 150.00 0.37076
55.00 150.00 0.48718
60.00 150.00 0.35622
65.00 150.00 0.77477E-01
70.00 150.00 -0.17551
80.00 150.00 -0.27528
-45.00 155.00 -0.29015E-01
-40.00 155.00 -0.23922E-01
-35.00 155.00 -0.26537E-01
-30.00 155.00 -0.94179E-02
-25.00 155.00 0.31649E-01
-20.00 155.00 0.53641E-01
-15.00 155.00 -0.92135E-02
-10.00 155.00 -0.17952
-5.00 155.00 -0.38821
0.00 155.00 -0.50239
5.00 155.00 -0.42510
10.00 155.00 -0.18790
15.00 155.00 0.52050E-01
20.00 155.00 0.12469
25.00 155.00 -0.15407E-01
30.00 155.00 -0.24395
35.00 155.00 -0.36010
40.00 155.00 -0.24676
45.00 155.00 0.33839E-01
-75.00 160.00 -0.37823
-65.00 160.00 -0.37512
-60.00 160.00 -0.32518
-55.00 160.00 -0.24553
-50.00 160.00 -0.14140
-45.00 160.00 -0.39716E-01
-40.00 160.00 0.25755E-01
-35.00 160.00 0.41351E-01
-30.00 160.00 0.19615E-01
-25.00 160.00 -0.24257E-01
-20.00 160.00 -0.96643E-01
-15.00 160.00 -0.21548
-10.00 160.00 -0.36893
-5.00 160.00 -0.48882
0.00 160.00 -0.48284
5.00 160.00 -0.31398
10.00 160.00 -0.58308E-01
15.00 160.00 0.12550
20.00 160.00 0.10889
25.00 160.00 -0.97866E-01
30.00 160.00 -0.33841
35.00 160.00 -0.42306
40.00 160.00 -0.27646
45.00 160.00 0.83020E-03
50.00 160.00 0.20963
55.00 160.00 0.20523
60.00 160.00 0.14197E-02
65.00 160.00 -0.25436
75.00 160.00 -0.39630
-85.00 165.00 -0.14789
-70.00 165.00 -0.49707
-45.00 165.00 -0.90444E-01
-40.00 165.00 0.53681E-01
-35.00 165.00 0.12575
-30.00 165.00 0.10511
-25.00 165.00 -0.49591E-02
-20.00 165.00 -0.18671
-15.00 165.00 -0.40330
-10.00 165.00 -0.58562
-5.00 165.00 -0.64166
0.00 165.00 -0.50715
5.00 165.00 -0.21040
10.00 165.00 0.11048
15.00 165.00 0.27643
20.00 165.00 0.18911
25.00 165.00 -0.86738E-01
30.00 165.00 -0.35661
35.00 165.00 -0.43285
40.00 165.00 -0.27311
45.00 165.00 -0.10207E-01
70.00 165.00 -0.48307
85.00 165.00 -0.21393
-65.00 170.00 -0.62127
-60.00 170.00 -0.62030
-55.00 170.00 -0.55292
-50.00 170.00 -0.40181
-45.00 170.00 -0.18670
-40.00 170.00 0.34054E-01
-35.00 170.00 0.18666
-30.00 170.00 0.21006
-25.00 170.00 0.76666E-01
-20.00 170.00 -0.19245
-15.00 170.00 -0.51720
-10.00 170.00 -0.76761
-5.00 170.00 -0.81125
0.00 170.00 -0.59092
5.00 170.00 -0.18447
10.00 170.00 0.21210
15.00 170.00 0.39140
20.00 170.00 0.27008
25.00 170.00 -0.47461E-01
30.00 170.00 -0.33602
35.00 170.00 -0.40736
40.00 170.00 -0.24240
45.00 170.00 0.37399E-02
50.00 170.00 0.12675
55.00 170.00 0.27929E-01
60.00 170.00 -0.22184
65.00 170.00 -0.45148
-45.00 175.00 -0.31574
-40.00 175.00 -0.44054E-01
-35.00 175.00 0.18563
-30.00 175.00 0.28013
-25.00 175.00 0.17610
-20.00 175.00 -0.12087
-15.00 175.00 -0.51355
-10.00 175.00 -0.83259
-5.00 175.00 -0.91026
0.00 175.00 -0.68054
5.00 175.00 -0.24053
10.00 175.00 0.18532
15.00 175.00 0.37482
20.00 175.00 0.25152
25.00 175.00 -0.62817E-01
30.00 175.00 -0.33389
35.00 175.00 -0.38142
40.00 175.00 -0.20368
45.00 175.00 0.33556E-01
-80.00 180.00 -0.43386
-75.00 180.00 -0.59499
-70.00 180.00 -0.69147
-65.00 180.00 -0.75066
-60.00 180.00 -0.78156
-55.00 180.00 -0.76136
-50.00 180.00 -0.65474
-45.00 180.00 -0.44698
-40.00 180.00 -0.16837
-35.00 180.00 0.10322
-30.00 180.00 0.26434
-25.00 180.00 0.22922
-20.00 180.00 -0.18928E-01
-15.00 180.00 -0.39533
-10.00 180.00 -0.73144
-5.00 180.00 -0.85321
0.00 180.00 -0.68531
5.00 180.00 -0.31277
10.00 180.00 0.56064E-01
15.00 180.00 0.21633
20.00 180.00 0.10201
25.00 180.00 -0.16951
30.00 180.00 -0.38304
35.00 180.00 -0.38200
40.00 180.00 -0.17930
45.00 180.00 0.60761E-01
50.00 180.00 0.15237
55.00 180.00 0.26650E-01
60.00 180.00 -0.22692
65.00 180.00 -0.44006
70.00 180.00 -0.49486
75.00 180.00 -0.39890
80.00 180.00 -0.26083
-45.00 -175 -0.54004
-40.00 -175 -0.30346
-35.00 -175 -0.48644E-01
-30.00 -175 0.13788
-25.00 -175 0.17560
-20.00 -175 0.35051E-01
-15.00 -175 -0.23118
-10.00 -175 -0.49793
-5.00 -175 -0.62682
0.00 -175 -0.54934
5.00 -175 -0.31913
10.00 -175 -0.87428E-01
15.00 -175 -0.58344E-02
20.00 -175 -0.11955
25.00 -175 -0.33112
30.00 -175 -0.46858
35.00 -175 -0.41221
40.00 -175 -0.18506
45.00 -175 0.63063E-01
-65.00 -170 -0.74072
-60.00 -170 -0.73889
-55.00 -170 -0.72057
-50.00 -170 -0.66660
-45.00 -170 -0.55865
-40.00 -170 -0.40098
-35.00 -170 -0.22560
-30.00 -170 -0.80728E-01
-25.00 -170 -0.10434E-01
-20.00 -170 -0.33923E-01
-15.00 -170 -0.13208
-10.00 -170 -0.25001
-5.00 -170 -0.32159
0.00 -170 -0.30888
5.00 -170 -0.23255
10.00 -170 -0.16568
15.00 -170 -0.18482
20.00 -170 -0.30746
25.00 -170 -0.46505
30.00 -170 -0.54111
35.00 -170 -0.45460
40.00 -170 -0.22735
45.00 -170 0.20241E-01
50.00 -170 0.14838
55.00 -170 0.94669E-01
60.00 -170 -0.84997E-01
65.00 -170 -0.26250
-70.00 -165 -0.71571
-45.00 -165 -0.48592
-40.00 -165 -0.41762
-35.00 -165 -0.36382
-30.00 -165 -0.32735
-25.00 -165 -0.29426
-20.00 -165 -0.24773
-15.00 -165 -0.18597
-10.00 -165 -0.12551
-5.00 -165 -0.87354E-01
0.00 -165 -0.81910E-01
5.00 -165 -0.10836
10.00 -165 -0.16589
15.00 -165 -0.25845
20.00 -165 -0.38107
25.00 -165 -0.50001
30.00 -165 -0.55385
35.00 -165 -0.48870
40.00 -165 -0.30608
45.00 -165 -0.80610E-01
70.00 -165 -0.22714
-75.00 -160 -0.67249
-65.00 -160 -0.65312
-60.00 -160 -0.56684
-55.00 -160 -0.47517
-50.00 -160 -0.39145
-45.00 -160 -0.33498
-40.00 -160 -0.33519
-35.00 -160 -0.40535
-30.00 -160 -0.51240
-25.00 -160 -0.58141
-20.00 -160 -0.54335
-15.00 -160 -0.39030
-10.00 -160 -0.18861
-5.00 -160 -0.34500E-01
0.00 -160 0.11915E-01
5.00 -160 -0.40800E-01
10.00 -160 -0.13974
15.00 -160 -0.23965
20.00 -160 -0.33094
25.00 -160 -0.42075
30.00 -160 -0.49468
35.00 -160 -0.50708
40.00 -160 -0.41764
45.00 -160 -0.24039
50.00 -160 -0.52574E-01
55.00 -160 0.54564E-01
60.00 -160 0.44088E-01
65.00 -160 -0.40805E-01
75.00 -160 -0.14110
-45.00 -155 -0.14963
-40.00 -155 -0.17413
-35.00 -155 -0.32741
-30.00 -155 -0.56138
-25.00 -155 -0.75639
-20.00 -155 -0.79257
-15.00 -155 -0.63816
-10.00 -155 -0.37825
-5.00 -155 -0.15363
0.00 -155 -0.58504E-01
5.00 -155 -0.83231E-01
10.00 -155 -0.14767
15.00 -155 -0.18771
20.00 -155 -0.21090
25.00 -155 -0.27092
30.00 -155 -0.39109
35.00 -155 -0.51771
40.00 -155 -0.55376
45.00 -155 -0.44432
-80.00 -150 -0.53436
-70.00 -150 -0.69072
-65.00 -150 -0.59110
-60.00 -150 -0.44275
-55.00 -150 -0.27641
-50.00 -150 -0.11147
-45.00 -150 0.76238E-02
-40.00 -150 0.75208E-02
-35.00 -150 -0.16126
-30.00 -150 -0.45833
-25.00 -150 -0.74713
-20.00 -150 -0.87484
-15.00 -150 -0.78192
-10.00 -150 -0.54671
-5.00 -150 -0.32101
0.00 -150 -0.20976
5.00 -150 -0.20032
10.00 -150 -0.20190
15.00 -150 -0.15320
20.00 -150 -0.92227E-01
25.00 -150 -0.11944
30.00 -150 -0.28883
35.00 -150 -0.53279
40.00 -150 -0.69738
45.00 -150 -0.66145
50.00 -150 -0.43430
55.00 -150 -0.14625
60.00 -150 0.55763E-01
65.00 -150 0.11200
70.00 -150 0.66971E-01
80.00 -150 -0.60838E-01
-45.00 -145 0.77411E-01
-40.00 -145 0.13344
-35.00 -145 0.13746E-01
-30.00 -145 -0.26465
-25.00 -145 -0.57587
-20.00 -145 -0.75936
-15.00 -145 -0.73642
-10.00 -145 -0.56687
-5.00 -145 -0.39096
0.00 -145 -0.30649
5.00 -145 -0.29377
10.00 -145 -0.25775
15.00 -145 -0.14521
20.00 -145 -0.20604E-01
25.00 -145 -0.20729E-01
30.00 -145 -0.22403
35.00 -145 -0.55555
40.00 -145 -0.82133
45.00 -145 -0.84963
-85.00 -140 -0.25681
-75.00 -140 -0.69822
-65.00 -140 -0.61102
-60.00 -140 -0.47862
-55.00 -140 -0.32837
-50.00 -140 -0.15312
-45.00 -140 0.27931E-01
-40.00 -140 0.14166
-35.00 -140 0.10497
-30.00 -140 -0.93067E-01
-25.00 -140 -0.35489
-20.00 -140 -0.53327
-15.00 -140 -0.54307
-10.00 -140 -0.42563
-5.00 -140 -0.30300
0.00 -140 -0.26221
5.00 -140 -0.27925
10.00 -140 -0.25716
15.00 -140 -0.14265
20.00 -140 -0.57367E-02
25.00 -140 0.34389E-02
30.00 -140 -0.20948
35.00 -140 -0.57675
40.00 -140 -0.89443
45.00 -140 -0.96658
50.00 -140 -0.74797
55.00 -140 -0.36799
60.00 -140 -0.24327E-01
65.00 -140 0.15531
75.00 -140 0.95080E-01
85.00 -140 -0.11397
-70.00 -135 -0.71880
-45.00 -135 -0.12903
-40.00 -135 0.16430E-01
-35.00 -135 0.56275E-01
-30.00 -135 -0.43545E-01
-25.00 -135 -0.21858
-20.00 -135 -0.34474
-15.00 -135 -0.33842
-10.00 -135 -0.22650
-5.00 -135 -0.11714
0.00 -135 -0.96391E-01
5.00 -135 -0.14905
10.00 -135 -0.18216
15.00 -135 -0.13048
20.00 -135 -0.40459E-01
25.00 -135 -0.44526E-01
30.00 -135 -0.24030
35.00 -135 -0.58300
40.00 -135 -0.89358
45.00 -135 -0.98342
70.00 -135 0.18730
-65.00 -130 -0.67558
-60.00 -130 -0.60474
-55.00 -130 -0.54411
-50.00 -130 -0.46445
-45.00 -130 -0.33952
-40.00 -130 -0.19867
-35.00 -130 -0.11552
-30.00 -130 -0.13834
-25.00 -130 -0.23186
-20.00 -130 -0.29493
-15.00 -130 -0.24596
-10.00 -130 -0.98277E-01
-5.00 -130 0.48219E-01
0.00 -130 0.94621E-01
5.00 -130 0.28870E-01
10.00 -130 -0.71632E-01
15.00 -130 -0.12301
20.00 -130 -0.12278
25.00 -130 -0.15560
30.00 -130 -0.30756
35.00 -130 -0.56831
40.00 -130 -0.81454
45.00 -130 -0.89476
50.00 -130 -0.74375
55.00 -130 -0.42990
60.00 -130 -0.10110
65.00 -130 0.11717
-45.00 -125 -0.52826
-40.00 -125 -0.41735
-35.00 -125 -0.32360
-30.00 -125 -0.30195
-25.00 -125 -0.34114
-20.00 -125 -0.36030
-15.00 -125 -0.27708
-10.00 -125 -0.87723E-01
-5.00 -125 0.11702
0.00 -125 0.21926
5.00 -125 0.16672
10.00 -125 0.88123E-02
15.00 -125 -0.15391
20.00 -125 -0.25778
25.00 -125 -0.32036
30.00 -125 -0.40394
35.00 -125 -0.53756
40.00 -125 -0.67370
45.00 -125 -0.71993
-80.00 -120 -0.51882
-75.00 -120 -0.69813
-70.00 -120 -0.74287
-65.00 -120 -0.70106
-60.00 -120 -0.65458
-55.00 -120 -0.64696
-50.00 -120 -0.65633
-45.00 -120 -0.63106
-40.00 -120 -0.55202
-35.00 -120 -0.45789
-30.00 -120 -0.40654
-25.00 -120 -0.41018
-20.00 -120 -0.41055
-15.00 -120 -0.32551
-10.00 -120 -0.12966
-5.00 -120 0.10488
0.00 -120 0.24981
5.00 -120 0.21426
10.00 -120 0.13370E-01
15.00 -120 -0.24458
20.00 -120 -0.43928
25.00 -120 -0.51875
30.00 -120 -0.51603
35.00 -120 -0.49802
40.00 -120 -0.49871
45.00 -120 -0.49461
50.00 -120 -0.43637
55.00 -120 -0.30090
60.00 -120 -0.11728
65.00 -120 0.50424E-01
70.00 -120 0.14306
75.00 -120 0.13533
80.00 -120 0.39793E-01
-45.00 -115 -0.62325
-40.00 -115 -0.55890
-35.00 -115 -0.45016
-30.00 -115 -0.35741
-25.00 -115 -0.32092
-20.00 -115 -0.31434
-15.00 -115 -0.26347
-10.00 -115 -0.11951
-5.00 -115 0.78507E-01
0.00 -115 0.21347
5.00 -115 0.17303
10.00 -115 -0.59124E-01
15.00 -115 -0.37961
20.00 -115 -0.63107
25.00 -115 -0.70662
30.00 -115 -0.61268
35.00 -115 -0.44656
40.00 -115 -0.31428
45.00 -115 -0.25726
-65.00 -110 -0.64419
-60.00 -110 -0.55557
-55.00 -110 -0.51514
-50.00 -110 -0.52636
-45.00 -110 -0.52908
-40.00 -110 -0.46014
-35.00 -110 -0.31607
-30.00 -110 -0.16019
-25.00 -110 -0.66381E-01
-20.00 -110 -0.51158E-01
-15.00 -110 -0.59261E-01
-10.00 -110 -0.20372E-01
-5.00 -110 0.72791E-01
0.00 -110 0.13956
5.00 -110 0.70534E-01
10.00 -110 -0.17362
15.00 -110 -0.50842
20.00 -110 -0.76833
25.00 -110 -0.81788
30.00 -110 -0.64517
35.00 -110 -0.36510
40.00 -110 -0.13287
45.00 -110 -0.37789E-01
50.00 -110 -0.57496E-01
55.00 -110 -0.98663E-01
60.00 -110 -0.81778E-01
65.00 -110 -0.21484E-03
-70.00 -105 -0.67588
-45.00 -105 -0.40632
-40.00 -105 -0.32847
-35.00 -105 -0.14454
-30.00 -105 0.79910E-01
-25.00 -105 0.23674
-20.00 -105 0.26236
-15.00 -105 0.18634
-10.00 -105 0.96687E-01
-5.00 -105 0.53004E-01
0.00 -105 0.27948E-01
5.00 -105 -0.65574E-01
10.00 -105 -0.28214
15.00 -105 -0.56941
20.00 -105 -0.78355
25.00 -105 -0.78968
30.00 -105 -0.56710
35.00 -105 -0.23186
40.00 -105 0.43064E-01
45.00 -105 0.14623
70.00 -105 0.64187E-01
-75.00 -100 -0.60569
-65.00 -100 -0.53032
-60.00 -100 -0.38699
-55.00 -100 -0.30089
-50.00 -100 -0.29897
-45.00 -100 -0.31397
-40.00 -100 -0.24228
-35.00 -100 -0.39285E-01
-30.00 -100 0.22948
-25.00 -100 0.42915
-20.00 -100 0.45726
-15.00 -100 0.32039
-10.00 -100 0.12021
-5.00 -100 -0.36917E-01
0.00 -100 -0.12529
5.00 -100 -0.20406
10.00 -100 -0.33950
15.00 -100 -0.51964
20.00 -100 -0.64354
25.00 -100 -0.59964
30.00 -100 -0.36590
35.00 -100 -0.43291E-01
40.00 -100 0.20923
45.00 -100 0.28563
50.00 -100 0.20018
55.00 -100 0.61375E-01
60.00 -100 -0.19090E-01
65.00 -100 -0.56317E-02
75.00 -100 0.69444E-01
-45.00 -95 -0.28108
-40.00 -95 -0.23850
-35.00 -95 -0.50849E-01
-30.00 -95 0.21906
-25.00 -95 0.42413
-20.00 -95 0.44243
-15.00 -95 0.26902
-10.00 -95 0.14130E-01
-5.00 -95 -0.18748
0.00 -95 -0.27599
5.00 -95 -0.29127
10.00 -95 -0.30931
15.00 -95 -0.35540
20.00 -95 -0.37576
25.00 -95 -0.29197
30.00 -95 -0.85250E-01
35.00 -95 0.16883
40.00 -95 0.34806
45.00 -95 0.37316
-80.00 -90 -0.36439
-70.00 -90 -0.52655
-65.00 -90 -0.40376
-60.00 -90 -0.24819
-55.00 -90 -0.17281
-50.00 -90 -0.21288
-45.00 -90 -0.29374
-40.00 -90 -0.29233
-35.00 -90 -0.14493
-30.00 -90 0.89862E-01
-25.00 -90 0.26919
-20.00 -90 0.27543
-15.00 -90 0.10634
-10.00 -90 -0.12749
-5.00 -90 -0.29108
0.00 -90 -0.32186
5.00 -90 -0.25623
10.00 -90 -0.17382
15.00 -90 -0.11842
20.00 -90 -0.67654E-01
25.00 -90 0.27958E-01
30.00 -90 0.18088
35.00 -90 0.34044
40.00 -90 0.42818
45.00 -90 0.40070
50.00 -90 0.28367
55.00 -90 0.15022
60.00 -90 0.65614E-01
65.00 -90 0.44945E-01
70.00 -90 0.53019E-01
80.00 -90 -0.27184E-01
-85.00 -85 -0.11774
-45.00 -85 -0.30678
-40.00 -85 -0.33584
-35.00 -85 -0.22775
-30.00 -85 -0.37908E-01
-25.00 -85 0.10808
-20.00 -85 0.11669
-15.00 -85 -0.10163E-02
-10.00 -85 -0.14517
-5.00 -85 -0.21114
0.00 -85 -0.16605
5.00 -85 -0.56692E-01
10.00 -85 0.46984E-01
15.00 -85 0.11393
20.00 -85 0.16512
25.00 -85 0.23514
30.00 -85 0.32665
35.00 -85 0.40244
40.00 -85 0.41854
45.00 -85 0.36341
85.00 -85 -0.14186
-75.00 -80 -0.41040
-65.00 -80 -0.27608
-60.00 -80 -0.13743
-55.00 -80 -0.93150E-01
-50.00 -80 -0.16498
-45.00 -80 -0.27179
-40.00 -80 -0.30183
-35.00 -80 -0.20939
-30.00 -80 -0.49880E-01
-25.00 -80 0.74483E-01
-20.00 -80 0.10510
-15.00 -80 0.70901E-01
-10.00 -80 0.50955E-01
-5.00 -80 0.97049E-01
0.00 -80 0.19029
5.00 -80 0.26740
10.00 -80 0.28456
15.00 -80 0.25535
20.00 -80 0.23043
25.00 -80 0.24507
30.00 -80 0.28819
35.00 -80 0.31914
40.00 -80 0.30985
45.00 -80 0.26804
50.00 -80 0.22255
55.00 -80 0.19148
60.00 -80 0.16787
65.00 -80 0.13326
75.00 -80 0.91907E-02
-70.00 -75 -0.33483
-45.00 -75 -0.16429
-40.00 -75 -0.16434
-35.00 -75 -0.60618E-01
-30.00 -75 0.87557E-01
-25.00 -75 0.20080
-20.00 -75 0.25676
-15.00 -75 0.30245
-10.00 -75 0.39297
-5.00 -75 0.52150
0.00 -75 0.61293
5.00 -75 0.58919
10.00 -75 0.44314
15.00 -75 0.25011
20.00 -75 0.10752
25.00 -75 0.60846E-01
30.00 -75 0.82498E-01
35.00 -75 0.11513
40.00 -75 0.12922
45.00 -75 0.13843
70.00 -75 0.89721E-01
-65.00 -70 -0.13558
-60.00 -70 0.41823E-02
-55.00 -70 0.62427E-01
-50.00 -70 0.36265E-01
-45.00 -70 0.49519E-02
-40.00 -70 0.48869E-01
-35.00 -70 0.17376
-30.00 -70 0.31432
-25.00 -70 0.40911
-20.00 -70 0.46616
-15.00 -70 0.54893
-10.00 -70 0.69514
-5.00 -70 0.85273
0.00 -70 0.90375
5.00 -70 0.76148
10.00 -70 0.45256
15.00 -70 0.10677
20.00 -70 -0.13678
25.00 -70 -0.22292
30.00 -70 -0.19474
35.00 -70 -0.12896
40.00 -70 -0.63910E-01
45.00 -70 0.12136E-01
50.00 -70 0.11384
55.00 -70 0.21457
60.00 -70 0.25725
65.00 -70 0.20805
-45.00 -65 0.19850
-40.00 -65 0.27607
-35.00 -65 0.40915
-30.00 -65 0.52822
-25.00 -65 0.58332
-20.00 -65 0.60216
-15.00 -65 0.66111
-10.00 -65 0.79346
-5.00 -65 0.92849
0.00 -65 0.93058
5.00 -65 0.71171
10.00 -65 0.31644
15.00 -65 -0.99603E-01
20.00 -65 -0.37974
25.00 -65 -0.46753
30.00 -65 -0.41623
35.00 -65 -0.31321
40.00 -65 -0.20171
45.00 -65 -0.72339E-01
-80.00 -60 -0.10570
-75.00 -60 -0.17875
-70.00 -60 -0.13954
-65.00 -60 0.77937E-02
-60.00 -60 0.17884
-55.00 -60 0.29083
-50.00 -60 0.33544
-45.00 -60 0.37274
-40.00 -60 0.45704
-35.00 -60 0.57413
-30.00 -60 0.65625
-25.00 -60 0.65853
-20.00 -60 0.61398
-15.00 -60 0.60415
-10.00 -60 0.66918
-5.00 -60 0.74804
0.00 -60 0.71541
5.00 -60 0.48943
10.00 -60 0.11273
15.00 -60 -0.26869
20.00 -60 -0.51069
25.00 -60 -0.56610
30.00 -60 -0.49071
35.00 -60 -0.36884
40.00 -60 -0.23942
45.00 -60 -0.91802E-01
50.00 -60 0.78590E-01
55.00 -60 0.22651
60.00 -60 0.27948
65.00 -60 0.20520
70.00 -60 0.49897E-01
75.00 -60 -0.96332E-01
80.00 -60 -0.17756
-45.00 -55 0.49684
-40.00 -55 0.56056
-35.00 -55 0.64479
-30.00 -55 0.69183
-25.00 -55 0.65619
-20.00 -55 0.55977
-15.00 -55 0.47582
-10.00 -55 0.45413
-5.00 -55 0.46268
0.00 -55 0.40880
5.00 -55 0.22482
10.00 -55 -0.61363E-01
15.00 -55 -0.33852
20.00 -55 -0.49617
25.00 -55 -0.50295
30.00 -55 -0.41104
35.00 -55 -0.29240
40.00 -55 -0.17634
45.00 -55 -0.48699E-01
-65.00 -50 0.10751
-60.00 -50 0.30878
-55.00 -50 0.46594
-50.00 -50 0.53876
-45.00 -50 0.56074
-40.00 -50 0.58966
-35.00 -50 0.64199
-30.00 -50 0.67741
-25.00 -50 0.64520
-20.00 -50 0.54102
-15.00 -50 0.41396
-10.00 -50 0.31695
-5.00 -50 0.25286
0.00 -50 0.17310
5.00 -50 0.31976E-01
10.00 -50 -0.15785
15.00 -50 -0.32516
20.00 -50 -0.39688
25.00 -50 -0.35695
30.00 -50 -0.25199
35.00 -50 -0.14274
40.00 -50 -0.53391E-01
45.00 -50 0.30848E-01
50.00 -50 0.12128
55.00 -50 0.19018
60.00 -50 0.18607
65.00 -50 0.87042E-01
-70.00 -45 -0.18184E-01
-45.00 -45 0.57118
-40.00 -45 0.56754
-35.00 -45 0.60259
-30.00 -45 0.65656
-25.00 -45 0.67087
-20.00 -45 0.60642
-15.00 -45 0.47705
-10.00 -45 0.32943
-5.00 -45 0.19610
0.00 -45 0.72188E-01
5.00 -45 -0.62131E-01
10.00 -45 -0.20137
15.00 -45 -0.30303
20.00 -45 -0.31979
25.00 -45 -0.24386
30.00 -45 -0.11814
35.00 -45 -0.24990E-02
40.00 -45 0.71111E-01
45.00 -45 0.11049
70.00 -45 -0.14395
-75.00 -40 -0.86456E-02
-65.00 -40 0.11465
-60.00 -40 0.31001
-55.00 -40 0.48082
-50.00 -40 0.55458
-45.00 -40 0.54201
-40.00 -40 0.51854
-35.00 -40 0.55131
-30.00 -40 0.63890
-25.00 -40 0.71546
-20.00 -40 0.70938
-15.00 -40 0.59985
-10.00 -40 0.42292
-5.00 -40 0.23137
0.00 -40 0.53951E-01
5.00 -40 -0.10725
10.00 -40 -0.24724
15.00 -40 -0.33641
20.00 -40 -0.33567
25.00 -40 -0.23527
30.00 -40 -0.76266E-01
35.00 -40 0.70785E-01
40.00 -40 0.15233
45.00 -40 0.16083
50.00 -40 0.12233
55.00 -40 0.60885E-01
60.00 -40 -0.20346E-01
65.00 -40 -0.12364
75.00 -40 -0.29906
-45.00 -35 0.48625
-40.00 -35 0.45730
-35.00 -35 0.49260
-30.00 -35 0.60311
-25.00 -35 0.71982
-20.00 -35 0.75146
-15.00 -35 0.65583
-10.00 -35 0.46286
-5.00 -35 0.23762
0.00 -35 0.27167E-01
5.00 -35 -0.15725
10.00 -35 -0.31357
15.00 -35 -0.41674
20.00 -35 -0.42299
25.00 -35 -0.31093
30.00 -35 -0.11741
35.00 -35 0.72479E-01
40.00 -35 0.17764
45.00 -35 0.17069
-85.00 -30 0.14913
-80.00 -30 0.13076
-70.00 -30 -0.19177E-01
-65.00 -30 0.24578E-01
-60.00 -30 0.16801
-55.00 -30 0.32705
-50.00 -30 0.41414
-45.00 -30 0.41338
-40.00 -30 0.38934
-35.00 -30 0.42174
-30.00 -30 0.52733
-25.00 -30 0.64053
-20.00 -30 0.66828
-15.00 -30 0.56643
-10.00 -30 0.36864
-5.00 -30 0.14783
0.00 -30 -0.45740E-01
5.00 -30 -0.20858
10.00 -30 -0.35290
15.00 -30 -0.46159
20.00 -30 -0.48343
25.00 -30 -0.37922
30.00 -30 -0.17382
35.00 -30 0.41228E-01
40.00 -30 0.16349
45.00 -30 0.14730
50.00 -30 0.25482E-01
55.00 -30 -0.12830
60.00 -30 -0.25625
65.00 -30 -0.34107
70.00 -30 -0.38778
80.00 -30 -0.35559
85.00 -30 -0.28397
-45.00 -25 0.33075
-40.00 -25 0.31721
-35.00 -25 0.33905
-30.00 -25 0.41483
-25.00 -25 0.48911
-20.00 -25 0.48200
-15.00 -25 0.36254
-10.00 -25 0.17571
-5.00 -25 -0.36247E-03
0.00 -25 -0.12224
5.00 -25 -0.20688
10.00 -25 -0.29299
15.00 -25 -0.38151
20.00 -25 -0.41998
25.00 -25 -0.35052
30.00 -25 -0.17594
35.00 -25 0.22311E-01
40.00 -25 0.13606
45.00 -25 0.10773
-75.00 -20 0.82073E-01
-65.00 -20 -0.10806
-60.00 -20 -0.43866E-01
-55.00 -20 0.88645E-01
-50.00 -20 0.20128
-45.00 -20 0.24558
-40.00 -20 0.24456
-35.00 -20 0.25343
-30.00 -20 0.29255
-25.00 -20 0.32139
-20.00 -20 0.27955
-15.00 -20 0.15279
-10.00 -20 -0.36530E-02
-5.00 -20 -0.10995
0.00 -20 -0.13216
5.00 -20 -0.10931
10.00 -20 -0.10995
15.00 -20 -0.16070
20.00 -20 -0.21727
25.00 -20 -0.20749
30.00 -20 -0.10571
35.00 -20 0.32993E-01
40.00 -20 0.11185
45.00 -20 0.68958E-01
50.00 -20 -0.77813E-01
55.00 -20 -0.25340
60.00 -20 -0.38747
65.00 -20 -0.45601
75.00 -20 -0.45000
-70.00 -15 -0.63907E-01
-45.00 -15 0.16554
-40.00 -15 0.17593
-35.00 -15 0.17491
-30.00 -15 0.18788
-25.00 -15 0.19137
-20.00 -15 0.14223
-15.00 -15 0.35053E-01
-10.00 -15 -0.74803E-01
-5.00 -15 -0.11172
0.00 -15 -0.48445E-01
5.00 -15 0.63840E-01
10.00 -15 0.13628
15.00 -15 0.11867
20.00 -15 0.40999E-01
25.00 -15 -0.18179E-01
30.00 -15 -0.62052E-02
35.00 -15 0.55550E-01
40.00 -15 0.92415E-01
45.00 -15 0.43168E-01
70.00 -15 -0.47297
-65.00 -10 -0.19961
-60.00 -10 -0.20834
-55.00 -10 -0.10780
-50.00 -10 0.19049E-01
-45.00 -10 0.97870E-01
-40.00 -10 0.11497
-35.00 -10 0.10717
-30.00 -10 0.10881
-25.00 -10 0.11374
-20.00 -10 0.90362E-01
-15.00 -10 0.30209E-01
-10.00 -10 -0.25000E-01
-5.00 -10 -0.12048E-01
0.00 -10 0.92950E-01
5.00 -10 0.24110
10.00 -10 0.34158
15.00 -10 0.33312
20.00 -10 0.23268
25.00 -10 0.11747
30.00 -10 0.57716E-01
35.00 -10 0.60889E-01
40.00 -10 0.74626E-01
45.00 -10 0.39378E-01
50.00 -10 -0.61189E-01
55.00 -10 -0.19499
60.00 -10 -0.31656
65.00 -10 -0.40112
-45.00 -5 0.47980E-01
-40.00 -5 0.64788E-01
-35.00 -5 0.49333E-01
-30.00 -5 0.46374E-01
-25.00 -5 0.66517E-01
-20.00 -5 0.86370E-01
-15.00 -5 0.87547E-01
-10.00 -5 0.88384E-01
-5.00 -5 0.13111
0.00 -5 0.23479
5.00 -5 0.36224
10.00 -5 0.43851
15.00 -5 0.40924
20.00 -5 0.28723
25.00 -5 0.14426
30.00 -5 0.54878E-01
35.00 -5 0.41297E-01
40.00 -5 0.65035E-01
45.00 -5 0.66472E-01
90.00 0.00 -0.22674
-90.00 0.00 0.61345E-01
