-85.00 0.00 0.39275
-80.00 0.00 0.41980
-75.00 0.00 0.23592
-70.00 0.00 -0.38684E-01
-65.00 0.00 -0.23246
-60.00 0.00 -0.25772
-55.00 0.00 -0.16577
-50.00 0.00 -0.84054E-01
-45.00 0.00 -0.97953E-01
-40.00 0.00 -0.18522
-35.00 0.00 -0.25548
-30.00 0.00 -0.24696
-25.00 0.00 -0.18381
-20.00 0.00 -0.14258
-15.00 0.00 -0.16743
-10.00 0.00 -0.22141
-5.00 0.00 -0.22175
0.00 0.00 -0.12280
5.00 0.00 0.35334E-01
10.00 0.00 0.15936
15.00 0.00 0.18402
20.00 0.00 0.12493
25.00 0.00 0.56768E-01
30.00 0.00 0.42833E-01
35.00 0.00 0.84540E-01
40.00 0.00 0.13310
45.00 0.00 0.14251
50.00 0.00 0.10731
55.00 0.00 0.52567E-01
60.00 0.00 -0.21463E-02
65.00 0.00 -0.59098E-01
70.00 0.00 -0.12183
75.00 0.00 -0.16737
80.00 0.00 -0.15627
85.00 0.00 -0.75420E-01
-45.00 5.00 -0.61549E-01
-40.00 5.00 -0.14472
-35.00 5.00 -0.20512
-30.00 5.00 -0.18843
-25.00 5.00 -0.12697
-20.00 5.00 -0.97633E-01
-15.00 5.00 -0.13489
-10.00 5.00 -0.18990
-5.00 5.00 -0.17747
0.00 5.00 -0.63697E-01
5.00 5.00 0.93711E-01
10.00 5.00 0.19318
15.00 5.00 0.17970
20.00 5.00 0.92253E-01
25.00 5.00 0.25492E-01
30.00 5.00 0.45117E-01
35.00 5.00 0.13634
40.00 5.00 0.22766
45.00 5.00 0.25838
-65.00 10.00 -0.12960
-60.00 10.00 -0.14935
-55.00 10.00 -0.68304E-01
-50.00 10.00 -0.71638E-02
-45.00 10.00 -0.33498E-01
-40.00 10.00 -0.11078
-35.00 10.00 -0.15265
-30.00 10.00 -0.11878
-25.00 10.00 -0.53613E-01
-20.00 10.00 -0.32613E-01
-15.00 10.00 -0.75875E-01
-10.00 10.00 -0.12061
-5.00 10.00 -0.82649E-01
0.00 10.00 0.54215E-01
5.00 10.00 0.21169
10.00 10.00 0.28261
15.00 10.00 0.22755
20.00 10.00 0.11114
25.00 10.00 0.44599E-01
30.00 10.00 0.90016E-01
35.00 10.00 0.21406
40.00 10.00 0.32716
45.00 10.00 0.36263
50.00 10.00 0.31948
55.00 10.00 0.23813
60.00 10.00 0.14828
65.00 10.00 0.49757E-01
-70.00 15.00 0.11032
-45.00 15.00 -0.39507E-01
-40.00 15.00 -0.10692
-35.00 15.00 -0.11763
-30.00 15.00 -0.52666E-01
-25.00 15.00 0.25676E-01
-20.00 15.00 0.41820E-01
-15.00 15.00 -0.89128E-02
-10.00 15.00 -0.49004E-01
-5.00 15.00 0.51668E-02
0.00 15.00 0.15490
5.00 15.00 0.30790
10.00 15.00 0.35852
15.00 15.00 0.28412
20.00 15.00 0.16612
25.00 15.00 0.11699
30.00 15.00 0.18334
35.00 15.00 0.31365
40.00 15.00 0.41335
45.00 15.00 0.42692
70.00 15.00 -0.27376E-01
-75.00 20.00 0.38584
-65.00 20.00 0.26411E-01
-60.00 20.00 -0.13958E-01
-55.00 20.00 -0.23130E-02
-50.00 20.00 -0.22633E-01
-45.00 20.00 -0.90147E-01
-40.00 20.00 -0.14003
-35.00 20.00 -0.10458
-30.00 20.00 0.58455E-02
-25.00 20.00 0.10439
-20.00 20.00 0.11154
-15.00 20.00 0.36214E-01
-10.00 20.00 -0.29390E-01
-5.00 20.00 0.18611E-02
0.00 20.00 0.12707
5.00 20.00 0.25538
10.00 20.00 0.29487
15.00 20.00 0.23918
20.00 20.00 0.17052
25.00 20.00 0.17891
30.00 20.00 0.27827
35.00 20.00 0.39866
40.00 20.00 0.45612
45.00 20.00 0.42631
50.00 20.00 0.35085
55.00 20.00 0.27927
60.00 20.00 0.21501
65.00 20.00 0.12482
75.00 20.00 -0.11895
-45.00 25.00 -0.17926
-40.00 25.00 -0.20322
-35.00 25.00 -0.11162
-30.00 25.00 0.49909E-01
-25.00 25.00 0.16670
-20.00 25.00 0.15407
-15.00 25.00 0.32891E-01
-10.00 25.00 -0.91686E-01
-5.00 25.00 -0.12692
0.00 25.00 -0.70110E-01
5.00 25.00 0.51947E-02
10.00 25.00 0.34317E-01
15.00 25.00 0.28524E-01
20.00 25.00 0.56977E-01
25.00 25.00 0.16569
30.00 25.00 0.31968
35.00 25.00 0.42910
40.00 25.00 0.43253
45.00 25.00 0.35206
-80.00 30.00 0.54352
-70.00 30.00 0.29880
-65.00 30.00 0.15734
-60.00 30.00 0.55552E-01
-55.00 30.00 -0.50108E-01
-50.00 30.00 -0.18202
-45.00 30.00 -0.28836
-40.00 30.00 -0.28291
-35.00 30.00 -0.13867
-30.00 30.00 0.63233E-01
-25.00 30.00 0.18588
-20.00 30.00 0.14579
-15.00 30.00 -0.22865E-01
-10.00 30.00 -0.20720
-5.00 30.00 -0.31582
0.00 30.00 -0.34231
5.00 30.00 -0.33728
10.00 30.00 -0.32901
15.00 30.00 -0.28328
20.00 30.00 -0.14647
25.00 30.00 0.75604E-01
30.00 30.00 0.29256
35.00 30.00 0.39406
40.00 30.00 0.34573
45.00 30.00 0.22077
50.00 30.00 0.13212
55.00 30.00 0.12912
60.00 30.00 0.15956
65.00 30.00 0.13359
70.00 30.00 0.23714E-01
80.00 30.00 -0.14539
-45.00 35.00 -0.39358
-40.00 35.00 -0.36394
-35.00 35.00 -0.18711
-30.00 35.00 0.28206E-01
-25.00 35.00 0.13882
-20.00 35.00 0.77100E-01
-15.00 35.00 -0.10561
-10.00 35.00 -0.29851
-5.00 35.00 -0.42970
0.00 35.00 -0.50619
5.00 35.00 -0.56432
10.00 35.00 -0.59471
15.00 35.00 -0.53178
20.00 35.00 -0.32634
25.00 35.00 -0.25449E-01
30.00 35.00 0.23290
35.00 35.00 0.32088
40.00 35.00 0.22827
45.00 35.00 0.71836E-01
-75.00 40.00 0.50827
-65.00 40.00 0.22997
-60.00 40.00 0.61338E-01
-55.00 40.00 -0.14371
-50.00 40.00 -0.35174
-45.00 40.00 -0.47219
-40.00 40.00 -0.43109
-35.00 40.00 -0.25220
-30.00 40.00 -0.56890E-01
-25.00 40.00 0.27104E-01
-20.00 40.00 -0.35162E-01
-15.00 40.00 -0.17269
-10.00 40.00 -0.29004
-5.00 40.00 -0.35778
0.00 40.00 -0.41982
5.00 40.00 -0.51471
10.00 40.00 -0.60060
15.00 40.00 -0.57355
20.00 40.00 -0.37128
25.00 40.00 -0.59532E-01
30.00 40.00 0.19510
35.00 40.00 0.25465
40.00 40.00 0.12578
45.00 40.00 -0.47653E-01
50.00 40.00 -0.11210
55.00 40.00 -0.34656E-01
60.00 40.00 0.82712E-01
65.00 40.00 0.11232
75.00 40.00 -0.96627E-01
-70.00 45.00 0.39974
-45.00 45.00 -0.50796
-40.00 45.00 -0.46981
-35.00 45.00 -0.31710
-30.00 45.00 -0.16671
-25.00 45.00 -0.11255
-20.00 45.00 -0.14784
-15.00 45.00 -0.18593
-10.00 45.00 -0.15972
-5.00 45.00 -0.97449E-01
0.00 45.00 -0.93224E-01
5.00 45.00 -0.19853
10.00 45.00 -0.34650
15.00 45.00 -0.39518
20.00 45.00 -0.25835
25.00 45.00 0.45505E-03
30.00 45.00 0.20791
35.00 45.00 0.22628
40.00 45.00 0.71948E-01
45.00 45.00 -0.10336
70.00 45.00 0.19011E-01
-65.00 50.00 0.25476
-60.00 50.00 0.59771E-01
-55.00 50.00 -0.17113
-50.00 50.00 -0.38334
-45.00 50.00 -0.49524
-40.00 50.00 -0.46958
-35.00 50.00 -0.35709
-30.00 50.00 -0.25618
-25.00 50.00 -0.22049
-20.00 50.00 -0.20780
-15.00 50.00 -0.12868
-10.00 50.00 0.47776E-01
-5.00 50.00 0.23942
0.00 50.00 0.31212
5.00 50.00 0.20651
10.00 50.00 0.79352E-02
15.00 50.00 -0.11636
20.00 50.00 -0.62463E-01
25.00 50.00 0.11629
30.00 50.00 0.25699
35.00 50.00 0.23440
40.00 50.00 0.71388E-01
45.00 50.00 -0.88638E-01
50.00 50.00 -0.11744
55.00 50.00 -0.15743E-01
60.00 50.00 0.99088E-01
65.00 50.00 0.11155
-85.00 55.00 0.42456
-45.00 55.00 -0.44099
-40.00 55.00 -0.42994
-35.00 55.00 -0.35367
-30.00 55.00 -0.28513
-25.00 55.00 -0.24580
-20.00 55.00 -0.17922
-15.00 55.00 -0.12071E-01
-10.00 55.00 0.25149
-5.00 55.00 0.50018
0.00 55.00 0.59349
5.00 55.00 0.48383
10.00 55.00 0.26809
15.00 55.00 0.11284
20.00 55.00 0.11543
25.00 55.00 0.22655
30.00 55.00 0.30500
35.00 55.00 0.25217
40.00 55.00 0.10014
45.00 55.00 -0.26173E-01
85.00 55.00 -0.62910E-01
-80.00 60.00 0.51499
-75.00 60.00 0.49132
-70.00 60.00 0.39225
-65.00 60.00 0.25360
-60.00 60.00 0.83381E-01
-55.00 60.00 -0.10557
-50.00 60.00 -0.27150
-45.00 60.00 -0.36322
-40.00 60.00 -0.36431
-35.00 60.00 -0.30890
-30.00 60.00 -0.24460
-25.00 60.00 -0.17858
-20.00 60.00 -0.67744E-01
-15.00 60.00 0.12798
-10.00 60.00 0.37979
-5.00 60.00 0.58446
0.00 60.00 0.63788
5.00 60.00 0.52597
10.00 60.00 0.34556
15.00 60.00 0.22834
20.00 60.00 0.23269
25.00 60.00 0.30175
30.00 60.00 0.32578
35.00 60.00 0.24927
40.00 60.00 0.12126
45.00 60.00 0.43647E-01
50.00 60.00 0.70095E-01
55.00 60.00 0.15419
60.00 60.00 0.19508
65.00 60.00 0.13337
70.00 60.00 0.41021E-02
75.00 60.00 -0.10062
80.00 60.00 -0.11791
-45.00 65.00 -0.28479
-40.00 65.00 -0.29650
-35.00 65.00 -0.24748
-30.00 65.00 -0.16483
-25.00 65.00 -0.59800E-01
-20.00 65.00 0.75784E-01
-15.00 65.00 0.24114
-10.00 65.00 0.39945
-5.00 65.00 0.48984
0.00 65.00 0.47627
5.00 65.00 0.38725
10.00 65.00 0.30120
15.00 65.00 0.28262
20.00 65.00 0.32553
25.00 65.00 0.36014
30.00 65.00 0.32034
35.00 65.00 0.21012
40.00 65.00 0.10447
45.00 65.00 0.81310E-01
-65.00 70.00 0.24038
-60.00 70.00 0.11976
-55.00 70.00 -0.10629E-01
-50.00 70.00 -0.13529
-45.00 70.00 -0.22394
-40.00 70.00 -0.24907
-35.00 70.00 -0.20237
-30.00 70.00 -0.96643E-01
-25.00 70.00 0.41923E-01
-20.00 70.00 0.18016
-15.00 70.00 0.28200
-10.00 70.00 0.31929
-5.00 70.00 0.29109
0.00 70.00 0.23565
5.00 70.00 0.21390
10.00 70.00 0.26560
15.00 70.00 0.37008
20.00 70.00 0.45107
25.00 70.00 0.43235
30.00 70.00 0.30337
35.00 70.00 0.13730
40.00 70.00 0.39487E-01
45.00 70.00 0.64819E-01
50.00 70.00 0.17332
55.00 70.00 0.26275
60.00 70.00 0.25084
65.00 70.00 0.13723
-70.00 75.00 0.32353
-45.00 75.00 -0.18605
-40.00 75.00 -0.22997
-35.00 75.00 -0.19253
-30.00 75.00 -0.77764E-01
-25.00 75.00 0.73244E-01
-20.00 75.00 0.19603
-15.00 75.00 0.23508
-10.00 75.00 0.18093
-5.00 75.00 0.86937E-01
0.00 75.00 0.44925E-01
5.00 75.00 0.12489
10.00 75.00 0.31660
15.00 75.00 0.52100
20.00 75.00 0.60897
25.00 75.00 0.51229
30.00 75.00 0.27867
35.00 75.00 0.44163E-01
40.00 75.00 -0.60930E-01
45.00 75.00 -0.21310E-02
70.00 75.00 -0.72728E-02
-75.00 80.00 0.36650
-65.00 80.00 0.22660
-60.00 80.00 0.15327
-55.00 80.00 0.62222E-01
-50.00 80.00 -0.50597E-01
-45.00 80.00 -0.16145
-40.00 80.00 -0.22655
-35.00 80.00 -0.20898
-30.00 80.00 -0.10812
-25.00 80.00 0.28885E-01
-20.00 80.00 0.12718
-15.00 80.00 0.13062
-10.00 80.00 0.47389E-01
-5.00 80.00 -0.41377E-01
0.00 80.00 -0.27942E-01
5.00 80.00 0.14342
10.00 80.00 0.42080
15.00 80.00 0.66113
20.00 80.00 0.71832
25.00 80.00 0.54491
30.00 80.00 0.23110
35.00 80.00 -0.52093E-01
40.00 80.00 -0.16641
45.00 80.00 -0.92774E-01
50.00 80.00 0.70874E-01
55.00 80.00 0.19186
60.00 80.00 0.19644
65.00 80.00 0.10527
75.00 80.00 -0.68582E-01
-45.00 85.00 -0.13128
-40.00 85.00 -0.21251
-35.00 85.00 -0.22054
-30.00 85.00 -0.15310
-25.00 85.00 -0.50515E-01
-20.00 85.00 0.25440E-01
-15.00 85.00 0.32964E-01
-10.00 85.00 -0.13921E-01
-5.00 85.00 -0.44618E-01
0.00 85.00 0.23547E-01
5.00 85.00 0.21955
10.00 85.00 0.47944
15.00 85.00 0.67085
20.00 85.00 0.67408
25.00 85.00 0.46608
30.00 85.00 0.14436
35.00 85.00 -0.13126
40.00 85.00 -0.23954
45.00 85.00 -0.16898
-80.00 90.00 0.32619
-70.00 90.00 0.25549
-65.00 90.00 0.22915
-60.00 90.00 0.19768
-55.00 90.00 0.13423
-50.00 90.00 0.33744E-01
-45.00 90.00 -0.78686E-01
-40.00 90.00 -0.16440
-35.00 90.00 -0.19604
-30.00 90.00 -0.17205
-25.00 90.00 -0.11379
-20.00 90.00 -0.50181E-01
-15.00 90.00 0.17371E-03
-10.00 90.00 0.40000E-01
-5.00 90.00 0.91149E-01
0.00 90.00 0.17761
5.00 90.00 0.30117
10.00 90.00 0.42611
15.00 90.00 0.48917
20.00 90.00 0.43574
25.00 90.00 0.26126
30.00 90.00 0.26546E-01
35.00 90.00 -0.17011
40.00 90.00 -0.24937
45.00 90.00 -0.19752
50.00 90.00 -0.69972E-01
55.00 90.00 0.49478E-01
60.00 90.00 0.10227
65.00 90.00 0.83226E-01
70.00 90.00 0.28970E-01
80.00 90.00 -0.30555E-01
-45.00 95.00 0.11674E-02
-40.00 95.00 -0.76781E-01
-35.00 95.00 -0.12645
-30.00 95.00 -0.14902
-25.00 95.00 -0.13866
-20.00 95.00 -0.78248E-01
-15.00 95.00 0.41402E-01
-10.00 95.00 0.19808
-5.00 95.00 0.33801
0.00 95.00 0.40566
5.00 95.00 0.38016
10.00 95.00 0.28663
15.00 95.00 0.17277
20.00 95.00 0.72821E-01
25.00 95.00 -0.88881E-02
30.00 95.00 -0.83271E-01
35.00 95.00 -0.14946
40.00 95.00 -0.18508
45.00 95.00 -0.16461
-75.00 100.00 0.22602
-65.00 100.00 0.26082
-60.00 100.00 0.27456
-55.00 100.00 0.24203
-50.00 100.00 0.17270
-45.00 100.00 0.98104E-01
-40.00 100.00 0.34043E-01
-35.00 100.00 -0.30172E-01
-30.00 100.00 -0.10048
-25.00 100.00 -0.14146
-20.00 100.00 -0.84784E-01
-15.00 100.00 0.10968
-10.00 100.00 0.39189
-5.00 100.00 0.62496
0.00 100.00 0.66811
5.00 100.00 0.47974
10.00 100.00 0.15517
15.00 100.00 -0.13689
20.00 100.00 -0.27057
25.00 100.00 -0.23954
30.00 100.00 -0.13754
35.00 100.00 -0.68086E-01
40.00 100.00 -0.64397E-01
45.00 100.00 -0.82435E-01
50.00 100.00 -0.60774E-01
55.00 100.00 0.15312E-01
60.00 100.00 0.10262
65.00 100.00 0.14388
75.00 100.00 0.59477E-01
-70.00 105.00 0.22440
-45.00 105.00 0.19222
-40.00 105.00 0.13987
-35.00 105.00 0.61914E-01
-30.00 105.00 -0.54424E-01
-25.00 105.00 -0.14919
-20.00 105.00 -0.10734
-15.00 105.00 0.14332
-10.00 105.00 0.53441
-5.00 105.00 0.86066
0.00 105.00 0.90712
5.00 105.00 0.60981
10.00 105.00 0.11712
15.00 105.00 -0.30638
20.00 105.00 -0.46255
25.00 105.00 -0.34505
30.00 105.00 -0.11386
35.00 105.00 0.47877E-01
40.00 105.00 0.69641E-01
45.00 105.00 0.16191E-01
70.00 105.00 0.18501
-85.00 110.00 0.20101
-65.00 110.00 0.31286
-60.00 110.00 0.37423
-55.00 110.00 0.36639
-50.00 110.00 0.31454
-45.00 110.00 0.26363
-40.00 110.00 0.21640
-35.00 110.00 0.12882
-30.00 110.00 -0.20641E-01
-25.00 110.00 -0.16038
-20.00 110.00 -0.14491
-15.00 110.00 0.12504
-10.00 110.00 0.57950
-5.00 110.00 0.97798
0.00 110.00 1.0601
5.00 110.00 0.74067
10.00 110.00 0.18795
15.00 110.00 -0.28827
20.00 110.00 -0.45465
25.00 110.00 -0.30521
30.00 110.00 -0.30933E-01
35.00 110.00 0.15234
40.00 110.00 0.16608
45.00 110.00 0.93462E-01
50.00 110.00 0.68325E-01
55.00 110.00 0.14421
60.00 110.00 0.25933
65.00 110.00 0.31162
85.00 110.00 0.16769E-01
-45.00 115.00 0.30052
-40.00 115.00 0.25374
-35.00 115.00 0.17052
-30.00 115.00 0.19552E-01
-25.00 115.00 -0.13458
-20.00 115.00 -0.14338
-15.00 115.00 0.10457
-10.00 115.00 0.55294
-5.00 115.00 0.96827
0.00 115.00 1.0879
5.00 115.00 0.81713
10.00 115.00 0.31177
15.00 115.00 -0.13147
20.00 115.00 -0.29018
25.00 115.00 -0.16271
30.00 115.00 0.67302E-01
35.00 115.00 0.20347
40.00 115.00 0.19055
45.00 115.00 0.12506
-80.00 120.00 0.93401E-01
-75.00 120.00 0.96686E-01
-70.00 120.00 0.19988
-65.00 120.00 0.35036
-60.00 120.00 0.45021
-55.00 120.00 0.44740
-50.00 120.00 0.37460
-45.00 120.00 0.30165
-40.00 120.00 0.25591
-35.00 120.00 0.19972
-30.00 120.00 0.93001E-01
-25.00 120.00 -0.25929E-01
-20.00 120.00 -0.38054E-01
-15.00 120.00 0.15669
-10.00 120.00 0.52257
-5.00 120.00 0.87252
0.00 120.00 0.98961
5.00 120.00 0.79342
10.00 120.00 0.40821
15.00 120.00 0.69025E-01
20.00 120.00 -0.56875E-01
25.00 120.00 0.17959E-01
30.00 120.00 0.14500
35.00 120.00 0.18897
40.00 120.00 0.14295
45.00 120.00 0.11122
50.00 120.00 0.18897
55.00 120.00 0.36011
60.00 120.00 0.50800
65.00 120.00 0.52160
70.00 120.00 0.39168
75.00 120.00 0.20914
80.00 120.00 0.76581E-01
-45.00 125.00 0.27381
-40.00 125.00 0.23278
-35.00 125.00 0.22387
-30.00 125.00 0.20161
-25.00 125.00 0.16534
-20.00 125.00 0.17822
-15.00 125.00 0.30514
-10.00 125.00 0.52891
-5.00 125.00 0.73464
0.00 125.00 0.79034
5.00 125.00 0.65653
10.00 125.00 0.42292
15.00 125.00 0.23404
20.00 125.00 0.17000
25.00 125.00 0.19121
30.00 125.00 0.19597
35.00 125.00 0.13251
40.00 125.00 0.55742E-01
45.00 125.00 0.73487E-01
-65.00 130.00 0.32744
-60.00 130.00 0.44546
-55.00 130.00 0.43703
-50.00 130.00 0.33356
-45.00 130.00 0.22783
-40.00 130.00 0.19368
-35.00 130.00 0.23588
-30.00 130.00 0.30861
-25.00 130.00 0.37181
-20.00 130.00 0.42376
-15.00 130.00 0.48135
-10.00 130.00 0.53945
-5.00 130.00 0.56189
0.00 130.00 0.51849
5.00 130.00 0.42717
10.00 130.00 0.34869
15.00 130.00 0.33017
20.00 130.00 0.35210
25.00 130.00 0.33910
30.00 130.00 0.23494
35.00 130.00 0.73618E-01
40.00 130.00 -0.27867E-01
45.00 130.00 0.38736E-01
50.00 130.00 0.27281
55.00 130.00 0.54785
60.00 130.00 0.69931
65.00 130.00 0.64564
-70.00 135.00 0.10486
-45.00 135.00 0.17579
-40.00 135.00 0.14776
-35.00 135.00 0.22349
-30.00 135.00 0.36142
-25.00 135.00 0.49498
-20.00 135.00 0.57083
-15.00 135.00 0.56353
-10.00 135.00 0.47474
-5.00 135.00 0.33460
0.00 135.00 0.20303
5.00 135.00 0.15127
10.00 135.00 0.21684
15.00 135.00 0.36100
20.00 135.00 0.47486
25.00 135.00 0.44979
30.00 135.00 0.26766
35.00 135.00 0.34694E-01
40.00 135.00 -0.82551E-01
45.00 135.00 0.20415E-01
70.00 135.00 0.41341
-75.00 140.00 -0.65865E-01
-65.00 140.00 0.21308
-60.00 140.00 0.32186
-55.00 140.00 0.31731
-50.00 140.00 0.22531
-45.00 140.00 0.12932
-40.00 140.00 0.10846
-35.00 140.00 0.18883
-30.00 140.00 0.33526
-25.00 140.00 0.47580
-20.00 140.00 0.53631
-15.00 140.00 0.47137
-10.00 140.00 0.28824
-5.00 140.00 0.57299E-01
0.00 140.00 -0.10762
5.00 140.00 -0.10642
10.00 140.00 0.76834E-01
15.00 140.00 0.34261
20.00 140.00 0.52364
25.00 140.00 0.49469
30.00 140.00 0.26879
35.00 140.00 0.71315E-03
40.00 140.00 -0.11659
45.00 140.00 0.96902E-02
50.00 140.00 0.30473
55.00 140.00 0.58249
60.00 140.00 0.68078
65.00 140.00 0.56879
75.00 140.00 0.15453
-45.00 145.00 0.96876E-01
-40.00 145.00 0.93302E-01
-35.00 145.00 0.15789
-30.00 145.00 0.25980
-25.00 145.00 0.34253
-20.00 145.00 0.34681
-15.00 145.00 0.23641
-10.00 145.00 0.25833E-01
-5.00 145.00 -0.20548
0.00 145.00 -0.33702
5.00 145.00 -0.27442
10.00 145.00 -0.23811E-01
15.00 145.00 0.28742
20.00 145.00 0.47764
25.00 145.00 0.43211
30.00 145.00 0.19087
35.00 145.00 -0.70599E-01
40.00 145.00 -0.16277
45.00 145.00 -0.16874E-01
-80.00 150.00 -0.13040
-70.00 150.00 -0.89971E-01
-65.00 150.00 0.13758E-01
-60.00 150.00 0.81012E-01
-55.00 150.00 0.91760E-01
-50.00 150.00 0.76863E-01
-45.00 150.00 0.78982E-01
-40.00 150.00 0.11456
-35.00 150.00 0.16643
-30.00 150.00 0.20205
-25.00 150.00 0.19275
-20.00 150.00 0.12069
-15.00 150.00 -0.17371E-01
-10.00 150.00 -0.19788
-5.00 150.00 -0.35874
0.00 150.00 -0.41403
5.00 150.00 -0.30525
10.00 150.00 -0.59129E-01
15.00 150.00 0.20222
20.00 150.00 0.32684
25.00 150.00 0.23860
30.00 150.00 0.21214E-02
35.00 150.00 -0.21278
40.00 150.00 -0.24953
45.00 150.00 -0.77379E-01
50.00 150.00 0.19001
55.00 150.00 0.38372
60.00 150.00 0.40331
65.00 150.00 0.27723
70.00 150.00 0.11973
80.00 150.00 0.24571E-01
-45.00 155.00 0.64431E-01
-40.00 155.00 0.16566
-35.00 155.00 0.22994
-30.00 155.00 0.21493
-25.00 155.00 0.11999
-20.00 155.00 -0.22135E-01
-15.00 155.00 -0.17121
-10.00 155.00 -0.29358
-5.00 155.00 -0.35800
0.00 155.00 -0.33443
5.00 155.00 -0.21469
10.00 155.00 -0.41408E-01
15.00 155.00 0.92341E-01
20.00 155.00 0.93643E-01
25.00 155.00 -0.57515E-01
30.00 155.00 -0.27522
35.00 155.00 -0.41447
40.00 155.00 -0.37229
45.00 155.00 -0.16565
-75.00 160.00 -0.25109
-65.00 160.00 -0.21988
-60.00 160.00 -0.22469
-55.00 160.00 -0.21482
-50.00 160.00 -0.13262
-45.00 160.00 0.31978E-01
-40.00 160.00 0.21559
-35.00 160.00 0.32200
-30.00 160.00 0.29213
-25.00 160.00 0.14348
-20.00 160.00 -0.48637E-01
-15.00 160.00 -0.20391
-10.00 160.00 -0.27770
-5.00 160.00 -0.26648
0.00 160.00 -0.19241
5.00 160.00 -0.93082E-01
10.00 160.00 -0.21160E-01
15.00 160.00 -0.34402E-01
20.00 160.00 -0.16272
25.00 160.00 -0.37103
30.00 160.00 -0.55811
35.00 160.00 -0.61135
40.00 160.00 -0.48621
45.00 160.00 -0.24705
50.00 160.00 -0.28527E-01
55.00 160.00 0.58757E-01
60.00 160.00 0.47390E-02
65.00 160.00 -0.10290
75.00 160.00 -0.11217
-85.00 165.00 -0.52487E-01
-70.00 165.00 -0.30169
-45.00 165.00 -0.40169E-01
-40.00 165.00 0.22008
-35.00 165.00 0.38205
-30.00 165.00 0.36733
-25.00 165.00 0.19818
-20.00 165.00 -0.25860E-01
-15.00 165.00 -0.19736
-10.00 165.00 -0.25982
-5.00 165.00 -0.22150
0.00 165.00 -0.13316
5.00 165.00 -0.59246E-01
10.00 165.00 -0.58066E-01
15.00 165.00 -0.16422
20.00 165.00 -0.36633
25.00 165.00 -0.59392
30.00 165.00 -0.73902
35.00 165.00 -0.71673
40.00 165.00 -0.52839
45.00 165.00 -0.27393
70.00 165.00 -0.27290
85.00 165.00 0.44606E-01
-65.00 170.00 -0.41078
-60.00 170.00 -0.49777
-55.00 170.00 -0.53118
-50.00 170.00 -0.42080
-45.00 170.00 -0.16056
-40.00 170.00 0.14622
-35.00 170.00 0.35114
-30.00 170.00 0.36060
-25.00 170.00 0.19179
-20.00 170.00 -0.51140E-01
-15.00 170.00 -0.25092
-10.00 170.00 -0.34097
-5.00 170.00 -0.32287
0.00 170.00 -0.24564
5.00 170.00 -0.17585
10.00 170.00 -0.17421
15.00 170.00 -0.27408
20.00 170.00 -0.45834
25.00 170.00 -0.65096
30.00 170.00 -0.74629
35.00 170.00 -0.67401
40.00 170.00 -0.45749
45.00 170.00 -0.21314
50.00 170.00 -0.77396E-01
55.00 170.00 -0.11027
60.00 170.00 -0.25152
65.00 170.00 -0.36801
-45.00 175.00 -0.31459
-40.00 175.00 -0.46749E-02
-35.00 175.00 0.21160
-30.00 175.00 0.23606
-25.00 175.00 0.79208E-01
-20.00 175.00 -0.16416
-15.00 175.00 -0.38446
-10.00 175.00 -0.51340
-5.00 175.00 -0.53716
0.00 175.00 -0.48071
5.00 175.00 -0.39107
10.00 175.00 -0.32606
15.00 175.00 -0.33494
20.00 175.00 -0.42570
25.00 175.00 -0.54313
30.00 175.00 -0.59078
35.00 175.00 -0.49812
40.00 175.00 -0.28598
45.00 175.00 -0.69293E-01
-80.00 180.00 -0.28863
-75.00 180.00 -0.36536
-70.00 180.00 -0.40555
-65.00 180.00 -0.49519
-60.00 180.00 -0.63465
-55.00 180.00 -0.72992
-50.00 180.00 -0.67814
-45.00 180.00 -0.46587
-40.00 180.00 -0.19187
-35.00 180.00 0.17191E-02
-30.00 180.00 0.26185E-01
-25.00 180.00 -0.10777
-20.00 180.00 -0.31936
-15.00 180.00 -0.52103
-10.00 180.00 -0.65868
-5.00 180.00 -0.71099
0.00 180.00 -0.67457
5.00 180.00 -0.56477
10.00 180.00 -0.42691
15.00 180.00 -0.32707
20.00 180.00 -0.30930
25.00 180.00 -0.35108
30.00 180.00 -0.36739
35.00 180.00 -0.27727
40.00 180.00 -0.83230E-01
45.00 180.00 0.11076
50.00 180.00 0.17119
55.00 180.00 0.44269E-01
60.00 180.00 -0.19083
65.00 180.00 -0.37543
70.00 180.00 -0.39079
75.00 180.00 -0.24420
80.00 180.00 -0.54904E-01
-45.00 -175 -0.56997
-40.00 -175 -0.35267
-35.00 -175 -0.20471
-30.00 -175 -0.19327
-25.00 -175 -0.29546
-20.00 -175 -0.43927
-15.00 -175 -0.56593
-10.00 -175 -0.65360
-5.00 -175 -0.69505
0.00 -175 -0.67295
5.00 -175 -0.57149
10.00 -175 -0.41170
15.00 -175 -0.26066
20.00 -175 -0.18659
25.00 -175 -0.19405
30.00 -175 -0.20695
35.00 -175 -0.13040
40.00 -175 0.55224E-01
45.00 -175 0.25638
-65.00 -170 -0.46354
-60.00 -170 -0.59593
-55.00 -170 -0.71196
-50.00 -170 -0.71556
-45.00 -170 -0.59386
-40.00 -170 -0.43216
-35.00 -170 -0.33846
-30.00 -170 -0.35370
-25.00 -170 -0.43096
-20.00 -170 -0.49358
-15.00 -170 -0.50647
-10.00 -170 -0.49061
-5.00 -170 -0.47675
0.00 -170 -0.45868
5.00 -170 -0.40141
10.00 -170 -0.29400
15.00 -170 -0.18225
20.00 -170 -0.13423
25.00 -170 -0.16567
30.00 -170 -0.20435
35.00 -170 -0.14314
40.00 -170 0.56136E-01
45.00 -170 0.30530
50.00 -170 0.44345
55.00 -170 0.36531
60.00 -170 0.11413
65.00 -170 -0.14582
-70.00 -165 -0.37971
-45.00 -165 -0.53074
-40.00 -165 -0.40754
-35.00 -165 -0.36679
-30.00 -165 -0.42831
-25.00 -165 -0.51433
-20.00 -165 -0.52599
-15.00 -165 -0.43445
-10.00 -165 -0.29906
-5.00 -165 -0.20214
0.00 -165 -0.17221
5.00 -165 -0.17330
10.00 -165 -0.16367
15.00 -165 -0.15267
20.00 -165 -0.18772
25.00 -165 -0.28205
30.00 -165 -0.36452
35.00 -165 -0.31923
40.00 -165 -0.92538E-01
45.00 -165 0.23221
70.00 -165 -0.14951
-75.00 -160 -0.38785
-65.00 -160 -0.36857
-60.00 -160 -0.44889
-55.00 -160 -0.52749
-50.00 -160 -0.51352
-45.00 -160 -0.40289
-40.00 -160 -0.29464
-35.00 -160 -0.29949
-30.00 -160 -0.42922
-25.00 -160 -0.57586
-20.00 -160 -0.60308
-15.00 -160 -0.46446
-10.00 -160 -0.23960
-5.00 -160 -0.60137E-01
0.00 -160 -0.17399E-02
5.00 -160 -0.43472E-01
10.00 -160 -0.12127
15.00 -160 -0.20638
20.00 -160 -0.32027
25.00 -160 -0.47263
30.00 -160 -0.59804
35.00 -160 -0.57606
40.00 -160 -0.33444
45.00 -160 0.58795E-01
50.00 -160 0.41306
55.00 -160 0.54545
60.00 -160 0.41782
65.00 -160 0.16138
75.00 -160 -0.68953E-01
-45.00 -155 -0.25224
-40.00 -155 -0.13686
-35.00 -155 -0.17329
-30.00 -155 -0.38052
-25.00 -155 -0.62828
-20.00 -155 -0.73617
-15.00 -155 -0.62121
-10.00 -155 -0.36178
-5.00 -155 -0.12533
0.00 -155 -0.32855E-01
5.00 -155 -0.84459E-01
10.00 -155 -0.20137
15.00 -155 -0.32386
20.00 -155 -0.45693
25.00 -155 -0.62065
30.00 -155 -0.77018
35.00 -155 -0.78739
40.00 -155 -0.57320
45.00 -155 -0.15910
-80.00 -150 -0.35631
-70.00 -150 -0.32703
-65.00 -150 -0.28528
-60.00 -150 -0.31599
-55.00 -150 -0.35054
-50.00 -150 -0.28844
-45.00 -150 -0.12464
-40.00 -150 0.13495E-01
-35.00 -150 -0.32202E-01
-30.00 -150 -0.29902
-25.00 -150 -0.64645
-20.00 -150 -0.85580
-15.00 -150 -0.80324
-10.00 -150 -0.55371
-5.00 -150 -0.29603
0.00 -150 -0.18486
5.00 -150 -0.23430
10.00 -150 -0.34908
15.00 -150 -0.44352
20.00 -150 -0.52000
25.00 -150 -0.63100
30.00 -150 -0.77517
35.00 -150 -0.84908
40.00 -150 -0.72012
45.00 -150 -0.35899
50.00 -150 0.99416E-01
55.00 -150 0.43745
60.00 -150 0.51544
65.00 -150 0.37084
70.00 -150 0.16979
80.00 -150 0.57884E-01
-45.00 -145 -0.55106E-01
-40.00 -145 0.11138
-35.00 -145 0.82716E-01
-30.00 -145 -0.19959
-25.00 -145 -0.59712
-20.00 -145 -0.86914
-15.00 -145 -0.86315
-10.00 -145 -0.63335
-5.00 -145 -0.38276
0.00 -145 -0.28600
5.00 -145 -0.35585
10.00 -145 -0.46831
15.00 -145 -0.50714
20.00 -145 -0.47867
25.00 -145 -0.48554
30.00 -145 -0.59319
35.00 -145 -0.73086
40.00 -145 -0.73472
45.00 -145 -0.49834
-85.00 -140 -0.14913
-75.00 -140 -0.40523
-65.00 -140 -0.25472
-60.00 -140 -0.26695
-55.00 -140 -0.30156
-50.00 -140 -0.24256
-45.00 -140 -0.58867E-01
-40.00 -140 0.12877
-35.00 -140 0.13625
-30.00 -140 -0.11149
-25.00 -140 -0.48763
-20.00 -140 -0.74936
-15.00 -140 -0.73623
-10.00 -140 -0.50385
-5.00 -140 -0.26955
0.00 -140 -0.21884
5.00 -140 -0.35007
10.00 -140 -0.49711
15.00 -140 -0.50185
20.00 -140 -0.36831
25.00 -140 -0.25191
30.00 -140 -0.29775
35.00 -140 -0.48642
40.00 -140 -0.63709
45.00 -140 -0.56674
50.00 -140 -0.25627
55.00 -140 0.12903
60.00 -140 0.37881
65.00 -140 0.40404
75.00 -140 0.15826
85.00 -140 0.82978E-01
-70.00 -135 -0.33299
-45.00 -135 -0.12927
-40.00 -135 0.60120E-01
-35.00 -135 0.10522
-30.00 -135 -0.77602E-01
-25.00 -135 -0.37894
-20.00 -135 -0.57046
-15.00 -135 -0.50081
-10.00 -135 -0.23588
-5.00 -135 -0.74925E-02
0.00 -135 -0.94376E-02
5.00 -135 -0.22485
10.00 -135 -0.44479
15.00 -135 -0.46242
20.00 -135 -0.26416
25.00 -135 -0.41213E-01
30.00 -135 -0.11894E-01
35.00 -135 -0.21918
40.00 -135 -0.48838
45.00 -135 -0.57947
70.00 -135 0.30022
-65.00 -130 -0.26533
-60.00 -130 -0.27378
-55.00 -130 -0.34130
-50.00 -130 -0.35316
-45.00 -130 -0.24161
-40.00 -130 -0.75336E-01
-35.00 -130 -0.81082E-02
-30.00 -130 -0.12578
-25.00 -130 -0.34049
-20.00 -130 -0.44834
-15.00 -130 -0.31257
-10.00 -130 -0.50362E-02
-5.00 -130 0.23624
0.00 -130 0.20926
5.00 -130 -0.68307E-01
10.00 -130 -0.36499
15.00 -130 -0.43375
20.00 -130 -0.22818
25.00 -130 0.57142E-01
30.00 -130 0.15865
35.00 -130 -0.26074E-01
40.00 -130 -0.35289
45.00 -130 -0.55909
50.00 -130 -0.48316
55.00 -130 -0.18287
60.00 -130 0.13740
65.00 -130 0.30502
-45.00 -125 -0.36172
-40.00 -125 -0.23708
-35.00 -125 -0.16596
-30.00 -125 -0.23468
-25.00 -125 -0.38263
-20.00 -125 -0.43649
-15.00 -125 -0.26989
-10.00 -125 0.57261E-01
-5.00 -125 0.32100
0.00 -125 0.31503
5.00 -125 0.35854E-01
10.00 -125 -0.29953
15.00 -125 -0.42970
20.00 -125 -0.26896
25.00 -125 0.21751E-01
30.00 -125 0.17574
35.00 -125 0.48721E-01
40.00 -125 -0.26421
45.00 -125 -0.51708
-80.00 -120 -0.36699
-75.00 -120 -0.44365
-70.00 -120 -0.37802
-65.00 -120 -0.28354
-60.00 -120 -0.27287
-55.00 -120 -0.35856
-50.00 -120 -0.45165
-45.00 -120 -0.45761
-40.00 -120 -0.37641
-35.00 -120 -0.30435
-30.00 -120 -0.33089
-25.00 -120 -0.43179
-20.00 -120 -0.47228
-15.00 -120 -0.33117
-10.00 -120 -0.34263E-01
-5.00 -120 0.23667
0.00 -120 0.28402
5.00 -120 0.67001E-01
10.00 -120 -0.25019
15.00 -120 -0.42671
20.00 -120 -0.34350
25.00 -120 -0.99567E-01
30.00 -120 0.77559E-01
35.00 -120 0.27334E-01
40.00 -120 -0.21245
45.00 -120 -0.44649
50.00 -120 -0.48928
55.00 -120 -0.30863
60.00 -120 -0.29888E-01
65.00 -120 0.18354
70.00 -120 0.25459
75.00 -120 0.21893
80.00 -120 0.15174
-45.00 -115 -0.51073
-40.00 -115 -0.45686
-35.00 -115 -0.36502
-30.00 -115 -0.33214
-25.00 -115 -0.38136
-20.00 -115 -0.42842
-15.00 -115 -0.35943
-10.00 -115 -0.15104
-5.00 -115 0.83871E-01
0.00 -115 0.17812
5.00 -115 0.54065E-01
10.00 -115 -0.19999
15.00 -115 -0.39485
20.00 -115 -0.39467
25.00 -115 -0.22678
30.00 -115 -0.51844E-01
35.00 -115 -0.22636E-01
40.00 -115 -0.15643
45.00 -115 -0.32859
-65.00 -110 -0.29048
-60.00 -110 -0.24476
-55.00 -110 -0.31563
-50.00 -110 -0.44633
-45.00 -110 -0.52174
-40.00 -110 -0.47150
-35.00 -110 -0.33178
-30.00 -110 -0.20964
-25.00 -110 -0.18308
-20.00 -110 -0.23005
-15.00 -110 -0.25334
-10.00 -110 -0.17904
-5.00 -110 -0.35537E-01
0.00 -110 0.63714E-01
5.00 -110 0.21334E-01
10.00 -110 -0.15045
15.00 -110 -0.33108
20.00 -110 -0.38947
25.00 -110 -0.29242
30.00 -110 -0.12830
35.00 -110 -0.27376E-01
40.00 -110 -0.51456E-01
45.00 -110 -0.14893
50.00 -110 -0.20862
55.00 -110 -0.15782
60.00 -110 -0.17077E-01
65.00 -110 0.12872
-70.00 -105 -0.40059
-45.00 -105 -0.50672
-40.00 -105 -0.44442
-35.00 -105 -0.24312
-30.00 -105 -0.18865E-01
-25.00 -105 0.98025E-01
-20.00 -105 0.65516E-01
-15.00 -105 -0.44896E-01
-10.00 -105 -0.11945
-5.00 -105 -0.10396
0.00 -105 -0.45132E-01
5.00 -105 -0.37156E-01
10.00 -105 -0.12566
15.00 -105 -0.25855
20.00 -105 -0.32833
25.00 -105 -0.26629
30.00 -105 -0.10320
35.00 -105 0.56776E-01
40.00 -105 0.12270
45.00 -105 0.86596E-01
70.00 -105 0.18911
-75.00 -100 -0.42605
-65.00 -100 -0.28319
-60.00 -100 -0.21288
-55.00 -100 -0.26136
-50.00 -100 -0.39447
-45.00 -100 -0.48499
-40.00 -100 -0.41257
-35.00 -100 -0.16687
-30.00 -100 0.13226
-25.00 -100 0.31853
-20.00 -100 0.30112
-15.00 -100 0.12633
-10.00 -100 -0.69023E-01
-5.00 -100 -0.16947
0.00 -100 -0.16243
5.00 -100 -0.12473
10.00 -100 -0.13479
15.00 -100 -0.19390
20.00 -100 -0.22662
25.00 -100 -0.15528
30.00 -100 0.22617E-01
35.00 -100 0.22446
40.00 -100 0.34678
45.00 -100 0.34469
50.00 -100 0.25850
55.00 -100 0.17065
60.00 -100 0.13731
65.00 -100 0.15440
75.00 -100 0.17316
-45.00 -95 -0.46529
-40.00 -95 -0.39865
-35.00 -95 -0.15169
-30.00 -95 0.15952
-25.00 -95 0.36028
-20.00 -95 0.34259
-15.00 -95 0.14022
-10.00 -95 -0.10478
-5.00 -95 -0.25266
0.00 -95 -0.26151
5.00 -95 -0.19348
10.00 -95 -0.13729
15.00 -95 -0.12187
20.00 -95 -0.97222E-01
25.00 -95 0.69486E-02
30.00 -95 0.20364
35.00 -95 0.42392
40.00 -95 0.56573
45.00 -95 0.57086
-80.00 -90 -0.25088
-70.00 -90 -0.35180
-65.00 -90 -0.25160
-60.00 -90 -0.18082
-55.00 -90 -0.21899
-50.00 -90 -0.34316
-45.00 -90 -0.43955
-40.00 -90 -0.39415
-35.00 -90 -0.19067
-30.00 -90 0.65762E-01
-25.00 -90 0.22207
-20.00 -90 0.19035
-15.00 -90 0.10082E-01
-10.00 -90 -0.18831
-5.00 -90 -0.28471
0.00 -90 -0.25082
5.00 -90 -0.14936
10.00 -90 -0.61630E-01
15.00 -90 -0.12292E-01
20.00 -90 0.43710E-01
25.00 -90 0.16703
30.00 -90 0.36619
35.00 -90 0.57770
40.00 -90 0.70938
45.00 -90 0.70730
50.00 -90 0.59036
55.00 -90 0.42920
60.00 -90 0.29346
65.00 -90 0.21218
70.00 -90 0.17223
80.00 -90 0.11116
-85.00 -85 -0.15018E-01
-45.00 -85 -0.38897
-40.00 -85 -0.36579
-35.00 -85 -0.22567
-30.00 -85 -0.58825E-01
-25.00 -85 0.24852E-01
-20.00 -85 -0.14863E-01
-15.00 -85 -0.11964
-10.00 -85 -0.18598
-5.00 -85 -0.15151
0.00 -85 -0.39629E-01
5.00 -85 0.71907E-01
10.00 -85 0.12511
15.00 -85 0.13162
20.00 -85 0.15725
25.00 -85 0.25936
30.00 -85 0.43385
35.00 -85 0.61473
40.00 -85 0.72213
45.00 -85 0.71568
85.00 -85 0.61416E-01
-75.00 -80 -0.27980
-65.00 -80 -0.17298
-60.00 -80 -0.10925
-55.00 -80 -0.13593
-50.00 -80 -0.22799
-45.00 -80 -0.29867
-40.00 -80 -0.28161
-35.00 -80 -0.19053
-30.00 -80 -0.10132
-25.00 -80 -0.75359E-01
-20.00 -80 -0.98040E-01
-15.00 -80 -0.91588E-01
-10.00 -80 0.92736E-02
-5.00 -80 0.18968
0.00 -80 0.35853
5.00 -80 0.42181
10.00 -80 0.36047
15.00 -80 0.24581
20.00 -80 0.18203
25.00 -80 0.22766
30.00 -80 0.36004
35.00 -80 0.50384
40.00 -80 0.59012
45.00 -80 0.59525
50.00 -80 0.53710
55.00 -80 0.44672
60.00 -80 0.34715
65.00 -80 0.25209
75.00 -80 0.11711
-70.00 -75 -0.20239
-45.00 -75 -0.17071
-40.00 -75 -0.13791
-35.00 -75 -0.61126E-01
-30.00 -75 -0.66349E-02
-25.00 -75 0.15636E-02
-20.00 -75 0.19063E-01
-15.00 -75 0.13231
-10.00 -75 0.36552
-5.00 -75 0.63292
0.00 -75 0.78866
5.00 -75 0.73693
10.00 -75 0.50884
15.00 -75 0.24041
20.00 -75 0.73075E-01
25.00 -75 0.61324E-01
30.00 -75 0.15809
35.00 -75 0.27493
40.00 -75 0.35330
45.00 -75 0.38738
70.00 -75 0.17164
-65.00 -70 -0.37753E-01
-60.00 -70 0.33492E-01
-55.00 -70 0.29534E-01
-50.00 -70 -0.15482E-01
-45.00 -70 -0.26077E-01
-40.00 -70 0.33547E-01
-35.00 -70 0.12541
-30.00 -70 0.18678
-25.00 -70 0.21028
-20.00 -70 0.26684
-15.00 -70 0.43738
-10.00 -70 0.71388
-5.00 -70 0.96918
0.00 -70 1.0370
5.00 -70 0.84075
10.00 -70 0.46066
15.00 -70 0.79491E-01
20.00 -70 -0.14555
25.00 -70 -0.17772
30.00 -70 -0.91728E-01
35.00 -70 0.13751E-01
40.00 -70 0.93940E-01
45.00 -70 0.16268
50.00 -70 0.23942
55.00 -70 0.30624
60.00 -70 0.32072
65.00 -70 0.26427
-45.00 -65 0.10633
-40.00 -65 0.18370
-35.00 -65 0.29626
-30.00 -65 0.38055
-25.00 -65 0.42536
-20.00 -65 0.49203
-15.00 -65 0.64673
-10.00 -65 0.86808
-5.00 -65 1.0277
0.00 -65 0.97757
5.00 -65 0.67407
10.00 -65 0.22850
15.00 -65 -0.16567
20.00 -65 -0.36739
25.00 -65 -0.37081
30.00 -65 -0.27372
35.00 -65 -0.17435
40.00 -65 -0.96822E-01
45.00 -65 -0.58161E-02
-80.00 -60 0.86537E-02
-75.00 -60 -0.44932E-01
-70.00 -60 0.46887E-02
-65.00 -60 0.12283
-60.00 -60 0.21924
-55.00 -60 0.23829
-50.00 -60 0.20813
-45.00 -60 0.20570
-40.00 -60 0.27654
-35.00 -60 0.39267
-30.00 -60 0.48960
-25.00 -60 0.53930
-20.00 -60 0.57817
-15.00 -60 0.65645
-10.00 -60 0.76105
-5.00 -60 0.79762
0.00 -60 0.66229
5.00 -60 0.34254
10.00 -60 -0.49590E-01
15.00 -60 -0.35000
20.00 -60 -0.46036
25.00 -60 -0.40811
30.00 -60 -0.29975
35.00 -60 -0.21789
40.00 -60 -0.16037
45.00 -60 -0.72137E-01
50.00 -60 0.72231E-01
55.00 -60 0.22430
60.00 -60 0.30035
65.00 -60 0.26100
70.00 -60 0.14913
75.00 -60 0.49208E-01
80.00 -60 0.10488E-01
-45.00 -55 0.26920
-40.00 -55 0.30939
-35.00 -55 0.40617
-30.00 -55 0.49717
-25.00 -55 0.53405
-20.00 -55 0.52365
-15.00 -55 0.50416
-10.00 -55 0.48638
-5.00 -55 0.42846
0.00 -55 0.27711
5.00 -55 0.35820E-01
10.00 -55 -0.21279
15.00 -55 -0.36141
20.00 -55 -0.36309
25.00 -55 -0.26660
30.00 -55 -0.16727
35.00 -55 -0.12013
40.00 -55 -0.98374E-01
45.00 -55 -0.35470E-01
-65.00 -50 0.24020
-60.00 -50 0.36530
-55.00 -50 0.40755
-50.00 -50 0.36552
-45.00 -50 0.30868
-40.00 -50 0.30892
-35.00 -50 0.37561
-30.00 -50 0.45300
-25.00 -50 0.47535
-20.00 -50 0.42223
-15.00 -50 0.32326
-10.00 -50 0.21712
-5.00 -50 0.11429
0.00 -50 0.27900E-02
5.00 -50 -0.11517
10.00 -50 -0.20297
15.00 -50 -0.21493
20.00 -50 -0.14402
25.00 -50 -0.39534E-01
30.00 -50 0.30592E-01
35.00 -50 0.40551E-01
40.00 -50 0.29921E-01
45.00 -50 0.62585E-01
50.00 -50 0.15852
55.00 -50 0.26579
60.00 -50 0.30326
65.00 -50 0.23520
-70.00 -45 0.13576
-45.00 -45 0.33756
-40.00 -45 0.30705
-35.00 -45 0.35060
-30.00 -45 0.42238
-25.00 -45 0.44468
-20.00 -45 0.37418
-15.00 -45 0.23185
-10.00 -45 0.77492E-01
-5.00 -45 -0.38897E-01
0.00 -45 -0.10262
5.00 -45 -0.12203
10.00 -45 -0.10386
15.00 -45 -0.48048E-01
20.00 -45 0.35641E-01
25.00 -45 0.11638
30.00 -45 0.15886
35.00 -45 0.15596
40.00 -45 0.14124
45.00 -45 0.16052
70.00 -45 0.73569E-01
-75.00 -40 0.12682
-65.00 -40 0.24661
-60.00 -40 0.38115
-55.00 -40 0.45563
-50.00 -40 0.43263
-45.00 -40 0.35781
-40.00 -40 0.31564
-35.00 -40 0.35153
-30.00 -40 0.43096
-25.00 -40 0.46997
-20.00 -40 0.40682
-15.00 -40 0.25118
-10.00 -40 0.72029E-01
-5.00 -40 -0.57712E-01
0.00 -40 -0.10846
5.00 -40 -0.97601E-01
10.00 -40 -0.58589E-01
15.00 -40 -0.11881E-01
20.00 -40 0.37939E-01
25.00 -40 0.87540E-01
30.00 -40 0.12764
35.00 -40 0.15303
40.00 -40 0.17376
45.00 -40 0.20724
50.00 -40 0.25399
55.00 -40 0.28419
60.00 -40 0.25693
65.00 -40 0.16042
75.00 -40 -0.55746E-01
-45.00 -35 0.35722
-40.00 -35 0.31866
-35.00 -35 0.35642
-30.00 -35 0.44795
-25.00 -35 0.50896
-20.00 -35 0.46469
-15.00 -35 0.31136
-10.00 -35 0.11604
-5.00 -35 -0.39392E-01
0.00 -35 -0.11717
5.00 -35 -0.13665
10.00 -35 -0.13936
15.00 -35 -0.14598
20.00 -35 -0.14469
25.00 -35 -0.11357
30.00 -35 -0.47752E-01
35.00 -35 0.36353E-01
40.00 -35 0.11763
45.00 -35 0.18418
-85.00 -30 0.27175
-80.00 -30 0.25306
-70.00 -30 0.96577E-01
-65.00 -30 0.12527
-60.00 -30 0.22994
-55.00 -30 0.32939
-50.00 -30 0.35658
-45.00 -30 0.31889
-40.00 -30 0.28665
-35.00 -30 0.32215
-30.00 -30 0.41624
-25.00 -30 0.49113
-20.00 -30 0.46574
-15.00 -30 0.32345
-10.00 -30 0.12254
-5.00 -30 -0.55317E-01
0.00 -30 -0.16797
5.00 -30 -0.23165
10.00 -30 -0.28576
15.00 -30 -0.34408
20.00 -30 -0.37990
25.00 -30 -0.35477
30.00 -30 -0.25836
35.00 -30 -0.12025
40.00 -30 0.12975E-01
45.00 -30 0.10850
50.00 -30 0.15692
55.00 -30 0.15960
60.00 -30 0.11720
65.00 -30 0.36603E-01
70.00 -30 -0.54807E-01
80.00 -30 -0.10306
85.00 -30 -0.39874E-01
-45.00 -25 0.23617
-40.00 -25 0.20174
-35.00 -25 0.22119
-30.00 -25 0.30132
-25.00 -25 0.37744
-20.00 -25 0.36895
-15.00 -25 0.24905
-10.00 -25 0.64773E-01
-5.00 -25 -0.10702
0.00 -25 -0.22279
5.00 -25 -0.29603
10.00 -25 -0.36505
15.00 -25 -0.44211
20.00 -25 -0.49538
25.00 -25 -0.47884
30.00 -25 -0.37791
35.00 -25 -0.22620
40.00 -25 -0.80485E-01
45.00 -25 0.18519E-01
-75.00 -20 0.17608
-65.00 -20 -0.63395E-01
-60.00 -20 -0.20542E-01
-55.00 -20 0.77295E-01
-50.00 -20 0.13738
-45.00 -20 0.12217
-40.00 -20 0.74425E-01
-35.00 -20 0.65388E-01
-30.00 -20 0.11992
-25.00 -20 0.19018
-20.00 -20 0.20008
-15.00 -20 0.11532
-10.00 -20 -0.27532E-01
-5.00 -20 -0.15712
0.00 -20 -0.23024
5.00 -20 -0.26142
10.00 -20 -0.29516
15.00 -20 -0.35302
20.00 -20 -0.40898
25.00 -20 -0.41492
30.00 -20 -0.34790
35.00 -20 -0.23256
40.00 -20 -0.11995
45.00 -20 -0.47647E-01
50.00 -20 -0.20069E-01
55.00 -20 -0.22086E-01
60.00 -20 -0.43045E-01
65.00 -20 -0.81527E-01
75.00 -20 -0.15514
-70.00 -15 -0.24597E-01
-45.00 -15 0.67680E-02
-40.00 -15 -0.59409E-01
-35.00 -15 -0.99278E-01
-30.00 -15 -0.70435E-01
-25.00 -15 -0.50905E-02
-20.00 -15 0.24814E-01
-15.00 -15 -0.21054E-01
-10.00 -15 -0.11368
-5.00 -15 -0.18431
0.00 -15 -0.18938
5.00 -15 -0.14739
10.00 -15 -0.11546
15.00 -15 -0.13226
20.00 -15 -0.18371
25.00 -15 -0.22104
30.00 -15 -0.20893
35.00 -15 -0.15537
40.00 -15 -0.98062E-01
45.00 -15 -0.67269E-01
70.00 -15 -0.14840
-65.00 -10 -0.21044
-60.00 -10 -0.22118
-55.00 -10 -0.13298
-50.00 -10 -0.60784E-01
-45.00 -10 -0.77359E-01
-40.00 -10 -0.15848
-35.00 -10 -0.22085
-30.00 -10 -0.20865
-25.00 -10 -0.14427
-20.00 -10 -0.99008E-01
-15.00 -10 -0.11812
-10.00 -10 -0.17547
-5.00 -10 -0.20011
0.00 -10 -0.14596
5.00 -10 -0.36277E-01
10.00 -10 0.57592E-01
15.00 -10 0.79677E-01
20.00 -10 0.33950E-01
25.00 -10 -0.28100E-01
30.00 -10 -0.58566E-01
35.00 -10 -0.51257E-01
40.00 -10 -0.34739E-01
45.00 -10 -0.35919E-01
50.00 -10 -0.55677E-01
55.00 -10 -0.78394E-01
60.00 -10 -0.97170E-01
65.00 -10 -0.12089
-45.00 -5 -0.11108
-40.00 -5 -0.19889
-35.00 -5 -0.27082
-30.00 -5 -0.26438
-25.00 -5 -0.19973
-20.00 -5 -0.15069
-15.00 -5 -0.16464
-10.00 -5 -0.21272
-5.00 -5 -0.21805
0.00 -5 -0.13211
5.00 -5 0.15785E-01
10.00 -5 0.14210
15.00 -5 0.18085
20.00 -5 0.13521
25.00 -5 0.64701E-01
30.00 -5 0.26760E-01
35.00 -5 0.31202E-01
40.00 -5 0.45945E-01
45.00 -5 0.38533E-01
90.00 0.00 0.23923E-01
-90.00 0.00 0.17373
