-85.00 0.00 0.59930
-80.00 0.00 0.62773
-75.00 0.00 0.51943
-70.00 0.00 0.31378
-65.00 0.00 0.54687E-01
-60.00 0.00 -0.22558
-55.00 0.00 -0.49154
-50.00 0.00 -0.68461
-45.00 0.00 -0.73391
-40.00 0.00 -0.60447
-35.00 0.00 -0.34345
-30.00 0.00 -0.71244E-01
-25.00 0.00 0.93560E-01
-20.00 0.00 0.12262
-15.00 0.00 0.10281
-10.00 0.00 0.16666
-5.00 0.00 0.37850
0.00 0.00 0.67083
5.00 0.00 0.88865
10.00 0.00 0.90908
15.00 0.00 0.73839
20.00 0.00 0.50577
25.00 0.00 0.35971
30.00 0.00 0.35298
35.00 0.00 0.40860
40.00 0.00 0.38897
45.00 0.00 0.20675
50.00 0.00 -0.11068
55.00 0.00 -0.44531
60.00 0.00 -0.67062
65.00 0.00 -0.72405
70.00 0.00 -0.62497
75.00 0.00 -0.44014
80.00 0.00 -0.24305
85.00 0.00 -0.82339E-01
-45.00 5.00 -0.58342
-40.00 5.00 -0.38227
-35.00 5.00 -0.84644E-01
-30.00 5.00 0.18620
-25.00 5.00 0.33868
-20.00 5.00 0.37469
-15.00 5.00 0.37956
-10.00 5.00 0.44290
-5.00 5.00 0.57538
0.00 5.00 0.69437
5.00 5.00 0.69413
10.00 5.00 0.54183
15.00 5.00 0.31599
20.00 5.00 0.15194
25.00 5.00 0.13821
30.00 5.00 0.24878
35.00 5.00 0.36435
40.00 5.00 0.36159
45.00 5.00 0.19740
-65.00 10.00 0.74797E-01
-60.00 10.00 -0.20936
-55.00 10.00 -0.43158
-50.00 10.00 -0.51185
-45.00 10.00 -0.39961
-40.00 10.00 -0.12068
-35.00 10.00 0.21750
-30.00 10.00 0.48367
-25.00 10.00 0.60744
-20.00 10.00 0.62201
-15.00 10.00 0.62434
-10.00 10.00 0.68284
-5.00 10.00 0.77182
0.00 10.00 0.79232
5.00 10.00 0.66359
10.00 10.00 0.40557
15.00 10.00 0.13855
20.00 10.00 -0.28601E-02
25.00 10.00 0.30038E-01
30.00 10.00 0.16747
35.00 10.00 0.27894
40.00 10.00 0.26863
45.00 10.00 0.13125
50.00 10.00 -0.66609E-01
55.00 10.00 -0.24871
60.00 10.00 -0.37556
65.00 10.00 -0.44339
-70.00 15.00 0.35485
-45.00 15.00 -0.25119
-40.00 15.00 0.95453E-01
-35.00 15.00 0.47222
-30.00 15.00 0.73373
-25.00 15.00 0.81905
-20.00 15.00 0.78709
-15.00 15.00 0.75690
-10.00 15.00 0.79987
-5.00 15.00 0.87646
0.00 15.00 0.87385
5.00 15.00 0.71222
10.00 15.00 0.42538
15.00 15.00 0.14418
20.00 15.00 -0.30588E-02
25.00 15.00 0.13612E-01
30.00 15.00 0.11334
35.00 15.00 0.17910
40.00 15.00 0.14857
45.00 15.00 0.44420E-01
70.00 15.00 -0.36429
-75.00 20.00 0.57800
-65.00 20.00 0.64657E-01
-60.00 20.00 -0.21188
-55.00 20.00 -0.39984
-50.00 20.00 -0.40836
-45.00 20.00 -0.19196
-40.00 20.00 0.19367
-35.00 20.00 0.59736
-30.00 20.00 0.85704
-25.00 20.00 0.90616
-20.00 20.00 0.81384
-15.00 20.00 0.71932
-10.00 20.00 0.71283
-5.00 20.00 0.76416
0.00 20.00 0.75999
5.00 20.00 0.61467
10.00 20.00 0.35389
15.00 20.00 0.97613E-01
20.00 20.00 -0.39074E-01
25.00 20.00 -0.35906E-01
30.00 20.00 0.29863E-01
35.00 20.00 0.62330E-01
40.00 20.00 0.28647E-01
45.00 20.00 -0.30350E-01
50.00 20.00 -0.60921E-01
55.00 20.00 -0.60497E-01
60.00 20.00 -0.79155E-01
65.00 20.00 -0.15956
75.00 20.00 -0.35706
-45.00 25.00 -0.23829
-40.00 25.00 0.14413
-35.00 25.00 0.55316
-30.00 25.00 0.81402
-25.00 25.00 0.84197
-20.00 25.00 0.69539
-15.00 25.00 0.51944
-10.00 25.00 0.42564
-5.00 25.00 0.40987
0.00 25.00 0.37750
5.00 25.00 0.24674
10.00 25.00 0.32770E-01
15.00 25.00 -0.16355
20.00 25.00 -0.24653
25.00 25.00 -0.20749
30.00 25.00 -0.12217
35.00 25.00 -0.72457E-01
40.00 25.00 -0.72886E-01
45.00 25.00 -0.72917E-01
-80.00 30.00 0.70338
-70.00 30.00 0.31334
-65.00 30.00 0.30767E-01
-60.00 30.00 -0.24320
-55.00 30.00 -0.45096
-50.00 30.00 -0.51131
-45.00 30.00 -0.36215
-40.00 30.00 -0.28213E-01
-35.00 30.00 0.35740
-30.00 30.00 0.61848
-25.00 30.00 0.64843
-20.00 30.00 0.47855
-15.00 30.00 0.24161
-10.00 30.00 0.61058E-01
-5.00 30.00 -0.37709E-01
0.00 30.00 -0.11964
5.00 30.00 -0.25182
10.00 30.00 -0.42382
15.00 30.00 -0.55220
20.00 30.00 -0.56038
25.00 30.00 -0.45208
30.00 30.00 -0.30600
35.00 30.00 -0.19977
40.00 30.00 -0.14174
45.00 30.00 -0.79160E-01
50.00 30.00 0.27407E-01
55.00 30.00 0.14249
60.00 30.00 0.17497
65.00 30.00 0.65223E-01
70.00 30.00 -0.14300
80.00 30.00 -0.34602
-45.00 35.00 -0.50405
-40.00 35.00 -0.25579
-35.00 35.00 0.74856E-01
-30.00 35.00 0.32628
-25.00 35.00 0.37807
-20.00 35.00 0.23108
-15.00 35.00 -0.62885E-02
-10.00 35.00 -0.21279
-5.00 35.00 -0.34487
0.00 35.00 -0.44471
5.00 35.00 -0.56803
10.00 35.00 -0.70878
15.00 35.00 -0.79616
20.00 35.00 -0.76349
25.00 35.00 -0.61636
30.00 35.00 -0.42990
35.00 35.00 -0.27863
40.00 35.00 -0.17176
45.00 35.00 -0.61230E-01
-75.00 40.00 0.52338
-65.00 40.00 0.21019E-01
-60.00 40.00 -0.21405
-55.00 40.00 -0.42682
-50.00 40.00 -0.57826
-45.00 40.00 -0.60024
-40.00 40.00 -0.45906
-35.00 40.00 -0.21224
-30.00 40.00 0.82890E-02
-25.00 40.00 0.84241E-01
-20.00 40.00 -0.41202E-02
-15.00 40.00 -0.17306
-10.00 40.00 -0.31432
-5.00 40.00 -0.38435
0.00 40.00 -0.42337
5.00 40.00 -0.49350
10.00 40.00 -0.60278
15.00 40.00 -0.69108
20.00 40.00 -0.68852
25.00 40.00 -0.58345
30.00 40.00 -0.43010
35.00 40.00 -0.29055
40.00 40.00 -0.17477
45.00 40.00 -0.44244E-01
50.00 40.00 0.12325
55.00 40.00 0.27825
60.00 40.00 0.32037
65.00 40.00 0.18718
75.00 40.00 -0.30358
-70.00 45.00 0.26029
-45.00 45.00 -0.61187
-40.00 45.00 -0.58066
-35.00 45.00 -0.43678
-30.00 45.00 -0.27445
-25.00 45.00 -0.19524
-20.00 45.00 -0.22473
-15.00 45.00 -0.29580
-10.00 45.00 -0.31558
-5.00 45.00 -0.25286
0.00 45.00 -0.16372
5.00 45.00 -0.13421
10.00 45.00 -0.19812
15.00 45.00 -0.30872
20.00 45.00 -0.38630
25.00 45.00 -0.38895
30.00 45.00 -0.33545
35.00 45.00 -0.26435
40.00 45.00 -0.18117
45.00 45.00 -0.56894E-01
70.00 45.00 -0.57510E-01
-65.00 50.00 0.65596E-01
-60.00 50.00 -0.74836E-01
-55.00 50.00 -0.21946
-50.00 50.00 -0.39032
-45.00 50.00 -0.54242
-40.00 50.00 -0.60735
-35.00 50.00 -0.56780
-30.00 50.00 -0.48224
-25.00 50.00 -0.43127
-20.00 50.00 -0.43833
-15.00 50.00 -0.44531
-10.00 50.00 -0.37002
-5.00 50.00 -0.19141
0.00 50.00 0.19654E-01
5.00 50.00 0.15382
10.00 50.00 0.15035
15.00 50.00 0.38279E-01
20.00 50.00 -0.10009
25.00 50.00 -0.19973
30.00 50.00 -0.24757
35.00 50.00 -0.25667
40.00 50.00 -0.22192
45.00 50.00 -0.11672
50.00 50.00 0.60125E-01
55.00 50.00 0.24133
60.00 50.00 0.31306
65.00 50.00 0.20054
-85.00 55.00 0.67069
-45.00 55.00 -0.43579
-40.00 55.00 -0.57129
-35.00 55.00 -0.61401
-30.00 55.00 -0.59744
-25.00 55.00 -0.59009
-20.00 55.00 -0.61858
-15.00 55.00 -0.63427
-10.00 55.00 -0.55950
-5.00 55.00 -0.36888
0.00 55.00 -0.12603
5.00 55.00 0.59868E-01
10.00 55.00 0.11653
15.00 55.00 0.54159E-01
20.00 55.00 -0.60856E-01
25.00 55.00 -0.16842
30.00 55.00 -0.24831
35.00 55.00 -0.29933
40.00 55.00 -0.30154
45.00 55.00 -0.21733
85.00 55.00 -0.25476
-80.00 60.00 0.65491
-75.00 60.00 0.46873
-70.00 60.00 0.26168
-65.00 60.00 0.13912
-60.00 60.00 0.85955E-01
-55.00 60.00 0.11713E-01
-50.00 60.00 -0.14540
-45.00 60.00 -0.35577
-40.00 60.00 -0.53120
-35.00 60.00 -0.61278
-30.00 60.00 -0.62377
-25.00 60.00 -0.63817
-20.00 60.00 -0.70106
-15.00 60.00 -0.78184
-10.00 60.00 -0.80503
-5.00 60.00 -0.72478
0.00 60.00 -0.56907
5.00 60.00 -0.41381
10.00 60.00 -0.31798
15.00 60.00 -0.28532
20.00 60.00 -0.28402
25.00 60.00 -0.29282
30.00 60.00 -0.31751
35.00 60.00 -0.36060
40.00 60.00 -0.38534
45.00 60.00 -0.32764
50.00 60.00 -0.15896
55.00 60.00 0.59712E-01
60.00 60.00 0.19829
65.00 60.00 0.15285
70.00 60.00 -0.60018E-01
75.00 60.00 -0.29768
80.00 60.00 -0.38901
-45.00 65.00 -0.35641
-40.00 65.00 -0.54290
-35.00 65.00 -0.61063
-30.00 65.00 -0.58704
-25.00 65.00 -0.56902
-20.00 65.00 -0.63460
-15.00 65.00 -0.77966
-10.00 65.00 -0.93204
-5.00 65.00 -1.0188
0.00 65.00 -1.0173
5.00 65.00 -0.95018
10.00 65.00 -0.84400
15.00 65.00 -0.70758
20.00 65.00 -0.55034
25.00 65.00 -0.40957
30.00 65.00 -0.33964
35.00 65.00 -0.36039
40.00 65.00 -0.41714
45.00 65.00 -0.40704
-65.00 70.00 0.20040
-60.00 70.00 0.14599
-55.00 70.00 0.30756E-01
-50.00 70.00 -0.19247
-45.00 70.00 -0.45631
-40.00 70.00 -0.63172
-35.00 70.00 -0.64160
-30.00 70.00 -0.52971
-25.00 70.00 -0.42571
-20.00 70.00 -0.44323
-15.00 70.00 -0.60220
-10.00 70.00 -0.83321
-5.00 70.00 -1.0418
0.00 70.00 -1.1653
5.00 70.00 -1.1801
10.00 70.00 -1.0797
15.00 70.00 -0.86954
20.00 70.00 -0.59036
25.00 70.00 -0.33285
30.00 70.00 -0.20076
35.00 70.00 -0.23381
40.00 70.00 -0.35870
45.00 70.00 -0.42891
50.00 70.00 -0.33802
55.00 70.00 -0.11481
60.00 70.00 0.89325E-01
65.00 70.00 0.12112
-70.00 75.00 0.32309
-45.00 75.00 -0.62858
-40.00 75.00 -0.77893
-35.00 75.00 -0.71020
-30.00 75.00 -0.49256
-25.00 75.00 -0.28815
-20.00 75.00 -0.23269
-15.00 75.00 -0.35230
-10.00 75.00 -0.57313
-5.00 75.00 -0.79282
0.00 75.00 -0.93871
5.00 75.00 -0.97323
10.00 75.00 -0.87372
15.00 75.00 -0.63654
20.00 75.00 -0.31182
25.00 75.00 -0.18866E-01
30.00 75.00 0.10582
35.00 75.00 0.81385E-02
40.00 75.00 -0.22152
45.00 75.00 -0.39636
70.00 75.00 -0.17267E-01
-75.00 80.00 0.49564
-65.00 80.00 0.25558
-60.00 80.00 0.12062
-55.00 80.00 -0.13293
-50.00 80.00 -0.49032
-45.00 80.00 -0.81112
-40.00 80.00 -0.92886
-35.00 80.00 -0.78734
-30.00 80.00 -0.49064
-25.00 80.00 -0.22450
-20.00 80.00 -0.12184
-15.00 80.00 -0.18751
-10.00 80.00 -0.33158
-5.00 80.00 -0.45847
0.00 80.00 -0.52151
5.00 80.00 -0.50745
10.00 80.00 -0.39811
15.00 80.00 -0.17540
20.00 80.00 0.12618
25.00 80.00 0.38764
30.00 80.00 0.45858
35.00 80.00 0.27464
40.00 80.00 -0.63332E-01
45.00 80.00 -0.33812
50.00 80.00 -0.37359
55.00 80.00 -0.17456
60.00 80.00 0.75298E-01
65.00 80.00 0.16368
75.00 80.00 -0.21912
-45.00 85.00 -0.93267
-40.00 85.00 -1.0146
-35.00 85.00 -0.82475
-30.00 85.00 -0.50319
-25.00 85.00 -0.24453
-20.00 85.00 -0.15273
-15.00 85.00 -0.18781
-10.00 85.00 -0.23689
-5.00 85.00 -0.22572
0.00 85.00 -0.16089
5.00 85.00 -0.77576E-01
10.00 85.00 0.30021E-01
15.00 85.00 0.20529
20.00 85.00 0.45055
25.00 85.00 0.66590
30.00 85.00 0.69446
35.00 85.00 0.45659
40.00 85.00 0.51367E-01
45.00 85.00 -0.28612
-80.00 90.00 0.61846
-70.00 90.00 0.45006
-65.00 90.00 0.35202
-60.00 90.00 0.15318
-55.00 90.00 -0.20057
-50.00 90.00 -0.62851
-45.00 90.00 -0.94258
-40.00 90.00 -0.99023
-35.00 90.00 -0.78335
-30.00 90.00 -0.49069
-25.00 90.00 -0.29744
-20.00 90.00 -0.26014
-15.00 90.00 -0.28675
-10.00 90.00 -0.24945
-5.00 90.00 -0.11182
0.00 90.00 0.53152E-01
5.00 90.00 0.16138
10.00 90.00 0.21909
15.00 90.00 0.31338
20.00 90.00 0.49748
25.00 90.00 0.69420
30.00 90.00 0.73337
35.00 90.00 0.50702
40.00 90.00 0.98378E-01
45.00 90.00 -0.25075
50.00 90.00 -0.32459
55.00 90.00 -0.11297
60.00 90.00 0.17687
65.00 90.00 0.29241
70.00 90.00 0.14308
80.00 90.00 -0.31007
-45.00 95.00 -0.82987
-40.00 95.00 -0.85224
-35.00 95.00 -0.65872
-30.00 95.00 -0.42875
-25.00 95.00 -0.31846
-20.00 95.00 -0.33035
-15.00 95.00 -0.33298
-10.00 95.00 -0.20748
-5.00 95.00 0.25832E-01
0.00 95.00 0.22717
5.00 95.00 0.28230
10.00 95.00 0.22437
15.00 95.00 0.20383
20.00 95.00 0.32979
25.00 95.00 0.54000
30.00 95.00 0.63804
35.00 95.00 0.47573
40.00 95.00 0.11158
45.00 95.00 -0.21249
-75.00 100.00 0.57326
-65.00 100.00 0.50340
-60.00 100.00 0.32819
-55.00 100.00 -0.67536E-03
-50.00 100.00 -0.37692
-45.00 100.00 -0.62313
-40.00 100.00 -0.63781
-35.00 100.00 -0.48428
-30.00 100.00 -0.32868
-25.00 100.00 -0.28144
-20.00 100.00 -0.29559
-15.00 100.00 -0.22531
-10.00 100.00 0.97581E-02
-5.00 100.00 0.31859
0.00 100.00 0.50462
5.00 100.00 0.44922
10.00 100.00 0.23602
15.00 100.00 0.87029E-01
20.00 100.00 0.15981
25.00 100.00 0.39440
30.00 100.00 0.56044
35.00 100.00 0.46919
40.00 100.00 0.15639
45.00 100.00 -0.13691
50.00 100.00 -0.17374
55.00 100.00 0.67820E-01
60.00 100.00 0.37319
65.00 100.00 0.47748
75.00 100.00 -0.38804E-01
-70.00 105.00 0.59547
-45.00 105.00 -0.37315
-40.00 105.00 -0.40094
-35.00 105.00 -0.30681
-30.00 105.00 -0.22329
-25.00 105.00 -0.20759
-20.00 105.00 -0.17648
-15.00 105.00 0.49560E-02
-10.00 105.00 0.36017
-5.00 105.00 0.72986
0.00 105.00 0.88151
5.00 105.00 0.71419
10.00 105.00 0.36792
15.00 105.00 0.12213
20.00 105.00 0.16085
25.00 105.00 0.41360
30.00 105.00 0.62028
35.00 105.00 0.56653
40.00 105.00 0.27804
45.00 105.00 -0.26110E-02
70.00 105.00 0.36018
-85.00 110.00 0.53836
-65.00 110.00 0.64035
-60.00 110.00 0.55140
-55.00 110.00 0.32997
-50.00 110.00 0.60434E-01
-45.00 110.00 -0.12991
-40.00 110.00 -0.18275
-35.00 110.00 -0.15188
-30.00 110.00 -0.12841
-25.00 110.00 -0.12350
-20.00 110.00 -0.37036E-01
-15.00 110.00 0.23894
-10.00 110.00 0.67486
-5.00 110.00 1.0692
0.00 110.00 1.1853
5.00 110.00 0.95388
10.00 110.00 0.55553
15.00 110.00 0.29058
20.00 110.00 0.33650
25.00 110.00 0.60259
30.00 110.00 0.81444
35.00 110.00 0.75737
40.00 110.00 0.46367
45.00 110.00 0.17824
50.00 110.00 0.13619
55.00 110.00 0.35319
60.00 110.00 0.61389
65.00 110.00 0.66258
85.00 110.00 -0.19559
-45.00 115.00 0.72498E-01
-40.00 115.00 0.29852E-02
-35.00 115.00 -0.83240E-02
-30.00 115.00 -0.18998E-01
-25.00 115.00 -0.15737E-01
-20.00 115.00 0.95475E-01
-15.00 115.00 0.39100
-10.00 115.00 0.81291
-5.00 115.00 1.1617
0.00 115.00 1.2342
5.00 115.00 0.99852
10.00 115.00 0.64543
15.00 115.00 0.44983
20.00 115.00 0.54941
25.00 115.00 0.83050
30.00 115.00 1.0266
35.00 115.00 0.94855
40.00 115.00 0.64659
45.00 115.00 0.36192
-80.00 120.00 0.50407
-75.00 120.00 0.52766
-70.00 120.00 0.59035
-65.00 120.00 0.64843
-60.00 120.00 0.63056
-55.00 120.00 0.51279
-50.00 120.00 0.34722
-45.00 120.00 0.21618
-40.00 120.00 0.15959
-35.00 120.00 0.15136
-30.00 120.00 0.14926
-25.00 120.00 0.16262
-20.00 120.00 0.25751
-15.00 120.00 0.48180
-10.00 120.00 0.78165
-5.00 120.00 1.0054
0.00 120.00 1.0145
5.00 120.00 0.81284
10.00 120.00 0.56881
15.00 120.00 0.49298
20.00 120.00 0.66324
25.00 120.00 0.95115
30.00 120.00 1.1223
35.00 120.00 1.0321
40.00 120.00 0.74906
45.00 120.00 0.49628
50.00 120.00 0.45976
55.00 120.00 0.62905
60.00 120.00 0.80744
65.00 120.00 0.78077
70.00 120.00 0.49843
75.00 120.00 0.11095
80.00 120.00 -0.15228
-45.00 125.00 0.28995
-40.00 125.00 0.28274
-35.00 125.00 0.32892
-30.00 125.00 0.38369
-25.00 125.00 0.42947
-20.00 125.00 0.49044
-15.00 125.00 0.59190
-10.00 125.00 0.70865
-5.00 125.00 0.76501
0.00 125.00 0.70066
5.00 125.00 0.54479
10.00 125.00 0.41962
15.00 125.00 0.45187
20.00 125.00 0.65978
25.00 125.00 0.91886
30.00 125.00 1.0492
35.00 125.00 0.96064
40.00 125.00 0.73151
45.00 125.00 0.54860
-65.00 130.00 0.45430
-60.00 130.00 0.44029
-55.00 130.00 0.37707
-50.00 130.00 0.30400
-45.00 130.00 0.28179
-40.00 130.00 0.34460
-35.00 130.00 0.47378
-30.00 130.00 0.61411
-25.00 130.00 0.71473
-20.00 130.00 0.75723
-15.00 130.00 0.74990
-10.00 130.00 0.70299
-5.00 130.00 0.61747
0.00 130.00 0.50191
5.00 130.00 0.39594
10.00 130.00 0.36435
15.00 130.00 0.45171
20.00 130.00 0.63218
25.00 130.00 0.80656
30.00 130.00 0.86512
35.00 130.00 0.77428
40.00 130.00 0.61322
45.00 130.00 0.51939
50.00 130.00 0.57744
55.00 130.00 0.74078
60.00 130.00 0.85621
65.00 130.00 0.78007
-70.00 135.00 0.30155
-45.00 135.00 0.18260
-40.00 135.00 0.30450
-35.00 135.00 0.50186
-30.00 135.00 0.71554
-25.00 135.00 0.87453
-20.00 135.00 0.93080
-15.00 135.00 0.87891
-10.00 135.00 0.75245
-5.00 135.00 0.60509
0.00 135.00 0.48980
5.00 135.00 0.44381
10.00 135.00 0.47864
15.00 135.00 0.57329
20.00 135.00 0.67615
25.00 135.00 0.72445
30.00 135.00 0.68041
35.00 135.00 0.56388
40.00 135.00 0.45217
45.00 135.00 0.43415
70.00 135.00 0.46603
-75.00 140.00 0.22169
-65.00 140.00 0.81340E-01
-60.00 140.00 0.11359E-01
-55.00 140.00 -0.44625E-01
-50.00 140.00 -0.58196E-01
-45.00 140.00 -0.42397E-03
-40.00 140.00 0.14198
-35.00 140.00 0.35424
-30.00 140.00 0.59077
-25.00 140.00 0.78701
-20.00 140.00 0.88567
-15.00 140.00 0.86636
-10.00 140.00 0.76025
-5.00 140.00 0.63692
0.00 140.00 0.56763
5.00 140.00 0.58618
10.00 140.00 0.67141
15.00 140.00 0.76129
20.00 140.00 0.78880
25.00 140.00 0.71911
30.00 140.00 0.56940
35.00 140.00 0.40327
40.00 140.00 0.30184
45.00 140.00 0.32155
50.00 140.00 0.45676
55.00 140.00 0.62995
60.00 140.00 0.72497
65.00 140.00 0.65426
75.00 140.00 0.13133
-45.00 145.00 -0.23212
-40.00 145.00 -0.11226
-35.00 145.00 0.53728E-01
-30.00 145.00 0.25366
-25.00 145.00 0.45753
-20.00 145.00 0.61721
-15.00 145.00 0.69060
-10.00 145.00 0.67505
-5.00 145.00 0.61938
0.00 145.00 0.59632
5.00 145.00 0.65109
10.00 145.00 0.76498
15.00 145.00 0.86363
20.00 145.00 0.86593
25.00 145.00 0.73874
30.00 145.00 0.52080
35.00 145.00 0.30254
40.00 145.00 0.17769
45.00 145.00 0.19491
-80.00 150.00 0.17103
-70.00 150.00 -0.18395
-65.00 150.00 -0.36364
-60.00 150.00 -0.49718
-55.00 150.00 -0.54964
-50.00 150.00 -0.52250
-45.00 150.00 -0.45234
-40.00 150.00 -0.37442
-35.00 150.00 -0.28725
-30.00 150.00 -0.15698
-25.00 150.00 0.39053E-01
-20.00 150.00 0.27218
-15.00 150.00 0.46936
-10.00 150.00 0.56730
-5.00 150.00 0.56690
0.00 150.00 0.53643
5.00 150.00 0.55624
10.00 150.00 0.65002
15.00 150.00 0.76091
20.00 150.00 0.79304
25.00 150.00 0.68530
30.00 150.00 0.46017
35.00 150.00 0.21342
40.00 150.00 0.56017E-01
45.00 150.00 0.50175E-01
50.00 150.00 0.17767
55.00 150.00 0.35305
60.00 150.00 0.46964
65.00 150.00 0.45485
70.00 150.00 0.30942
80.00 150.00 -0.33609E-01
-45.00 155.00 -0.59650
-40.00 155.00 -0.54208
-35.00 155.00 -0.52007
-30.00 155.00 -0.45242
-25.00 155.00 -0.26140
-20.00 155.00 0.46720E-01
-15.00 155.00 0.36527
-10.00 155.00 0.55986
-5.00 155.00 0.57177
0.00 155.00 0.46338
5.00 155.00 0.36579
10.00 155.00 0.37245
15.00 155.00 0.46753
20.00 155.00 0.54568
25.00 155.00 0.50224
30.00 155.00 0.31849
35.00 155.00 0.77048E-01
40.00 155.00 -0.97058E-01
45.00 155.00 -0.11954
-75.00 160.00 -0.22163
-65.00 160.00 -0.75349
-60.00 160.00 -0.90541
-55.00 160.00 -0.90324
-50.00 160.00 -0.77521
-45.00 160.00 -0.62390
-40.00 160.00 -0.54555
-35.00 160.00 -0.54137
-30.00 160.00 -0.50690
-25.00 160.00 -0.32164
-20.00 160.00 0.32279E-01
-15.00 160.00 0.42872
-10.00 160.00 0.67820
-5.00 160.00 0.66940
0.00 160.00 0.45436
5.00 160.00 0.20622
10.00 160.00 0.85053E-01
15.00 160.00 0.12263
20.00 160.00 0.21587
25.00 160.00 0.22520
30.00 160.00 0.90906E-01
35.00 160.00 -0.12423
40.00 160.00 -0.28966
45.00 160.00 -0.30528
50.00 160.00 -0.16646
55.00 160.00 0.43165E-01
60.00 160.00 0.21225
65.00 160.00 0.26769
75.00 160.00 0.93091E-01
-85.00 165.00 0.22293
-70.00 165.00 -0.63178
-45.00 165.00 -0.53722
-40.00 165.00 -0.38418
-35.00 165.00 -0.34782
-30.00 165.00 -0.32639
-25.00 165.00 -0.17771
-20.00 165.00 0.14591
-15.00 165.00 0.53298
-10.00 165.00 0.78219
-5.00 165.00 0.75435
0.00 165.00 0.48153
5.00 165.00 0.14218
10.00 165.00 -0.75784E-01
15.00 165.00 -0.10990
20.00 165.00 -0.48990E-01
25.00 165.00 -0.39040E-01
30.00 165.00 -0.15572
35.00 165.00 -0.34791
40.00 165.00 -0.48777
45.00 165.00 -0.47446
70.00 165.00 0.17170
85.00 165.00 0.59064E-02
-65.00 170.00 -1.0043
-60.00 170.00 -1.1203
-55.00 170.00 -1.0204
-50.00 170.00 -0.73114
-45.00 170.00 -0.38149
-40.00 170.00 -0.12551
-35.00 170.00 -0.30567E-01
-30.00 170.00 -0.27973E-01
-25.00 170.00 0.23696E-01
-20.00 170.00 0.21028
-15.00 170.00 0.47832
-10.00 170.00 0.67106
-5.00 170.00 0.65587
0.00 170.00 0.43388
5.00 170.00 0.13836
10.00 170.00 -0.74136E-01
15.00 170.00 -0.14428
20.00 170.00 -0.14084
25.00 170.00 -0.18276
30.00 170.00 -0.32650
35.00 170.00 -0.51573
40.00 170.00 -0.62975
45.00 170.00 -0.58157
50.00 170.00 -0.38257
55.00 170.00 -0.12824
60.00 170.00 0.71754E-01
65.00 170.00 0.15944
-45.00 175.00 -0.22322
-40.00 175.00 0.12925
-35.00 175.00 0.27981
-30.00 175.00 0.24426
-25.00 175.00 0.14566
-20.00 175.00 0.11181
-15.00 175.00 0.17864
-10.00 175.00 0.27799
-5.00 175.00 0.31280
0.00 175.00 0.24700
5.00 175.00 0.12939
10.00 175.00 0.36189E-01
15.00 175.00 -0.75527E-02
20.00 175.00 -0.51027E-01
25.00 175.00 -0.16415
30.00 175.00 -0.35930
35.00 175.00 -0.56251
40.00 175.00 -0.66202
45.00 175.00 -0.59211
-80.00 180.00 -0.21322
-75.00 180.00 -0.56579
-70.00 180.00 -0.87858
-65.00 180.00 -1.0987
-60.00 180.00 -1.1551
-55.00 180.00 -0.98855
-50.00 180.00 -0.60739
-45.00 180.00 -0.12156
-40.00 180.00 0.29068
-35.00 180.00 0.47599
-30.00 180.00 0.39635
-25.00 180.00 0.14778
-20.00 180.00 -0.10774
-15.00 180.00 -0.24455
-10.00 180.00 -0.23416
-5.00 180.00 -0.12944
0.00 180.00 -0.22533E-02
5.00 180.00 0.10449
10.00 180.00 0.17610
15.00 180.00 0.19630
20.00 180.00 0.13440
25.00 180.00 -0.28766E-01
30.00 180.00 -0.26174
35.00 180.00 -0.47636
40.00 180.00 -0.57288
45.00 180.00 -0.50532
50.00 180.00 -0.31346
55.00 180.00 -0.94360E-01
60.00 180.00 0.62761E-01
65.00 180.00 0.12659
70.00 180.00 0.12478
75.00 180.00 0.10312
80.00 180.00 0.87426E-01
-45.00 -175 -0.10599
-40.00 -175 0.31300
-35.00 -175 0.50738
-30.00 -175 0.40377
-25.00 -175 0.72957E-01
-20.00 -175 -0.30811
-15.00 -175 -0.55789
-10.00 -175 -0.58488
-5.00 -175 -0.41512
0.00 -175 -0.14877
5.00 -175 0.10800
10.00 -175 0.28460
15.00 -175 0.34787
20.00 -175 0.28881
25.00 -175 0.12191
30.00 -175 -0.10360
35.00 -175 -0.30597
40.00 -175 -0.40348
45.00 -175 -0.36140
-65.00 -170 -1.0691
-60.00 -170 -1.0671
-55.00 -170 -0.90393
-50.00 -170 -0.58295
-45.00 -170 -0.16919
-40.00 -170 0.20212
-35.00 -170 0.37849
-30.00 -170 0.28095
-25.00 -170 -0.34018E-01
-20.00 -170 -0.39634
-15.00 -170 -0.61994
-10.00 -170 -0.60824
-5.00 -170 -0.39453
0.00 -170 -0.97796E-01
5.00 -170 0.16096
10.00 -170 0.31646
15.00 -170 0.36096
20.00 -170 0.31239
25.00 -170 0.19167
30.00 -170 0.27225E-01
35.00 -170 -0.13276
40.00 -170 -0.22966
45.00 -170 -0.22764
50.00 -170 -0.14119
55.00 -170 -0.26704E-01
60.00 -170 0.59142E-01
65.00 -170 0.98123E-01
-70.00 -165 -0.93050
-45.00 -165 -0.27524
-40.00 -165 0.49350E-02
-35.00 -165 0.13240
-30.00 -165 0.50605E-01
-25.00 -165 -0.18245
-20.00 -165 -0.41659
-15.00 -165 -0.50361
-10.00 -165 -0.39371
-5.00 -165 -0.15901
0.00 -165 0.70901E-01
5.00 -165 0.20388
10.00 -165 0.23355
15.00 -165 0.21133
20.00 -165 0.18155
25.00 -165 0.14447
30.00 -165 0.75939E-01
35.00 -165 -0.26787E-01
40.00 -165 -0.12568
45.00 -165 -0.16978
70.00 -165 0.10080
-75.00 -160 -0.72378
-65.00 -160 -0.97440
-60.00 -160 -0.91556
-55.00 -160 -0.78036
-50.00 -160 -0.58974
-45.00 -160 -0.37746
-40.00 -160 -0.21032
-35.00 -160 -0.16215
-30.00 -160 -0.25227
-25.00 -160 -0.40694
-20.00 -160 -0.49446
-15.00 -160 -0.41927
-10.00 -160 -0.19983
-5.00 -160 0.40567E-01
0.00 -160 0.16809
5.00 -160 0.14018
10.00 -160 0.28963E-01
15.00 -160 -0.50373E-01
20.00 -160 -0.39563E-01
25.00 -160 0.22266E-01
30.00 -160 0.47425E-01
35.00 -160 -0.13969E-01
40.00 -160 -0.13057
45.00 -160 -0.22305
50.00 -160 -0.23466
55.00 -160 -0.17056
60.00 -160 -0.76454E-01
65.00 -160 0.11116E-01
75.00 -160 0.15395
-45.00 -155 -0.43910
-40.00 -155 -0.37714
-35.00 -155 -0.42185
-30.00 -155 -0.55755
-25.00 -155 -0.68864
-20.00 -155 -0.69079
-15.00 -155 -0.50858
-10.00 -155 -0.21636
-5.00 -155 0.22258E-01
0.00 -155 0.75101E-01
5.00 -155 -0.55319E-01
10.00 -155 -0.23562
15.00 -155 -0.31202
20.00 -155 -0.23390
25.00 -155 -0.86234E-01
30.00 -155 -0.80366E-02
35.00 -155 -0.72895E-01
40.00 -155 -0.23480
45.00 -155 -0.37718
-80.00 -150 -0.42362
-70.00 -150 -0.89619
-65.00 -150 -0.88066
-60.00 -150 -0.77606
-55.00 -150 -0.64631
-50.00 -150 -0.52754
-45.00 -150 -0.44993
-40.00 -150 -0.45537
-35.00 -150 -0.57216
-30.00 -150 -0.76485
-25.00 -150 -0.92105
-20.00 -150 -0.91430
-15.00 -150 -0.70604
-10.00 -150 -0.39669
-5.00 -150 -0.16587
0.00 -150 -0.13787
5.00 -150 -0.28253
10.00 -150 -0.44022
15.00 -150 -0.45491
20.00 -150 -0.30323
25.00 -150 -0.11004
30.00 -150 -0.39798E-01
35.00 -150 -0.16000
40.00 -150 -0.39198
45.00 -150 -0.58174
50.00 -150 -0.61910
55.00 -150 -0.50204
60.00 -150 -0.30581
65.00 -150 -0.10618
70.00 -150 0.63073E-01
80.00 -150 0.24937
-45.00 -145 -0.43256
-40.00 -145 -0.45091
-35.00 -145 -0.58487
-30.00 -145 -0.79834
-25.00 -145 -0.97623
-20.00 -145 -0.99072
-15.00 -145 -0.80467
-10.00 -145 -0.51893
-5.00 -145 -0.30669
0.00 -145 -0.27837
5.00 -145 -0.39132
10.00 -145 -0.48785
15.00 -145 -0.43388
20.00 -145 -0.23921
25.00 -145 -0.53424E-01
30.00 -145 -0.40854E-01
35.00 -145 -0.24317
40.00 -145 -0.54557
45.00 -145 -0.76791
-85.00 -140 -0.22141E-02
-75.00 -140 -0.75383
-65.00 -140 -0.83291
-60.00 -140 -0.72983
-55.00 -140 -0.61738
-50.00 -140 -0.51336
-45.00 -140 -0.43330
-40.00 -140 -0.41789
-35.00 -140 -0.50574
-30.00 -140 -0.67492
-25.00 -140 -0.82414
-20.00 -140 -0.83427
-15.00 -140 -0.66853
-10.00 -140 -0.41815
-5.00 -140 -0.23909
0.00 -140 -0.22471
5.00 -140 -0.32606
10.00 -140 -0.39616
15.00 -140 -0.32420
20.00 -140 -0.14157
25.00 -140 -0.30427E-02
30.00 -140 -0.57375E-01
35.00 -140 -0.31962
40.00 -140 -0.65382
45.00 -140 -0.87525
50.00 -140 -0.87933
55.00 -140 -0.69182
60.00 -140 -0.41588
65.00 -140 -0.14370
75.00 -140 0.24710
85.00 -140 0.23220
-70.00 -135 -0.85460
-45.00 -135 -0.49836
-40.00 -135 -0.43309
-35.00 -135 -0.43986
-30.00 -135 -0.51790
-25.00 -135 -0.59084
-20.00 -135 -0.55839
-15.00 -135 -0.38945
-10.00 -135 -0.16678
-5.00 -135 -0.29683E-01
0.00 -135 -0.56853E-01
5.00 -135 -0.19506
10.00 -135 -0.30370
15.00 -135 -0.28044
20.00 -135 -0.15592
25.00 -135 -0.70712E-01
30.00 -135 -0.15323
35.00 -135 -0.40637
40.00 -135 -0.70027
45.00 -135 -0.87167
70.00 -135 0.12210
-65.00 -130 -0.82149
-60.00 -130 -0.78328
-55.00 -130 -0.75841
-50.00 -130 -0.72152
-45.00 -130 -0.64479
-40.00 -130 -0.54917
-35.00 -130 -0.48805
-30.00 -130 -0.48241
-25.00 -130 -0.48258
-20.00 -130 -0.40752
-15.00 -130 -0.23071
-10.00 -130 -0.26673E-01
-5.00 -130 0.77292E-01
0.00 -130 0.83197E-02
5.00 -130 -0.18334
10.00 -130 -0.36165
15.00 -130 -0.41867
20.00 -130 -0.36331
25.00 -130 -0.30567
30.00 -130 -0.35311
35.00 -130 -0.51330
40.00 -130 -0.68877
45.00 -130 -0.76010
50.00 -130 -0.67699
55.00 -130 -0.47891
60.00 -130 -0.24191
65.00 -130 -0.16686E-01
-45.00 -125 -0.84284
-40.00 -125 -0.75353
-35.00 -125 -0.67108
-30.00 -125 -0.63664
-25.00 -125 -0.62159
-20.00 -125 -0.55347
-15.00 -125 -0.39765
-10.00 -125 -0.21188
-5.00 -125 -0.11303
0.00 -125 -0.18002
5.00 -125 -0.38147
10.00 -125 -0.59654
15.00 -125 -0.71123
20.00 -125 -0.70309
25.00 -125 -0.64098
30.00 -125 -0.60760
35.00 -125 -0.62192
40.00 -125 -0.63157
45.00 -125 -0.57238
-80.00 -120 -0.41636
-75.00 -120 -0.68287
-70.00 -120 -0.77401
-65.00 -120 -0.78552
-60.00 -120 -0.82629
-55.00 -120 -0.92171
-50.00 -120 -1.0102
-45.00 -120 -1.0236
-40.00 -120 -0.96380
-35.00 -120 -0.90002
-30.00 -120 -0.89332
-25.00 -120 -0.92968
-20.00 -120 -0.93195
-15.00 -120 -0.84028
-10.00 -120 -0.68151
-5.00 -120 -0.55750
0.00 -120 -0.56075
5.00 -120 -0.69529
10.00 -120 -0.87410
15.00 -120 -0.99104
20.00 -120 -0.99806
25.00 -120 -0.92079
30.00 -120 -0.81034
35.00 -120 -0.68858
40.00 -120 -0.54121
45.00 -120 -0.35573
50.00 -120 -0.15394
55.00 -120 0.20939E-01
60.00 -120 0.14714
65.00 -120 0.24467
70.00 -120 0.34322
75.00 -120 0.42927
80.00 -120 0.43403
-45.00 -115 -1.1119
-40.00 -115 -1.0708
-35.00 -115 -1.0249
-30.00 -115 -1.0571
-25.00 -115 -1.1674
-20.00 -115 -1.2695
-15.00 -115 -1.2704
-10.00 -115 -1.1557
-5.00 -115 -1.0031
0.00 -115 -0.91373
5.00 -115 -0.92992
10.00 -115 -1.0106
15.00 -115 -1.0765
20.00 -115 -1.0738
25.00 -115 -0.99599
30.00 -115 -0.85932
35.00 -115 -0.67077
40.00 -115 -0.43009
45.00 -115 -0.15791
-65.00 -110 -0.67263
-60.00 -110 -0.73737
-55.00 -110 -0.88325
-50.00 -110 -1.0249
-45.00 -110 -1.0673
-40.00 -110 -1.0056
-35.00 -110 -0.93495
-30.00 -110 -0.96266
-25.00 -110 -1.1091
-20.00 -110 -1.2885
-15.00 -110 -1.3835
-10.00 -110 -1.3404
-5.00 -110 -1.2021
0.00 -110 -1.0585
5.00 -110 -0.97054
10.00 -110 -0.93662
15.00 -110 -0.91810
20.00 -110 -0.88315
25.00 -110 -0.82045
30.00 -110 -0.71968
35.00 -110 -0.55682
40.00 -110 -0.31381
45.00 -110 -0.15084E-01
50.00 -110 0.26583
55.00 -110 0.45125
60.00 -110 0.51987
65.00 -110 0.52124
-70.00 -105 -0.60235
-45.00 -105 -0.90765
-40.00 -105 -0.78575
-35.00 -105 -0.63949
-30.00 -105 -0.59987
-25.00 -105 -0.71571
-20.00 -105 -0.92008
-15.00 -105 -1.0931
-10.00 -105 -1.1550
-5.00 -105 -1.1077
0.00 -105 -1.0022
5.00 -105 -0.88161
10.00 -105 -0.75874
15.00 -105 -0.63756
20.00 -105 -0.53679
25.00 -105 -0.47708
30.00 -105 -0.44405
35.00 -105 -0.37703
40.00 -105 -0.21178
45.00 -105 0.55467E-01
70.00 -105 0.59909
-75.00 -100 -0.50589
-65.00 -100 -0.49657
-60.00 -100 -0.52602
-55.00 -100 -0.63944
-50.00 -100 -0.73645
-45.00 -100 -0.69853
-40.00 -100 -0.50647
-35.00 -100 -0.26641
-30.00 -100 -0.12664
-25.00 -100 -0.16584
-20.00 -100 -0.34938
-15.00 -100 -0.57718
-10.00 -100 -0.76299
-5.00 -100 -0.87080
0.00 -100 -0.89354
5.00 -100 -0.82223
10.00 -100 -0.65287
15.00 -100 -0.42190
20.00 -100 -0.21528
25.00 -100 -0.11798
30.00 -100 -0.13933
35.00 -100 -0.18925
40.00 -100 -0.14243
45.00 -100 0.57335E-01
50.00 -100 0.34670
55.00 -100 0.59496
60.00 -100 0.71175
65.00 -100 0.70898
75.00 -100 0.61052
-45.00 -95 -0.51299
-40.00 -95 -0.27911
-35.00 -95 0.24002E-01
-30.00 -95 0.24313
-25.00 -95 0.28025
-20.00 -95 0.13933
-15.00 -95 -0.10995
-10.00 -95 -0.39370
-5.00 -95 -0.65529
0.00 -95 -0.83460
5.00 -95 -0.85909
10.00 -95 -0.68593
15.00 -95 -0.36376
20.00 -95 -0.38828E-01
25.00 -95 0.13014
30.00 -95 0.91532E-01
35.00 -95 -0.51054E-01
40.00 -95 -0.11607
45.00 -95 0.11646E-01
-80.00 -90 -0.22585
-70.00 -90 -0.39445
-65.00 -90 -0.32020
-60.00 -90 -0.30538
-55.00 -90 -0.37976
-50.00 -90 -0.44877
-45.00 -90 -0.38720
-40.00 -90 -0.15861
-35.00 -90 0.14847
-30.00 -90 0.39056
-25.00 -90 0.47042
-20.00 -90 0.37878
-15.00 -90 0.15998
-10.00 -90 -0.13811
-5.00 -90 -0.46808
0.00 -90 -0.75022
5.00 -90 -0.86888
10.00 -90 -0.73826
15.00 -90 -0.39232
20.00 -90 -0.25057E-02
25.00 -90 0.22288
30.00 -90 0.19167
35.00 -90 0.28341E-02
40.00 -90 -0.13042
45.00 -90 -0.50254E-01
50.00 -90 0.22768
55.00 -90 0.54540
60.00 -90 0.74443
65.00 -90 0.78288
70.00 -90 0.72687
80.00 -90 0.52628
-85.00 -85 0.12114
-45.00 -85 -0.30013
-40.00 -85 -0.10990
-35.00 -85 0.15322
-30.00 -85 0.36642
-25.00 -85 0.45365
-20.00 -85 0.41663
-15.00 -85 0.29022
-10.00 -85 0.90881E-01
-5.00 -85 -0.17524
0.00 -85 -0.45790
5.00 -85 -0.64138
10.00 -85 -0.60980
15.00 -85 -0.35545
20.00 -85 -0.21292E-01
25.00 -85 0.18618
30.00 -85 0.15636
35.00 -85 -0.31616E-01
40.00 -85 -0.17070
45.00 -85 -0.95511E-01
85.00 -85 0.31055
-75.00 -80 -0.29305
-65.00 -80 -0.18564
-60.00 -80 -0.13369
-55.00 -80 -0.16921
-50.00 -80 -0.22320
-45.00 -80 -0.19048
-40.00 -80 -0.36301E-01
-35.00 -80 0.17283
-30.00 -80 0.33695
-25.00 -80 0.41211
-20.00 -80 0.42945
-15.00 -80 0.43280
-10.00 -80 0.41262
-5.00 -80 0.31547
0.00 -80 0.12186
5.00 -80 -0.96824E-01
10.00 -80 -0.21701
15.00 -80 -0.17273
20.00 -80 -0.28566E-01
25.00 -80 0.67081E-01
30.00 -80 0.16253E-01
35.00 -80 -0.13095
40.00 -80 -0.21263
45.00 -80 -0.97212E-01
50.00 -80 0.19888
55.00 -80 0.52595
60.00 -80 0.72945
65.00 -80 0.76650
75.00 -80 0.61755
-70.00 -75 -0.23342
-45.00 -75 0.48524E-03
-40.00 -75 0.15043
-35.00 -75 0.32801
-30.00 -75 0.44981
-25.00 -75 0.50135
-20.00 -75 0.54830
-15.00 -75 0.65733
-10.00 -75 0.80931
-5.00 -75 0.89864
0.00 -75 0.82555
5.00 -75 0.59205
10.00 -75 0.30567
15.00 -75 0.86689E-01
20.00 -75 -0.29159E-01
25.00 -75 -0.97046E-01
30.00 -75 -0.17726
35.00 -75 -0.25060
40.00 -75 -0.22670
45.00 -75 -0.39517E-01
70.00 -75 0.65808
-65.00 -70 -0.83905E-01
-60.00 -70 0.31516E-01
-55.00 -70 0.10480
-50.00 -70 0.16956
-45.00 -70 0.28793
-40.00 -70 0.46677
-35.00 -70 0.63771
-30.00 -70 0.72553
-25.00 -70 0.73395
-20.00 -70 0.75510
-15.00 -70 0.88315
-10.00 -70 1.1112
-5.00 -70 1.3125
0.00 -70 1.3314
5.00 -70 1.1034
10.00 -70 0.70118
15.00 -70 0.27275
20.00 -70 -0.63036E-01
25.00 -70 -0.26856
30.00 -70 -0.35696
35.00 -70 -0.33394
40.00 -70 -0.18535
45.00 -70 0.78537E-01
50.00 -70 0.38310
55.00 -70 0.61495
60.00 -70 0.70120
65.00 -70 0.66369
-45.00 -65 0.62938
-40.00 -65 0.84206
-35.00 -65 1.0055
-30.00 -65 1.0513
-25.00 -65 0.99134
-20.00 -65 0.92810
-15.00 -65 0.97558
-10.00 -65 1.1539
-5.00 -65 1.3540
0.00 -65 1.4090
5.00 -65 1.2141
10.00 -65 0.79831
15.00 -65 0.29830
20.00 -65 -0.13086
25.00 -65 -0.38987
30.00 -65 -0.45046
35.00 -65 -0.33053
40.00 -65 -0.75425E-01
45.00 -65 0.23962
-80.00 -60 0.55497E-01
-75.00 -60 -0.97029E-01
-70.00 -60 -0.11538
-65.00 -60 0.72244E-02
-60.00 -60 0.21732
-55.00 -60 0.45706
-50.00 -60 0.70145
-45.00 -60 0.94423
-40.00 -60 1.1578
-35.00 -60 1.2828
-30.00 -60 1.2695
-25.00 -60 1.1351
-20.00 -60 0.97414
-15.00 -60 0.89853
-10.00 -60 0.95125
-5.00 -60 1.0658
0.00 -60 1.1083
5.00 -60 0.97036
10.00 -60 0.64189
15.00 -60 0.21500
20.00 -60 -0.17126
25.00 -60 -0.39877
30.00 -60 -0.41146
35.00 -60 -0.22409
40.00 -60 0.87225E-01
45.00 -60 0.40678
50.00 -60 0.61933
55.00 -60 0.66406
60.00 -60 0.57086
65.00 -60 0.44065
70.00 -60 0.36832
75.00 -60 0.36637
80.00 -60 0.35240
-45.00 -55 1.1525
-40.00 -55 1.3123
-35.00 -55 1.3597
-30.00 -55 1.2846
-25.00 -55 1.1144
-20.00 -55 0.91622
-15.00 -55 0.76707
-10.00 -55 0.70747
-5.00 -55 0.71402
0.00 -55 0.71332
5.00 -55 0.62874
10.00 -55 0.42892
15.00 -55 0.14932
20.00 -55 -0.12159
25.00 -55 -0.28114
30.00 -55 -0.25908
35.00 -55 -0.54851E-01
40.00 -55 0.25159
45.00 -55 0.52864
-65.00 -50 0.81923E-01
-60.00 -50 0.35909
-55.00 -50 0.70503
-50.00 -50 1.0138
-45.00 -50 1.2085
-40.00 -50 1.2682
-35.00 -50 1.2202
-30.00 -50 1.1125
-25.00 -50 0.98546
-20.00 -50 0.86086
-15.00 -50 0.74674
-10.00 -50 0.64759
-5.00 -50 0.56703
0.00 -50 0.50045
5.00 -50 0.42787
10.00 -50 0.32127
15.00 -50 0.16907
20.00 -50 0.15790E-02
25.00 -50 -0.10905
30.00 -50 -0.87298E-01
35.00 -50 0.87274E-01
40.00 -50 0.34554
45.00 -50 0.55474
50.00 -50 0.59903
55.00 -50 0.46091
60.00 -50 0.23896
65.00 -50 0.79440E-01
-70.00 -45 -0.59531E-02
-45.00 -45 1.1130
-40.00 -45 1.0590
-35.00 -45 0.93464
-30.00 -45 0.84761
-25.00 -45 0.84474
-20.00 -45 0.88775
-15.00 -45 0.89656
-10.00 -45 0.82029
-5.00 -45 0.67556
0.00 -45 0.52279
5.00 -45 0.40694
10.00 -45 0.32022
15.00 -45 0.22227
20.00 -45 0.97602E-01
25.00 -45 -0.84859E-02
30.00 -45 -0.17467E-01
35.00 -45 0.10825
40.00 -45 0.31060
45.00 -45 0.45791
70.00 -45 -0.98439E-01
-75.00 -40 0.10971
-65.00 -40 0.11494
-60.00 -40 0.36639
-55.00 -40 0.67565
-50.00 -40 0.88581
-45.00 -40 0.90052
-40.00 -40 0.75767
-35.00 -40 0.60496
-30.00 -40 0.58961
-25.00 -40 0.74603
-20.00 -40 0.97081
-15.00 -40 1.1047
-10.00 -40 1.0536
-5.00 -40 0.85020
0.00 -40 0.61057
5.00 -40 0.43102
10.00 -40 0.31897
15.00 -40 0.21477
20.00 -40 0.75884E-01
25.00 -40 -0.62717E-01
30.00 -40 -0.11382
35.00 -40 -0.27551E-01
40.00 -40 0.14044
45.00 -40 0.25318
50.00 -40 0.19752
55.00 -40 -0.17515E-01
60.00 -40 -0.25688
65.00 -40 -0.35957
75.00 -40 -0.50045E-01
-45.00 -35 0.61696
-40.00 -35 0.43388
-35.00 -35 0.30749
-30.00 -35 0.38703
-25.00 -35 0.67114
-20.00 -35 1.0006
-15.00 -35 1.1756
-10.00 -35 1.1019
-5.00 -35 0.84762
0.00 -35 0.56916
5.00 -35 0.37786
10.00 -35 0.26517
15.00 -35 0.14513
20.00 -35 -0.35467E-01
25.00 -35 -0.22852
30.00 -35 -0.32427
35.00 -35 -0.26166
40.00 -35 -0.10339
45.00 -35 0.98862E-06
-85.00 -30 0.44876
-80.00 -30 0.36996
-70.00 -30 0.10142
-65.00 -30 0.98549E-01
-60.00 -30 0.22128
-55.00 -30 0.37044
-50.00 -30 0.41338
-45.00 -30 0.30125
-40.00 -30 0.12786
-35.00 -30 0.67192E-01
-30.00 -30 0.23123
-25.00 -30 0.56611
-20.00 -30 0.88047
-15.00 -30 0.98856
-10.00 -30 0.84988
-5.00 -30 0.58787
0.00 -30 0.37472
5.00 -30 0.28607
10.00 -30 0.25261
15.00 -30 0.14629
20.00 -30 -0.83191E-01
25.00 -30 -0.34939
30.00 -30 -0.50216
35.00 -30 -0.46568
40.00 -30 -0.31478
45.00 -30 -0.21830
50.00 -30 -0.29697
55.00 -30 -0.51894
60.00 -30 -0.72210
65.00 -30 -0.74312
70.00 -30 -0.54447
80.00 -30 0.27573E-02
85.00 -30 0.79606E-01
-45.00 -25 -0.18617E-01
-40.00 -25 -0.14892
-35.00 -25 -0.12915
-30.00 -25 0.89698E-01
-25.00 -25 0.39966
-20.00 -25 0.60768
-15.00 -25 0.59013
-10.00 -25 0.39695
-5.00 -25 0.20958
0.00 -25 0.18384
5.00 -25 0.31338
10.00 -25 0.43445
15.00 -25 0.36980
20.00 -25 0.86084E-01
25.00 -25 -0.27270
30.00 -25 -0.50451
35.00 -25 -0.51656
40.00 -25 -0.39661
45.00 -25 -0.33015
-75.00 -20 0.33540
-65.00 -20 0.59997E-01
-60.00 -20 0.24161E-02
-55.00 -20 -0.55772E-01
-50.00 -20 -0.17054
-45.00 -20 -0.31844
-40.00 -20 -0.39383
-35.00 -20 -0.29972
-30.00 -20 -0.54466E-01
-25.00 -20 0.19353
-20.00 -20 0.27573
-15.00 -20 0.15245
-10.00 -20 -0.34511E-01
-5.00 -20 -0.66851E-01
0.00 -20 0.16490
5.00 -20 0.55273
10.00 -20 0.83907
15.00 -20 0.81241
20.00 -20 0.47094
25.00 -20 0.19248E-01
30.00 -20 -0.29610
35.00 -20 -0.37327
40.00 -20 -0.31263
45.00 -20 -0.30796
50.00 -20 -0.47263
55.00 -20 -0.74695
60.00 -20 -0.95384
65.00 -20 -0.94421
75.00 -20 -0.37293
-70.00 -15 0.21145
-45.00 -15 -0.56927
-40.00 -15 -0.59265
-35.00 -15 -0.44030
-30.00 -15 -0.18414
-25.00 -15 0.90320E-02
-20.00 -15 0.89018E-02
-15.00 -15 -0.14999
-10.00 -15 -0.26659
-5.00 -15 -0.12218
0.00 -15 0.33135
5.00 -15 0.90300
10.00 -15 1.2825
15.00 -15 1.2609
20.00 -15 0.87792
25.00 -15 0.37889
30.00 -15 0.23057E-01
35.00 -15 -0.10025
40.00 -15 -0.10472
45.00 -15 -0.17868
70.00 -15 -0.73576
-65.00 -10 0.40439E-01
-60.00 -10 -0.16926
-55.00 -10 -0.38864
-50.00 -10 -0.60107
-45.00 -10 -0.73719
-40.00 -10 -0.71406
-35.00 -10 -0.51913
-30.00 -10 -0.25619
-25.00 -10 -0.88856E-01
-20.00 -10 -0.10845
-15.00 -10 -0.23652
-10.00 -10 -0.26122
-5.00 -10 0.10377E-02
0.00 -10 0.54223
5.00 -10 1.1371
10.00 -10 1.4883
15.00 -10 1.4339
20.00 -10 1.0547
25.00 -10 0.59893
30.00 -10 0.29075
35.00 -10 0.17847
40.00 -10 0.13474
45.00 -10 -0.73237E-02
50.00 -10 -0.30461
55.00 -10 -0.65972
60.00 -10 -0.90302
65.00 -10 -0.92092
-45.00 -5 -0.79411
-40.00 -5 -0.72303
-35.00 -5 -0.49452
-30.00 -5 -0.22555
-25.00 -5 -0.61078E-01
-20.00 -5 -0.59016E-01
-15.00 -5 -0.12843
-10.00 -5 -0.87863E-01
-5.00 -5 0.18916
0.00 -5 0.65651
5.00 -5 1.1083
10.00 -5 1.3202
15.00 -5 1.2102
20.00 -5 0.89021
25.00 -5 0.57046
30.00 -5 0.39785
35.00 -5 0.35851
40.00 -5 0.31501
45.00 -5 0.13610
90.00 0.00 0.20049E-01
-90.00 0.00 0.42361
