-85.00 0.00 0.42494
-80.00 0.00 0.37297
-75.00 0.00 0.31922
-70.00 0.00 0.30741
-65.00 0.00 0.33254
-60.00 0.00 0.33487
-55.00 0.00 0.24153
-50.00 0.00 0.23325E-01
-45.00 0.00 -0.27730
-40.00 0.00 -0.56977
-35.00 0.00 -0.77284
-30.00 0.00 -0.86253
-25.00 0.00 -0.87547
-20.00 0.00 -0.86839
-15.00 0.00 -0.86803
-10.00 0.00 -0.85104
-5.00 0.00 -0.76825
0.00 0.00 -0.59283
5.00 0.00 -0.35390
10.00 0.00 -0.12926
15.00 0.00 -0.17182E-02
20.00 0.00 -0.90585E-02
25.00 0.00 -0.12114
30.00 0.00 -0.25788
35.00 0.00 -0.33502
40.00 0.00 -0.30832
45.00 0.00 -0.19093
50.00 0.00 -0.37206E-01
55.00 0.00 0.93265E-01
60.00 0.00 0.16819
65.00 0.00 0.19340
70.00 0.00 0.19915
75.00 0.00 0.21558
80.00 0.00 0.25049
85.00 0.00 0.28887
-45.00 5.00 -0.33139
-40.00 5.00 -0.68697
-35.00 5.00 -0.96148
-30.00 5.00 -1.1006
-25.00 5.00 -1.1191
-20.00 5.00 -1.0742
-15.00 5.00 -1.0128
-10.00 5.00 -0.93616
-5.00 5.00 -0.80834
0.00 5.00 -0.60102
5.00 5.00 -0.33586
10.00 5.00 -0.87904E-01
15.00 5.00 0.56077E-01
20.00 5.00 0.54600E-01
25.00 5.00 -0.58518E-01
30.00 5.00 -0.19358
35.00 5.00 -0.25994
40.00 5.00 -0.21775
45.00 5.00 -0.92842E-01
-65.00 10.00 0.31317
-60.00 10.00 0.31596
-55.00 10.00 0.23597
-50.00 10.00 0.14066E-01
-45.00 10.00 -0.33746
-40.00 10.00 -0.73020
-35.00 10.00 -1.0477
-30.00 10.00 -1.2134
-25.00 10.00 -1.2292
-20.00 10.00 -1.1581
-15.00 10.00 -1.0669
-10.00 10.00 -0.97671
-5.00 10.00 -0.85893
0.00 10.00 -0.67878
5.00 10.00 -0.44473
10.00 10.00 -0.22025
15.00 10.00 -0.84753E-01
20.00 10.00 -0.74806E-01
25.00 10.00 -0.15355
30.00 10.00 -0.23392
35.00 10.00 -0.23769
40.00 10.00 -0.14505
45.00 10.00 0.82851E-03
50.00 10.00 0.13241
55.00 10.00 0.20568
60.00 10.00 0.22174
65.00 10.00 0.21241
-70.00 15.00 0.30787
-45.00 15.00 -0.30773
-40.00 15.00 -0.70580
-35.00 15.00 -1.0283
-30.00 15.00 -1.1884
-25.00 15.00 -1.1878
-20.00 15.00 -1.1014
-15.00 15.00 -1.0131
-10.00 15.00 -0.95420
-5.00 15.00 -0.89456
0.00 15.00 -0.78786
5.00 15.00 -0.62728
10.00 15.00 -0.46106
15.00 15.00 -0.35441
20.00 15.00 -0.33233
25.00 15.00 -0.35476
30.00 15.00 -0.34643
35.00 15.00 -0.25593
40.00 15.00 -0.94470E-01
45.00 15.00 0.76106E-01
70.00 15.00 0.21323
-75.00 20.00 0.36570
-65.00 20.00 0.29627
-60.00 20.00 0.30529
-55.00 20.00 0.25208
-50.00 20.00 0.61603E-01
-45.00 20.00 -0.26711
-40.00 20.00 -0.64304
-35.00 20.00 -0.93499
-30.00 20.00 -1.0569
-25.00 20.00 -1.0214
-20.00 20.00 -0.92007
-15.00 20.00 -0.84897
-10.00 20.00 -0.84111
-5.00 20.00 -0.85815
0.00 20.00 -0.84140
5.00 20.00 -0.77115
10.00 20.00 -0.68112
15.00 20.00 -0.61876
20.00 20.00 -0.59268
25.00 20.00 -0.55868
30.00 20.00 -0.45832
35.00 20.00 -0.27453
40.00 20.00 -0.53127E-01
45.00 20.00 0.12909
50.00 20.00 0.22120
55.00 20.00 0.23080
60.00 20.00 0.20786
65.00 20.00 0.19944
75.00 20.00 0.24479
-45.00 25.00 -0.24241
-40.00 25.00 -0.57947
-35.00 25.00 -0.81624
-30.00 25.00 -0.87504
-25.00 25.00 -0.78568
-20.00 25.00 -0.65733
-15.00 25.00 -0.59449
-10.00 25.00 -0.62716
-5.00 25.00 -0.70811
0.00 25.00 -0.77019
5.00 25.00 -0.78567
10.00 25.00 -0.77539
15.00 25.00 -0.76675
20.00 25.00 -0.74902
25.00 25.00 -0.67386
30.00 25.00 -0.50255
35.00 25.00 -0.25398
40.00 25.00 -0.48947E-02
45.00 25.00 0.16172
-80.00 30.00 0.46540
-70.00 30.00 0.29742
-65.00 30.00 0.25999
-60.00 30.00 0.25408
-55.00 30.00 0.20218
-50.00 30.00 0.31604E-01
-45.00 30.00 -0.25072
-40.00 30.00 -0.54311
-35.00 30.00 -0.71396
-30.00 30.00 -0.69739
-25.00 30.00 -0.54173
-20.00 30.00 -0.37156
-15.00 30.00 -0.29675
-10.00 30.00 -0.34404
-5.00 30.00 -0.46138
0.00 30.00 -0.57911
5.00 30.00 -0.66540
10.00 30.00 -0.72809
15.00 30.00 -0.77260
20.00 30.00 -0.76883
25.00 30.00 -0.66752
30.00 30.00 -0.45301
35.00 30.00 -0.17849
40.00 30.00 0.57143E-01
45.00 30.00 0.17686
50.00 30.00 0.18000
55.00 30.00 0.13573
60.00 30.00 0.12228
65.00 30.00 0.16642
70.00 30.00 0.23504
80.00 30.00 0.28225
-45.00 35.00 -0.29262
-40.00 35.00 -0.54085
-35.00 35.00 -0.64619
-30.00 35.00 -0.55590
-25.00 35.00 -0.33471
-20.00 35.00 -0.11819
-15.00 35.00 -0.18475E-01
-10.00 35.00 -0.60184E-01
-5.00 35.00 -0.19122
0.00 35.00 -0.34411
5.00 35.00 -0.48423
10.00 35.00 -0.60485
15.00 35.00 -0.68887
20.00 35.00 -0.69053
25.00 35.00 -0.56643
30.00 35.00 -0.32832
35.00 35.00 -0.60380E-01
40.00 35.00 0.12733
45.00 35.00 0.17642
-75.00 40.00 0.39058
-65.00 40.00 0.19364
-60.00 40.00 0.14607
-55.00 40.00 0.64399E-01
-50.00 40.00 -0.10960
-45.00 40.00 -0.35345
-40.00 40.00 -0.55856
-35.00 40.00 -0.60452
-30.00 40.00 -0.45303
-25.00 40.00 -0.18195
-20.00 40.00 0.68180E-01
-15.00 40.00 0.18777
-10.00 40.00 0.15518
-5.00 40.00 0.20387E-01
0.00 40.00 -0.15353
5.00 40.00 -0.32939
10.00 40.00 -0.48577
15.00 40.00 -0.58566
20.00 40.00 -0.57427
25.00 40.00 -0.42151
30.00 40.00 -0.16932
35.00 40.00 0.72317E-01
40.00 40.00 0.19301
45.00 40.00 0.16268
50.00 40.00 0.54840E-01
55.00 40.00 -0.12173E-01
60.00 40.00 0.31773E-01
65.00 40.00 0.15964
75.00 40.00 0.32779
-70.00 45.00 0.25626
-45.00 45.00 -0.41146
-40.00 45.00 -0.57181
-35.00 45.00 -0.56572
-30.00 45.00 -0.37121
-25.00 45.00 -0.75885E-01
-20.00 45.00 0.18181
-15.00 45.00 0.30186
-10.00 45.00 0.26983
-5.00 45.00 0.13452
0.00 45.00 -0.46519E-01
5.00 45.00 -0.23602
10.00 45.00 -0.40211
15.00 45.00 -0.49412
20.00 45.00 -0.45497
25.00 45.00 -0.27145
30.00 45.00 -0.13110E-01
35.00 45.00 0.19232
40.00 45.00 0.24289
45.00 45.00 0.14064
70.00 45.00 0.32146
-65.00 50.00 0.10865
-60.00 50.00 0.12892E-01
-55.00 50.00 -0.97484E-01
-50.00 50.00 -0.26153
-45.00 50.00 -0.44812
-40.00 50.00 -0.56055
-35.00 50.00 -0.50958
-30.00 50.00 -0.29104
-25.00 50.00 0.13091E-02
-20.00 50.00 0.23838
-15.00 50.00 0.33776
-10.00 50.00 0.29801
-5.00 50.00 0.16881
0.00 50.00 -0.16001E-04
5.00 50.00 -0.17737
10.00 50.00 -0.32961
15.00 50.00 -0.40072
20.00 50.00 -0.33510
25.00 50.00 -0.13316
30.00 50.00 0.11744
35.00 50.00 0.28185
40.00 50.00 0.27196
45.00 50.00 0.11856
50.00 50.00 -0.45512E-01
55.00 50.00 -0.84925E-01
60.00 50.00 0.35688E-01
65.00 50.00 0.23123
-85.00 55.00 0.51632
-45.00 55.00 -0.45506
-40.00 55.00 -0.51910
-35.00 55.00 -0.43194
-30.00 55.00 -0.20653
-25.00 55.00 0.61441E-01
-20.00 55.00 0.25839
-15.00 55.00 0.32544
-10.00 55.00 0.27818
-5.00 55.00 0.16783
0.00 55.00 0.32764E-01
5.00 55.00 -0.10994
10.00 55.00 -0.23466
15.00 55.00 -0.28707
20.00 55.00 -0.21282
25.00 55.00 -0.16941E-01
30.00 55.00 0.20851
35.00 55.00 0.33236
40.00 55.00 0.28155
45.00 55.00 0.10633
85.00 55.00 0.27786
-80.00 60.00 0.50928
-75.00 60.00 0.38209
-70.00 60.00 0.19785
-65.00 60.00 0.30271E-01
-60.00 60.00 -0.95802E-01
-55.00 60.00 -0.20707
-50.00 60.00 -0.32867
-45.00 60.00 -0.43453
-40.00 60.00 -0.45627
-35.00 60.00 -0.34537
-30.00 60.00 -0.12773
-25.00 60.00 0.10397
-20.00 60.00 0.25499
-15.00 60.00 0.29094
-10.00 60.00 0.24360
-5.00 60.00 0.16384
0.00 60.00 0.75471E-01
5.00 60.00 -0.23385E-01
10.00 60.00 -0.12086
15.00 60.00 -0.16763
20.00 60.00 -0.10761
25.00 60.00 0.59410E-01
30.00 60.00 0.24935
35.00 60.00 0.34227
40.00 60.00 0.27748
45.00 60.00 0.11265
50.00 60.00 -0.12666E-01
55.00 60.00 0.14244E-01
60.00 60.00 0.18862
65.00 60.00 0.39374
70.00 60.00 0.49730
75.00 60.00 0.45786
80.00 60.00 0.34594
-45.00 65.00 -0.39412
-40.00 65.00 -0.38690
-35.00 65.00 -0.26842
-30.00 65.00 -0.70274E-01
-25.00 65.00 0.12296
-20.00 65.00 0.23504
-15.00 65.00 0.25069
-10.00 65.00 0.21139
-5.00 65.00 0.16395
0.00 65.00 0.11764
5.00 65.00 0.53459E-01
10.00 65.00 -0.29041E-01
15.00 65.00 -0.84448E-01
20.00 65.00 -0.52318E-01
25.00 65.00 0.78248E-01
30.00 65.00 0.23736
35.00 65.00 0.31872
40.00 65.00 0.26918
45.00 65.00 0.14300
-65.00 70.00 -0.17853E-01
-60.00 70.00 -0.14411
-55.00 70.00 -0.22768
-50.00 70.00 -0.29560
-45.00 70.00 -0.34022
-40.00 70.00 -0.32108
-35.00 70.00 -0.21187
-30.00 70.00 -0.40936E-01
-25.00 70.00 0.11964
-20.00 70.00 0.20833
-15.00 70.00 0.21883
-10.00 70.00 0.19215
-5.00 70.00 0.16706
0.00 70.00 0.14238
5.00 70.00 0.90653E-01
10.00 70.00 0.67814E-02
15.00 70.00 -0.64361E-01
20.00 70.00 -0.58234E-01
25.00 70.00 0.45447E-01
30.00 70.00 0.19007
35.00 70.00 0.28127
40.00 70.00 0.26924
45.00 70.00 0.19837
50.00 70.00 0.17300
55.00 70.00 0.26464
60.00 70.00 0.44290
65.00 70.00 0.59471
-70.00 75.00 0.15645
-45.00 75.00 -0.27444
-40.00 75.00 -0.25865
-35.00 75.00 -0.17175
-30.00 75.00 -0.30687E-01
-25.00 75.00 0.10791
-20.00 75.00 0.19182
-15.00 75.00 0.21249
-10.00 75.00 0.20017
-5.00 75.00 0.18303
0.00 75.00 0.15615
5.00 75.00 0.95123E-01
10.00 75.00 -0.49114E-03
15.00 75.00 -0.83928E-01
20.00 75.00 -0.90580E-01
25.00 75.00 0.27650E-02
30.00 75.00 0.14774
35.00 75.00 0.25951
40.00 75.00 0.29055
45.00 75.00 0.27457
70.00 75.00 0.65890
-75.00 80.00 0.35709
-65.00 80.00 -0.26015E-01
-60.00 80.00 -0.12289
-55.00 80.00 -0.15818
-50.00 80.00 -0.17630
-45.00 80.00 -0.19534
-40.00 80.00 -0.19192
-35.00 80.00 -0.13361
-30.00 80.00 -0.20623E-01
-25.00 80.00 0.10698
-20.00 80.00 0.20153
-15.00 80.00 0.24388
-10.00 80.00 0.24701
-5.00 80.00 0.22832
0.00 80.00 0.18574
5.00 80.00 0.10709
10.00 80.00 0.23316E-02
15.00 80.00 -0.80942E-01
20.00 80.00 -0.84749E-01
25.00 80.00 0.91959E-02
30.00 80.00 0.15605
35.00 80.00 0.28035
40.00 80.00 0.33988
45.00 80.00 0.36156
50.00 80.00 0.41212
55.00 80.00 0.52755
60.00 80.00 0.66717
65.00 80.00 0.73925
75.00 80.00 0.51252
-45.00 85.00 -0.10332
-40.00 85.00 -0.11406
-35.00 85.00 -0.84035E-01
-30.00 85.00 0.45053E-02
-25.00 85.00 0.12732
-20.00 85.00 0.23869
-15.00 85.00 0.30605
-10.00 85.00 0.32433
-5.00 85.00 0.30257
0.00 85.00 0.24606
5.00 85.00 0.15840
10.00 85.00 0.59742E-01
15.00 85.00 -0.62044E-02
20.00 85.00 0.48168E-02
25.00 85.00 0.10024
30.00 85.00 0.23682
35.00 85.00 0.35105
40.00 85.00 0.41147
45.00 85.00 0.44419
-80.00 90.00 0.49121
-70.00 90.00 0.14619
-65.00 90.00 -0.37871E-02
-60.00 90.00 -0.55351E-01
-55.00 90.00 -0.33571E-01
-50.00 90.00 -0.28670E-02
-45.00 90.00 -0.49003E-02
-40.00 90.00 -0.26446E-01
-35.00 90.00 -0.20363E-01
-30.00 90.00 0.46328E-01
-25.00 90.00 0.16276
-20.00 90.00 0.28489
-15.00 90.00 0.36940
-10.00 90.00 0.39773
-5.00 90.00 0.37482
0.00 90.00 0.31506
5.00 90.00 0.23604
10.00 90.00 0.16336
15.00 90.00 0.13096
20.00 90.00 0.16437
25.00 90.00 0.25762
30.00 90.00 0.36939
35.00 90.00 0.45100
40.00 90.00 0.48630
45.00 90.00 0.50572
50.00 90.00 0.55607
55.00 90.00 0.64939
60.00 90.00 0.73914
65.00 90.00 0.75122
70.00 90.00 0.64824
80.00 90.00 0.31124
-45.00 95.00 0.87534E-01
-40.00 95.00 0.60593E-01
-35.00 95.00 0.48658E-01
-30.00 95.00 0.94296E-01
-25.00 95.00 0.19630
-20.00 95.00 0.31353
-15.00 95.00 0.39791
-10.00 95.00 0.42485
-5.00 95.00 0.39977
0.00 95.00 0.34555
5.00 95.00 0.28905
10.00 95.00 0.25568
15.00 95.00 0.26597
20.00 95.00 0.32592
25.00 95.00 0.41684
30.00 95.00 0.49993
35.00 95.00 0.54129
40.00 95.00 0.54043
45.00 95.00 0.53407
-75.00 100.00 0.33014
-65.00 100.00 0.26291E-01
-60.00 100.00 0.11629E-01
-55.00 100.00 0.74739E-01
-50.00 100.00 0.14239
-45.00 100.00 0.16084
-40.00 100.00 0.13433
-35.00 100.00 0.11132
-30.00 100.00 0.13697
-25.00 100.00 0.21528
-20.00 100.00 0.30957
-15.00 100.00 0.37388
-10.00 100.00 0.38517
-5.00 100.00 0.35264
0.00 100.00 0.30522
5.00 100.00 0.27353
10.00 100.00 0.27904
15.00 100.00 0.32959
20.00 100.00 0.41578
25.00 100.00 0.50969
30.00 100.00 0.57465
35.00 100.00 0.58738
40.00 100.00 0.55814
45.00 100.00 0.52788
50.00 100.00 0.53727
55.00 100.00 0.58930
60.00 100.00 0.63933
65.00 100.00 0.62712
75.00 100.00 0.38256
-70.00 105.00 0.14961
-45.00 105.00 0.20810
-40.00 105.00 0.18878
-35.00 105.00 0.16386
-30.00 105.00 0.17386
-25.00 105.00 0.22333
-20.00 105.00 0.28136
-15.00 105.00 0.31038
-10.00 105.00 0.29517
-5.00 105.00 0.25028
0.00 105.00 0.20663
5.00 105.00 0.19294
10.00 105.00 0.22482
15.00 105.00 0.30179
20.00 105.00 0.40689
25.00 105.00 0.50888
30.00 105.00 0.57277
35.00 105.00 0.57933
40.00 105.00 0.54116
45.00 105.00 0.49826
70.00 105.00 0.44834
-85.00 110.00 0.49234
-65.00 110.00 0.46779E-01
-60.00 110.00 0.43764E-01
-55.00 110.00 0.11405
-50.00 110.00 0.19336
-45.00 110.00 0.23292
-40.00 110.00 0.22981
-35.00 110.00 0.21524
-30.00 110.00 0.21829
-25.00 110.00 0.23952
-20.00 110.00 0.25492
-15.00 110.00 0.24083
-10.00 110.00 0.19520
-5.00 110.00 0.13845
0.00 110.00 0.98643E-01
5.00 110.00 0.96370E-01
10.00 110.00 0.13932
15.00 110.00 0.22335
20.00 110.00 0.33289
25.00 110.00 0.44075
30.00 110.00 0.51487
35.00 110.00 0.53463
40.00 110.00 0.50671
45.00 110.00 0.46382
50.00 110.00 0.44153
55.00 110.00 0.44913
60.00 110.00 0.46061
65.00 110.00 0.43734
85.00 110.00 0.23769
-45.00 115.00 0.24777
-40.00 115.00 0.27200
-35.00 115.00 0.28170
-30.00 115.00 0.28852
-25.00 115.00 0.28530
-20.00 115.00 0.25594
-15.00 115.00 0.19578
-10.00 115.00 0.12088
-5.00 115.00 0.58306E-01
0.00 115.00 0.28858E-01
5.00 115.00 0.38598E-01
10.00 115.00 0.83683E-01
15.00 115.00 0.15839
20.00 115.00 0.25517
25.00 115.00 0.35811
30.00 115.00 0.44156
35.00 115.00 0.48196
40.00 115.00 0.47502
45.00 115.00 0.44101
-80.00 120.00 0.42875
-75.00 120.00 0.29836
-70.00 120.00 0.15207
-65.00 120.00 0.59559E-01
-60.00 120.00 0.50868E-01
-55.00 120.00 0.10787
-50.00 120.00 0.19002
-45.00 120.00 0.26669
-40.00 120.00 0.32826
-35.00 120.00 0.37333
-30.00 120.00 0.39225
-25.00 120.00 0.36792
-20.00 120.00 0.29324
-15.00 120.00 0.18622
-10.00 120.00 0.84654E-01
-5.00 120.00 0.23161E-01
0.00 120.00 0.12627E-01
5.00 120.00 0.39955E-01
10.00 120.00 0.85997E-01
15.00 120.00 0.14274
20.00 120.00 0.21342
25.00 120.00 0.29792
30.00 120.00 0.38124
35.00 120.00 0.43896
40.00 120.00 0.45527
45.00 120.00 0.43532
50.00 120.00 0.39886
55.00 120.00 0.36145
60.00 120.00 0.32270
65.00 120.00 0.27392
70.00 120.00 0.21730
75.00 120.00 0.17567
80.00 120.00 0.17778
-45.00 125.00 0.29635
-40.00 125.00 0.39824
-35.00 125.00 0.48090
-30.00 125.00 0.51355
-25.00 125.00 0.46989
-20.00 125.00 0.35270
-15.00 125.00 0.20277
-10.00 125.00 0.78937E-01
-5.00 125.00 0.22294E-01
0.00 125.00 0.33109E-01
5.00 125.00 0.78942E-01
10.00 125.00 0.12524
15.00 125.00 0.16120
20.00 125.00 0.20017
25.00 125.00 0.25809
30.00 125.00 0.33253
35.00 125.00 0.40144
40.00 125.00 0.44022
45.00 125.00 0.43917
-65.00 130.00 0.79627E-01
-60.00 130.00 0.69124E-01
-55.00 130.00 0.11785
-50.00 130.00 0.20957
-45.00 130.00 0.33074
-40.00 130.00 0.46307
-35.00 130.00 0.57172
-30.00 130.00 0.61061
-25.00 130.00 0.54927
-20.00 130.00 0.40071
-15.00 130.00 0.22320
-10.00 130.00 0.88470E-01
-5.00 130.00 0.38294E-01
0.00 130.00 0.62586E-01
5.00 130.00 0.11533
10.00 130.00 0.15343
15.00 130.00 0.16653
20.00 130.00 0.17605
25.00 130.00 0.20944
30.00 130.00 0.27417
35.00 130.00 0.35204
40.00 130.00 0.41384
45.00 130.00 0.43799
50.00 130.00 0.41841
55.00 130.00 0.36112
60.00 130.00 0.27908
65.00 130.00 0.19194
-70.00 135.00 0.16249
-45.00 135.00 0.35319
-40.00 135.00 0.49129
-35.00 135.00 0.59958
-30.00 135.00 0.62824
-25.00 135.00 0.55159
-20.00 135.00 0.39275
-15.00 135.00 0.21686
-10.00 135.00 0.93129E-01
-5.00 135.00 0.53074E-01
0.00 135.00 0.76554E-01
5.00 135.00 0.11468
10.00 135.00 0.12931
15.00 135.00 0.11787
20.00 135.00 0.10757
25.00 135.00 0.12881
30.00 135.00 0.19154
35.00 135.00 0.28034
40.00 135.00 0.36608
45.00 135.00 0.42071
70.00 135.00 0.10701
-75.00 140.00 0.26761
-65.00 140.00 0.11583
-60.00 140.00 0.11515
-55.00 140.00 0.15926
-50.00 140.00 0.23936
-45.00 140.00 0.34545
-40.00 140.00 0.45453
-35.00 140.00 0.52676
-30.00 140.00 0.52275
-25.00 140.00 0.43196
-20.00 140.00 0.28693
-15.00 140.00 0.14694
-10.00 140.00 0.60852E-01
-5.00 140.00 0.37831E-01
0.00 140.00 0.48554E-01
5.00 140.00 0.53736E-01
10.00 140.00 0.35249E-01
15.00 140.00 0.59727E-02
20.00 140.00 -0.50323E-02
25.00 140.00 0.24424E-01
30.00 140.00 0.96929E-01
35.00 140.00 0.19778
40.00 140.00 0.30350
45.00 140.00 0.38749
50.00 140.00 0.42367
55.00 140.00 0.39472
60.00 140.00 0.30554
65.00 140.00 0.19061
75.00 140.00 0.84519E-01
-45.00 145.00 0.29900
-40.00 145.00 0.34550
-35.00 145.00 0.34836
-30.00 145.00 0.28999
-25.00 145.00 0.18232
-20.00 145.00 0.65570E-01
-15.00 145.00 -0.16956E-01
-10.00 145.00 -0.49021E-01
-5.00 145.00 -0.50216E-01
0.00 145.00 -0.55604E-01
5.00 145.00 -0.84436E-01
10.00 145.00 -0.12517
15.00 145.00 -0.14773
20.00 145.00 -0.12875
25.00 145.00 -0.66251E-01
30.00 145.00 0.26294E-01
35.00 145.00 0.13439
40.00 145.00 0.24736
45.00 145.00 0.34959
-80.00 150.00 0.34858
-70.00 150.00 0.18620
-65.00 150.00 0.16184
-60.00 150.00 0.17290
-55.00 150.00 0.19848
-50.00 150.00 0.22006
-45.00 150.00 0.22201
-40.00 150.00 0.18755
-35.00 150.00 0.10467
-30.00 150.00 -0.18833E-01
-25.00 150.00 -0.14875
-20.00 150.00 -0.24070
-15.00 150.00 -0.27126
-10.00 150.00 -0.25713
-5.00 150.00 -0.24197
0.00 150.00 -0.25915
5.00 150.00 -0.30248
10.00 150.00 -0.33149
15.00 150.00 -0.30643
20.00 150.00 -0.22082
25.00 150.00 -0.10259
30.00 150.00 0.14516E-01
35.00 150.00 0.11877
40.00 150.00 0.21973
45.00 150.00 0.32158
50.00 150.00 0.40125
55.00 150.00 0.41864
60.00 150.00 0.35369
65.00 150.00 0.23526
70.00 150.00 0.13069
80.00 150.00 0.15292
-45.00 155.00 0.13716
-40.00 155.00 0.28298E-01
-35.00 155.00 -0.12893
-30.00 155.00 -0.30777
-25.00 155.00 -0.46084
-20.00 155.00 -0.54543
-15.00 155.00 -0.55497
-10.00 155.00 -0.52686
-5.00 155.00 -0.51337
0.00 155.00 -0.53629
5.00 155.00 -0.56524
10.00 155.00 -0.54196
15.00 155.00 -0.43130
20.00 155.00 -0.25388
25.00 155.00 -0.70514E-01
30.00 155.00 0.67314E-01
35.00 155.00 0.15517
40.00 155.00 0.22715
45.00 155.00 0.31119
-75.00 160.00 0.24483
-65.00 160.00 0.20484
-60.00 160.00 0.22052
-55.00 160.00 0.21661
-50.00 160.00 0.17002
-45.00 160.00 0.70728E-01
-40.00 160.00 -0.81615E-01
-35.00 160.00 -0.27443
-30.00 160.00 -0.47582
-25.00 160.00 -0.64071
-20.00 160.00 -0.73517
-15.00 160.00 -0.76183
-10.00 160.00 -0.75952
-5.00 160.00 -0.76969
0.00 160.00 -0.79500
5.00 160.00 -0.78916
10.00 160.00 -0.69310
15.00 160.00 -0.48973
20.00 160.00 -0.22870
25.00 160.00 0.43634E-02
30.00 160.00 0.14993
35.00 160.00 0.21450
40.00 160.00 0.25354
45.00 160.00 0.31393
50.00 160.00 0.38935
55.00 160.00 0.42910
60.00 160.00 0.39095
65.00 160.00 0.28770
75.00 160.00 0.14404
-85.00 165.00 0.39181
-70.00 165.00 0.21169
-45.00 165.00 0.38834E-01
-40.00 165.00 -0.11428
-35.00 165.00 -0.29086
-30.00 165.00 -0.46935
-25.00 165.00 -0.62269
-20.00 165.00 -0.73153
-15.00 165.00 -0.79880
-10.00 165.00 -0.84670
-5.00 165.00 -0.89157
0.00 165.00 -0.91712
5.00 165.00 -0.87538
10.00 165.00 -0.72315
15.00 165.00 -0.46665
20.00 165.00 -0.17316
25.00 165.00 0.67056E-01
30.00 165.00 0.20124
35.00 165.00 0.24688
40.00 165.00 0.26814
45.00 165.00 0.31640
70.00 165.00 0.21151
85.00 165.00 0.26858
-65.00 170.00 0.23739
-60.00 170.00 0.25096
-55.00 170.00 0.22338
-50.00 170.00 0.14707
-45.00 170.00 0.39005E-01
-40.00 170.00 -0.79594E-01
-35.00 170.00 -0.19825
-30.00 170.00 -0.31650
-25.00 170.00 -0.43487
-20.00 170.00 -0.55017
-15.00 170.00 -0.65782
-10.00 170.00 -0.75269
-5.00 170.00 -0.82266
0.00 170.00 -0.84198
5.00 170.00 -0.77831
10.00 170.00 -0.61617
15.00 170.00 -0.37986
20.00 170.00 -0.13185
25.00 170.00 0.60256E-01
30.00 170.00 0.16614
35.00 170.00 0.20977
40.00 170.00 0.24462
45.00 170.00 0.30616
50.00 170.00 0.38216
55.00 170.00 0.42626
60.00 170.00 0.40280
65.00 170.00 0.32267
-45.00 175.00 0.52552E-01
-40.00 175.00 -0.19704E-01
-35.00 175.00 -0.68813E-01
-30.00 175.00 -0.11785
-25.00 175.00 -0.19471
-20.00 175.00 -0.30847
-15.00 175.00 -0.44152
-10.00 175.00 -0.55953
-5.00 175.00 -0.62854
0.00 175.00 -0.62807
5.00 175.00 -0.55664
10.00 175.00 -0.43167
15.00 175.00 -0.28437
20.00 175.00 -0.14860
25.00 175.00 -0.45356E-01
30.00 175.00 0.28310E-01
35.00 175.00 0.95513E-01
40.00 175.00 0.17968
45.00 175.00 0.28189
-80.00 180.00 0.28356
-75.00 180.00 0.23022
-70.00 180.00 0.23040
-65.00 180.00 0.25921
-60.00 180.00 0.26745
-55.00 180.00 0.22318
-50.00 180.00 0.13824
-45.00 180.00 0.56502E-01
-40.00 180.00 0.15221E-01
-35.00 180.00 0.12363E-01
-30.00 180.00 0.71980E-02
-25.00 180.00 -0.46680E-01
-20.00 180.00 -0.16280
-15.00 180.00 -0.30810
-10.00 180.00 -0.42405
-5.00 180.00 -0.46566
0.00 180.00 -0.42953
5.00 180.00 -0.35219
10.00 180.00 -0.28247
15.00 180.00 -0.24883
20.00 180.00 -0.24347
25.00 180.00 -0.23117
30.00 180.00 -0.17446
35.00 180.00 -0.58408E-01
40.00 180.00 0.99206E-01
45.00 180.00 0.25650
50.00 180.00 0.36876
55.00 180.00 0.41065
60.00 180.00 0.38771
65.00 180.00 0.33162
70.00 180.00 0.28202
75.00 180.00 0.26413
80.00 180.00 0.27819
-45.00 -175 0.37725E-01
-40.00 -175 -0.44549E-02
-35.00 -175 -0.53989E-02
-30.00 -175 -0.12429E-01
-25.00 -175 -0.77226E-01
-20.00 -175 -0.21005
-15.00 -175 -0.36441
-10.00 -175 -0.46675
-5.00 -175 -0.47009
0.00 -175 -0.39049
5.00 -175 -0.29723
10.00 -175 -0.26283
15.00 -175 -0.30978
20.00 -175 -0.39318
25.00 -175 -0.43155
30.00 -175 -0.36262
35.00 -175 -0.18414
40.00 -175 0.46631E-01
45.00 -175 0.25043
-65.00 -170 0.27073
-60.00 -170 0.27287
-55.00 -170 0.21425
-50.00 -170 0.10846
-45.00 -170 0.36874E-03
-40.00 -170 -0.72416E-01
-35.00 -170 -0.11252
-30.00 -170 -0.16178
-25.00 -170 -0.26462
-20.00 -170 -0.42391
-15.00 -170 -0.58690
-10.00 -170 -0.67699
-5.00 -170 -0.65067
0.00 -170 -0.53559
5.00 -170 -0.41686
10.00 -170 -0.37763
15.00 -170 -0.43679
20.00 -170 -0.53154
25.00 -170 -0.55974
30.00 -170 -0.45146
35.00 -170 -0.21760
40.00 -170 0.58738E-01
45.00 -170 0.27829
50.00 -170 0.38580
55.00 -170 0.39271
60.00 -170 0.35318
65.00 -170 0.31956
-70.00 -165 0.24023
-45.00 -165 -0.37907E-01
-40.00 -165 -0.15319
-35.00 -165 -0.25050
-30.00 -165 -0.35675
-25.00 -165 -0.50018
-20.00 -165 -0.67628
-15.00 -165 -0.83679
-10.00 -165 -0.91571
-5.00 -165 -0.87707
0.00 -165 -0.74803
5.00 -165 -0.60752
10.00 -165 -0.53308
15.00 -165 -0.54321
20.00 -165 -0.58032
25.00 -165 -0.55098
30.00 -165 -0.39548
35.00 -165 -0.13464
40.00 -165 0.14196
45.00 -165 0.33664
70.00 -165 0.32493
-75.00 -160 0.22595
-65.00 -160 0.26721
-60.00 -160 0.26149
-55.00 -160 0.19890
-50.00 -160 0.84458E-01
-45.00 -160 -0.57913E-01
-40.00 -160 -0.20549
-35.00 -160 -0.35107
-30.00 -160 -0.50205
-25.00 -160 -0.66547
-20.00 -160 -0.83047
-15.00 -160 -0.96280
-10.00 -160 -1.0197
-5.00 -160 -0.97846
0.00 -160 -0.85810
5.00 -160 -0.71406
10.00 -160 -0.60351
15.00 -160 -0.54398
20.00 -160 -0.49825
25.00 -160 -0.40205
30.00 -160 -0.21718
35.00 -160 0.30901E-01
40.00 -160 0.26336
45.00 -160 0.40096
50.00 -160 0.41920
55.00 -160 0.36212
60.00 -160 0.30500
65.00 -160 0.29781
75.00 -160 0.37542
-45.00 -155 -0.50983E-01
-40.00 -155 -0.20596
-35.00 -155 -0.37523
-30.00 -155 -0.54786
-25.00 -155 -0.70737
-20.00 -155 -0.83433
-15.00 -155 -0.91077
-10.00 -155 -0.92439
-5.00 -155 -0.87343
0.00 -155 -0.77126
5.00 -155 -0.64513
10.00 -155 -0.52389
15.00 -155 -0.41919
20.00 -155 -0.31529
25.00 -155 -0.18125
30.00 -155 -0.14231E-02
35.00 -155 0.19965
40.00 -155 0.36322
45.00 -155 0.43492
-80.00 -150 0.25227
-70.00 -150 0.23628
-65.00 -150 0.24116
-60.00 -150 0.21581
-55.00 -150 0.15883
-50.00 -150 0.79087E-01
-45.00 -150 -0.23473E-01
-40.00 -150 -0.15837
-35.00 -150 -0.32672
-30.00 -150 -0.50600
-25.00 -150 -0.65575
-20.00 -150 -0.74077
-15.00 -150 -0.75135
-10.00 -150 -0.70369
-5.00 -150 -0.62369
0.00 -150 -0.53072
5.00 -150 -0.43323
10.00 -150 -0.33361
15.00 -150 -0.23140
20.00 -150 -0.12172
25.00 -150 0.36811E-02
30.00 -150 0.14583
35.00 -150 0.28541
40.00 -150 0.38407
45.00 -150 0.40807
50.00 -150 0.35922
55.00 -150 0.28397
60.00 -150 0.24557
65.00 -150 0.27722
70.00 -150 0.35522
80.00 -150 0.42421
-45.00 -145 0.81553E-02
-40.00 -145 -0.85135E-01
-35.00 -145 -0.23580
-30.00 -145 -0.42037
-25.00 -145 -0.57654
-20.00 -145 -0.64406
-15.00 -145 -0.60608
-10.00 -145 -0.49641
-5.00 -145 -0.37043
0.00 -145 -0.26744
5.00 -145 -0.19454
10.00 -145 -0.13741
15.00 -145 -0.79780E-01
20.00 -145 -0.13040E-01
25.00 -145 0.65534E-01
30.00 -145 0.15396
35.00 -145 0.24041
40.00 -145 0.30098
45.00 -145 0.31245
-85.00 -140 0.32035
-75.00 -140 0.23167
-65.00 -140 0.19522
-60.00 -140 0.12643
-55.00 -140 0.60221E-01
-50.00 -140 0.31554E-01
-45.00 -140 0.27191E-01
-40.00 -140 -0.10699E-01
-35.00 -140 -0.13157
-30.00 -140 -0.32277
-25.00 -140 -0.50626
-20.00 -140 -0.59144
-15.00 -140 -0.53961
-10.00 -140 -0.38743
-5.00 -140 -0.21475
0.00 -140 -0.88904E-01
5.00 -140 -0.30748E-01
10.00 -140 -0.20770E-01
15.00 -140 -0.27337E-01
20.00 -140 -0.27786E-01
25.00 -140 -0.11111E-01
30.00 -140 0.26668E-01
35.00 -140 0.81289E-01
40.00 -140 0.13613
45.00 -140 0.16874
50.00 -140 0.17074
55.00 -140 0.16333
60.00 -140 0.18657
65.00 -140 0.26399
75.00 -140 0.45403
85.00 -140 0.38955
-70.00 -135 0.22660
-45.00 -135 0.24621E-01
-40.00 -135 0.49918E-01
-35.00 -135 -0.27020E-01
-30.00 -135 -0.21388
-25.00 -135 -0.42706
-20.00 -135 -0.54926
-15.00 -135 -0.51423
-10.00 -135 -0.34979
-5.00 -135 -0.15010
0.00 -135 -0.76390E-02
5.00 -135 0.38567E-01
10.00 -135 0.64095E-02
15.00 -135 -0.60692E-01
20.00 -135 -0.12460
25.00 -135 -0.16210
30.00 -135 -0.16100
35.00 -135 -0.11953
40.00 -135 -0.51291E-01
45.00 -135 0.17820E-01
70.00 -135 0.37895
-65.00 -130 0.15350
-60.00 -130 0.25402E-01
-55.00 -130 -0.79753E-01
-50.00 -130 -0.86600E-01
-45.00 -130 0.12048E-02
-40.00 -130 0.91053E-01
-35.00 -130 0.73716E-01
-30.00 -130 -0.83185E-01
-25.00 -130 -0.30215
-20.00 -130 -0.45190
-15.00 -130 -0.44472
-10.00 -130 -0.29552
-5.00 -130 -0.10106
0.00 -130 0.33942E-01
5.00 -130 0.60183E-01
10.00 -130 -0.54674E-02
15.00 -130 -0.11290
20.00 -130 -0.21586
25.00 -130 -0.28569
30.00 -130 -0.30660
35.00 -130 -0.27288
40.00 -130 -0.19452
45.00 -130 -0.98139E-01
50.00 -130 -0.10781E-01
55.00 -130 0.62888E-01
60.00 -130 0.14439
65.00 -130 0.25500
-45.00 -125 -0.35135E-01
-40.00 -125 0.10982
-35.00 -125 0.15845
-30.00 -125 0.55939E-01
-25.00 -125 -0.13513
-20.00 -125 -0.28528
-15.00 -125 -0.29894
-10.00 -125 -0.18110
-5.00 -125 -0.21453E-01
0.00 -125 0.79697E-01
5.00 -125 0.77280E-01
10.00 -125 -0.77541E-02
15.00 -125 -0.12434
20.00 -125 -0.23061
25.00 -125 -0.30543
30.00 -125 -0.33767
35.00 -125 -0.31907
40.00 -125 -0.25153
45.00 -125 -0.15472
-80.00 -120 0.25112
-75.00 -120 0.25266
-70.00 -120 0.24424
-65.00 -120 0.15224
-60.00 -120 -0.16539E-01
-55.00 -120 -0.16693
-50.00 -120 -0.19271
-45.00 -120 -0.72587E-01
-40.00 -120 0.10313
-35.00 -120 0.20186
-30.00 -120 0.15458
-25.00 -120 0.72944E-02
-20.00 -120 -0.12323
-15.00 -120 -0.14627
-10.00 -120 -0.62677E-01
-5.00 -120 0.49922E-01
0.00 -120 0.10815
5.00 -120 0.82912E-01
10.00 -120 0.30857E-02
15.00 -120 -0.85353E-01
20.00 -120 -0.15718
25.00 -120 -0.21085
30.00 -120 -0.24693
35.00 -120 -0.25464
40.00 -120 -0.22226
45.00 -120 -0.15432
50.00 -120 -0.70264E-01
55.00 -120 0.16682E-01
60.00 -120 0.11417
65.00 -120 0.23634
70.00 -120 0.37224
75.00 -120 0.47267
80.00 -120 0.48631
-45.00 -115 -0.96771E-01
-40.00 -115 0.73238E-01
-35.00 -115 0.18191
-30.00 -115 0.15798
-25.00 -115 0.37451E-01
-20.00 -115 -0.76468E-01
-15.00 -115 -0.10336
-10.00 -115 -0.44698E-01
-5.00 -115 0.33321E-01
0.00 -115 0.66716E-01
5.00 -115 0.44417E-01
10.00 -115 0.17050E-02
15.00 -115 -0.25687E-01
20.00 -115 -0.35580E-01
25.00 -115 -0.50933E-01
30.00 -115 -0.85764E-01
35.00 -115 -0.12575
40.00 -115 -0.14240
45.00 -115 -0.12085
-65.00 -110 0.20954
-60.00 -110 0.53634E-01
-55.00 -110 -0.10462
-50.00 -110 -0.16269
-45.00 -110 -0.91361E-01
-40.00 -110 0.36298E-01
-35.00 -110 0.10547
-30.00 -110 0.54840E-01
-25.00 -110 -0.77506E-01
-20.00 -110 -0.19415
-15.00 -110 -0.22283
-10.00 -110 -0.16834
-5.00 -110 -0.91637E-01
0.00 -110 -0.45469E-01
5.00 -110 -0.31232E-01
10.00 -110 -0.13357E-01
15.00 -110 0.31869E-01
20.00 -110 0.86476E-01
25.00 -110 0.10842
30.00 -110 0.74649E-01
35.00 -110 0.42088E-02
40.00 -110 -0.59402E-01
45.00 -110 -0.84188E-01
50.00 -110 -0.66000E-01
55.00 -110 -0.13660E-01
60.00 -110 0.72033E-01
65.00 -110 0.19512
-70.00 -105 0.29892
-45.00 -105 -0.41333E-01
-40.00 -105 0.23059E-01
-35.00 -105 0.18586E-01
-30.00 -105 -0.97046E-01
-25.00 -105 -0.27217
-20.00 -105 -0.40514
-15.00 -105 -0.42686
-10.00 -105 -0.34771
-5.00 -105 -0.23292
0.00 -105 -0.13799
5.00 -105 -0.67747E-01
10.00 -105 0.73314E-02
15.00 -105 0.10258
20.00 -105 0.19165
25.00 -105 0.22710
30.00 -105 0.18543
35.00 -105 0.90377E-01
40.00 -105 -0.63404E-02
45.00 -105 -0.63823E-01
70.00 -105 0.31505
-75.00 -100 0.27497
-65.00 -100 0.30207
-60.00 -100 0.21313
-55.00 -100 0.10644
-50.00 -100 0.51838E-01
-45.00 -100 0.59918E-01
-40.00 -100 0.65703E-01
-35.00 -100 -0.13216E-01
-30.00 -100 -0.19683
-25.00 -100 -0.41474
-20.00 -100 -0.55603
-15.00 -100 -0.55233
-10.00 -100 -0.42220
-5.00 -100 -0.24362
0.00 -100 -0.86739E-01
5.00 -100 0.30124E-01
10.00 -100 0.12809
15.00 -100 0.22210
20.00 -100 0.29293
25.00 -100 0.30349
30.00 -100 0.23838
35.00 -100 0.12420
40.00 -100 0.11420E-01
45.00 -100 -0.60966E-01
50.00 -100 -0.82222E-01
55.00 -100 -0.56761E-01
60.00 -100 0.15575E-01
65.00 -100 0.13710
75.00 -100 0.41784
-45.00 -95 0.20292
-40.00 -95 0.17703
-35.00 -95 0.55080E-01
-30.00 -95 -0.16406
-25.00 -95 -0.39521
-20.00 -95 -0.52117
-15.00 -95 -0.47594
-10.00 -95 -0.28749
-5.00 -95 -0.48565E-01
0.00 -95 0.15299
5.00 -95 0.28338
10.00 -95 0.35736
15.00 -95 0.39709
20.00 -95 0.40184
25.00 -95 0.35527
30.00 -95 0.25462
35.00 -95 0.12633
40.00 -95 0.11288E-01
45.00 -95 -0.62283E-01
-80.00 -90 0.24711
-70.00 -90 0.33778
-65.00 -90 0.37727
-60.00 -90 0.36881
-55.00 -90 0.34405
-50.00 -90 0.34315
-45.00 -90 0.36009
-40.00 -90 0.33670
-35.00 -90 0.21596
-30.00 -90 0.66413E-02
-25.00 -90 -0.20243
-20.00 -90 -0.29658
-15.00 -90 -0.21514
-10.00 -90 0.80532E-02
-5.00 -90 0.27292
0.00 -90 0.48171
5.00 -90 0.59077
10.00 -90 0.61160
15.00 -90 0.57518
20.00 -90 0.50033
25.00 -90 0.39189
30.00 -90 0.25884
35.00 -90 0.12460
40.00 -90 0.16540E-01
45.00 -90 -0.51458E-01
50.00 -90 -0.81194E-01
55.00 -90 -0.74765E-01
60.00 -90 -0.22407E-01
65.00 -90 0.86556E-01
70.00 -90 0.23649
80.00 -90 0.43830
-85.00 -85 0.30808
-45.00 -85 0.49338
-40.00 -85 0.49645
-35.00 -85 0.40988
-30.00 -85 0.24123
-25.00 -85 0.69670E-01
-20.00 -85 -0.19320E-02
-15.00 -85 0.81439E-01
-10.00 -85 0.28930
-5.00 -85 0.52931
0.00 -85 0.70845
5.00 -85 0.78179
10.00 -85 0.75780
15.00 -85 0.66963
20.00 -85 0.54604
25.00 -85 0.40453
30.00 -85 0.26083
35.00 -85 0.13423
40.00 -85 0.39849E-01
45.00 -85 -0.20625E-01
85.00 -85 0.39568
-75.00 -80 0.25944
-65.00 -80 0.39632
-60.00 -80 0.43435
-55.00 -80 0.46129
-50.00 -80 0.50717
-45.00 -80 0.56937
-40.00 -80 0.60319
-35.00 -80 0.55942
-30.00 -80 0.43525
-25.00 -80 0.29016
-20.00 -80 0.20989
-15.00 -80 0.24688
-10.00 -80 0.38561
-5.00 -80 0.55741
0.00 -80 0.68789
5.00 -80 0.73730
10.00 -80 0.70763
15.00 -80 0.62284
20.00 -80 0.50724
25.00 -80 0.37921
30.00 -80 0.25556
35.00 -80 0.15231
40.00 -80 0.77248E-01
45.00 -80 0.25167E-01
50.00 -80 -0.13197E-01
55.00 -80 -0.34183E-01
60.00 -80 -0.15740E-01
65.00 -80 0.64097E-01
75.00 -80 0.33369
-70.00 -75 0.31605
-45.00 -75 0.57392
-40.00 -75 0.62591
-35.00 -75 0.61330
-30.00 -75 0.51889
-25.00 -75 0.37883
-20.00 -75 0.26096
-15.00 -75 0.21888
-10.00 -75 0.25945
-5.00 -75 0.34642
0.00 -75 0.43087
5.00 -75 0.48027
10.00 -75 0.48625
15.00 -75 0.45473
20.00 -75 0.39486
25.00 -75 0.31725
30.00 -75 0.23632
35.00 -75 0.16677
40.00 -75 0.11436
45.00 -75 0.72210E-01
70.00 -75 0.18425
-65.00 -70 0.36776
-60.00 -70 0.40890
-55.00 -70 0.43088
-50.00 -70 0.46310
-45.00 -70 0.51794
-40.00 -70 0.56948
-35.00 -70 0.57043
-30.00 -70 0.49137
-25.00 -70 0.34733
-20.00 -70 0.18993
-15.00 -70 0.74065E-01
-10.00 -70 0.27344E-01
-5.00 -70 0.43322E-01
0.00 -70 0.96450E-01
5.00 -70 0.16061
10.00 -70 0.21715
15.00 -70 0.25345
20.00 -70 0.26174
25.00 -70 0.24266
30.00 -70 0.20720
35.00 -70 0.17023
40.00 -70 0.13876
45.00 -70 0.10738
50.00 -70 0.68785E-01
55.00 -70 0.30919E-01
60.00 -70 0.21480E-01
65.00 -70 0.69310E-01
-45.00 -65 0.43093
-40.00 -65 0.46751
-35.00 -65 0.47057
-30.00 -65 0.40471
-25.00 -65 0.26948
-20.00 -65 0.10184
-15.00 -65 -0.46850E-01
-10.00 -65 -0.13863
-5.00 -65 -0.16192
0.00 -65 -0.12676
5.00 -65 -0.53484E-01
10.00 -65 0.34760E-01
15.00 -65 0.11505
20.00 -65 0.16905
25.00 -65 0.18977
30.00 -65 0.18453
35.00 -65 0.16799
40.00 -65 0.14930
45.00 -65 0.12594
-80.00 -60 0.23932
-75.00 -60 0.22516
-70.00 -60 0.27344
-65.00 -60 0.33659
-60.00 -60 0.36984
-55.00 -60 0.36497
-50.00 -60 0.34778
-45.00 -60 0.34640
-40.00 -60 0.36121
-35.00 -60 0.36276
-30.00 -60 0.31694
-25.00 -60 0.21389
-20.00 -60 0.76710E-01
-15.00 -60 -0.53753E-01
-10.00 -60 -0.14249
-5.00 -60 -0.17411
0.00 -60 -0.15172
5.00 -60 -0.88905E-01
10.00 -60 -0.41447E-02
15.00 -60 0.81300E-01
20.00 -60 0.14722
25.00 -60 0.18183
30.00 -60 0.18707
35.00 -60 0.17488
40.00 -60 0.15621
45.00 -60 0.13299
50.00 -60 0.10250
55.00 -60 0.70263E-01
60.00 -60 0.56796E-01
65.00 -60 0.86866E-01
70.00 -60 0.16701
75.00 -60 0.27010
80.00 -60 0.34797
-45.00 -55 0.28785
-40.00 -55 0.27899
-35.00 -55 0.27706
-30.00 -55 0.25437
-25.00 -55 0.19654
-20.00 -55 0.11426
-15.00 -55 0.33635E-01
-10.00 -55 -0.22342E-01
-5.00 -55 -0.44517E-01
0.00 -55 -0.34966E-01
5.00 -55 0.78289E-03
10.00 -55 0.56474E-01
15.00 -55 0.12178
20.00 -55 0.18054
25.00 -55 0.21636
30.00 -55 0.22203
35.00 -55 0.20317
40.00 -55 0.17203
45.00 -55 0.13790
-65.00 -50 0.33901
-60.00 -50 0.38375
-55.00 -50 0.37210
-50.00 -50 0.31898
-45.00 -50 0.26214
-40.00 -50 0.22867
-35.00 -50 0.21745
-30.00 -50 0.20873
-25.00 -50 0.18682
-20.00 -50 0.15335
-15.00 -50 0.12150
-10.00 -50 0.10125
-5.00 -50 0.92354E-01
0.00 -50 0.90572E-01
5.00 -50 0.97553E-01
10.00 -50 0.12140
15.00 -50 0.16616
20.00 -50 0.22151
25.00 -50 0.26485
30.00 -50 0.27568
35.00 -50 0.24955
40.00 -50 0.19961
45.00 -50 0.14560
50.00 -50 0.10211
55.00 -50 0.76300E-01
60.00 -50 0.73992E-01
65.00 -50 0.10290
-70.00 -45 0.27029
-45.00 -45 0.26183
-40.00 -45 0.20324
-35.00 -45 0.17480
-30.00 -45 0.16282
-25.00 -45 0.15150
-20.00 -45 0.13819
-15.00 -45 0.13000
-10.00 -45 0.12979
-5.00 -45 0.13007
0.00 -45 0.12234
5.00 -45 0.11118
10.00 -45 0.11556
15.00 -45 0.15271
20.00 -45 0.21855
25.00 -45 0.28412
30.00 -45 0.31365
35.00 -45 0.28984
40.00 -45 0.22508
45.00 -45 0.15063
70.00 -45 0.16573
-75.00 -40 0.22948
-65.00 -40 0.37041
-60.00 -40 0.44007
-55.00 -40 0.43929
-50.00 -40 0.36963
-45.00 -40 0.27236
-40.00 -40 0.19143
-35.00 -40 0.14320
-30.00 -40 0.11583
-25.00 -40 0.92028E-01
-20.00 -40 0.68483E-01
-15.00 -40 0.54044E-01
-10.00 -40 0.52870E-01
-5.00 -40 0.54730E-01
0.00 -40 0.45284E-01
5.00 -40 0.25921E-01
10.00 -40 0.20226E-01
15.00 -40 0.56080E-01
20.00 -40 0.13746
25.00 -40 0.23271
30.00 -40 0.29288
35.00 -40 0.28650
40.00 -40 0.22178
45.00 -40 0.13832
50.00 -40 0.77527E-01
55.00 -40 0.57967E-01
60.00 -40 0.74025E-01
65.00 -40 0.11263
75.00 -40 0.23297
-45.00 -35 0.27864
-40.00 -35 0.18366
-35.00 -35 0.12406
-30.00 -35 0.84577E-01
-25.00 -35 0.42193E-01
-20.00 -35 -0.72445E-02
-15.00 -35 -0.48560E-01
-10.00 -35 -0.69253E-01
-5.00 -35 -0.77001E-01
0.00 -35 -0.91770E-01
5.00 -35 -0.12002
10.00 -35 -0.13947
15.00 -35 -0.11410
20.00 -35 -0.28812E-01
25.00 -35 0.88766E-01
30.00 -35 0.18239
35.00 -35 0.20759
40.00 -35 0.16415
45.00 -35 0.93239E-01
-85.00 -30 0.36323
-80.00 -30 0.28096
-70.00 -30 0.29622
-65.00 -30 0.39708
-60.00 -30 0.47675
-55.00 -30 0.47504
-50.00 -30 0.38880
-45.00 -30 0.26804
-40.00 -30 0.17038
-35.00 -30 0.11596
-30.00 -30 0.81229E-01
-25.00 -30 0.31540E-01
-20.00 -30 -0.42440E-01
-15.00 -30 -0.11942
-10.00 -30 -0.17437
-5.00 -30 -0.20640
0.00 -30 -0.23729
5.00 -30 -0.28226
10.00 -30 -0.32487
15.00 -30 -0.32495
20.00 -30 -0.25551
25.00 -30 -0.13380
30.00 -30 -0.15077E-01
35.00 -30 0.47966E-01
40.00 -30 0.44656E-01
45.00 -30 0.10139E-01
50.00 -30 -0.76050E-02
55.00 -30 0.14402E-01
60.00 -30 0.64719E-01
65.00 -30 0.11963
70.00 -30 0.16969
80.00 -30 0.27745
85.00 -30 0.31768
-45.00 -25 0.23097
-40.00 -25 0.13794
-35.00 -25 0.10227
-30.00 -25 0.89870E-01
-25.00 -25 0.49652E-01
-20.00 -25 -0.38758E-01
-15.00 -25 -0.15157
-10.00 -25 -0.24976
-5.00 -25 -0.31760
0.00 -25 -0.37167
5.00 -25 -0.43354
10.00 -25 -0.49691
15.00 -25 -0.52525
20.00 -25 -0.48451
25.00 -25 -0.37888
30.00 -25 -0.25353
35.00 -25 -0.16010
40.00 -25 -0.11669
45.00 -25 -0.99147E-01
-75.00 -20 0.27009
-65.00 -20 0.39342
-60.00 -20 0.45352
-55.00 -20 0.42379
-50.00 -20 0.30492
-45.00 -20 0.16178
-40.00 -20 0.69162E-01
-35.00 -20 0.50934E-01
-30.00 -20 0.64831E-01
-25.00 -20 0.43291E-01
-20.00 -20 -0.48618E-01
-15.00 -20 -0.18923
-10.00 -20 -0.32683
-5.00 -20 -0.42667
0.00 -20 -0.49336
5.00 -20 -0.55173
10.00 -20 -0.61069
15.00 -20 -0.64885
20.00 -20 -0.63531
25.00 -20 -0.56259
30.00 -20 -0.45701
35.00 -20 -0.35622
40.00 -20 -0.27736
45.00 -20 -0.20770
50.00 -20 -0.12559
55.00 -20 -0.27866E-01
60.00 -20 0.65428E-01
65.00 -20 0.13302
75.00 -20 0.21454
-70.00 -15 0.30903
-45.00 -15 0.61490E-01
-40.00 -15 -0.48560E-01
-35.00 -15 -0.69795E-01
-30.00 -15 -0.44715E-01
-25.00 -15 -0.50555E-01
-20.00 -15 -0.13554
-15.00 -15 -0.28429
-10.00 -15 -0.43744
-5.00 -15 -0.54252
0.00 -15 -0.58964
5.00 -15 -0.60546
10.00 -15 -0.61911
15.00 -15 -0.63550
20.00 -15 -0.63810
25.00 -15 -0.61113
30.00 -15 -0.55476
35.00 -15 -0.47948
40.00 -15 -0.39066
45.00 -15 -0.28412
70.00 -15 0.18105
-65.00 -10 0.36406
-60.00 -10 0.38928
-55.00 -10 0.31846
-50.00 -10 0.14700
-45.00 -10 -0.59228E-01
-40.00 -10 -0.21244
-35.00 -10 -0.26932
-30.00 -10 -0.26064
-25.00 -10 -0.26112
-20.00 -10 -0.32693
-15.00 -10 -0.45279
-10.00 -10 -0.58082
-5.00 -10 -0.64875
0.00 -10 -0.63543
5.00 -10 -0.56967
10.00 -10 -0.50256
15.00 -10 -0.47089
20.00 -10 -0.47912
25.00 -10 -0.50584
30.00 -10 -0.52112
35.00 -10 -0.49982
40.00 -10 -0.42783
45.00 -10 -0.30622
50.00 -10 -0.15476
55.00 -10 -0.79689E-02
60.00 -10 0.10078
65.00 -10 0.15981
-45.00 -5 -0.18024
-40.00 -5 -0.39897
-35.00 -5 -0.52188
-30.00 -5 -0.55598
-25.00 -5 -0.56074
-20.00 -5 -0.59417
-15.00 -5 -0.66508
-10.00 -5 -0.72829
-5.00 -5 -0.72343
0.00 -5 -0.62433
5.00 -5 -0.46158
10.00 -5 -0.30434
15.00 -5 -0.21786
20.00 -5 -0.22677
25.00 -5 -0.30515
30.00 -5 -0.39428
35.00 -5 -0.43405
40.00 -5 -0.39082
45.00 -5 -0.27026
90.00 0.00 0.30968
-90.00 0.00 0.42599
