-85.00 0.00 0.24311
-80.00 0.00 0.27317
-75.00 0.00 0.11215
-70.00 0.00 -0.13765
-65.00 0.00 -0.30915
-60.00 0.00 -0.30521
-55.00 0.00 -0.16991
-50.00 0.00 -0.34196E-01
-45.00 0.00 0.53597E-02
-40.00 0.00 -0.38885E-01
-35.00 0.00 -0.80912E-01
-30.00 0.00 -0.61042E-01
-25.00 0.00 -0.72226E-02
-20.00 0.00 0.42844E-03
-15.00 0.00 -0.80007E-01
-10.00 0.00 -0.20243
-5.00 0.00 -0.27476
0.00 0.00 -0.24913
5.00 0.00 -0.16766
10.00 0.00 -0.11696
15.00 0.00 -0.13775
20.00 0.00 -0.18214
25.00 0.00 -0.16329
30.00 0.00 -0.48959E-01
35.00 0.00 0.95233E-01
40.00 0.00 0.15817
45.00 0.00 0.82468E-01
50.00 0.00 -0.84327E-01
55.00 0.00 -0.23416
60.00 0.00 -0.29283
65.00 0.00 -0.27229
70.00 0.00 -0.23463
75.00 0.00 -0.21108
80.00 0.00 -0.16547
85.00 0.00 -0.40705E-01
-45.00 5.00 0.23939E-01
-40.00 5.00 -0.29459E-01
-35.00 5.00 -0.62331E-01
-30.00 5.00 -0.16595E-01
-25.00 5.00 0.58163E-01
-20.00 5.00 0.56239E-01
-15.00 5.00 -0.70031E-01
-10.00 5.00 -0.25070
-5.00 5.00 -0.35589
0.00 5.00 -0.31585
5.00 5.00 -0.18541
10.00 5.00 -0.88756E-01
15.00 5.00 -0.98295E-01
20.00 5.00 -0.16628
25.00 5.00 -0.17612
30.00 5.00 -0.62738E-01
35.00 5.00 0.11568
40.00 5.00 0.22466
45.00 5.00 0.17356
-65.00 10.00 -0.27593
-60.00 10.00 -0.24673
-55.00 10.00 -0.94182E-01
-50.00 10.00 0.36933E-01
-45.00 10.00 0.56455E-01
-40.00 10.00 0.28712E-02
-35.00 10.00 -0.15188E-01
-30.00 10.00 0.54368E-01
-25.00 10.00 0.14335
-20.00 10.00 0.12911
-15.00 10.00 -0.34886E-01
-10.00 10.00 -0.25628
-5.00 10.00 -0.37666
0.00 10.00 -0.31416
5.00 10.00 -0.13880
10.00 10.00 -0.61204E-02
15.00 10.00 -0.11391E-01
20.00 10.00 -0.10345
25.00 10.00 -0.14006
30.00 10.00 -0.30466E-01
35.00 10.00 0.17179
40.00 10.00 0.31329
45.00 10.00 0.27788
50.00 10.00 0.86347E-01
55.00 10.00 -0.13048
60.00 10.00 -0.25090
65.00 10.00 -0.25552
-70.00 15.00 -0.97544E-01
-45.00 15.00 0.72455E-01
-40.00 15.00 0.17200E-01
-35.00 15.00 0.62482E-02
-30.00 15.00 0.85014E-01
-25.00 15.00 0.17530
-20.00 15.00 0.14951
-15.00 15.00 -0.33288E-01
-10.00 15.00 -0.26718
-5.00 15.00 -0.38189
0.00 15.00 -0.29480
5.00 15.00 -0.87605E-01
10.00 15.00 0.68262E-01
15.00 15.00 0.68973E-01
20.00 15.00 -0.29968E-01
25.00 15.00 -0.73790E-01
30.00 15.00 0.38158E-01
35.00 15.00 0.25179
40.00 15.00 0.40405
45.00 15.00 0.36873
70.00 15.00 -0.17868
-75.00 20.00 0.15575
-65.00 20.00 -0.20500
-60.00 20.00 -0.17668
-55.00 20.00 -0.44872E-01
-50.00 20.00 0.55631E-01
-45.00 20.00 0.49931E-01
-40.00 20.00 -0.14355E-01
-35.00 20.00 -0.31946E-01
-30.00 20.00 0.37446E-01
-25.00 20.00 0.11633
-20.00 20.00 0.83923E-01
-15.00 20.00 -0.94094E-01
-10.00 20.00 -0.31231
-5.00 20.00 -0.40864
0.00 20.00 -0.30954
5.00 20.00 -0.98657E-01
10.00 20.00 0.59552E-01
15.00 20.00 0.70883E-01
20.00 20.00 -0.59167E-02
25.00 20.00 -0.22916E-01
30.00 20.00 0.10845
35.00 20.00 0.32595
40.00 20.00 0.46810
45.00 20.00 0.41803
50.00 20.00 0.20405
55.00 20.00 -0.32724E-01
60.00 20.00 -0.16472
65.00 20.00 -0.17458
75.00 20.00 -0.11621
-45.00 25.00 -0.13397E-01
-40.00 25.00 -0.90705E-01
-35.00 25.00 -0.12246
-30.00 25.00 -0.72223E-01
-25.00 25.00 -0.82623E-02
-20.00 25.00 -0.36252E-01
-15.00 25.00 -0.18597
-10.00 25.00 -0.36736
-5.00 25.00 -0.44452
0.00 25.00 -0.35919
5.00 25.00 -0.18391
10.00 25.00 -0.51681E-01
15.00 25.00 -0.29177E-01
20.00 25.00 -0.56596E-01
25.00 25.00 -0.13020E-01
30.00 25.00 0.15587
35.00 25.00 0.37210
40.00 25.00 0.48661
45.00 25.00 0.41048
-80.00 30.00 0.31226
-70.00 30.00 0.50397E-02
-65.00 30.00 -0.13154
-60.00 30.00 -0.14579
-55.00 30.00 -0.86057E-01
-50.00 30.00 -0.53714E-01
-45.00 30.00 -0.10076
-40.00 30.00 -0.18551
-35.00 30.00 -0.22532
-30.00 30.00 -0.18856
-25.00 30.00 -0.13088
-20.00 30.00 -0.13951
-15.00 30.00 -0.24255
-10.00 30.00 -0.37548
-5.00 30.00 -0.43952
0.00 30.00 -0.39363
5.00 30.00 -0.28818
10.00 30.00 -0.20709
15.00 30.00 -0.17785
20.00 30.00 -0.14255
25.00 30.00 -0.22127E-01
30.00 30.00 0.18869
35.00 30.00 0.39270
40.00 30.00 0.46276
45.00 30.00 0.35152
50.00 30.00 0.13574
55.00 30.00 -0.47229E-01
60.00 30.00 -0.11157
65.00 30.00 -0.80450E-01
70.00 30.00 -0.40255E-01
80.00 30.00 -0.52794E-01
-45.00 35.00 -0.18725
-40.00 35.00 -0.26614
-35.00 35.00 -0.29745
-30.00 35.00 -0.25765
-25.00 35.00 -0.19189
-20.00 35.00 -0.16999
-15.00 35.00 -0.21936
-10.00 35.00 -0.30254
-5.00 35.00 -0.35858
0.00 35.00 -0.36189
5.00 35.00 -0.33653
10.00 35.00 -0.31346
15.00 35.00 -0.28064
20.00 35.00 -0.18607
25.00 35.00 0.21187E-02
30.00 35.00 0.23809
35.00 35.00 0.40919
40.00 35.00 0.41766
45.00 35.00 0.26389
-75.00 40.00 0.24345
-65.00 40.00 -0.53191E-01
-60.00 40.00 -0.12411
-55.00 40.00 -0.15108
-50.00 40.00 -0.18755
-45.00 40.00 -0.25310
-40.00 40.00 -0.31380
-35.00 40.00 -0.32048
-30.00 40.00 -0.26176
-25.00 40.00 -0.17807
-20.00 40.00 -0.12569
-15.00 40.00 -0.12988
-10.00 40.00 -0.17282
-5.00 40.00 -0.22212
0.00 40.00 -0.26289
5.00 40.00 -0.29687
10.00 40.00 -0.31319
15.00 40.00 -0.27210
20.00 40.00 -0.13249
25.00 40.00 0.94957E-01
30.00 40.00 0.32450
35.00 40.00 0.43867
40.00 40.00 0.37363
45.00 40.00 0.17492
50.00 40.00 -0.29956E-01
55.00 40.00 -0.12534
60.00 40.00 -0.90291E-01
65.00 40.00 -0.87926E-03
75.00 40.00 0.24951E-01
-70.00 45.00 0.12870
-45.00 45.00 -0.29129
-40.00 45.00 -0.33138
-35.00 45.00 -0.30799
-30.00 45.00 -0.22376
-25.00 45.00 -0.12113
-20.00 45.00 -0.49059E-01
-15.00 45.00 -0.28822E-01
-10.00 45.00 -0.50222E-01
-5.00 45.00 -0.93892E-01
0.00 45.00 -0.14846
5.00 45.00 -0.20195
10.00 45.00 -0.22236
15.00 45.00 -0.16154
20.00 45.00 0.56953E-02
25.00 45.00 0.23830
30.00 45.00 0.43046
35.00 45.00 0.47371
40.00 45.00 0.33791
45.00 45.00 0.10294
70.00 45.00 0.79952E-01
-65.00 50.00 0.50374E-01
-60.00 50.00 -0.50079E-01
-55.00 50.00 -0.13760
-50.00 50.00 -0.22725
-45.00 50.00 -0.30606
-40.00 50.00 -0.33606
-35.00 50.00 -0.29017
-30.00 50.00 -0.18276
-25.00 50.00 -0.63960E-01
-20.00 50.00 0.16157E-01
-15.00 50.00 0.38660E-01
-10.00 50.00 0.16406E-01
-5.00 50.00 -0.27979E-01
0.00 50.00 -0.77609E-01
5.00 50.00 -0.11459
10.00 50.00 -0.10691
15.00 50.00 -0.17508E-01
20.00 50.00 0.15970
25.00 50.00 0.36874
30.00 50.00 0.50580
35.00 50.00 0.48341
40.00 50.00 0.29945
45.00 50.00 0.50990E-01
50.00 50.00 -0.12720
55.00 50.00 -0.15553
60.00 50.00 -0.60724E-01
65.00 50.00 0.55528E-01
-85.00 55.00 0.23205
-45.00 55.00 -0.30560
-40.00 55.00 -0.34405
-35.00 55.00 -0.29033
-30.00 55.00 -0.16430
-25.00 55.00 -0.27316E-01
-20.00 55.00 0.59235E-01
-15.00 55.00 0.72005E-01
-10.00 55.00 0.30683E-01
-5.00 55.00 -0.26365E-01
0.00 55.00 -0.67256E-01
5.00 55.00 -0.71508E-01
10.00 55.00 -0.21921E-01
15.00 55.00 0.93476E-01
20.00 55.00 0.26134
25.00 55.00 0.42581
30.00 55.00 0.50395
35.00 55.00 0.43698
40.00 55.00 0.24107
45.00 55.00 0.10977E-01
85.00 55.00 0.59066E-01
-80.00 60.00 0.31352
-75.00 60.00 0.31460
-70.00 60.00 0.25679
-65.00 60.00 0.17863
-60.00 60.00 0.90980E-01
-55.00 60.00 -0.20865E-01
-50.00 60.00 -0.16123
-45.00 60.00 -0.29482
-40.00 60.00 -0.35891
-35.00 60.00 -0.31068
-30.00 60.00 -0.16784
-25.00 60.00 -0.43237E-02
-20.00 60.00 0.97940E-01
-15.00 60.00 0.10207
-10.00 60.00 0.33398E-01
-5.00 60.00 -0.47021E-01
0.00 60.00 -0.84750E-01
5.00 60.00 -0.56547E-01
10.00 60.00 0.32303E-01
15.00 60.00 0.16116
20.00 60.00 0.29892
25.00 60.00 0.40182
30.00 60.00 0.42149
35.00 60.00 0.33176
40.00 60.00 0.15733
45.00 60.00 -0.26140E-01
50.00 60.00 -0.13232
55.00 60.00 -0.12074
60.00 60.00 -0.24669E-01
65.00 60.00 0.75324E-01
70.00 60.00 0.11364
75.00 60.00 0.87272E-01
80.00 60.00 0.51610E-01
-45.00 65.00 -0.27304
-40.00 65.00 -0.37041
-35.00 65.00 -0.33477
-30.00 65.00 -0.17647
-25.00 65.00 0.18884E-01
-20.00 65.00 0.14492
-15.00 65.00 0.14630
-10.00 65.00 0.52234E-01
-5.00 65.00 -0.51311E-01
0.00 65.00 -0.84655E-01
5.00 65.00 -0.22581E-01
10.00 65.00 0.10276
15.00 65.00 0.23447
20.00 65.00 0.32553
25.00 65.00 0.35190
30.00 65.00 0.30806
35.00 65.00 0.20285
40.00 65.00 0.63815E-01
45.00 65.00 -0.61820E-01
-65.00 70.00 0.29607
-60.00 70.00 0.24334
-55.00 70.00 0.13431
-50.00 70.00 -0.41066E-01
-45.00 70.00 -0.23710
-40.00 70.00 -0.36251
-35.00 70.00 -0.34074
-30.00 70.00 -0.17475
-25.00 70.00 0.41588E-01
-20.00 70.00 0.18294
-15.00 70.00 0.18051
-10.00 70.00 0.69660E-01
-5.00 70.00 -0.40391E-01
0.00 70.00 -0.49502E-01
5.00 70.00 0.63701E-01
10.00 70.00 0.23582
15.00 70.00 0.37231
20.00 70.00 0.41178
25.00 70.00 0.35296
30.00 70.00 0.23560
35.00 70.00 0.10458
40.00 70.00 -0.98184E-02
45.00 70.00 -0.88838E-01
50.00 70.00 -0.11778
55.00 70.00 -0.91154E-01
60.00 70.00 -0.25024E-01
65.00 70.00 0.43633E-01
-70.00 75.00 0.34137
-45.00 75.00 -0.18674
-40.00 75.00 -0.32401
-35.00 75.00 -0.31413
-30.00 75.00 -0.15806
-25.00 75.00 0.48293E-01
-20.00 75.00 0.17618
-15.00 75.00 0.15893
-10.00 75.00 0.43988E-01
-5.00 75.00 -0.42794E-01
0.00 75.00 0.57230E-02
5.00 75.00 0.19620
10.00 75.00 0.43143
15.00 75.00 0.58315
20.00 75.00 0.57952
25.00 75.00 0.44092
30.00 75.00 0.24735
35.00 75.00 0.75916E-01
40.00 75.00 -0.38241E-01
45.00 75.00 -0.97189E-01
70.00 75.00 0.51263E-01
-75.00 80.00 0.32075
-65.00 80.00 0.35690
-60.00 80.00 0.32391
-55.00 80.00 0.22633
-50.00 80.00 0.60357E-01
-45.00 80.00 -0.12813
-40.00 80.00 -0.25504
-35.00 80.00 -0.25291
-30.00 80.00 -0.12886
-25.00 80.00 0.27950E-01
-20.00 80.00 0.10720
-15.00 80.00 0.64577E-01
-10.00 80.00 -0.36254E-01
-5.00 80.00 -0.67132E-01
0.00 80.00 0.65088E-01
5.00 80.00 0.34101
10.00 80.00 0.63530
15.00 80.00 0.80164
20.00 80.00 0.76846
25.00 80.00 0.57417
30.00 80.00 0.32415
35.00 80.00 0.11437
40.00 80.00 -0.16749E-01
45.00 80.00 -0.81637E-01
50.00 80.00 -0.10592
55.00 80.00 -0.10195
60.00 80.00 -0.72054E-01
65.00 80.00 -0.24864E-01
75.00 80.00 0.54469E-01
-45.00 85.00 -0.73188E-01
-40.00 85.00 -0.16727
-35.00 85.00 -0.16566
-30.00 85.00 -0.88991E-01
-25.00 85.00 -0.97985E-02
-20.00 85.00 0.14500E-02
-15.00 85.00 -0.61154E-01
-10.00 85.00 -0.12169
-5.00 85.00 -0.72677E-01
0.00 85.00 0.14047
5.00 85.00 0.46649
10.00 85.00 0.77115
15.00 85.00 0.92089
20.00 85.00 0.86435
25.00 85.00 0.65322
30.00 85.00 0.39440
35.00 85.00 0.17798
40.00 85.00 0.36395E-01
45.00 85.00 -0.44971E-01
-80.00 90.00 0.22414
-70.00 90.00 0.34297
-65.00 90.00 0.34663
-60.00 90.00 0.29350
-55.00 90.00 0.18964
-50.00 90.00 0.65383E-01
-45.00 90.00 -0.35156E-01
-40.00 90.00 -0.78907E-01
-35.00 90.00 -0.67345E-01
-30.00 90.00 -0.38550E-01
-25.00 90.00 -0.40028E-01
-20.00 90.00 -0.87906E-01
-15.00 90.00 -0.14388
-10.00 90.00 -0.13305
-5.00 90.00 0.41690E-02
0.00 90.00 0.26205
5.00 90.00 0.56032
10.00 90.00 0.78612
15.00 90.00 0.85882
20.00 90.00 0.77216
25.00 90.00 0.58657
30.00 90.00 0.38272
35.00 90.00 0.21442
40.00 90.00 0.92911E-01
45.00 90.00 0.47894E-02
50.00 90.00 -0.60610E-01
55.00 90.00 -0.99737E-01
60.00 90.00 -0.10392
65.00 90.00 -0.73659E-01
70.00 90.00 -0.21286E-01
80.00 90.00 0.92067E-01
-45.00 95.00 -0.22592E-01
-40.00 95.00 -0.75781E-02
-35.00 95.00 0.24745E-01
-30.00 95.00 0.18406E-01
-25.00 95.00 -0.44972E-01
-20.00 95.00 -0.12318
-15.00 95.00 -0.13800
-10.00 95.00 -0.31861E-01
-5.00 95.00 0.18558
0.00 95.00 0.43656
5.00 95.00 0.62151
10.00 95.00 0.67852
15.00 95.00 0.61382
20.00 95.00 0.48556
25.00 95.00 0.35821
30.00 95.00 0.26403
35.00 95.00 0.19651
40.00 95.00 0.13261
45.00 95.00 0.59970E-01
-75.00 100.00 0.25979
-65.00 100.00 0.30207
-60.00 100.00 0.20123
-55.00 100.00 0.62025E-01
-50.00 100.00 -0.34177E-01
-45.00 100.00 -0.35015E-01
-40.00 100.00 0.36130E-01
-35.00 100.00 0.95479E-01
-30.00 100.00 0.70554E-01
-25.00 100.00 -0.30183E-01
-20.00 100.00 -0.11264
-15.00 100.00 -0.68222E-01
-10.00 100.00 0.13410
-5.00 100.00 0.41101
0.00 100.00 0.61663
5.00 100.00 0.64362
10.00 100.00 0.49509
15.00 100.00 0.27404
20.00 100.00 0.10445
25.00 100.00 0.49211E-01
30.00 100.00 0.84527E-01
35.00 100.00 0.13866
40.00 100.00 0.15311
45.00 100.00 0.11635
50.00 100.00 0.53918E-01
55.00 100.00 -0.26521E-02
60.00 100.00 -0.35829E-01
65.00 100.00 -0.40293E-01
75.00 100.00 0.41226E-01
-70.00 105.00 0.30592
-45.00 105.00 -0.62424E-01
-40.00 105.00 0.52159E-01
-35.00 105.00 0.13726
-30.00 105.00 0.10553
-25.00 105.00 -0.16583E-01
-20.00 105.00 -0.97806E-01
-15.00 105.00 -0.89809E-02
-10.00 105.00 0.25844
-5.00 105.00 0.56535
0.00 105.00 0.71852
5.00 105.00 0.61227
10.00 105.00 0.30523
15.00 105.00 -0.26017E-01
20.00 105.00 -0.21376
25.00 105.00 -0.20409
30.00 105.00 -0.66305E-01
35.00 105.00 0.82630E-01
40.00 105.00 0.16448
45.00 105.00 0.17120
70.00 105.00 0.11454E-01
-85.00 110.00 0.74406E-01
-65.00 110.00 0.28375
-60.00 110.00 0.15185
-55.00 110.00 -0.26874E-01
-50.00 110.00 -0.13098
-45.00 110.00 -0.89432E-01
-40.00 110.00 0.49627E-01
-35.00 110.00 0.15323
-30.00 110.00 0.12113
-25.00 110.00 -0.15425E-01
-20.00 110.00 -0.10810
-15.00 110.00 -0.16603E-01
-10.00 110.00 0.25983
-5.00 110.00 0.56120
0.00 110.00 0.68043
5.00 110.00 0.52076
10.00 110.00 0.16822
15.00 110.00 -0.17586
20.00 110.00 -0.34055
25.00 110.00 -0.28983
30.00 110.00 -0.11397
35.00 110.00 0.63800E-01
40.00 110.00 0.17436
45.00 110.00 0.21860
50.00 110.00 0.22371
55.00 110.00 0.20159
60.00 110.00 0.15088
65.00 110.00 0.86420E-01
85.00 110.00 0.18010
-45.00 115.00 -0.10248
-40.00 115.00 0.40495E-01
-35.00 115.00 0.15385
-30.00 115.00 0.12860
-25.00 115.00 -0.12536E-01
-20.00 115.00 -0.12684
-15.00 115.00 -0.74871E-01
-10.00 115.00 0.15109
-5.00 115.00 0.40814
0.00 115.00 0.51267
5.00 115.00 0.38531
10.00 115.00 0.10847
15.00 115.00 -0.14568
20.00 115.00 -0.24707
25.00 115.00 -0.18643
30.00 115.00 -0.47271E-01
35.00 115.00 0.83523E-01
40.00 115.00 0.17667
45.00 115.00 0.24730
-80.00 120.00 0.72037E-01
-75.00 120.00 0.17817
-70.00 120.00 0.29322
-65.00 120.00 0.31780
-60.00 120.00 0.20598
-55.00 120.00 0.19977E-01
-50.00 120.00 -0.11064
-45.00 120.00 -0.96602E-01
-40.00 120.00 0.31297E-01
-35.00 120.00 0.14704
-30.00 120.00 0.14100
-25.00 120.00 0.18640E-01
-20.00 120.00 -0.10425
-15.00 120.00 -0.10609
-10.00 120.00 0.31448E-01
-5.00 120.00 0.20820
0.00 120.00 0.29453
5.00 120.00 0.24061
10.00 120.00 0.10802
15.00 120.00 0.35281E-02
20.00 120.00 -0.14887E-01
25.00 120.00 0.28775E-01
30.00 120.00 0.77057E-01
35.00 120.00 0.10872
40.00 120.00 0.15422
45.00 120.00 0.24490
50.00 120.00 0.35677
55.00 120.00 0.41645
60.00 120.00 0.36960
65.00 120.00 0.24251
70.00 120.00 0.12882
75.00 120.00 0.10553
80.00 120.00 0.16063
-45.00 125.00 -0.77829E-01
-40.00 125.00 0.18564E-01
-35.00 125.00 0.12898
-30.00 125.00 0.15499
-25.00 125.00 0.84063E-01
-20.00 125.00 -0.96630E-02
-15.00 125.00 -0.41959E-01
-10.00 125.00 0.52086E-02
-5.00 125.00 0.78868E-01
0.00 125.00 0.11849
5.00 125.00 0.11760
10.00 125.00 0.12041
15.00 125.00 0.16177
20.00 125.00 0.21921
25.00 125.00 0.23300
30.00 125.00 0.17620
35.00 125.00 0.99257E-01
40.00 125.00 0.94370E-01
45.00 125.00 0.20639
-65.00 130.00 0.36268
-60.00 130.00 0.30847
-55.00 130.00 0.15098
-50.00 130.00 -0.27817E-02
-45.00 130.00 -0.59081E-01
-40.00 130.00 -0.74822E-02
-35.00 130.00 0.85544E-01
-30.00 130.00 0.14495
-25.00 130.00 0.14806
-20.00 130.00 0.12437
-15.00 130.00 0.10683
-10.00 130.00 0.94368E-01
-5.00 130.00 0.66524E-01
0.00 130.00 0.28050E-01
5.00 130.00 0.24561E-01
10.00 130.00 0.10042
15.00 130.00 0.23784
20.00 130.00 0.34742
25.00 130.00 0.33628
30.00 130.00 0.19907
35.00 130.00 0.42177E-01
40.00 130.00 0.52238E-02
45.00 130.00 0.14098
50.00 130.00 0.36210
55.00 130.00 0.50883
60.00 130.00 0.48230
65.00 130.00 0.32461
-70.00 135.00 0.26052
-45.00 135.00 -0.51456E-01
-40.00 135.00 -0.51852E-01
-35.00 135.00 0.68452E-02
-30.00 135.00 0.80656E-01
-25.00 135.00 0.14999
-20.00 135.00 0.21087
-15.00 135.00 0.24525
-10.00 135.00 0.21874
-5.00 135.00 0.11994
0.00 135.00 -0.11513E-02
5.00 135.00 -0.50580E-01
10.00 135.00 0.33173E-01
15.00 135.00 0.20948
20.00 135.00 0.34811
25.00 135.00 0.33050
30.00 135.00 0.15803
35.00 135.00 -0.34206E-01
40.00 135.00 -0.81768E-01
45.00 135.00 0.70700E-01
70.00 135.00 0.16899
-75.00 140.00 0.63491E-01
-65.00 140.00 0.34105
-60.00 140.00 0.33285
-55.00 140.00 0.21384
-50.00 140.00 0.59333E-01
-45.00 140.00 -0.56070E-01
-40.00 140.00 -0.10386
-35.00 140.00 -0.94374E-01
-30.00 140.00 -0.41485E-01
-25.00 140.00 0.51696E-01
-20.00 140.00 0.16996
-15.00 140.00 0.26185
-10.00 140.00 0.25973
-5.00 140.00 0.14119
0.00 140.00 -0.27084E-01
5.00 140.00 -0.12125
10.00 140.00 -0.58166E-01
15.00 140.00 0.12320
20.00 140.00 0.27924
25.00 140.00 0.27693
30.00 140.00 0.11189
35.00 140.00 -0.78734E-01
40.00 140.00 -0.12774
45.00 140.00 0.19819E-01
50.00 140.00 0.25936
55.00 140.00 0.41735
60.00 140.00 0.39885
65.00 140.00 0.26017
75.00 140.00 0.14408
-45.00 145.00 -0.62100E-01
-40.00 145.00 -0.13592
-35.00 145.00 -0.17723
-30.00 145.00 -0.17988
-25.00 145.00 -0.12222
-20.00 145.00 -0.52133E-02
-15.00 145.00 0.11548
-10.00 145.00 0.15379
-5.00 145.00 0.67039E-01
0.00 145.00 -0.88891E-01
5.00 145.00 -0.18762
10.00 145.00 -0.13415
15.00 145.00 0.46059E-01
20.00 145.00 0.21742
25.00 145.00 0.24539
30.00 145.00 0.11423
35.00 145.00 -0.55752E-01
40.00 145.00 -0.11120
45.00 145.00 0.13489E-02
-80.00 150.00 -0.99631E-01
-70.00 150.00 0.11872
-65.00 150.00 0.21123
-60.00 150.00 0.20489
-55.00 150.00 0.12164
-50.00 150.00 0.23017E-01
-45.00 150.00 -0.53061E-01
-40.00 150.00 -0.11629
-35.00 150.00 -0.18989
-30.00 150.00 -0.26311
-25.00 150.00 -0.28881
-20.00 150.00 -0.23418
-15.00 150.00 -0.13036
-10.00 150.00 -0.60511E-01
-5.00 150.00 -0.86264E-01
0.00 150.00 -0.18095
5.00 150.00 -0.24082
10.00 150.00 -0.17457
15.00 150.00 0.76266E-02
20.00 150.00 0.19187
25.00 150.00 0.25415
30.00 150.00 0.16774
35.00 150.00 0.25607E-01
40.00 150.00 -0.43844E-01
45.00 150.00 0.97493E-02
50.00 150.00 0.12098
55.00 150.00 0.17954
60.00 150.00 0.13951
65.00 150.00 0.61465E-01
70.00 150.00 0.47774E-01
80.00 150.00 0.25066
-45.00 155.00 -0.17817E-01
-40.00 155.00 -0.29541E-01
-35.00 155.00 -0.10229
-30.00 155.00 -0.23480
-25.00 155.00 -0.35953
-20.00 155.00 -0.40226
-15.00 155.00 -0.35299
-10.00 155.00 -0.27573
-5.00 155.00 -0.24461
0.00 155.00 -0.26813
5.00 155.00 -0.27803
10.00 155.00 -0.19695
15.00 155.00 -0.20689E-01
20.00 155.00 0.16595
25.00 155.00 0.25814
30.00 155.00 0.22080
35.00 155.00 0.11465
40.00 155.00 0.35246E-01
45.00 155.00 0.25687E-01
-75.00 160.00 -0.10485
-65.00 160.00 0.10128E-01
-60.00 160.00 -0.25075E-01
-55.00 160.00 -0.66740E-01
-50.00 160.00 -0.44713E-01
-45.00 160.00 0.40800E-01
-40.00 160.00 0.10850
-35.00 160.00 0.67191E-01
-30.00 160.00 -0.97634E-01
-25.00 160.00 -0.30427
-20.00 160.00 -0.44127
-15.00 160.00 -0.45803
-10.00 160.00 -0.39621
-5.00 160.00 -0.33707
0.00 160.00 -0.31948
5.00 160.00 -0.30806
10.00 160.00 -0.23857
15.00 160.00 -0.91507E-01
20.00 160.00 0.80054E-01
25.00 160.00 0.19420
30.00 160.00 0.20989
35.00 160.00 0.15419
40.00 160.00 0.84516E-01
45.00 160.00 0.30184E-01
50.00 160.00 -0.24375E-01
55.00 160.00 -0.99437E-01
60.00 160.00 -0.17110
65.00 160.00 -0.17411
75.00 160.00 0.12629
-85.00 165.00 -0.10304
-70.00 165.00 -0.90689E-01
-45.00 165.00 0.10572
-40.00 165.00 0.25311
-35.00 165.00 0.25236
-30.00 165.00 0.77823E-01
-25.00 165.00 -0.17722
-20.00 165.00 -0.37521
-15.00 165.00 -0.43960
-10.00 165.00 -0.39962
-5.00 165.00 -0.34283
0.00 165.00 -0.32783
5.00 165.00 -0.33865
10.00 165.00 -0.31536
15.00 165.00 -0.22168
20.00 165.00 -0.81402E-01
25.00 165.00 0.45377E-01
30.00 165.00 0.11416
35.00 165.00 0.12168
40.00 165.00 0.86741E-01
45.00 165.00 0.18435E-01
70.00 165.00 -0.10188
85.00 165.00 0.30647
-65.00 170.00 -0.17302
-60.00 170.00 -0.23029
-55.00 170.00 -0.22499
-50.00 170.00 -0.84164E-01
-45.00 170.00 0.15421
-40.00 170.00 0.35105
-35.00 170.00 0.37079
-30.00 170.00 0.19040
-25.00 170.00 -0.82568E-01
-20.00 170.00 -0.29657
-15.00 170.00 -0.36996
-10.00 170.00 -0.33631
-5.00 170.00 -0.29219
0.00 170.00 -0.30442
5.00 170.00 -0.36053
10.00 170.00 -0.39623
15.00 170.00 -0.36122
20.00 170.00 -0.25868
25.00 170.00 -0.13139
30.00 170.00 -0.22480E-01
35.00 170.00 0.44998E-01
40.00 170.00 0.58284E-01
45.00 170.00 0.31976E-02
50.00 170.00 -0.12149
55.00 170.00 -0.27443
60.00 170.00 -0.36882
65.00 170.00 -0.32092
-45.00 175.00 0.16971
-40.00 175.00 0.36730
-35.00 175.00 0.36816
-30.00 175.00 0.16872
-25.00 175.00 -0.10387
-20.00 175.00 -0.29412
-15.00 175.00 -0.33432
-10.00 175.00 -0.27786
-5.00 175.00 -0.23267
0.00 175.00 -0.26390
5.00 175.00 -0.35078
10.00 175.00 -0.42233
15.00 175.00 -0.42422
20.00 175.00 -0.35334
25.00 175.00 -0.24139
30.00 175.00 -0.12196
35.00 175.00 -0.20337E-01
40.00 175.00 0.33799E-01
45.00 175.00 0.48629E-02
-80.00 180.00 -0.22613
-75.00 180.00 -0.22871
-70.00 180.00 -0.22244
-65.00 180.00 -0.26563
-60.00 180.00 -0.31742
-55.00 180.00 -0.27736
-50.00 180.00 -0.96434E-01
-45.00 180.00 0.14926
-40.00 180.00 0.30158
-35.00 180.00 0.24710
-30.00 180.00 0.14040E-01
-25.00 180.00 -0.24838
-20.00 180.00 -0.38897
-15.00 180.00 -0.36671
-10.00 180.00 -0.26302
-5.00 180.00 -0.19558
0.00 180.00 -0.21930
5.00 180.00 -0.29886
10.00 180.00 -0.36074
15.00 180.00 -0.36137
20.00 180.00 -0.30766
25.00 180.00 -0.22667
30.00 180.00 -0.13333
35.00 180.00 -0.35622E-01
40.00 180.00 0.37680E-01
45.00 180.00 0.35090E-01
50.00 180.00 -0.72782E-01
55.00 180.00 -0.24110
60.00 180.00 -0.35482
65.00 180.00 -0.30612
70.00 180.00 -0.87712E-01
75.00 180.00 0.18574
80.00 180.00 0.35405
-45.00 -175 0.10222
-40.00 -175 0.18489
-35.00 -175 0.62305E-01
-30.00 -175 -0.20333
-25.00 -175 -0.44555
-20.00 -175 -0.52558
-15.00 -175 -0.43469
-10.00 -175 -0.28150
-5.00 -175 -0.18670
0.00 -175 -0.18721
5.00 -175 -0.23039
10.00 -175 -0.24585
15.00 -175 -0.21308
20.00 -175 -0.16160
25.00 -175 -0.11910
30.00 -175 -0.76384E-01
35.00 -175 -0.10603E-01
40.00 -175 0.64008E-01
45.00 -175 0.86033E-01
-65.00 -170 -0.26074
-60.00 -170 -0.29334
-55.00 -170 -0.24906
-50.00 -170 -0.10685
-45.00 -170 0.42036E-01
-40.00 -170 0.59371E-01
-35.00 -170 -0.11353
-30.00 -170 -0.38958
-25.00 -170 -0.59766
-20.00 -170 -0.61927
-15.00 -170 -0.47681
-10.00 -170 -0.29795
-5.00 -170 -0.19715
0.00 -170 -0.18776
5.00 -170 -0.19893
10.00 -170 -0.16541
15.00 -170 -0.92577E-01
20.00 -170 -0.35506E-01
25.00 -170 -0.25421E-01
30.00 -170 -0.30617E-01
35.00 -170 0.35257E-02
40.00 -170 0.80859E-01
45.00 -170 0.13360
50.00 -170 0.87024E-01
55.00 -170 -0.51366E-01
60.00 -170 -0.17405
65.00 -170 -0.15783
-70.00 -165 -0.22082
-45.00 -165 -0.22196E-01
-40.00 -165 -0.44300E-01
-35.00 -165 -0.22934
-30.00 -165 -0.48242
-25.00 -165 -0.64368
-20.00 -165 -0.61960
-15.00 -165 -0.45605
-10.00 -165 -0.28763
-5.00 -165 -0.21545
0.00 -165 -0.22974
5.00 -165 -0.24385
10.00 -165 -0.19480
15.00 -165 -0.10477
20.00 -165 -0.45410E-01
25.00 -165 -0.50541E-01
30.00 -165 -0.74726E-01
35.00 -165 -0.43845E-01
40.00 -165 0.56611E-01
45.00 -165 0.15319
70.00 -165 0.89406E-01
-75.00 -160 -0.23833
-65.00 -160 -0.20631
-60.00 -160 -0.23603
-55.00 -160 -0.22776
-50.00 -160 -0.15756
-45.00 -160 -0.88311E-01
-40.00 -160 -0.11766
-35.00 -160 -0.27590
-30.00 -160 -0.47909
-25.00 -160 -0.59139
-20.00 -160 -0.54206
-15.00 -160 -0.38659
-10.00 -160 -0.25375
-5.00 -160 -0.23040
0.00 -160 -0.29344
5.00 -160 -0.34894
10.00 -160 -0.33180
15.00 -160 -0.26358
20.00 -160 -0.21444
25.00 -160 -0.21597
30.00 -160 -0.22135
35.00 -160 -0.15699
40.00 -160 -0.11222E-01
45.00 -160 0.13703
50.00 -160 0.18716
55.00 -160 0.11871
60.00 -160 0.22187E-01
65.00 -160 0.20741E-01
75.00 -160 0.33305
-45.00 -155 -0.15656
-40.00 -155 -0.16865
-35.00 -155 -0.27693
-30.00 -155 -0.42301
-25.00 -155 -0.49978
-20.00 -155 -0.44906
-15.00 -155 -0.31799
-10.00 -155 -0.21881
-5.00 -155 -0.23009
0.00 -155 -0.33368
5.00 -155 -0.44325
10.00 -155 -0.48976
15.00 -155 -0.47609
20.00 -155 -0.45072
25.00 -155 -0.43675
30.00 -155 -0.39773
35.00 -155 -0.28013
40.00 -155 -0.86960E-01
45.00 -155 0.10077
-80.00 -150 -0.23994
-70.00 -150 -0.16335
-65.00 -150 -0.15399
-60.00 -150 -0.20552
-55.00 -150 -0.26013
-50.00 -150 -0.26229
-45.00 -150 -0.22258
-40.00 -150 -0.20653
-35.00 -150 -0.26249
-30.00 -150 -0.36445
-25.00 -150 -0.43049
-20.00 -150 -0.40008
-15.00 -150 -0.29486
-10.00 -150 -0.20356
-5.00 -150 -0.20614
0.00 -150 -0.30947
5.00 -150 -0.45132
10.00 -150 -0.56046
15.00 -150 -0.60926
20.00 -150 -0.61092
25.00 -150 -0.57666
30.00 -150 -0.48956
35.00 -150 -0.32874
40.00 -150 -0.11609
45.00 -150 0.73928E-01
50.00 -150 0.16571
55.00 -150 0.15172
60.00 -150 0.10811
65.00 -150 0.13126
70.00 -150 0.24803
80.00 -150 0.43131
-45.00 -145 -0.27432
-40.00 -145 -0.23051
-35.00 -145 -0.24595
-30.00 -145 -0.32604
-25.00 -145 -0.40576
-20.00 -145 -0.40969
-15.00 -145 -0.32366
-10.00 -145 -0.21108
-5.00 -145 -0.16110
0.00 -145 -0.21812
5.00 -145 -0.35362
10.00 -145 -0.49685
15.00 -145 -0.58725
20.00 -145 -0.60121
25.00 -145 -0.54159
30.00 -145 -0.41784
35.00 -145 -0.24559
40.00 -145 -0.61032E-01
45.00 -145 0.80471E-01
-85.00 -140 -0.13303
-75.00 -140 -0.20498
-65.00 -140 -0.12318
-60.00 -140 -0.19318
-55.00 -140 -0.29151
-50.00 -140 -0.33509
-45.00 -140 -0.29654
-40.00 -140 -0.23060
-35.00 -140 -0.22042
-30.00 -140 -0.29580
-25.00 -140 -0.40081
-20.00 -140 -0.44128
-15.00 -140 -0.36852
-10.00 -140 -0.22425
-5.00 -140 -0.10858
0.00 -140 -0.10140
5.00 -140 -0.20448
10.00 -140 -0.34721
15.00 -140 -0.44190
20.00 -140 -0.43875
25.00 -140 -0.34274
30.00 -140 -0.19455
35.00 -140 -0.43063E-01
40.00 -140 0.70866E-01
45.00 -140 0.12238
50.00 -140 0.11281
55.00 -140 0.77731E-01
60.00 -140 0.74984E-01
65.00 -140 0.14666
75.00 -140 0.39864
85.00 -140 0.32251
-70.00 -135 -0.13264
-45.00 -135 -0.28037
-40.00 -135 -0.19912
-35.00 -135 -0.17367
-30.00 -135 -0.24776
-25.00 -135 -0.37065
-20.00 -135 -0.43652
-15.00 -135 -0.37535
-10.00 -135 -0.21527
-5.00 -135 -0.62085E-01
0.00 -135 -0.14939E-01
5.00 -135 -0.89968E-01
10.00 -135 -0.21270
15.00 -135 -0.27897
20.00 -135 -0.23016
25.00 -135 -0.85746E-01
30.00 -135 0.81556E-01
35.00 -135 0.19775
40.00 -135 0.22645
45.00 -135 0.17744
70.00 -135 0.27364
-65.00 -130 -0.11055
-60.00 -130 -0.16492
-55.00 -130 -0.24955
-50.00 -130 -0.28333
-45.00 -130 -0.23145
-40.00 -130 -0.14275
-35.00 -130 -0.10708
-30.00 -130 -0.17067
-25.00 -130 -0.28817
-20.00 -130 -0.35731
-15.00 -130 -0.30724
-10.00 -130 -0.16222
-5.00 -130 -0.23869E-01
0.00 -130 0.12961E-01
5.00 -130 -0.61754E-01
10.00 -130 -0.16598
15.00 -130 -0.19206
20.00 -130 -0.89318E-01
25.00 -130 0.10186
30.00 -130 0.28407
35.00 -130 0.37056
40.00 -130 0.33441
45.00 -130 0.21292
50.00 -130 0.77593E-01
55.00 -130 -0.28671E-02
60.00 -130 0.10750E-01
65.00 -130 0.11437
-45.00 -125 -0.17042
-40.00 -125 -0.84936E-01
-35.00 -125 -0.42652E-01
-30.00 -125 -0.81920E-01
-25.00 -125 -0.16556
-20.00 -125 -0.21206
-15.00 -125 -0.16983
-10.00 -125 -0.66755E-01
-5.00 -125 0.11257E-01
0.00 -125 -0.48380E-02
5.00 -125 -0.10429
10.00 -125 -0.20018
15.00 -125 -0.19620
20.00 -125 -0.60790E-01
25.00 -125 0.14957
30.00 -125 0.33131
35.00 -125 0.40183
40.00 -125 0.34445
45.00 -125 0.20649
-80.00 -120 -0.19336
-75.00 -120 -0.19557
-70.00 -120 -0.14844
-65.00 -120 -0.11603
-60.00 -120 -0.12919
-55.00 -120 -0.16343
-50.00 -120 -0.16942
-45.00 -120 -0.12454
-40.00 -120 -0.55633E-01
-35.00 -120 -0.12234E-01
-30.00 -120 -0.17614E-01
-25.00 -120 -0.46405E-01
-20.00 -120 -0.51147E-01
-15.00 -120 -0.12316E-01
-10.00 -120 0.37086E-01
-5.00 -120 0.38028E-01
0.00 -120 -0.39222E-01
5.00 -120 -0.16069
10.00 -120 -0.24701
15.00 -120 -0.23035
20.00 -120 -0.10350
25.00 -120 0.76001E-01
30.00 -120 0.22560
35.00 -120 0.28750
40.00 -120 0.25420
45.00 -120 0.16117
50.00 -120 0.62077E-01
55.00 -120 0.56923E-02
60.00 -120 0.20745E-01
65.00 -120 0.10579
70.00 -120 0.22506
75.00 -120 0.31995
80.00 -120 0.33841
-45.00 -115 -0.11463
-40.00 -115 -0.74748E-01
-35.00 -115 -0.37066E-01
-30.00 -115 -0.76716E-02
-25.00 -115 0.23437E-01
-20.00 -115 0.63485E-01
-15.00 -115 0.97768E-01
-10.00 -115 0.93990E-01
-5.00 -115 0.30048E-01
0.00 -115 -0.79961E-01
5.00 -115 -0.18753
10.00 -115 -0.24040
15.00 -115 -0.21696
20.00 -115 -0.13633
25.00 -115 -0.39241E-01
30.00 -115 0.40401E-01
35.00 -115 0.89396E-01
40.00 -115 0.10932
45.00 -115 0.10530
-65.00 -110 -0.14280
-60.00 -110 -0.12686
-55.00 -110 -0.12838
-50.00 -110 -0.13794
-45.00 -110 -0.14491
-40.00 -110 -0.13998
-35.00 -110 -0.11255
-30.00 -110 -0.54953E-01
-25.00 -110 0.24585E-01
-20.00 -110 0.94538E-01
-15.00 -110 0.11345
-10.00 -110 0.60343E-01
-5.00 -110 -0.42796E-01
0.00 -110 -0.14066
5.00 -110 -0.18362
10.00 -110 -0.16481
15.00 -110 -0.12196
20.00 -110 -0.10103
25.00 -110 -0.11383
30.00 -110 -0.12851
35.00 -110 -0.10163
40.00 -110 -0.21662E-01
45.00 -110 0.77534E-01
50.00 -110 0.14605
55.00 -110 0.16249
60.00 -110 0.15134
65.00 -110 0.15697
-70.00 -105 -0.18251
-45.00 -105 -0.20105
-40.00 -105 -0.22682
-35.00 -105 -0.20879
-30.00 -105 -0.13289
-25.00 -105 -0.26220E-01
-20.00 -105 0.49322E-01
-15.00 -105 0.38671E-01
-10.00 -105 -0.58160E-01
-5.00 -105 -0.17503
0.00 -105 -0.22434
5.00 -105 -0.16698
10.00 -105 -0.48852E-01
15.00 -105 0.32125E-01
20.00 -105 0.60599E-02
25.00 -105 -0.10793
30.00 -105 -0.21310
35.00 -105 -0.21148
40.00 -105 -0.81799E-01
45.00 -105 0.10574
70.00 -105 0.19099
-75.00 -100 -0.17647
-65.00 -100 -0.17470
-60.00 -100 -0.16030
-55.00 -100 -0.16428
-50.00 -100 -0.19965
-45.00 -100 -0.25707
-40.00 -100 -0.30034
-35.00 -100 -0.28621
-30.00 -100 -0.20196
-25.00 -100 -0.89870E-01
-20.00 -100 -0.27907E-01
-15.00 -100 -0.70429E-01
-10.00 -100 -0.19398
-5.00 -100 -0.30021
0.00 -100 -0.28591
5.00 -100 -0.12958
10.00 -100 0.78863E-01
15.00 -100 0.19863
20.00 -100 0.14660
25.00 -100 -0.33038E-01
30.00 -100 -0.19763
35.00 -100 -0.21262
40.00 -100 -0.51208E-01
45.00 -100 0.19136
50.00 -100 0.37549
55.00 -100 0.41959
60.00 -100 0.34590
65.00 -100 0.24236
75.00 -100 0.18278
-45.00 -95 -0.28702
-40.00 -95 -0.33137
-35.00 -95 -0.31527
-30.00 -95 -0.23221
-25.00 -95 -0.13021
-20.00 -95 -0.84736E-01
-15.00 -95 -0.13736
-10.00 -95 -0.24886
-5.00 -95 -0.31419
0.00 -95 -0.23950
5.00 -95 -0.24710E-01
10.00 -95 0.21947
15.00 -95 0.34398
20.00 -95 0.27325
25.00 -95 0.68342E-01
30.00 -95 -0.11231
35.00 -95 -0.12705
40.00 -95 0.47870E-01
45.00 -95 0.30710
-80.00 -90 -0.84482E-01
-70.00 -90 -0.16560
-65.00 -90 -0.17138
-60.00 -90 -0.16978
-55.00 -90 -0.18262
-50.00 -90 -0.22195
-45.00 -90 -0.27518
-40.00 -90 -0.30791
-35.00 -90 -0.28822
-30.00 -90 -0.21623
-25.00 -90 -0.13237
-20.00 -90 -0.90407E-01
-15.00 -90 -0.11109
-10.00 -90 -0.15483
-5.00 -90 -0.14314
0.00 -90 -0.20512E-01
5.00 -90 0.18990
10.00 -90 0.38641
15.00 -90 0.45420
20.00 -90 0.35157
25.00 -90 0.14985
30.00 -90 -0.85372E-02
35.00 -90 -0.67470E-02
40.00 -90 0.16584
45.00 -90 0.40861
50.00 -90 0.58177
55.00 -90 0.59939
60.00 -90 0.47617
65.00 -90 0.30096
70.00 -90 0.16705
80.00 -90 0.12530
-85.00 -85 0.21282E-02
-45.00 -85 -0.22078
-40.00 -85 -0.23702
-35.00 -85 -0.21718
-30.00 -85 -0.16546
-25.00 -85 -0.10265
-20.00 -85 -0.46735E-01
-15.00 -85 0.52652E-02
-10.00 -85 0.77158E-01
-5.00 -85 0.19212
0.00 -85 0.34475
5.00 -85 0.48981
10.00 -85 0.56135
15.00 -85 0.51440
20.00 -85 0.36205
25.00 -85 0.17971
30.00 -85 0.68103E-01
35.00 -85 0.94649E-01
40.00 -85 0.25069
45.00 -85 0.45375
85.00 -85 0.12994
-75.00 -80 -0.72140E-01
-65.00 -80 -0.98608E-01
-60.00 -80 -0.94026E-01
-55.00 -80 -0.10000
-50.00 -80 -0.11870
-45.00 -80 -0.13639
-40.00 -80 -0.13863
-35.00 -80 -0.12327
-30.00 -80 -0.96011E-01
-25.00 -80 -0.53579E-01
-20.00 -80 0.24795E-01
-15.00 -80 0.16300
-10.00 -80 0.35960
-5.00 -80 0.57131
0.00 -80 0.72713
5.00 -80 0.76684
10.00 -80 0.67640
15.00 -80 0.49580
20.00 -80 0.29686
25.00 -80 0.14936
30.00 -80 0.96260E-01
35.00 -80 0.14517
40.00 -80 0.27045
45.00 -80 0.42011
50.00 -80 0.52954
55.00 -80 0.54570
60.00 -80 0.45489
65.00 -80 0.29547
75.00 -80 0.53939E-01
-70.00 -75 -0.45960E-01
-45.00 -75 -0.42137E-01
-40.00 -75 -0.36707E-01
-35.00 -75 -0.26023E-01
-30.00 -75 -0.17177E-01
-25.00 -75 0.10542E-01
-20.00 -75 0.10576
-15.00 -75 0.30500
-10.00 -75 0.58280
-5.00 -75 0.84175
0.00 -75 0.96345
5.00 -75 0.88698
10.00 -75 0.65261
15.00 -75 0.37467
20.00 -75 0.16613
25.00 -75 0.76042E-01
30.00 -75 0.84165E-01
35.00 -75 0.14364
40.00 -75 0.22347
45.00 -75 0.31309
70.00 -75 0.12463
-65.00 -70 0.34756E-01
-60.00 -70 0.60766E-01
-55.00 -70 0.65180E-01
-50.00 -70 0.51268E-01
-45.00 -70 0.41275E-01
-40.00 -70 0.47745E-01
-35.00 -70 0.60324E-01
-30.00 -70 0.68179E-01
-25.00 -70 0.93755E-01
-20.00 -70 0.19212
-15.00 -70 0.40076
-10.00 -70 0.68049
-5.00 -70 0.91055
0.00 -70 0.95974
5.00 -70 0.78396
10.00 -70 0.46758
15.00 -70 0.16829
20.00 -70 0.77584E-02
25.00 -70 -0.18961E-02
30.00 -70 0.60926E-01
35.00 -70 0.11259
40.00 -70 0.13349
45.00 -70 0.16167
50.00 -70 0.22794
55.00 -70 0.30503
60.00 -70 0.32510
65.00 -70 0.24807
-45.00 -65 0.98737E-01
-40.00 -65 0.10062
-35.00 -65 0.12487
-30.00 -65 0.15400
-25.00 -65 0.19448
-20.00 -65 0.28458
-15.00 -65 0.45178
-10.00 -65 0.65736
-5.00 -65 0.79250
0.00 -65 0.74876
5.00 -65 0.51138
10.00 -65 0.18970
15.00 -65 -0.53244E-01
20.00 -65 -0.11943
25.00 -65 -0.42335E-01
30.00 -65 0.56454E-01
35.00 -65 0.79739E-01
40.00 -65 0.33831E-01
45.00 -65 0.50679E-02
-80.00 -60 0.96057E-01
-75.00 -60 0.92641E-01
-70.00 -60 0.11668
-65.00 -60 0.17175
-60.00 -60 0.21963
-55.00 -60 0.22018
-50.00 -60 0.17421
-45.00 -60 0.12505
-40.00 -60 0.11739
-35.00 -60 0.15886
-30.00 -60 0.22415
-25.00 -60 0.29226
-20.00 -60 0.36968
-15.00 -60 0.46838
-10.00 -60 0.56261
-5.00 -60 0.58055
0.00 -60 0.45713
5.00 -60 0.20673
10.00 -60 -0.59294E-01
15.00 -60 -0.20309
20.00 -60 -0.16779
25.00 -60 -0.26290E-01
30.00 -60 0.79203E-01
35.00 -60 0.58847E-01
40.00 -60 -0.49905E-01
45.00 -60 -0.12285
50.00 -60 -0.68328E-01
55.00 -60 0.84975E-01
60.00 -60 0.21324
65.00 -60 0.21151
70.00 -60 0.89853E-01
75.00 -60 -0.38183E-01
80.00 -60 -0.60134E-01
-45.00 -55 0.12647
-40.00 -55 0.10528
-35.00 -55 0.15982
-30.00 -55 0.25835
-25.00 -55 0.35185
-20.00 -55 0.41439
-15.00 -55 0.44549
-10.00 -55 0.43992
-5.00 -55 0.36992
0.00 -55 0.21204
5.00 -55 -0.46824E-02
10.00 -55 -0.18788
15.00 -55 -0.23900
20.00 -55 -0.13838
25.00 -55 0.22676E-01
30.00 -55 0.10611
35.00 -55 0.41641E-01
40.00 -55 -0.10932
45.00 -55 -0.20408
-65.00 -50 0.24058
-60.00 -50 0.29601
-55.00 -50 0.28969
-50.00 -50 0.21219
-45.00 -50 0.11830
-40.00 -50 0.83100E-01
-35.00 -50 0.13825
-30.00 -50 0.24850
-25.00 -50 0.34632
-20.00 -50 0.38599
-15.00 -50 0.36505
-10.00 -50 0.30120
-5.00 -50 0.20158
0.00 -50 0.64934E-01
5.00 -50 -0.87216E-01
10.00 -50 -0.19535
15.00 -50 -0.19691
20.00 -50 -0.88935E-01
25.00 -50 0.46560E-01
30.00 -50 0.95145E-01
35.00 -50 0.67776E-02
40.00 -50 -0.15038
45.00 -50 -0.23814
50.00 -50 -0.16600
55.00 -50 0.24532E-01
60.00 -50 0.18947
65.00 -50 0.20509
-70.00 -45 0.18400
-45.00 -45 0.11837
-40.00 -45 0.75479E-01
-35.00 -45 0.11842
-30.00 -45 0.21117
-25.00 -45 0.28173
-20.00 -45 0.28338
-15.00 -45 0.22438
-10.00 -45 0.14364
-5.00 -45 0.66222E-01
0.00 -45 -0.11304E-01
5.00 -45 -0.93898E-01
10.00 -45 -0.15810
15.00 -45 -0.16268
20.00 -45 -0.96175E-01
25.00 -45 -0.90127E-02
30.00 -45 0.16206E-01
35.00 -45 -0.59625E-01
40.00 -45 -0.18186
45.00 -45 -0.23609
70.00 -45 0.64776E-01
-75.00 -40 0.18032
-65.00 -40 0.19877
-60.00 -40 0.24581
-55.00 -40 0.25788
-50.00 -40 0.21054
-45.00 -40 0.13788
-40.00 -40 0.10107
-35.00 -40 0.12733
-30.00 -40 0.18164
-25.00 -40 0.20000
-20.00 -40 0.15041
-15.00 -40 0.60312E-01
-10.00 -40 -0.15208E-01
-5.00 -40 -0.49128E-01
0.00 -40 -0.63826E-01
5.00 -40 -0.97742E-01
10.00 -40 -0.15609
15.00 -40 -0.20145
20.00 -40 -0.19626
25.00 -40 -0.15086
30.00 -40 -0.12040
35.00 -40 -0.14679
40.00 -40 -0.20435
45.00 -40 -0.21203
50.00 -40 -0.11111
55.00 -40 0.63968E-01
60.00 -40 0.19770
65.00 -40 0.18910
75.00 -40 -0.10678
-45.00 -35 0.17436
-40.00 -35 0.16005
-35.00 -35 0.17587
-30.00 -35 0.18946
-25.00 -35 0.15208
-20.00 -35 0.53012E-01
-15.00 -35 -0.61383E-01
-10.00 -35 -0.12773
-5.00 -35 -0.12684
0.00 -35 -0.10365
5.00 -35 -0.12328
10.00 -35 -0.20567
15.00 -35 -0.30435
20.00 -35 -0.35152
25.00 -35 -0.32378
30.00 -35 -0.26115
35.00 -35 -0.21978
40.00 -35 -0.20830
45.00 -35 -0.17724
-85.00 -30 0.18670
-80.00 -30 0.22589
-70.00 -30 0.94357E-01
-65.00 -30 0.58080E-01
-60.00 -30 0.84758E-01
-55.00 -30 0.14133
-50.00 -30 0.18681
-45.00 -30 0.21122
-40.00 -30 0.22964
-35.00 -30 0.24577
-30.00 -30 0.23296
-25.00 -30 0.15965
-20.00 -30 0.33103E-01
-15.00 -30 -0.90301E-01
-10.00 -30 -0.14850
-5.00 -30 -0.13321
0.00 -30 -0.10437
5.00 -30 -0.13865
10.00 -30 -0.25669
15.00 -30 -0.39874
20.00 -30 -0.47469
25.00 -30 -0.44223
30.00 -30 -0.33913
35.00 -30 -0.23993
40.00 -30 -0.18248
45.00 -30 -0.13915
50.00 -30 -0.61278E-01
55.00 -30 0.51291E-01
60.00 -30 0.13233
65.00 -30 0.10910
70.00 -30 -0.15889E-01
80.00 -30 -0.16340
85.00 -30 -0.33755E-01
-45.00 -25 0.22593
-40.00 -25 0.27351
-35.00 -25 0.29515
-30.00 -25 0.27499
-25.00 -25 0.19698
-20.00 -25 0.76610E-01
-15.00 -25 -0.33000E-01
-10.00 -25 -0.79857E-01
-5.00 -25 -0.64377E-01
0.00 -25 -0.48965E-01
5.00 -25 -0.10664
10.00 -25 -0.25076
15.00 -25 -0.41278
20.00 -25 -0.49418
25.00 -25 -0.44844
30.00 -25 -0.31788
35.00 -25 -0.19159
40.00 -25 -0.12573
45.00 -25 -0.10295
-75.00 -20 0.14784
-65.00 -20 -0.12066
-60.00 -20 -0.11874
-55.00 -20 -0.22807E-01
-50.00 -20 0.10266
-45.00 -20 0.20336
-40.00 -20 0.26211
-35.00 -20 0.28337
-30.00 -20 0.26770
-25.00 -20 0.21086
-20.00 -20 0.12499
-15.00 -20 0.47702E-01
-10.00 -20 0.16431E-01
-5.00 -20 0.28253E-01
0.00 -20 0.30464E-01
5.00 -20 -0.37287E-01
10.00 -20 -0.18199
15.00 -20 -0.33681
20.00 -20 -0.40812
25.00 -20 -0.35304
30.00 -20 -0.21702
35.00 -20 -0.95110E-01
40.00 -20 -0.51562E-01
45.00 -20 -0.72271E-01
50.00 -20 -0.92905E-01
55.00 -20 -0.71892E-01
60.00 -20 -0.33737E-01
65.00 -20 -0.38404E-01
75.00 -20 -0.18504
-70.00 -15 -0.60048E-01
-45.00 -15 0.14632
-40.00 -15 0.19204
-35.00 -15 0.19986
-30.00 -15 0.19036
-25.00 -15 0.16562
-20.00 -15 0.12393
-15.00 -15 0.80266E-01
-10.00 -15 0.59538E-01
-5.00 -15 0.65946E-01
0.00 -15 0.65859E-01
5.00 -15 0.12785E-01
10.00 -15 -0.10256
15.00 -15 -0.22771
20.00 -15 -0.28217
25.00 -15 -0.22579
30.00 -15 -0.99224E-01
35.00 -15 0.51544E-02
40.00 -15 0.19202E-01
45.00 -15 -0.47079E-01
70.00 -15 -0.15409
-65.00 -10 -0.25959
-60.00 -10 -0.26983
-55.00 -10 -0.15371
-50.00 -10 -0.99098E-02
-45.00 -10 0.76310E-01
-40.00 -10 0.90867E-01
-35.00 -10 0.75659E-01
-30.00 -10 0.70565E-01
-25.00 -10 0.76277E-01
-20.00 -10 0.69087E-01
-15.00 -10 0.40293E-01
-10.00 -10 0.10557E-01
-5.00 -10 0.31708E-02
0.00 -10 0.98968E-02
5.00 -10 -0.66052E-02
10.00 -10 -0.70467E-01
15.00 -10 -0.15476
20.00 -10 -0.19400
25.00 -10 -0.14292
30.00 -10 -0.26723E-01
35.00 -10 0.70274E-01
40.00 -10 0.72923E-01
45.00 -10 -0.20953E-01
50.00 -10 -0.14145
55.00 -10 -0.21144
60.00 -10 -0.21292
65.00 -10 -0.19100
-45.00 -5 0.22553E-01
-40.00 -5 0.25007E-02
-35.00 -5 -0.33145E-01
-30.00 -5 -0.30593E-01
-25.00 -5 0.45450E-03
-20.00 -5 0.88897E-02
-15.00 -5 -0.33891E-01
-10.00 -5 -0.99847E-01
-5.00 -5 -0.13498
0.00 -5 -0.11901
5.00 -5 -0.87692E-01
10.00 -5 -0.92185E-01
15.00 -5 -0.13831
20.00 -5 -0.17231
25.00 -5 -0.13293
30.00 -5 -0.19926E-01
35.00 -5 0.92041E-01
40.00 -5 0.11328
45.00 -5 0.18311E-01
90.00 0.00 0.15718
-90.00 0.00 0.62792E-01
