-85.00 0.00 0.44880
-80.00 0.00 0.39391
-75.00 0.00 0.32222
-70.00 0.00 0.27752
-65.00 0.00 0.27250
-60.00 0.00 0.26625
-55.00 0.00 0.18859
-50.00 0.00 -0.59772E-02
-45.00 0.00 -0.29647
-40.00 0.00 -0.60133
-35.00 0.00 -0.83031
-30.00 0.00 -0.94214
-25.00 0.00 -0.96273
-20.00 0.00 -0.95146
-15.00 0.00 -0.94599
-10.00 0.00 -0.93259
-5.00 0.00 -0.86558
0.00 0.00 -0.71672
5.00 0.00 -0.51125
10.00 0.00 -0.31955
15.00 0.00 -0.21133
20.00 0.00 -0.20886
25.00 0.00 -0.27402
30.00 0.00 -0.33558
35.00 0.00 -0.33358
40.00 0.00 -0.24970
45.00 0.00 -0.10845
50.00 0.00 0.44217E-01
55.00 0.00 0.16679
60.00 0.00 0.23897
65.00 0.00 0.26557
70.00 0.00 0.26945
75.00 0.00 0.27871
80.00 0.00 0.30782
85.00 0.00 0.34871
-45.00 5.00 -0.37750
-40.00 5.00 -0.73703
-35.00 5.00 -1.0210
-30.00 5.00 -1.1646
-25.00 5.00 -1.1793
-20.00 5.00 -1.1289
-15.00 5.00 -1.0698
-10.00 5.00 -1.0073
-5.00 5.00 -0.90227
0.00 5.00 -0.72042
5.00 5.00 -0.47911
10.00 5.00 -0.24951
15.00 5.00 -0.11134
20.00 5.00 -0.96537E-01
25.00 5.00 -0.16649
30.00 5.00 -0.23927
35.00 5.00 -0.24357
40.00 5.00 -0.15913
45.00 5.00 -0.18588E-01
-65.00 10.00 0.26185
-60.00 10.00 0.24433
-55.00 10.00 0.15810
-50.00 10.00 -0.61962E-01
-45.00 10.00 -0.41112
-40.00 10.00 -0.80169
-35.00 10.00 -1.1116
-30.00 10.00 -1.2607
-25.00 10.00 -1.2564
-20.00 10.00 -1.1742
-15.00 10.00 -1.0903
-10.00 10.00 -1.0243
-5.00 10.00 -0.93712
0.00 10.00 -0.78245
5.00 10.00 -0.56321
10.00 10.00 -0.34256
15.00 10.00 -0.19957
20.00 10.00 -0.16792
25.00 10.00 -0.20951
30.00 10.00 -0.24353
35.00 10.00 -0.20525
40.00 10.00 -0.87122E-01
45.00 10.00 0.65845E-01
50.00 10.00 0.19550
55.00 10.00 0.26928
60.00 10.00 0.29129
65.00 10.00 0.28668
-70.00 15.00 0.29652
-45.00 15.00 -0.39879
-40.00 15.00 -0.79170
-35.00 15.00 -1.0936
-30.00 15.00 -1.2200
-25.00 15.00 -1.1856
-20.00 15.00 -1.0827
-15.00 15.00 -1.0041
-10.00 15.00 -0.97525
-5.00 15.00 -0.95028
0.00 15.00 -0.86782
5.00 15.00 -0.71510
10.00 15.00 -0.54274
15.00 15.00 -0.42006
20.00 15.00 -0.37387
25.00 15.00 -0.36562
30.00 15.00 -0.32545
35.00 15.00 -0.21084
40.00 15.00 -0.39009E-01
45.00 15.00 0.13102
70.00 15.00 0.28399
-75.00 20.00 0.38137
-65.00 20.00 0.27809
-60.00 20.00 0.26629
-55.00 20.00 0.19208
-50.00 20.00 -0.17710E-01
-45.00 20.00 -0.35790
-40.00 20.00 -0.72837
-35.00 20.00 -0.99320
-30.00 20.00 -1.0733
-25.00 20.00 -0.99919
-20.00 20.00 -0.88087
-15.00 20.00 -0.82128
-10.00 20.00 -0.84426
-5.00 20.00 -0.89366
0.00 20.00 -0.89623
5.00 20.00 -0.82809
10.00 20.00 -0.72692
15.00 20.00 -0.64559
20.00 20.00 -0.59587
25.00 20.00 -0.53653
30.00 20.00 -0.41481
35.00 20.00 -0.22036
40.00 20.00 -0.73205E-03
45.00 20.00 0.17413
50.00 20.00 0.26445
55.00 20.00 0.28349
60.00 20.00 0.27552
65.00 20.00 0.27525
75.00 20.00 0.30080
-45.00 25.00 -0.31407
-40.00 25.00 -0.64658
-35.00 25.00 -0.85553
-30.00 25.00 -0.87367
-25.00 25.00 -0.75034
-20.00 25.00 -0.61089
-15.00 25.00 -0.56218
-10.00 25.00 -0.62229
-5.00 25.00 -0.72750
0.00 25.00 -0.80040
5.00 25.00 -0.81289
10.00 25.00 -0.79051
15.00 25.00 -0.76432
20.00 25.00 -0.72516
25.00 25.00 -0.62802
30.00 25.00 -0.44140
35.00 25.00 -0.19125
40.00 25.00 0.46209E-01
45.00 25.00 0.19843
-80.00 30.00 0.49088
-70.00 30.00 0.32747
-65.00 30.00 0.28984
-60.00 30.00 0.27525
-55.00 30.00 0.20371
-50.00 30.00 0.83970E-02
-45.00 30.00 -0.29043
-40.00 30.00 -0.57874
-35.00 30.00 -0.72378
-30.00 30.00 -0.67265
-25.00 30.00 -0.49258
-20.00 30.00 -0.31980
-15.00 30.00 -0.26109
-10.00 30.00 -0.32948
-5.00 30.00 -0.46012
0.00 30.00 -0.57965
5.00 30.00 -0.66027
10.00 30.00 -0.71400
15.00 30.00 -0.74588
20.00 30.00 -0.72389
25.00 30.00 -0.60214
30.00 30.00 -0.37503
35.00 30.00 -0.10510
40.00 30.00 0.11004
45.00 30.00 0.20716
50.00 30.00 0.20203
55.00 30.00 0.16915
60.00 30.00 0.17622
65.00 30.00 0.23292
70.00 30.00 0.29758
80.00 30.00 0.32446
-45.00 35.00 -0.29894
-40.00 35.00 -0.54239
-35.00 35.00 -0.62334
-30.00 35.00 -0.50368
-25.00 35.00 -0.26546
-20.00 35.00 -0.51171E-01
-15.00 35.00 0.34471E-01
-10.00 35.00 -0.19605E-01
-5.00 35.00 -0.15370
0.00 35.00 -0.30330
5.00 35.00 -0.44086
10.00 35.00 -0.56125
15.00 35.00 -0.64113
20.00 35.00 -0.62874
25.00 35.00 -0.48455
30.00 35.00 -0.23440
35.00 35.00 0.24591E-01
40.00 35.00 0.18354
45.00 35.00 0.20099
-75.00 40.00 0.42877
-65.00 40.00 0.26293
-60.00 40.00 0.21693
-55.00 40.00 0.11957
-50.00 40.00 -0.78407E-01
-45.00 40.00 -0.33735
-40.00 40.00 -0.53619
-35.00 40.00 -0.55689
-30.00 40.00 -0.37652
-25.00 40.00 -0.88548E-01
-20.00 40.00 0.16277
-15.00 40.00 0.27668
-10.00 40.00 0.24232
-5.00 40.00 0.11119
0.00 40.00 -0.61697E-01
5.00 40.00 -0.24644
10.00 40.00 -0.41789
15.00 40.00 -0.52575
20.00 40.00 -0.50529
25.00 40.00 -0.33182
30.00 40.00 -0.66273E-01
35.00 40.00 0.16420
40.00 40.00 0.24971
45.00 40.00 0.17967
50.00 40.00 0.50874E-01
55.00 40.00 -0.97284E-02
60.00 40.00 0.56391E-01
65.00 40.00 0.20213
75.00 40.00 0.36608
-70.00 45.00 0.31847
-45.00 45.00 -0.39211
-40.00 45.00 -0.54466
-35.00 45.00 -0.51034
-30.00 45.00 -0.28251
-25.00 45.00 0.37070E-01
-20.00 45.00 0.30735
-15.00 45.00 0.43550
-10.00 45.00 0.41257
-5.00 45.00 0.28267
0.00 45.00 0.92395E-01
5.00 45.00 -0.12521
10.00 45.00 -0.32688
15.00 45.00 -0.44116
20.00 45.00 -0.39790
25.00 45.00 -0.19167
30.00 45.00 0.83746E-01
35.00 45.00 0.27923
40.00 45.00 0.29223
45.00 45.00 0.14577
70.00 45.00 0.35485
-65.00 50.00 0.18922
-60.00 50.00 0.89156E-01
-55.00 50.00 -0.45952E-01
-50.00 50.00 -0.24126
-45.00 50.00 -0.44500
-40.00 50.00 -0.54790
-35.00 50.00 -0.46453
-30.00 50.00 -0.20573
-25.00 50.00 0.12168
-20.00 50.00 0.38579
-15.00 50.00 0.50780
-10.00 50.00 0.48549
-5.00 50.00 0.35834
0.00 50.00 0.16447
5.00 50.00 -0.63933E-01
10.00 50.00 -0.27344
15.00 50.00 -0.38042
20.00 50.00 -0.31433
25.00 50.00 -0.86111E-01
30.00 50.00 0.18782
35.00 50.00 0.34775
40.00 50.00 0.30355
45.00 50.00 0.10698
50.00 50.00 -0.82994E-01
55.00 50.00 -0.11980
60.00 50.00 0.22546E-01
65.00 50.00 0.24035
-85.00 55.00 0.54565
-45.00 55.00 -0.47982
-40.00 55.00 -0.53078
-35.00 55.00 -0.40607
-30.00 55.00 -0.13395
-25.00 55.00 0.17771
-20.00 55.00 0.41228
-15.00 55.00 0.51127
-10.00 55.00 0.48426
-5.00 55.00 0.36852
0.00 55.00 0.19160
5.00 55.00 -0.22756E-01
10.00 55.00 -0.22215
15.00 55.00 -0.32014
20.00 55.00 -0.24703
25.00 55.00 -0.20667E-01
30.00 55.00 0.23545
35.00 55.00 0.36352
40.00 55.00 0.28702
45.00 55.00 0.75430E-01
85.00 55.00 0.32083
-80.00 60.00 0.54607
-75.00 60.00 0.43276
-70.00 60.00 0.26262
-65.00 60.00 0.94766E-01
-60.00 60.00 -0.55575E-01
-55.00 60.00 -0.20851
-50.00 60.00 -0.36807
-45.00 60.00 -0.48642
-40.00 60.00 -0.48750
-35.00 60.00 -0.33242
-30.00 60.00 -0.64112E-01
-25.00 60.00 0.21335
-20.00 60.00 0.40322
-15.00 60.00 0.47068
-10.00 60.00 0.43927
-5.00 60.00 0.34471
0.00 60.00 0.20168
5.00 60.00 0.18811E-01
10.00 60.00 -0.16183
15.00 60.00 -0.25785
20.00 60.00 -0.19895
25.00 60.00 0.11702E-02
30.00 60.00 0.22729
35.00 60.00 0.33355
40.00 60.00 0.25480
45.00 60.00 0.64484E-01
50.00 60.00 -0.77137E-01
55.00 60.00 -0.47178E-01
60.00 60.00 0.14516
65.00 60.00 0.37183
70.00 60.00 0.49282
75.00 60.00 0.46680
80.00 60.00 0.36892
-45.00 65.00 -0.46104
-40.00 65.00 -0.42046
-35.00 65.00 -0.24966
-30.00 65.00 -0.42660E-03
-25.00 65.00 0.23218
-20.00 65.00 0.37296
-15.00 65.00 0.40899
-10.00 65.00 0.37517
-5.00 65.00 0.30454
0.00 65.00 0.19876
5.00 65.00 0.50134E-01
10.00 65.00 -0.11289
15.00 65.00 -0.21489
20.00 65.00 -0.18359
25.00 65.00 -0.21269E-01
30.00 65.00 0.17483
35.00 65.00 0.27598
40.00 65.00 0.22423
45.00 65.00 0.84851E-01
-65.00 70.00 0.23281E-01
-60.00 70.00 -0.14676
-55.00 70.00 -0.27981
-50.00 70.00 -0.37426
-45.00 70.00 -0.40451
-40.00 70.00 -0.33586
-35.00 70.00 -0.16617
-30.00 70.00 0.51973E-01
-25.00 70.00 0.23758
-20.00 70.00 0.33545
-15.00 70.00 0.34768
-10.00 70.00 0.31359
-5.00 70.00 0.26113
0.00 70.00 0.18204
5.00 70.00 0.57477E-01
10.00 70.00 -0.94411E-01
15.00 70.00 -0.20491
20.00 70.00 -0.20057
25.00 70.00 -0.71462E-01
30.00 70.00 0.10520
35.00 70.00 0.21844
40.00 70.00 0.21382
45.00 70.00 0.14117
50.00 70.00 0.11296
55.00 70.00 0.20591
60.00 70.00 0.39115
65.00 70.00 0.55531
-70.00 75.00 0.21706
-45.00 75.00 -0.32030
-40.00 75.00 -0.23950
-35.00 75.00 -0.87032E-01
-30.00 75.00 0.92554E-01
-25.00 75.00 0.23655
-20.00 75.00 0.30606
-15.00 75.00 0.30870
-10.00 75.00 0.27898
-5.00 75.00 0.23699
0.00 75.00 0.16950
5.00 75.00 0.55340E-01
10.00 75.00 -0.90711E-01
15.00 75.00 -0.20526
20.00 75.00 -0.21700
25.00 75.00 -0.10860
30.00 75.00 0.59418E-01
35.00 75.00 0.19222
40.00 75.00 0.23789
45.00 75.00 0.22964
70.00 75.00 0.63114
-75.00 80.00 0.42265
-65.00 80.00 0.81475E-02
-60.00 80.00 -0.14070
-55.00 80.00 -0.21993
-50.00 80.00 -0.24166
-45.00 80.00 -0.21411
-40.00 80.00 -0.13572
-35.00 80.00 -0.12769E-01
-30.00 80.00 0.12579
-25.00 80.00 0.23833
-20.00 80.00 0.29806
-15.00 80.00 0.30902
-10.00 80.00 0.29268
-5.00 80.00 0.25882
0.00 80.00 0.19388
5.00 80.00 0.82655E-01
10.00 80.00 -0.57108E-01
15.00 80.00 -0.16668
20.00 80.00 -0.18177
25.00 80.00 -0.84638E-01
30.00 80.00 0.75830E-01
35.00 80.00 0.21976
40.00 80.00 0.30004
45.00 80.00 0.33727
50.00 80.00 0.39264
55.00 80.00 0.50188
60.00 80.00 0.63149
65.00 80.00 0.70016
75.00 80.00 0.50249
-45.00 85.00 -0.94659E-01
-40.00 85.00 -0.29290E-01
-35.00 85.00 0.57448E-01
-30.00 85.00 0.15664
-25.00 85.00 0.24842
-20.00 85.00 0.31440
-15.00 85.00 0.34910
-10.00 85.00 0.35600
-5.00 85.00 0.33354
0.00 85.00 0.27096
5.00 85.00 0.16404
10.00 85.00 0.36797E-01
15.00 85.00 -0.57498E-01
20.00 85.00 -0.66388E-01
25.00 85.00 0.22025E-01
30.00 85.00 0.16612
35.00 85.00 0.30096
40.00 85.00 0.38859
45.00 85.00 0.44374
-80.00 90.00 0.55249
-70.00 90.00 0.23083
-65.00 90.00 0.51736E-01
-60.00 90.00 -0.48687E-01
-55.00 90.00 -0.62749E-01
-50.00 90.00 -0.24851E-01
-45.00 90.00 0.25606E-01
-40.00 90.00 0.72172E-01
-35.00 90.00 0.12168
-30.00 90.00 0.18555
-25.00 90.00 0.26362
-20.00 90.00 0.34302
-15.00 90.00 0.40667
-10.00 90.00 0.43971
-5.00 90.00 0.43048
0.00 90.00 0.37295
5.00 90.00 0.27548
10.00 90.00 0.16881
15.00 90.00 0.99197E-01
20.00 90.00 0.10379
25.00 90.00 0.18422
30.00 90.00 0.30275
35.00 90.00 0.40923
40.00 90.00 0.47869
45.00 90.00 0.52665
50.00 90.00 0.58632
55.00 90.00 0.66687
60.00 90.00 0.73255
65.00 90.00 0.72632
70.00 90.00 0.62207
80.00 90.00 0.32395
-45.00 95.00 0.13204
-40.00 95.00 0.15836
-35.00 95.00 0.17430
-30.00 95.00 0.20780
-25.00 95.00 0.27366
-20.00 95.00 0.36211
-15.00 95.00 0.44588
-10.00 95.00 0.49564
-5.00 95.00 0.49320
0.00 95.00 0.43881
5.00 95.00 0.35302
10.00 95.00 0.27211
15.00 95.00 0.23435
20.00 95.00 0.26012
25.00 95.00 0.33828
30.00 95.00 0.43190
35.00 95.00 0.50358
40.00 95.00 0.54248
45.00 95.00 0.56931
-75.00 100.00 0.43527
-65.00 100.00 0.12688
-60.00 100.00 0.71694E-01
-55.00 100.00 0.10049
-50.00 100.00 0.16505
-45.00 100.00 0.21181
-40.00 100.00 0.22008
-35.00 100.00 0.20986
-30.00 100.00 0.21871
-25.00 100.00 0.26966
-20.00 100.00 0.35411
-15.00 100.00 0.43847
-10.00 100.00 0.48578
-5.00 100.00 0.47653
0.00 100.00 0.41835
5.00 100.00 0.34211
10.00 100.00 0.28773
15.00 100.00 0.28529
20.00 100.00 0.33937
25.00 100.00 0.42582
30.00 100.00 0.50585
35.00 100.00 0.55112
40.00 100.00 0.56269
45.00 100.00 0.56753
50.00 100.00 0.59241
55.00 100.00 0.63524
60.00 100.00 0.65966
65.00 100.00 0.62222
75.00 100.00 0.37467
-70.00 105.00 0.28800
-45.00 105.00 0.25901
-40.00 105.00 0.25500
-35.00 105.00 0.22938
-30.00 105.00 0.22093
-25.00 105.00 0.25357
-20.00 105.00 0.31863
-15.00 105.00 0.38188
-10.00 105.00 0.40707
-5.00 105.00 0.37897
0.00 105.00 0.31249
5.00 105.00 0.24479
10.00 105.00 0.21582
15.00 105.00 0.24741
20.00 105.00 0.33127
25.00 105.00 0.43300
30.00 105.00 0.51173
35.00 105.00 0.54477
40.00 105.00 0.54098
45.00 105.00 0.53148
70.00 105.00 0.43894
-85.00 110.00 0.54057
-65.00 110.00 0.19963
-60.00 110.00 0.16314
-55.00 110.00 0.19309
-50.00 110.00 0.24638
-45.00 110.00 0.27784
-40.00 110.00 0.27117
-35.00 110.00 0.24409
-30.00 110.00 0.22810
-25.00 110.00 0.24132
-20.00 110.00 0.27492
-15.00 110.00 0.30067
-10.00 110.00 0.29195
-5.00 110.00 0.24281
0.00 110.00 0.17358
5.00 110.00 0.12097
10.00 110.00 0.11864
15.00 110.00 0.17871
20.00 110.00 0.28388
25.00 110.00 0.39551
30.00 110.00 0.47446
35.00 110.00 0.50328
40.00 110.00 0.49496
45.00 110.00 0.48056
50.00 110.00 0.48339
55.00 110.00 0.49883
60.00 110.00 0.49735
65.00 110.00 0.45072
85.00 110.00 0.27687
-45.00 115.00 0.28146
-40.00 115.00 0.28492
-35.00 115.00 0.27217
-30.00 115.00 0.26012
-25.00 115.00 0.25600
-20.00 115.00 0.25153
-15.00 115.00 0.23103
-10.00 115.00 0.18558
-5.00 115.00 0.12262
0.00 115.00 0.65174E-01
5.00 115.00 0.41455E-01
10.00 115.00 0.70625E-01
15.00 115.00 0.15168
20.00 115.00 0.26160
25.00 115.00 0.36503
30.00 115.00 0.43198
35.00 115.00 0.45363
40.00 115.00 0.44542
45.00 115.00 0.43365
-80.00 120.00 0.52518
-75.00 120.00 0.44907
-70.00 120.00 0.34161
-65.00 120.00 0.25313
-60.00 120.00 0.21285
-55.00 120.00 0.21931
-50.00 120.00 0.25109
-45.00 120.00 0.28605
-40.00 120.00 0.31270
-35.00 120.00 0.32839
-30.00 120.00 0.33081
-25.00 120.00 0.31344
-20.00 120.00 0.26944
-15.00 120.00 0.19996
-10.00 120.00 0.11890
-5.00 120.00 0.49836E-01
0.00 120.00 0.16664E-01
5.00 120.00 0.33440E-01
10.00 120.00 0.98234E-01
15.00 120.00 0.19322
20.00 120.00 0.29102
25.00 120.00 0.36561
30.00 120.00 0.40363
35.00 120.00 0.40999
40.00 120.00 0.40306
45.00 120.00 0.40044
50.00 120.00 0.40462
55.00 120.00 0.40003
60.00 120.00 0.36616
65.00 120.00 0.29845
70.00 120.00 0.22014
75.00 120.00 0.17342
80.00 120.00 0.19108
-45.00 125.00 0.30267
-40.00 125.00 0.36037
-35.00 125.00 0.41132
-30.00 125.00 0.43360
-25.00 125.00 0.40729
-20.00 125.00 0.32734
-15.00 125.00 0.21149
-10.00 125.00 0.95987E-01
-5.00 125.00 0.20306E-01
0.00 125.00 0.95510E-02
5.00 125.00 0.63997E-01
10.00 125.00 0.16037
15.00 125.00 0.26316
20.00 125.00 0.34028
25.00 125.00 0.37630
30.00 125.00 0.37757
35.00 125.00 0.36605
40.00 125.00 0.36423
45.00 125.00 0.37898
-65.00 130.00 0.29130
-60.00 130.00 0.24747
-55.00 130.00 0.23907
-50.00 130.00 0.26781
-45.00 130.00 0.33118
-40.00 130.00 0.41649
-35.00 130.00 0.49630
-30.00 130.00 0.53427
-25.00 130.00 0.50174
-20.00 130.00 0.39550
-15.00 130.00 0.24421
-10.00 130.00 0.98216E-01
-5.00 130.00 0.77552E-02
0.00 130.00 0.75464E-03
5.00 130.00 0.71213E-01
10.00 130.00 0.18312
15.00 130.00 0.28794
20.00 130.00 0.34782
25.00 130.00 0.35349
30.00 130.00 0.32704
35.00 130.00 0.30628
40.00 130.00 0.31862
45.00 130.00 0.36070
50.00 130.00 0.39868
55.00 130.00 0.39149
60.00 130.00 0.32224
65.00 130.00 0.21533
-70.00 135.00 0.37062
-45.00 135.00 0.36018
-40.00 135.00 0.45494
-35.00 135.00 0.54098
-30.00 135.00 0.57827
-25.00 135.00 0.53878
-20.00 135.00 0.42186
-15.00 135.00 0.25728
-10.00 135.00 0.94457E-01
-5.00 135.00 -0.16480E-01
0.00 135.00 -0.44133E-01
5.00 135.00 0.11042E-01
10.00 135.00 0.11580
15.00 135.00 0.21841
20.00 135.00 0.27466
25.00 135.00 0.27276
30.00 135.00 0.24048
35.00 135.00 0.22603
40.00 135.00 0.26219
45.00 135.00 0.33875
70.00 135.00 0.98670E-01
-75.00 140.00 0.43414
-65.00 140.00 0.32368
-60.00 140.00 0.29044
-55.00 140.00 0.28451
-50.00 140.00 0.31300
-45.00 140.00 0.37350
-40.00 140.00 0.44750
-35.00 140.00 0.50424
-30.00 140.00 0.51398
-25.00 140.00 0.46152
-20.00 140.00 0.35118
-15.00 140.00 0.20348
-10.00 140.00 0.49378E-01
-5.00 140.00 -0.75089E-01
0.00 140.00 -0.13693
5.00 140.00 -0.12002
10.00 140.00 -0.38516E-01
15.00 140.00 0.63803E-01
20.00 140.00 0.13607
25.00 140.00 0.15401
30.00 140.00 0.13895
35.00 140.00 0.14266
40.00 140.00 0.20446
45.00 140.00 0.31348
50.00 140.00 0.40909
55.00 140.00 0.42376
60.00 140.00 0.33666
65.00 140.00 0.19495
75.00 140.00 0.68726E-01
-45.00 145.00 0.36004
-40.00 145.00 0.38063
-35.00 145.00 0.37064
-30.00 145.00 0.32307
-25.00 145.00 0.24671
-20.00 145.00 0.15416
-15.00 145.00 0.49894E-01
-10.00 145.00 -0.66778E-01
-5.00 145.00 -0.18558
0.00 145.00 -0.27533
5.00 145.00 -0.29736
10.00 145.00 -0.23651
15.00 145.00 -0.12165
20.00 145.00 -0.11456E-01
25.00 145.00 0.48993E-01
30.00 145.00 0.64953E-01
35.00 145.00 0.86947E-01
40.00 145.00 0.16356
45.00 145.00 0.29120
-80.00 150.00 0.45436
-70.00 150.00 0.37866
-65.00 150.00 0.35222
-60.00 150.00 0.33810
-55.00 150.00 0.33547
-50.00 150.00 0.33638
-45.00 150.00 0.32118
-40.00 150.00 0.26676
-35.00 150.00 0.16626
-30.00 150.00 0.41328E-01
-25.00 150.00 -0.70307E-01
-20.00 150.00 -0.14566
-15.00 150.00 -0.19742
-10.00 150.00 -0.26102
-5.00 150.00 -0.35525
0.00 150.00 -0.45275
5.00 150.00 -0.49280
10.00 150.00 -0.43074
15.00 150.00 -0.28126
20.00 150.00 -0.11359
25.00 150.00 0.20099E-02
30.00 150.00 0.50554E-01
35.00 150.00 0.80182E-01
40.00 150.00 0.15219
45.00 150.00 0.27746
50.00 150.00 0.39803
55.00 150.00 0.43308
60.00 150.00 0.35051
65.00 150.00 0.20096
70.00 150.00 0.83466E-01
80.00 150.00 0.16366
-45.00 155.00 0.27085
-40.00 155.00 0.14181
-35.00 155.00 -0.46197E-01
-30.00 155.00 -0.24651
-25.00 155.00 -0.39717
-20.00 155.00 -0.46648
-15.00 155.00 -0.48017
-10.00 155.00 -0.49991
-5.00 155.00 -0.56584
0.00 155.00 -0.65275
5.00 155.00 -0.68337
10.00 155.00 -0.59278
15.00 155.00 -0.38910
20.00 155.00 -0.15486
25.00 155.00 0.15711E-01
30.00 155.00 0.89736E-01
35.00 155.00 0.11445
40.00 155.00 0.16523
45.00 155.00 0.27054
-75.00 160.00 0.39227
-65.00 160.00 0.37244
-60.00 160.00 0.37406
-55.00 160.00 0.36620
-50.00 160.00 0.32717
-45.00 160.00 0.22767
-40.00 160.00 0.48164E-01
-35.00 160.00 -0.19496
-30.00 160.00 -0.44223
-25.00 160.00 -0.62133
-20.00 160.00 -0.69811
-15.00 160.00 -0.70443
-10.00 160.00 -0.71151
-5.00 160.00 -0.76491
0.00 160.00 -0.83675
5.00 160.00 -0.84177
10.00 160.00 -0.70939
15.00 160.00 -0.45103
20.00 160.00 -0.16185
25.00 160.00 0.48382E-01
30.00 160.00 0.13694
35.00 160.00 0.15200
40.00 160.00 0.17927
45.00 160.00 0.26079
50.00 160.00 0.35894
55.00 160.00 0.39621
60.00 160.00 0.33203
65.00 160.00 0.20574
75.00 160.00 0.10646
-85.00 165.00 0.44362
-70.00 165.00 0.37123
-45.00 165.00 0.20365
-40.00 165.00 0.11873E-01
-35.00 165.00 -0.23627
-30.00 165.00 -0.48446
-25.00 165.00 -0.66815
-20.00 165.00 -0.75954
-15.00 165.00 -0.78954
-10.00 165.00 -0.82027
-5.00 165.00 -0.88539
0.00 165.00 -0.95002
5.00 165.00 -0.93132
10.00 165.00 -0.76837
15.00 165.00 -0.48303
20.00 165.00 -0.17598
25.00 165.00 0.43125E-01
30.00 165.00 0.13401
35.00 165.00 0.14624
40.00 165.00 0.16590
45.00 165.00 0.23700
70.00 165.00 0.12631
85.00 165.00 0.32114
-65.00 170.00 0.38113
-60.00 170.00 0.38913
-55.00 170.00 0.37040
-50.00 170.00 0.31011
-45.00 170.00 0.19668
-40.00 170.00 0.27514E-01
-35.00 170.00 -0.17951
-30.00 170.00 -0.38482
-25.00 170.00 -0.54688
-20.00 170.00 -0.65150
-15.00 170.00 -0.72284
-10.00 170.00 -0.79938
-5.00 170.00 -0.89082
0.00 170.00 -0.95528
5.00 170.00 -0.92395
10.00 170.00 -0.75858
15.00 170.00 -0.49353
20.00 170.00 -0.22217
25.00 170.00 -0.33961E-01
30.00 170.00 0.47160E-01
35.00 170.00 0.71173E-01
40.00 170.00 0.11078
45.00 170.00 0.19596
50.00 170.00 0.29126
55.00 170.00 0.33361
60.00 170.00 0.29434
65.00 170.00 0.20905
-45.00 175.00 0.19186
-40.00 175.00 0.61084E-01
-35.00 175.00 -0.83309E-01
-30.00 175.00 -0.22474
-25.00 175.00 -0.35134
-20.00 175.00 -0.46479
-15.00 175.00 -0.57841
-10.00 175.00 -0.69995
-5.00 175.00 -0.81180
0.00 175.00 -0.86999
5.00 175.00 -0.83076
10.00 175.00 -0.68736
15.00 175.00 -0.48509
20.00 175.00 -0.29659
25.00 175.00 -0.17306
30.00 175.00 -0.11043
35.00 175.00 -0.59745E-01
40.00 175.00 0.25965E-01
45.00 175.00 0.14823
-80.00 180.00 0.36283
-75.00 180.00 0.33992
-70.00 180.00 0.35281
-65.00 180.00 0.37867
-60.00 180.00 0.38406
-55.00 180.00 0.34757
-50.00 180.00 0.27066
-45.00 180.00 0.17140
-40.00 180.00 0.70149E-01
-35.00 180.00 -0.22621E-01
-30.00 180.00 -0.11074
-25.00 180.00 -0.20844
-20.00 180.00 -0.32995
-15.00 180.00 -0.47602
-10.00 180.00 -0.62473
-5.00 180.00 -0.73543
0.00 180.00 -0.76863
5.00 180.00 -0.71203
10.00 180.00 -0.59344
15.00 180.00 -0.46671
20.00 180.00 -0.37670
25.00 180.00 -0.32813
30.00 180.00 -0.28405
35.00 180.00 -0.19756
40.00 180.00 -0.53245E-01
45.00 180.00 0.11538
50.00 180.00 0.24755
55.00 180.00 0.29966
60.00 180.00 0.27713
65.00 180.00 0.22895
70.00 180.00 0.21039
75.00 180.00 0.24384
80.00 180.00 0.30870
-45.00 -175 0.12674
-40.00 -175 0.29323E-01
-35.00 -175 -0.46058E-01
-30.00 -175 -0.11421
-25.00 -175 -0.20438
-20.00 -175 -0.33691
-15.00 -175 -0.50195
-10.00 -175 -0.65625
-5.00 -175 -0.74477
0.00 -175 -0.73592
5.00 -175 -0.64616
10.00 -175 -0.53298
15.00 -175 -0.45706
20.00 -175 -0.43895
25.00 -175 -0.44347
30.00 -175 -0.40598
35.00 -175 -0.28255
40.00 -175 -0.86167E-01
45.00 -175 0.11904
-65.00 -170 0.36444
-60.00 -170 0.36273
-55.00 -170 0.30477
-50.00 -170 0.19585
-45.00 -170 0.65143E-01
-40.00 -170 -0.54772E-01
-35.00 -170 -0.14983
-30.00 -170 -0.23374
-25.00 -170 -0.33695
-20.00 -170 -0.47997
-15.00 -170 -0.64872
-10.00 -170 -0.79261
-5.00 -170 -0.85246
0.00 -170 -0.80251
5.00 -170 -0.67473
10.00 -170 -0.54262
15.00 -170 -0.47119
20.00 -170 -0.46910
25.00 -170 -0.48114
30.00 -170 -0.42978
35.00 -170 -0.27555
40.00 -170 -0.49485E-01
45.00 -170 0.16753
50.00 -170 0.30152
55.00 -170 0.33371
60.00 -170 0.30489
65.00 -170 0.27743
-70.00 -165 0.32285
-45.00 -165 0.61928E-02
-40.00 -165 -0.14816
-35.00 -165 -0.28400
-30.00 -165 -0.40360
-25.00 -165 -0.52639
-20.00 -165 -0.66900
-15.00 -165 -0.82234
-10.00 -165 -0.94509
-5.00 -165 -0.98487
0.00 -165 -0.91655
5.00 -165 -0.76816
10.00 -165 -0.60910
15.00 -165 -0.50339
20.00 -165 -0.46225
25.00 -165 -0.43545
30.00 -165 -0.35186
35.00 -165 -0.17882
40.00 -165 0.47777E-01
45.00 -165 0.24782
70.00 -165 0.33297
-75.00 -160 0.28964
-65.00 -160 0.33254
-60.00 -160 0.32206
-55.00 -160 0.25588
-50.00 -160 0.13363
-45.00 -160 -0.29380E-01
-40.00 -160 -0.20999
-35.00 -160 -0.38505
-30.00 -160 -0.54009
-25.00 -160 -0.67478
-20.00 -160 -0.79832
-15.00 -160 -0.91385
-10.00 -160 -1.0041
-5.00 -160 -1.0346
0.00 -160 -0.97846
5.00 -160 -0.84303
10.00 -160 -0.67386
15.00 -160 -0.52528
20.00 -160 -0.41977
25.00 -160 -0.33139
30.00 -160 -0.21134
35.00 -160 -0.35822E-01
40.00 -160 0.16557
45.00 -160 0.32793
50.00 -160 0.40169
55.00 -160 0.39209
60.00 -160 0.35321
65.00 -160 0.34250
75.00 -160 0.42542
-45.00 -155 -0.31499E-01
-40.00 -155 -0.21498
-35.00 -155 -0.41165
-30.00 -155 -0.59123
-25.00 -155 -0.72858
-20.00 -155 -0.81944
-15.00 -155 -0.87891
-10.00 -155 -0.92129
-5.00 -155 -0.94052
0.00 -155 -0.91253
5.00 -155 -0.81934
10.00 -155 -0.67129
15.00 -155 -0.50370
20.00 -155 -0.34898
25.00 -155 -0.21134
30.00 -155 -0.70257E-01
35.00 -155 0.89256E-01
40.00 -155 0.25015
45.00 -155 0.36955
-80.00 -150 0.28848
-70.00 -150 0.27481
-65.00 -150 0.27572
-60.00 -150 0.24693
-55.00 -150 0.18915
-50.00 -150 0.10750
-45.00 -150 -0.59312E-02
-40.00 -150 -0.16429
-35.00 -150 -0.36075
-30.00 -150 -0.55619
-25.00 -150 -0.69888
-20.00 -150 -0.76163
-15.00 -150 -0.76128
-10.00 -150 -0.74065
-5.00 -150 -0.72883
0.00 -150 -0.71713
5.00 -150 -0.67209
10.00 -150 -0.57093
15.00 -150 -0.42394
20.00 -150 -0.26397
25.00 -150 -0.11682
30.00 -150 0.15276E-01
35.00 -150 0.14164
40.00 -150 0.25897
45.00 -150 0.34511
50.00 -150 0.38044
55.00 -150 0.37460
60.00 -150 0.36680
65.00 -150 0.39381
70.00 -150 0.45416
80.00 -150 0.50830
-45.00 -145 0.29547E-01
-40.00 -145 -0.80176E-01
-35.00 -145 -0.25809
-30.00 -145 -0.46705
-25.00 -145 -0.63079
-20.00 -145 -0.68914
-15.00 -145 -0.64393
-10.00 -145 -0.55392
-5.00 -145 -0.48409
0.00 -145 -0.45556
5.00 -145 -0.43904
10.00 -145 -0.39181
15.00 -145 -0.29911
20.00 -145 -0.18212
25.00 -145 -0.71800E-01
30.00 -145 0.19756E-01
35.00 -145 0.10123
40.00 -145 0.18090
45.00 -145 0.25096
-85.00 -140 0.34670
-75.00 -140 0.24748
-65.00 -140 0.19949
-60.00 -140 0.13065
-55.00 -140 0.71128E-01
-50.00 -140 0.53086E-01
-45.00 -140 0.54617E-01
-40.00 -140 0.85048E-02
-35.00 -140 -0.13599
-30.00 -140 -0.35533
-25.00 -140 -0.55527
-20.00 -140 -0.63775
-15.00 -140 -0.57439
-10.00 -140 -0.42366
-5.00 -140 -0.28018
0.00 -140 -0.20350
5.00 -140 -0.18683
10.00 -140 -0.18401
15.00 -140 -0.16006
20.00 -140 -0.11624
25.00 -140 -0.73674E-01
30.00 -140 -0.41986E-01
35.00 -140 -0.89156E-02
40.00 -140 0.41913E-01
45.00 -140 0.11020
50.00 -140 0.18101
55.00 -140 0.24610
60.00 -140 0.31624
65.00 -140 0.40558
75.00 -140 0.56741
85.00 -140 0.47437
-70.00 -135 0.22229
-45.00 -135 0.55440E-01
-40.00 -135 0.78772E-01
-35.00 -135 -0.18186E-01
-30.00 -135 -0.23445
-25.00 -135 -0.46859
-20.00 -135 -0.58940
-15.00 -135 -0.53269
-10.00 -135 -0.34393
-5.00 -135 -0.13596
0.00 -135 -0.41799E-02
5.00 -135 0.28637E-01
10.00 -135 0.13455E-02
15.00 -135 -0.37526E-01
20.00 -135 -0.68363E-01
25.00 -135 -0.96550E-01
30.00 -135 -0.12403
35.00 -135 -0.13433
40.00 -135 -0.10627
45.00 -135 -0.36336E-01
70.00 -135 0.51267
-65.00 -130 0.13315
-60.00 -130 0.97583E-02
-55.00 -130 -0.82473E-01
-50.00 -130 -0.72071E-01
-45.00 -130 0.28944E-01
-40.00 -130 0.11758
-35.00 -130 0.79503E-01
-30.00 -130 -0.11040
-25.00 -130 -0.35587
-20.00 -130 -0.50657
-15.00 -130 -0.46926
-10.00 -130 -0.27164
-5.00 -130 -0.31759E-01
0.00 -130 0.13256
5.00 -130 0.17603
10.00 -130 0.12932
15.00 -130 0.48764E-01
20.00 -130 -0.31450E-01
25.00 -130 -0.10591
30.00 -130 -0.17283
35.00 -130 -0.21507
40.00 -130 -0.20903
45.00 -130 -0.14680
50.00 -130 -0.42650E-01
55.00 -130 0.83345E-01
60.00 -130 0.22251
65.00 -130 0.37185
-45.00 -125 -0.17755E-01
-40.00 -125 0.11972
-35.00 -125 0.14040
-30.00 -125 -0.38704E-02
-25.00 -125 -0.23157
-20.00 -125 -0.39062
-15.00 -125 -0.37347
-10.00 -125 -0.19275
-5.00 -125 0.39282E-01
0.00 -125 0.20056
5.00 -125 0.23877
10.00 -125 0.18226
15.00 -125 0.90932E-01
20.00 -125 0.30357E-02
25.00 -125 -0.76891E-01
30.00 -125 -0.15284
35.00 -125 -0.21281
40.00 -125 -0.23207
45.00 -125 -0.19486
-80.00 -120 0.25172
-75.00 -120 0.23258
-70.00 -120 0.21045
-65.00 -120 0.11796
-60.00 -120 -0.39771E-01
-55.00 -120 -0.17480
-50.00 -120 -0.18944
-45.00 -120 -0.70135E-01
-40.00 -120 0.86568E-01
-35.00 -120 0.14576
-30.00 -120 0.45028E-01
-25.00 -120 -0.15157
-20.00 -120 -0.30318
-15.00 -120 -0.30234
-10.00 -120 -0.15257
-5.00 -120 0.46145E-01
0.00 -120 0.18202
5.00 -120 0.20936
10.00 -120 0.15976
15.00 -120 0.92562E-01
20.00 -120 0.40000E-01
25.00 -120 -0.52513E-02
30.00 -120 -0.61369E-01
35.00 -120 -0.12607
40.00 -120 -0.17408
45.00 -120 -0.17850
50.00 -120 -0.12825
55.00 -120 -0.25828E-01
60.00 -120 0.12232
65.00 -120 0.30259
70.00 -120 0.47976
75.00 -120 0.59495
80.00 -120 0.60018
-45.00 -115 -0.10912
-40.00 -115 0.29287E-01
-35.00 -115 0.87828E-01
-30.00 -115 0.19119E-02
-25.00 -115 -0.17680
-20.00 -115 -0.32225
-15.00 -115 -0.33466
-10.00 -115 -0.21348
-5.00 -115 -0.45545E-01
0.00 -115 0.72515E-01
5.00 -115 0.10550
10.00 -115 0.87721E-01
15.00 -115 0.73430E-01
20.00 -115 0.83472E-01
25.00 -115 0.95062E-01
30.00 -115 0.74297E-01
35.00 -115 0.12987E-01
40.00 -115 -0.63740E-01
45.00 -115 -0.11771
-65.00 -110 0.17319
-60.00 -110 0.36188E-01
-55.00 -110 -0.10554
-50.00 -110 -0.16368
-45.00 -110 -0.11429
-40.00 -110 -0.27559E-01
-35.00 -110 -0.12794E-01
-30.00 -110 -0.12491
-25.00 -110 -0.31471
-20.00 -110 -0.46617
-15.00 -110 -0.48734
-10.00 -110 -0.37644
-5.00 -110 -0.21119
0.00 -110 -0.78378E-01
5.00 -110 -0.95141E-02
10.00 -110 0.25642E-01
15.00 -110 0.72643E-01
20.00 -110 0.14273
25.00 -110 0.20400
30.00 -110 0.21380
35.00 -110 0.15677
40.00 -110 0.56193E-01
45.00 -110 -0.42993E-01
50.00 -110 -0.97117E-01
55.00 -110 -0.75776E-01
60.00 -110 0.33285E-01
65.00 -110 0.21521
-70.00 -105 0.25581
-45.00 -105 -0.69220E-01
-40.00 -105 -0.49597E-01
-35.00 -105 -0.10425
-30.00 -105 -0.27015
-25.00 -105 -0.49127
-20.00 -105 -0.65454
-15.00 -105 -0.67287
-10.00 -105 -0.54509
-5.00 -105 -0.34644
0.00 -105 -0.16434
5.00 -105 -0.38160E-01
10.00 -105 0.50100E-01
15.00 -105 0.13669
20.00 -105 0.23139
25.00 -105 0.30667
30.00 -105 0.32343
35.00 -105 0.26464
40.00 -105 0.14864
45.00 -105 0.18777E-01
70.00 -105 0.38352
-75.00 -100 0.24342
-65.00 -100 0.27144
-60.00 -100 0.20812
-55.00 -100 0.11897
-50.00 -100 0.56370E-01
-45.00 -100 0.31114E-01
-40.00 -100 -0.67828E-02
-35.00 -100 -0.12499
-30.00 -100 -0.34011
-25.00 -100 -0.58581
-20.00 -100 -0.74900
-15.00 -100 -0.74637
-10.00 -100 -0.57933
-5.00 -100 -0.32607
0.00 -100 -0.82765E-01
5.00 -100 0.95295E-01
10.00 -100 0.20965
15.00 -100 0.29006
20.00 -100 0.35504
25.00 -100 0.39541
30.00 -100 0.38763
35.00 -100 0.31784
40.00 -100 0.19594
45.00 -100 0.54412E-01
50.00 -100 -0.60624E-01
55.00 -100 -0.10121
60.00 -100 -0.34725E-01
65.00 -100 0.13391
75.00 -100 0.52159
-45.00 -95 0.17423
-40.00 -95 0.10834
-35.00 -95 -0.39566E-01
-30.00 -95 -0.26962
-25.00 -95 -0.50946
-20.00 -95 -0.64962
-15.00 -95 -0.61288
-10.00 -95 -0.40427
-5.00 -95 -0.10518
0.00 -95 0.17943
5.00 -95 0.37862
10.00 -95 0.47883
15.00 -95 0.50696
20.00 -95 0.49638
25.00 -95 0.46385
30.00 -95 0.40793
35.00 -95 0.32086
40.00 -95 0.20186
45.00 -95 0.66109E-01
-80.00 -90 0.24136
-70.00 -90 0.30011
-65.00 -90 0.35373
-60.00 -90 0.37261
-55.00 -90 0.36399
-50.00 -90 0.35007
-45.00 -90 0.33026
-40.00 -90 0.27086
-35.00 -90 0.13600
-30.00 -90 -0.66686E-01
-25.00 -90 -0.26864
-20.00 -90 -0.37175
-15.00 -90 -0.30797
-10.00 -90 -0.83459E-01
-5.00 -90 0.22404
0.00 -90 0.50957
5.00 -90 0.69407
10.00 -90 0.75307
15.00 -90 0.71082
20.00 -90 0.61333
25.00 -90 0.50105
30.00 -90 0.39405
35.00 -90 0.29165
40.00 -90 0.18326
45.00 -90 0.65571E-01
50.00 -90 -0.42404E-01
55.00 -90 -0.98642E-01
60.00 -90 -0.59315E-01
65.00 -90 0.86448E-01
70.00 -90 0.29322
80.00 -90 0.54692
-85.00 -85 0.32280
-45.00 -85 0.46088
-40.00 -85 0.43136
-35.00 -85 0.33921
-30.00 -85 0.18957
-25.00 -85 0.36437E-01
-20.00 -85 -0.40187E-01
-15.00 -85 0.18506E-01
-10.00 -85 0.21227
-5.00 -85 0.47906
0.00 -85 0.72703
5.00 -85 0.87870
10.00 -85 0.90137
15.00 -85 0.81159
20.00 -85 0.65779
25.00 -85 0.49374
30.00 -85 0.35513
35.00 -85 0.24854
40.00 -85 0.15777
45.00 -85 0.65061E-01
85.00 -85 0.48755
-75.00 -80 0.23769
-65.00 -80 0.37680
-60.00 -80 0.43784
-55.00 -80 0.47689
-50.00 -80 0.50748
-45.00 -80 0.53410
-40.00 -80 0.53877
-35.00 -80 0.49516
-30.00 -80 0.39754
-25.00 -80 0.27833
-20.00 -80 0.19706
-15.00 -80 0.20718
-10.00 -80 0.32341
-5.00 -80 0.51110
0.00 -80 0.70245
5.00 -80 0.82821
10.00 -80 0.84705
15.00 -80 0.75990
20.00 -80 0.60472
25.00 -80 0.43581
30.00 -80 0.29697
35.00 -80 0.20217
40.00 -80 0.13527
45.00 -80 0.70848E-01
50.00 -80 0.25253E-02
55.00 -80 -0.43148E-01
60.00 -80 -0.22241E-01
65.00 -80 0.89362E-01
75.00 -80 0.43225
-70.00 -75 0.28893
-45.00 -75 0.53729
-40.00 -75 0.56480
-35.00 -75 0.55690
-30.00 -75 0.49332
-25.00 -75 0.38335
-20.00 -75 0.26808
-15.00 -75 0.20030
-10.00 -75 0.21550
-5.00 -75 0.31167
0.00 -75 0.44902
5.00 -75 0.56837
10.00 -75 0.61865
15.00 -75 0.57992
20.00 -75 0.47107
25.00 -75 0.33767
30.00 -75 0.22563
35.00 -75 0.15593
40.00 -75 0.11717
45.00 -75 0.82266E-01
70.00 -75 0.26186
-65.00 -70 0.34848
-60.00 -70 0.40403
-55.00 -70 0.43341
-50.00 -70 0.45302
-45.00 -70 0.48126
-40.00 -70 0.51479
-35.00 -70 0.52536
-30.00 -70 0.47979
-25.00 -70 0.36724
-20.00 -70 0.21355
-15.00 -70 0.72239E-01
-10.00 -70 -0.23048E-02
-5.00 -70 0.16559E-01
0.00 -70 0.11342
5.00 -70 0.23835
10.00 -70 0.33217
15.00 -70 0.35611
20.00 -70 0.30981
25.00 -70 0.22721
30.00 -70 0.15272
35.00 -70 0.11272
40.00 -70 0.10212
45.00 -70 0.95732E-01
50.00 -70 0.75732E-01
55.00 -70 0.52946E-01
60.00 -70 0.62519E-01
65.00 -70 0.13478
-45.00 -65 0.39321
-40.00 -65 0.41941
-35.00 -65 0.43799
-30.00 -65 0.40821
-25.00 -65 0.30409
-20.00 -65 0.13788
-15.00 -65 -0.40130E-01
-10.00 -65 -0.16590
-5.00 -65 -0.19522
0.00 -65 -0.12684
5.00 -65 -0.22250E-02
10.00 -65 0.11740
15.00 -65 0.18342
20.00 -65 0.18311
25.00 -65 0.14082
30.00 -65 0.97304E-01
35.00 -65 0.81317E-01
40.00 -65 0.92905E-01
45.00 -65 0.10991
-80.00 -60 0.24883
-75.00 -60 0.22113
-70.00 -60 0.25619
-65.00 -60 0.31498
-60.00 -60 0.35179
-55.00 -60 0.34778
-50.00 -60 0.32028
-45.00 -60 0.30319
-40.00 -60 0.31467
-35.00 -60 0.33828
-30.00 -60 0.33232
-25.00 -60 0.26042
-20.00 -60 0.12097
-15.00 -60 -0.45834E-01
-10.00 -60 -0.17806
-5.00 -60 -0.22623
0.00 -60 -0.18002
5.00 -60 -0.71958E-01
10.00 -60 0.42581E-01
15.00 -60 0.11607
20.00 -60 0.13214
25.00 -60 0.10871
30.00 -60 0.81007E-01
35.00 -60 0.76420E-01
40.00 -60 0.98087E-01
45.00 -60 0.12776
50.00 -60 0.14494
55.00 -60 0.14719
60.00 -60 0.15484
65.00 -60 0.19501
70.00 -60 0.27669
75.00 -60 0.37530
80.00 -60 0.44481
-45.00 -55 0.23214
-40.00 -55 0.22430
-35.00 -55 0.25043
-30.00 -55 0.27323
-25.00 -55 0.24957
-20.00 -55 0.16366
-15.00 -55 0.40783E-01
-10.00 -55 -0.67272E-01
-5.00 -55 -0.11389
0.00 -55 -0.84530E-01
5.00 -55 -0.24778E-02
10.00 -55 0.87798E-01
15.00 -55 0.14695
20.00 -55 0.16039
25.00 -55 0.14109
30.00 -55 0.11664
35.00 -55 0.11001
40.00 -55 0.12639
45.00 -55 0.15348
-65.00 -50 0.31399
-60.00 -50 0.35177
-55.00 -50 0.33115
-50.00 -50 0.26130
-45.00 -50 0.18738
-40.00 -50 0.15503
-35.00 -50 0.17567
-30.00 -50 0.21918
-25.00 -50 0.23838
-20.00 -50 0.20504
-15.00 -50 0.13001
-10.00 -50 0.54105E-01
-5.00 -50 0.19125E-01
0.00 -50 0.41310E-01
5.00 -50 0.10471
10.00 -50 0.17526
15.00 -50 0.22258
20.00 -50 0.23477
25.00 -50 0.21960
30.00 -50 0.19528
35.00 -50 0.17857
40.00 -50 0.17678
45.00 -50 0.18648
50.00 -50 0.19868
55.00 -50 0.20760
60.00 -50 0.21729
65.00 -50 0.24045
-70.00 -45 0.25873
-45.00 -45 0.16569
-40.00 -45 0.10369
-35.00 -45 0.10707
-30.00 -45 0.15300
-25.00 -45 0.19197
-20.00 -45 0.18719
-15.00 -45 0.14044
-10.00 -45 0.86566E-01
-5.00 -45 0.64812E-01
0.00 -45 0.91556E-01
5.00 -45 0.15372
10.00 -45 0.22279
15.00 -45 0.27436
20.00 -45 0.29844
25.00 -45 0.29757
30.00 -45 0.27999
35.00 -45 0.25500
40.00 -45 0.23158
45.00 -45 0.21680
70.00 -45 0.28872
-75.00 -40 0.23706
-65.00 -40 0.34192
-60.00 -40 0.39922
-55.00 -40 0.38305
-50.00 -40 0.28702
-45.00 -40 0.15941
-40.00 -40 0.66958E-01
-35.00 -40 0.45659E-01
-30.00 -40 0.77874E-01
-25.00 -40 0.11218
-20.00 -40 0.10707
-15.00 -40 0.61785E-01
-10.00 -40 0.11689E-01
-5.00 -40 -0.32452E-02
0.00 -40 0.32056E-01
5.00 -40 0.10256
10.00 -40 0.18042
15.00 -40 0.24503
20.00 -40 0.28931
25.00 -40 0.31276
30.00 -40 0.31428
35.00 -40 0.29391
40.00 -40 0.25938
45.00 -40 0.22656
50.00 -40 0.21033
55.00 -40 0.21443
60.00 -40 0.23183
65.00 -40 0.25559
75.00 -40 0.33198
-45.00 -35 0.16040
-40.00 -35 0.44293E-01
-35.00 -35 0.18970E-02
-30.00 -35 0.17361E-01
-25.00 -35 0.35944E-01
-20.00 -35 0.12955E-01
-15.00 -35 -0.51049E-01
-10.00 -35 -0.11601
-5.00 -35 -0.13896
0.00 -35 -0.10667
5.00 -35 -0.38378E-01
10.00 -35 0.37207E-01
15.00 -35 0.10448
20.00 -35 0.16305
25.00 -35 0.21346
30.00 -35 0.24685
35.00 -35 0.25162
40.00 -35 0.22894
45.00 -35 0.19803
-85.00 -30 0.38543
-80.00 -30 0.30197
-70.00 -30 0.28245
-65.00 -30 0.36433
-60.00 -30 0.43502
-55.00 -30 0.42525
-50.00 -30 0.31709
-45.00 -30 0.15993
-40.00 -30 0.32466E-01
-35.00 -30 -0.18218E-01
-30.00 -30 -0.96054E-02
-25.00 -30 -0.22983E-02
-20.00 -30 -0.45411E-01
-15.00 -30 -0.13712
-10.00 -30 -0.23185
-5.00 -30 -0.28233
0.00 -30 -0.27582
5.00 -30 -0.23440
10.00 -30 -0.18594
15.00 -30 -0.13838
20.00 -30 -0.81572E-01
25.00 -30 -0.97724E-02
30.00 -30 0.62910E-01
35.00 -30 0.11214
40.00 -30 0.12752
45.00 -30 0.12460
50.00 -30 0.13109
55.00 -30 0.16131
60.00 -30 0.20573
65.00 -30 0.24586
70.00 -30 0.27690
80.00 -30 0.35478
85.00 -30 0.39000
-45.00 -25 0.14713
-40.00 -25 0.18497E-01
-35.00 -25 -0.28599E-01
-30.00 -25 -0.15027E-01
-25.00 -25 -0.88186E-02
-20.00 -25 -0.65541E-01
-15.00 -25 -0.18442
-10.00 -25 -0.31569
-5.00 -25 -0.40688
0.00 -25 -0.44281
5.00 -25 -0.44531
10.00 -25 -0.43999
15.00 -25 -0.42740
20.00 -25 -0.38679
25.00 -25 -0.30495
30.00 -25 -0.19703
35.00 -25 -0.96891E-01
40.00 -25 -0.27393E-01
45.00 -25 0.17930E-01
-75.00 -20 0.27647
-65.00 -20 0.35300
-60.00 -20 0.41202
-55.00 -20 0.39324
-50.00 -20 0.27566
-45.00 -20 0.10980
-40.00 -20 -0.20276E-01
-35.00 -20 -0.64239E-01
-30.00 -20 -0.44677E-01
-25.00 -20 -0.35149E-01
-20.00 -20 -0.97731E-01
-15.00 -20 -0.23495
-10.00 -20 -0.39509
-5.00 -20 -0.52028
0.00 -20 -0.59045
5.00 -20 -0.62561
10.00 -20 -0.65153
15.00 -20 -0.66743
20.00 -20 -0.64748
25.00 -20 -0.57095
30.00 -20 -0.44741
35.00 -20 -0.31108
40.00 -20 -0.19186
45.00 -20 -0.93884E-01
50.00 -20 -0.25721E-02
55.00 -20 0.90634E-01
60.00 -20 0.17495
65.00 -20 0.23327
75.00 -20 0.29263
-70.00 -15 0.28502
-45.00 -15 0.39273E-01
-40.00 -15 -0.10607
-35.00 -15 -0.16371
-30.00 -15 -0.15215
-25.00 -15 -0.14411
-20.00 -15 -0.20514
-15.00 -15 -0.34244
-10.00 -15 -0.50557
-5.00 -15 -0.63310
0.00 -15 -0.70016
5.00 -15 -0.72645
10.00 -15 -0.74423
15.00 -15 -0.76192
20.00 -15 -0.75769
25.00 -15 -0.70448
30.00 -15 -0.59780
35.00 -15 -0.45894
40.00 -15 -0.31457
45.00 -15 -0.17725
70.00 -15 0.26300
-65.00 -10 0.31211
-60.00 -10 0.33805
-55.00 -10 0.29098
-50.00 -10 0.14339
-45.00 -10 -0.63242E-01
-40.00 -10 -0.24609
-35.00 -10 -0.34379
-30.00 -10 -0.36200
-25.00 -10 -0.36360
-20.00 -10 -0.41316
-15.00 -10 -0.52414
-10.00 -10 -0.65241
-5.00 -10 -0.73734
0.00 -10 -0.75175
5.00 -10 -0.71800
10.00 -10 -0.68143
15.00 -10 -0.66946
20.00 -10 -0.67267
25.00 -10 -0.65898
30.00 -10 -0.60228
35.00 -10 -0.49862
40.00 -10 -0.36128
45.00 -10 -0.20767
50.00 -10 -0.53767E-01
55.00 -10 0.82906E-01
60.00 -10 0.18369
65.00 -10 0.23958
-45.00 -5 -0.18330
-40.00 -5 -0.42356
-35.00 -5 -0.58373
-30.00 -5 -0.64819
-25.00 -5 -0.66234
-20.00 -5 -0.68723
-15.00 -5 -0.74599
-10.00 -5 -0.80704
-5.00 -5 -0.81584
0.00 -5 -0.74521
5.00 -5 -0.62089
10.00 -5 -0.50319
15.00 -5 -0.44253
20.00 -5 -0.44599
25.00 -5 -0.47770
30.00 -5 -0.48701
35.00 -5 -0.43940
40.00 -5 -0.33026
45.00 -5 -0.17991
90.00 0.00 0.37570
-90.00 0.00 0.45338
