-85.00 0.00 0.30224
-80.00 0.00 0.27847
-75.00 0.00 0.11284
-70.00 0.00 -0.11295
-65.00 0.00 -0.27683
-60.00 0.00 -0.30358
-55.00 0.00 -0.21216
-50.00 0.00 -0.84804E-01
-45.00 0.00 0.47817E-02
-40.00 0.00 0.38825E-01
-35.00 0.00 0.43512E-01
-30.00 0.00 0.42301E-01
-25.00 0.00 0.27557E-01
-20.00 0.00 -0.23110E-01
-15.00 0.00 -0.10971
-10.00 0.00 -0.19702
-5.00 0.00 -0.24293
0.00 0.00 -0.23846
5.00 0.00 -0.21549
10.00 0.00 -0.21106
15.00 0.00 -0.22398
20.00 0.00 -0.21107
25.00 0.00 -0.13199
30.00 0.00 -0.99379E-03
35.00 0.00 0.10792
40.00 0.00 0.11444
45.00 0.00 -0.28467E-03
50.00 0.00 -0.17267
55.00 0.00 -0.30285
60.00 0.00 -0.32831
65.00 0.00 -0.26161
70.00 0.00 -0.16355
75.00 0.00 -0.82425E-01
80.00 0.00 -0.17006E-01
85.00 0.00 0.65024E-01
-45.00 5.00 0.41222E-01
-40.00 5.00 0.69654E-01
-35.00 5.00 0.72835E-01
-30.00 5.00 0.74564E-01
-25.00 5.00 0.60511E-01
-20.00 5.00 -0.19269E-03
-15.00 5.00 -0.10890
-10.00 5.00 -0.22070
-5.00 5.00 -0.27900
0.00 5.00 -0.26777
5.00 5.00 -0.22640
10.00 5.00 -0.20857
15.00 5.00 -0.22448
20.00 5.00 -0.22608
25.00 5.00 -0.15507
30.00 5.00 -0.10137E-01
35.00 5.00 0.13295
40.00 5.00 0.17384
45.00 5.00 0.70033E-01
-65.00 10.00 -0.19732
-60.00 10.00 -0.21642
-55.00 10.00 -0.12042
-50.00 10.00 0.54721E-02
-45.00 10.00 0.88159E-01
-40.00 10.00 0.11569
-35.00 10.00 0.11979
-30.00 10.00 0.12101
-25.00 10.00 0.99128E-01
-20.00 10.00 0.19735E-01
-15.00 10.00 -0.11443
-10.00 10.00 -0.24673
-5.00 10.00 -0.30860
0.00 10.00 -0.28171
5.00 10.00 -0.21670
10.00 10.00 -0.18492
15.00 10.00 -0.20703
20.00 10.00 -0.22901
25.00 10.00 -0.17375
30.00 10.00 -0.23049E-01
35.00 10.00 0.14815
40.00 10.00 0.22246
45.00 10.00 0.13501
50.00 10.00 -0.70305E-01
55.00 10.00 -0.27242
60.00 10.00 -0.36411
65.00 10.00 -0.32357
-70.00 15.00 0.62808E-02
-45.00 15.00 0.10658
-40.00 15.00 0.12460
-35.00 15.00 0.12031
-30.00 15.00 0.11276
-25.00 15.00 0.80841E-01
-20.00 15.00 -0.90613E-02
-15.00 15.00 -0.15122
-10.00 15.00 -0.28462
-5.00 15.00 -0.33747
0.00 15.00 -0.29251
5.00 15.00 -0.20696
10.00 15.00 -0.16144
15.00 15.00 -0.18253
20.00 15.00 -0.21387
25.00 15.00 -0.16846
30.00 15.00 -0.17542E-01
35.00 15.00 0.16684
40.00 15.00 0.25964
45.00 15.00 0.18305
70.00 15.00 -0.21522
-75.00 20.00 0.24678
-65.00 20.00 -0.86936E-01
-60.00 20.00 -0.12143
-55.00 20.00 -0.58558E-01
-50.00 20.00 0.27354E-01
-45.00 20.00 0.71448E-01
-40.00 20.00 0.64310E-01
-35.00 20.00 0.37831E-01
-30.00 20.00 0.15090E-01
-25.00 20.00 -0.18771E-01
-20.00 20.00 -0.94220E-01
-15.00 20.00 -0.21011
-10.00 20.00 -0.31640
-5.00 20.00 -0.35146
0.00 20.00 -0.30038
5.00 20.00 -0.21414
10.00 20.00 -0.16477
15.00 20.00 -0.17536
20.00 20.00 -0.19334
25.00 20.00 -0.13845
30.00 20.00 0.14659E-01
35.00 20.00 0.19615
40.00 20.00 0.28548
45.00 20.00 0.20696
50.00 20.00 -0.53994E-02
55.00 20.00 -0.23009
60.00 20.00 -0.34780
65.00 20.00 -0.32229
75.00 20.00 -0.87429E-01
-45.00 25.00 -0.14052E-01
-40.00 25.00 -0.56703E-01
-35.00 25.00 -0.11197
-30.00 25.00 -0.14767
-25.00 25.00 -0.16674
-20.00 25.00 -0.19635
-15.00 25.00 -0.24971
-10.00 25.00 -0.30439
-5.00 25.00 -0.32214
0.00 25.00 -0.28965
5.00 25.00 -0.23563
10.00 25.00 -0.20220
15.00 25.00 -0.19718
20.00 25.00 -0.17782
25.00 25.00 -0.89233E-01
30.00 25.00 0.73402E-01
35.00 25.00 0.23899
40.00 25.00 0.30279
45.00 25.00 0.20724
-80.00 30.00 0.40418
-70.00 30.00 0.16731
-65.00 30.00 0.14607E-01
-60.00 30.00 -0.68988E-01
-55.00 30.00 -0.85411E-01
-50.00 30.00 -0.86164E-01
-45.00 30.00 -0.12068
-40.00 30.00 -0.19445
-35.00 30.00 -0.27071
-30.00 30.00 -0.30795
-25.00 30.00 -0.29600
-20.00 30.00 -0.25945
-15.00 30.00 -0.23127
-10.00 30.00 -0.22573
-5.00 30.00 -0.23488
0.00 30.00 -0.24556
5.00 30.00 -0.25284
10.00 30.00 -0.25400
15.00 30.00 -0.23310
20.00 30.00 -0.16107
25.00 30.00 -0.21880E-01
30.00 30.00 0.15568
35.00 30.00 0.29572
40.00 30.00 0.31686
45.00 30.00 0.19171
50.00 30.00 -0.24097E-01
55.00 30.00 -0.22206
60.00 30.00 -0.31077
65.00 30.00 -0.27217
70.00 30.00 -0.16120
80.00 30.00 0.22631E-01
-45.00 35.00 -0.20975
-40.00 35.00 -0.29549
-35.00 35.00 -0.37291
-30.00 35.00 -0.39750
-25.00 35.00 -0.35010
-20.00 35.00 -0.25256
-15.00 35.00 -0.15385
-10.00 35.00 -0.10030
-5.00 35.00 -0.11145
0.00 35.00 -0.17350
5.00 35.00 -0.24804
10.00 35.00 -0.28736
15.00 35.00 -0.25148
20.00 35.00 -0.12584
25.00 35.00 0.64273E-01
30.00 35.00 0.25374
35.00 35.00 0.36126
40.00 35.00 0.33138
45.00 35.00 0.17112
-75.00 40.00 0.39744
-65.00 40.00 0.10455
-60.00 40.00 -0.30807E-01
-55.00 40.00 -0.12230
-50.00 40.00 -0.18774
-45.00 40.00 -0.25394
-40.00 40.00 -0.32714
-35.00 40.00 -0.38358
-30.00 40.00 -0.38625
-25.00 40.00 -0.31498
-20.00 40.00 -0.18749
-15.00 40.00 -0.56423E-01
-10.00 40.00 0.17185E-01
-5.00 40.00 -0.16395E-02
0.00 40.00 -0.99446E-01
5.00 40.00 -0.21728
10.00 40.00 -0.27846
15.00 40.00 -0.22784
20.00 40.00 -0.62887E-01
25.00 40.00 0.15998
30.00 40.00 0.34900
35.00 40.00 0.42096
40.00 40.00 0.34355
45.00 40.00 0.15327
50.00 40.00 -0.62922E-01
55.00 40.00 -0.21345
60.00 40.00 -0.24972
65.00 40.00 -0.18660
75.00 40.00 0.17336E-02
-70.00 45.00 0.30965
-45.00 45.00 -0.25015
-40.00 45.00 -0.29395
-35.00 45.00 -0.31521
-30.00 45.00 -0.29421
-25.00 45.00 -0.21875
-20.00 45.00 -0.10191
-15.00 45.00 0.14492E-01
-10.00 45.00 0.77096E-01
-5.00 45.00 0.51803E-01
0.00 45.00 -0.50035E-01
5.00 45.00 -0.16899
10.00 45.00 -0.22498
15.00 45.00 -0.16198
20.00 45.00 0.15955E-01
25.00 45.00 0.24057
30.00 45.00 0.41222
35.00 45.00 0.45197
40.00 45.00 0.34327
45.00 45.00 0.13940
70.00 45.00 -0.38962E-01
-65.00 50.00 0.19808
-60.00 50.00 0.42772E-01
-55.00 50.00 -0.84156E-01
-50.00 50.00 -0.17057
-45.00 50.00 -0.21797
-40.00 50.00 -0.23215
-35.00 50.00 -0.21708
-30.00 50.00 -0.17428
-25.00 50.00 -0.10722
-20.00 50.00 -0.27669E-01
-15.00 50.00 0.41334E-01
-10.00 50.00 0.71337E-01
-5.00 50.00 0.43994E-01
0.00 50.00 -0.31579E-01
5.00 50.00 -0.11326
10.00 50.00 -0.14189
15.00 50.00 -0.74378E-01
20.00 50.00 0.85010E-01
25.00 50.00 0.27763
30.00 50.00 0.41671
35.00 50.00 0.43404
40.00 50.00 0.31900
45.00 50.00 0.12532
50.00 50.00 -0.59107E-01
55.00 50.00 -0.16070
60.00 50.00 -0.15725
65.00 50.00 -0.82043E-01
-85.00 55.00 0.36331
-45.00 55.00 -0.18571
-40.00 55.00 -0.18721
-35.00 55.00 -0.14628
-30.00 55.00 -0.81837E-01
-25.00 55.00 -0.17989E-01
-20.00 55.00 0.26125E-01
-15.00 55.00 0.42624E-01
-10.00 55.00 0.33607E-01
-5.00 55.00 0.62894E-02
0.00 55.00 -0.28608E-01
5.00 55.00 -0.54081E-01
10.00 55.00 -0.46558E-01
15.00 55.00 0.14405E-01
20.00 55.00 0.12848
25.00 55.00 0.26255
30.00 55.00 0.35888
35.00 55.00 0.36492
40.00 55.00 0.26740
45.00 55.00 0.10619
85.00 55.00 0.11441
-80.00 60.00 0.46527
-75.00 60.00 0.48082
-70.00 60.00 0.41485
-65.00 60.00 0.29731
-60.00 60.00 0.15942
-55.00 60.00 0.22509E-01
-50.00 60.00 -0.95667E-01
-45.00 60.00 -0.17299
-40.00 60.00 -0.18827
-35.00 60.00 -0.13847
-30.00 60.00 -0.50196E-01
-25.00 60.00 0.30126E-01
-20.00 60.00 0.64230E-01
-15.00 60.00 0.46431E-01
-10.00 60.00 0.41675E-02
-5.00 60.00 -0.25382E-01
0.00 60.00 -0.21990E-01
5.00 60.00 0.97118E-02
10.00 60.00 0.54258E-01
15.00 60.00 0.10375
20.00 60.00 0.16063
25.00 60.00 0.22291
30.00 60.00 0.26996
35.00 60.00 0.26863
40.00 60.00 0.19956
45.00 60.00 0.81266E-01
50.00 60.00 -0.32717E-01
55.00 60.00 -0.86728E-01
60.00 60.00 -0.61549E-01
65.00 60.00 0.13018E-01
70.00 60.00 0.83120E-01
75.00 60.00 0.11294
80.00 60.00 0.11138
-45.00 65.00 -0.17953
-40.00 65.00 -0.23301
-35.00 65.00 -0.19251
-30.00 65.00 -0.81424E-01
-25.00 65.00 0.33423E-01
-20.00 65.00 0.85684E-01
-15.00 65.00 0.57894E-01
-10.00 65.00 -0.68675E-02
-5.00 65.00 -0.41146E-01
0.00 65.00 -0.66894E-02
5.00 65.00 0.79617E-01
10.00 65.00 0.16676
15.00 65.00 0.21476
20.00 65.00 0.22204
25.00 65.00 0.21327
30.00 65.00 0.20518
35.00 65.00 0.18739
40.00 65.00 0.13780
45.00 65.00 0.55181E-01
-65.00 70.00 0.38208
-60.00 70.00 0.28571
-55.00 70.00 0.15372
-50.00 70.00 -0.15610E-01
-45.00 70.00 -0.18618
-40.00 70.00 -0.28987
-35.00 70.00 -0.27394
-30.00 70.00 -0.15110
-25.00 70.00 -0.26760E-02
-20.00 70.00 0.77098E-01
-15.00 70.00 0.53221E-01
-10.00 70.00 -0.23031E-01
-5.00 70.00 -0.57370E-01
0.00 70.00 0.96832E-02
5.00 70.00 0.15620
10.00 70.00 0.30077
15.00 70.00 0.36966
20.00 70.00 0.34892
25.00 70.00 0.27998
30.00 70.00 0.21159
35.00 70.00 0.15845
40.00 70.00 0.10360
45.00 70.00 0.34764E-01
50.00 70.00 -0.28731E-01
55.00 70.00 -0.48563E-01
60.00 70.00 -0.66341E-02
65.00 70.00 0.71260E-01
-70.00 75.00 0.45728
-45.00 75.00 -0.16684
-40.00 75.00 -0.31524
-35.00 75.00 -0.33302
-30.00 75.00 -0.22068
-25.00 75.00 -0.64211E-01
-20.00 75.00 0.26580E-01
-15.00 75.00 0.58877E-02
-10.00 75.00 -0.69601E-01
-5.00 75.00 -0.87687E-01
0.00 75.00 0.25040E-01
5.00 75.00 0.24137
10.00 75.00 0.45489
15.00 75.00 0.56239
20.00 75.00 0.53491
25.00 75.00 0.42154
30.00 75.00 0.29400
35.00 75.00 0.18997
40.00 75.00 0.10433
45.00 75.00 0.24409E-01
70.00 75.00 0.14854
-75.00 80.00 0.46373
-65.00 80.00 0.42267
-60.00 80.00 0.37407
-55.00 80.00 0.27653
-50.00 80.00 0.10710
-45.00 80.00 -0.10468
-40.00 80.00 -0.27621
-35.00 80.00 -0.32812
-30.00 80.00 -0.25248
-25.00 80.00 -0.12749
-20.00 80.00 -0.56835E-01
-15.00 80.00 -0.80970E-01
-10.00 80.00 -0.13856
-5.00 80.00 -0.11574
0.00 80.00 0.56126E-01
5.00 80.00 0.33759
10.00 80.00 0.60581
15.00 80.00 0.74351
20.00 80.00 0.71571
25.00 80.00 0.57516
30.00 80.00 0.40418
35.00 80.00 0.25331
40.00 80.00 0.12851
45.00 80.00 0.23929E-01
50.00 80.00 -0.46272E-01
55.00 80.00 -0.54722E-01
60.00 80.00 0.39915E-02
65.00 80.00 0.93353E-01
75.00 80.00 0.16968
-45.00 85.00 -0.39090E-02
-40.00 85.00 -0.16801
-35.00 85.00 -0.24457
-30.00 85.00 -0.22391
-25.00 85.00 -0.16444
-20.00 85.00 -0.14005
-15.00 85.00 -0.16827
-10.00 85.00 -0.18600
-5.00 85.00 -0.99977E-01
0.00 85.00 0.12889
5.00 85.00 0.44068
10.00 85.00 0.71116
15.00 85.00 0.83624
20.00 85.00 0.79530
25.00 85.00 0.64597
30.00 85.00 0.46586
35.00 85.00 0.29960
40.00 85.00 0.15399
45.00 85.00 0.30797E-01
-80.00 90.00 0.39193
-70.00 90.00 0.41641
-65.00 90.00 0.40089
-60.00 90.00 0.38009
-55.00 90.00 0.33333
-50.00 90.00 0.23989
-45.00 90.00 0.10925
-40.00 90.00 -0.17681E-01
-35.00 90.00 -0.10106
-30.00 90.00 -0.13668
-25.00 90.00 -0.15556
-20.00 90.00 -0.18496
-15.00 90.00 -0.20822
-10.00 90.00 -0.16678
-5.00 90.00 -0.96780E-02
0.00 90.00 0.25132
5.00 90.00 0.53264
10.00 90.00 0.72862
15.00 90.00 0.77988
20.00 90.00 0.70384
25.00 90.00 0.56586
30.00 90.00 0.42282
35.00 90.00 0.29138
40.00 90.00 0.16366
45.00 90.00 0.44600E-01
50.00 90.00 -0.34022E-01
55.00 90.00 -0.39259E-01
60.00 90.00 0.25481E-01
65.00 90.00 0.11350
70.00 90.00 0.16994
80.00 90.00 0.15840
-45.00 95.00 0.19700
-40.00 95.00 0.12748
-35.00 95.00 0.59133E-01
-30.00 95.00 -0.15693E-01
-25.00 95.00 -0.10093
-20.00 95.00 -0.17330
-15.00 95.00 -0.18062
-10.00 95.00 -0.75186E-01
-5.00 95.00 0.13996
0.00 95.00 0.39426
5.00 95.00 0.58502
10.00 95.00 0.64278
15.00 95.00 0.57481
20.00 95.00 0.45080
25.00 95.00 0.34389
30.00 95.00 0.27839
35.00 95.00 0.22750
40.00 95.00 0.15695
45.00 95.00 0.69101E-01
-75.00 100.00 0.36871
-65.00 100.00 0.32982
-60.00 100.00 0.29369
-55.00 100.00 0.25903
-50.00 100.00 0.23533
-45.00 100.00 0.22685
-40.00 100.00 0.22111
-35.00 100.00 0.18830
-30.00 100.00 0.10385
-25.00 100.00 -0.18407E-01
-20.00 100.00 -0.11489
-15.00 100.00 -0.10521
-10.00 100.00 0.46164E-01
-5.00 100.00 0.28792
0.00 100.00 0.50126
5.00 100.00 0.57504
10.00 100.00 0.48209
15.00 100.00 0.29590
20.00 100.00 0.13349
25.00 100.00 0.70585E-01
30.00 100.00 0.96850E-01
35.00 100.00 0.14267
40.00 100.00 0.14765
45.00 100.00 0.10881
50.00 100.00 0.70686E-01
55.00 100.00 0.74747E-01
60.00 100.00 0.11967
65.00 100.00 0.16786
75.00 100.00 0.17427
-70.00 105.00 0.32934
-45.00 105.00 0.18661
-40.00 105.00 0.23794
-35.00 105.00 0.25570
-30.00 105.00 0.19490
-25.00 105.00 0.71170E-01
-20.00 105.00 -0.32499E-01
-15.00 105.00 -0.19903E-01
-10.00 105.00 0.13851
-5.00 105.00 0.36636
0.00 105.00 0.52326
5.00 105.00 0.50248
10.00 105.00 0.30950
15.00 105.00 0.58173E-01
20.00 105.00 -0.11229
25.00 105.00 -0.13263
30.00 105.00 -0.37573E-01
35.00 105.00 0.80226E-01
40.00 105.00 0.14896
45.00 105.00 0.16172
70.00 105.00 0.19577
-85.00 110.00 0.25760
-65.00 110.00 0.25532
-60.00 110.00 0.17328
-55.00 110.00 0.88632E-01
-50.00 110.00 0.50665E-01
-45.00 110.00 0.89922E-01
-40.00 110.00 0.18307
-35.00 110.00 0.25866
-30.00 110.00 0.25052
-25.00 110.00 0.15857
-20.00 110.00 0.60310E-01
-15.00 110.00 0.53571E-01
-10.00 110.00 0.17235
-5.00 110.00 0.34747
0.00 110.00 0.45091
5.00 110.00 0.39197
10.00 110.00 0.18786
15.00 110.00 -0.48583E-01
20.00 110.00 -0.19190
25.00 110.00 -0.18848
30.00 110.00 -0.77540E-01
35.00 110.00 0.57631E-01
40.00 110.00 0.15733
45.00 110.00 0.21416
50.00 110.00 0.24991
55.00 110.00 0.27610
60.00 110.00 0.28150
65.00 110.00 0.25390
85.00 110.00 0.17590
-45.00 115.00 -0.29901E-01
-40.00 115.00 0.86253E-01
-35.00 115.00 0.21775
-30.00 115.00 0.28062
-25.00 115.00 0.24649
-20.00 115.00 0.16569
-15.00 115.00 0.12368
-10.00 115.00 0.16659
-5.00 115.00 0.26037
0.00 115.00 0.31902
5.00 115.00 0.27684
10.00 115.00 0.14175
15.00 115.00 -0.13367E-01
20.00 115.00 -0.10874
25.00 115.00 -0.11178
30.00 115.00 -0.44477E-01
35.00 115.00 0.51206E-01
40.00 115.00 0.14928
45.00 115.00 0.24379
-80.00 120.00 0.24708
-75.00 120.00 0.26605
-70.00 120.00 0.26877
-65.00 120.00 0.22334
-60.00 120.00 0.11297
-55.00 120.00 -0.31502E-01
-50.00 120.00 -0.13686
-45.00 120.00 -0.13447
-40.00 120.00 -0.14460E-01
-35.00 120.00 0.16035
-30.00 120.00 0.29640
-25.00 120.00 0.33444
-20.00 120.00 0.28533
-15.00 120.00 0.21004
-10.00 120.00 0.16576
-5.00 120.00 0.16556
0.00 120.00 0.18133
5.00 120.00 0.17828
10.00 120.00 0.14477
15.00 120.00 0.93525E-01
20.00 120.00 0.43071E-01
25.00 120.00 0.50143E-02
30.00 120.00 -0.10617E-01
35.00 120.00 0.13990E-01
40.00 120.00 0.96778E-01
45.00 120.00 0.23130
50.00 120.00 0.37140
55.00 120.00 0.45035
60.00 120.00 0.42759
65.00 120.00 0.32409
70.00 120.00 0.21072
75.00 120.00 0.15296
80.00 120.00 0.16077
-45.00 125.00 -0.19557
-40.00 125.00 -0.89707E-01
-35.00 125.00 0.10454
-30.00 125.00 0.29591
-25.00 125.00 0.40321
-20.00 125.00 0.39834
-15.00 125.00 0.31019
-10.00 125.00 0.19645
-5.00 125.00 0.10963
0.00 125.00 0.77316E-01
5.00 125.00 0.97880E-01
10.00 125.00 0.14413
15.00 125.00 0.17313
20.00 125.00 0.14679
25.00 125.00 0.60093E-01
30.00 125.00 -0.42456E-01
35.00 125.00 -0.84379E-01
40.00 125.00 -0.81538E-02
45.00 125.00 0.17446
-65.00 130.00 0.23348
-60.00 130.00 0.14307
-55.00 130.00 -0.77007E-02
-50.00 130.00 -0.15042
-45.00 130.00 -0.20404
-40.00 130.00 -0.12734
-35.00 130.00 0.54361E-01
-30.00 130.00 0.26441
-25.00 130.00 0.41712
-20.00 130.00 0.45840
-15.00 130.00 0.38514
-10.00 130.00 0.24101
-5.00 130.00 0.95899E-01
0.00 130.00 0.15397E-01
5.00 130.00 0.27862E-01
10.00 130.00 0.10393
15.00 130.00 0.16749
20.00 130.00 0.14312
25.00 130.00 0.15057E-01
30.00 130.00 -0.14703
35.00 130.00 -0.22549
40.00 130.00 -0.13796
45.00 130.00 0.94489E-01
50.00 130.00 0.35176
55.00 130.00 0.49569
60.00 130.00 0.46729
65.00 130.00 0.32334
-70.00 135.00 0.23410
-45.00 135.00 -0.16910
-40.00 135.00 -0.12977
-35.00 135.00 0.81944E-02
-30.00 135.00 0.19081
-25.00 135.00 0.34746
-20.00 135.00 0.41921
-15.00 135.00 0.38019
-10.00 135.00 0.24983
-5.00 135.00 0.90019E-01
0.00 135.00 -0.21114E-01
5.00 135.00 -0.34605E-01
10.00 135.00 0.31013E-01
15.00 135.00 0.93431E-01
20.00 135.00 0.63049E-01
25.00 135.00 -0.81954E-01
30.00 135.00 -0.26251
35.00 135.00 -0.34443
40.00 135.00 -0.23746
45.00 135.00 0.28249E-01
70.00 135.00 0.15575
-75.00 140.00 0.16853
-65.00 140.00 0.23095
-60.00 140.00 0.18258
-55.00 140.00 0.76056E-01
-50.00 140.00 -0.40276E-01
-45.00 140.00 -0.11067
-40.00 140.00 -0.10499
-35.00 140.00 -0.28921E-01
-30.00 140.00 0.86654E-01
-25.00 140.00 0.20051
-20.00 140.00 0.27085
-15.00 140.00 0.26570
-10.00 140.00 0.18009
-5.00 140.00 0.50206E-01
0.00 140.00 -0.57096E-01
5.00 140.00 -0.86001E-01
10.00 140.00 -0.38874E-01
15.00 140.00 0.15108E-01
20.00 140.00 -0.10005E-01
25.00 140.00 -0.14006
30.00 140.00 -0.30246
35.00 140.00 -0.36879
40.00 140.00 -0.25368
45.00 140.00 0.91808E-02
50.00 140.00 0.28138
55.00 140.00 0.41886
60.00 140.00 0.37688
65.00 140.00 0.23481
75.00 140.00 0.11215
-45.00 145.00 -0.49828E-01
-40.00 145.00 -0.59564E-01
-35.00 145.00 -0.41219E-01
-30.00 145.00 -0.10397E-01
-25.00 145.00 0.25194E-01
-20.00 145.00 0.56598E-01
-15.00 145.00 0.64306E-01
-10.00 145.00 0.28968E-01
-5.00 145.00 -0.43542E-01
0.00 145.00 -0.11242
5.00 145.00 -0.12866
10.00 145.00 -0.81505E-01
15.00 145.00 -0.19534E-01
20.00 145.00 -0.16247E-01
25.00 145.00 -0.10178
30.00 145.00 -0.22172
35.00 145.00 -0.26873
40.00 145.00 -0.16908
45.00 145.00 0.47978E-01
-80.00 150.00 0.94582E-01
-70.00 150.00 0.14499
-65.00 150.00 0.15825
-60.00 150.00 0.12258
-55.00 150.00 0.59352E-01
-50.00 150.00 0.10830E-01
-45.00 150.00 -0.23320E-02
-40.00 150.00 0.15370E-02
-35.00 150.00 -0.11900E-01
-30.00 150.00 -0.55978E-01
-25.00 150.00 -0.11093
-20.00 150.00 -0.14749
-15.00 150.00 -0.15851
-10.00 150.00 -0.16321
-5.00 150.00 -0.17937
0.00 150.00 -0.19579
5.00 150.00 -0.17898
10.00 150.00 -0.11165
15.00 150.00 -0.22525E-01
20.00 150.00 0.29467E-01
25.00 150.00 0.91182E-02
30.00 150.00 -0.53826E-01
35.00 150.00 -0.81546E-01
40.00 150.00 -0.15429E-01
45.00 150.00 0.12567
50.00 150.00 0.25332
55.00 150.00 0.28214
60.00 150.00 0.20401
65.00 150.00 0.95958E-01
70.00 150.00 0.52876E-01
80.00 150.00 0.19318
-45.00 155.00 0.23443E-01
-40.00 155.00 0.70012E-01
-35.00 155.00 0.60056E-01
-30.00 155.00 -0.29892E-01
-25.00 155.00 -0.16387
-20.00 155.00 -0.27835
-15.00 155.00 -0.33400
-10.00 155.00 -0.33842
-5.00 155.00 -0.32246
0.00 155.00 -0.30006
5.00 155.00 -0.25519
10.00 155.00 -0.16823
15.00 155.00 -0.50451E-01
20.00 155.00 0.54346E-01
25.00 155.00 0.10670
30.00 155.00 0.11005
35.00 155.00 0.10864
40.00 155.00 0.14269
45.00 155.00 0.20424
-75.00 160.00 0.38936E-01
-65.00 160.00 0.17783E-01
-60.00 160.00 -0.47868E-01
-55.00 160.00 -0.97937E-01
-50.00 160.00 -0.73913E-01
-45.00 160.00 0.25642E-01
-40.00 160.00 0.13061
-35.00 160.00 0.14995
-30.00 160.00 0.44197E-01
-25.00 160.00 -0.14380
-20.00 160.00 -0.32465
-15.00 160.00 -0.43020
-10.00 160.00 -0.45350
-5.00 160.00 -0.43182
0.00 160.00 -0.39810
5.00 160.00 -0.35088
10.00 160.00 -0.26803
15.00 160.00 -0.14308
20.00 160.00 -0.24663E-02
25.00 160.00 0.11385
30.00 160.00 0.18573
35.00 160.00 0.22337
40.00 160.00 0.24492
45.00 160.00 0.24843
50.00 160.00 0.21255
55.00 160.00 0.12867
60.00 160.00 0.29619E-01
65.00 160.00 -0.21998E-01
75.00 160.00 0.12508
-85.00 165.00 0.94254E-01
-70.00 165.00 -0.55804E-02
-45.00 165.00 0.76224E-02
-40.00 165.00 0.16421
-35.00 165.00 0.21464
-30.00 165.00 0.10717
-25.00 165.00 -0.11033
-20.00 165.00 -0.33006
-15.00 165.00 -0.46435
-10.00 165.00 -0.49811
-5.00 165.00 -0.47627
0.00 165.00 -0.44794
5.00 165.00 -0.42249
10.00 165.00 -0.37273
15.00 165.00 -0.27259
20.00 165.00 -0.12781
25.00 165.00 0.27119E-01
30.00 165.00 0.15536
35.00 165.00 0.23736
40.00 165.00 0.26803
45.00 165.00 0.24472
70.00 165.00 0.22696E-01
85.00 165.00 0.25761
-65.00 170.00 -0.12321
-60.00 170.00 -0.22261
-55.00 170.00 -0.27162
-50.00 170.00 -0.20064
-45.00 170.00 -0.22917E-01
-40.00 170.00 0.15711
-35.00 170.00 0.21482
-30.00 170.00 0.98366E-01
-25.00 170.00 -0.13355
-20.00 170.00 -0.35879
-15.00 170.00 -0.48164
-10.00 170.00 -0.49115
-5.00 170.00 -0.44696
0.00 170.00 -0.41507
5.00 170.00 -0.41330
10.00 170.00 -0.40809
15.00 170.00 -0.35432
20.00 170.00 -0.23654
25.00 170.00 -0.78693E-01
30.00 170.00 0.75585E-01
35.00 170.00 0.18734
40.00 170.00 0.23304
45.00 170.00 0.20544
50.00 170.00 0.11716
55.00 170.00 0.70045E-02
60.00 170.00 -0.66558E-01
65.00 170.00 -0.54262E-01
-45.00 175.00 -0.55370E-01
-40.00 175.00 0.10990
-35.00 175.00 0.13850
-30.00 175.00 -0.63324E-02
-25.00 175.00 -0.24651
-20.00 175.00 -0.44817
-15.00 175.00 -0.51876
-10.00 175.00 -0.46381
-5.00 175.00 -0.36432
0.00 175.00 -0.30291
5.00 175.00 -0.30351
10.00 175.00 -0.32741
15.00 175.00 -0.31650
20.00 175.00 -0.24027
25.00 175.00 -0.11166
30.00 175.00 0.28648E-01
35.00 175.00 0.13707
40.00 175.00 0.18302
45.00 175.00 0.15623
-80.00 180.00 -0.31579E-01
-75.00 180.00 -0.72624E-01
-70.00 180.00 -0.11266
-65.00 180.00 -0.19308
-60.00 180.00 -0.28799
-55.00 180.00 -0.32031
-50.00 180.00 -0.23804
-45.00 180.00 -0.79564E-01
-40.00 180.00 0.38829E-01
-35.00 180.00 0.95046E-02
-30.00 180.00 -0.17782
-25.00 180.00 -0.42162
-20.00 180.00 -0.58151
-15.00 180.00 -0.57828
-10.00 180.00 -0.44144
-5.00 180.00 -0.27300
0.00 180.00 -0.16574
5.00 180.00 -0.14403
10.00 180.00 -0.16605
15.00 180.00 -0.17127
20.00 180.00 -0.12688
25.00 180.00 -0.40800E-01
30.00 180.00 0.54862E-01
35.00 180.00 0.12605
40.00 180.00 0.14917
45.00 180.00 0.11683
50.00 180.00 0.44407E-01
55.00 180.00 -0.27247E-01
60.00 180.00 -0.46125E-01
65.00 180.00 0.18471E-01
70.00 180.00 0.14683
75.00 180.00 0.27382
80.00 180.00 0.32844
-45.00 -175 -0.90575E-01
-40.00 -175 -0.32686E-01
-35.00 -175 -0.12532
-30.00 -175 -0.34980
-25.00 -175 -0.58654
-20.00 -175 -0.69902
-15.00 -175 -0.62982
-10.00 -175 -0.43256
-5.00 -175 -0.22084
0.00 -175 -0.83688E-01
5.00 -175 -0.35905E-01
10.00 -175 -0.32764E-01
15.00 -175 -0.21764E-01
20.00 -175 0.17847E-01
25.00 -175 0.73152E-01
30.00 -175 0.11995
35.00 -175 0.14130
40.00 -175 0.13053
45.00 -175 0.89075E-01
-65.00 -170 -0.17728
-60.00 -170 -0.23414
-55.00 -170 -0.24160
-50.00 -170 -0.17669
-45.00 -170 -0.92336E-01
-40.00 -170 -0.87316E-01
-35.00 -170 -0.22231
-30.00 -170 -0.45715
-25.00 -170 -0.66869
-20.00 -170 -0.73793
-15.00 -170 -0.63417
-10.00 -170 -0.42822
-5.00 -170 -0.23017
0.00 -170 -0.10923
5.00 -170 -0.60357E-01
10.00 -170 -0.34057E-01
15.00 -170 0.91140E-02
20.00 -170 0.69551E-01
25.00 -170 0.12146
30.00 -170 0.14329
35.00 -170 0.13316
40.00 -170 0.10173
45.00 -170 0.60658E-01
50.00 -170 0.23432E-01
55.00 -170 0.12703E-01
60.00 -170 0.54889E-01
65.00 -170 0.15672
-70.00 -165 -0.11832
-45.00 -165 -0.96865E-01
-40.00 -165 -0.12290
-35.00 -165 -0.26367
-30.00 -165 -0.47184
-25.00 -165 -0.63877
-20.00 -165 -0.67436
-15.00 -165 -0.57314
-10.00 -165 -0.41137
-5.00 -165 -0.28171
0.00 -165 -0.22448
5.00 -165 -0.21172
10.00 -165 -0.18818
15.00 -165 -0.12503
20.00 -165 -0.38690E-01
25.00 -165 0.32848E-01
30.00 -165 0.65437E-01
35.00 -165 0.62337E-01
40.00 -165 0.41838E-01
45.00 -165 0.20990E-01
70.00 -165 0.35352
-75.00 -160 -0.10403
-65.00 -160 -0.11879
-60.00 -160 -0.14610
-55.00 -160 -0.15788
-50.00 -160 -0.13862
-45.00 -160 -0.11811
-40.00 -160 -0.15105
-35.00 -160 -0.26261
-30.00 -160 -0.41413
-25.00 -160 -0.52586
-20.00 -160 -0.53964
-15.00 -160 -0.46569
-10.00 -160 -0.37212
-5.00 -160 -0.32745
0.00 -160 -0.34767
5.00 -160 -0.39139
10.00 -160 -0.40138
15.00 -160 -0.35149
20.00 -160 -0.26003
25.00 -160 -0.16613
30.00 -160 -0.97721E-01
35.00 -160 -0.58881E-01
40.00 -160 -0.38765E-01
45.00 -160 -0.23482E-01
50.00 -160 0.23952E-02
55.00 -160 0.58018E-01
60.00 -160 0.15746
65.00 -160 0.29046
75.00 -160 0.46888
-45.00 -155 -0.16308
-40.00 -155 -0.18621
-35.00 -155 -0.24917
-30.00 -155 -0.33423
-25.00 -155 -0.39610
-20.00 -155 -0.40133
-15.00 -155 -0.35991
-10.00 -155 -0.31942
-5.00 -155 -0.32652
0.00 -155 -0.38987
5.00 -155 -0.47498
10.00 -155 -0.53150
15.00 -155 -0.52738
20.00 -155 -0.46334
25.00 -155 -0.36347
30.00 -155 -0.25658
35.00 -155 -0.16396
40.00 -155 -0.95414E-01
45.00 -155 -0.47093E-01
-80.00 -150 -0.75278E-01
-70.00 -150 -0.76692E-01
-65.00 -150 -0.66747E-01
-60.00 -150 -0.97308E-01
-55.00 -150 -0.15384
-50.00 -150 -0.20263
-45.00 -150 -0.22551
-40.00 -150 -0.23300
-35.00 -150 -0.24776
-30.00 -150 -0.27856
-25.00 -150 -0.31085
-20.00 -150 -0.32183
-15.00 -150 -0.30457
-10.00 -150 -0.27826
-5.00 -150 -0.27589
0.00 -150 -0.31955
5.00 -150 -0.40285
10.00 -150 -0.49204
15.00 -150 -0.54358
20.00 -150 -0.52652
25.00 -150 -0.43815
30.00 -150 -0.30559
35.00 -150 -0.17236
40.00 -150 -0.74658E-01
45.00 -150 -0.19237E-01
50.00 -150 0.21933E-01
55.00 -150 0.92219E-01
60.00 -150 0.21521
65.00 -150 0.36894
70.00 -150 0.49258
80.00 -150 0.45173
-45.00 -145 -0.28644
-40.00 -145 -0.28074
-35.00 -145 -0.26188
-30.00 -145 -0.26343
-25.00 -145 -0.29171
-20.00 -145 -0.32083
-15.00 -145 -0.31680
-10.00 -145 -0.27001
-5.00 -145 -0.20894
0.00 -145 -0.18233
5.00 -145 -0.22200
10.00 -145 -0.31416
15.00 -145 -0.40222
20.00 -145 -0.42164
25.00 -145 -0.34353
30.00 -145 -0.19590
35.00 -145 -0.45558E-01
40.00 -145 0.47874E-01
45.00 -145 0.73508E-01
-85.00 -140 0.30985E-01
-75.00 -140 -0.89248E-01
-65.00 -140 -0.36847E-01
-60.00 -140 -0.81119E-01
-55.00 -140 -0.17833
-50.00 -140 -0.27587
-45.00 -140 -0.32232
-40.00 -140 -0.30916
-35.00 -140 -0.27543
-30.00 -140 -0.27172
-25.00 -140 -0.31369
-20.00 -140 -0.36522
-15.00 -140 -0.36709
-10.00 -140 -0.28909
-5.00 -140 -0.16193
0.00 -140 -0.60040E-01
5.00 -140 -0.45731E-01
10.00 -140 -0.11804
15.00 -140 -0.20828
20.00 -140 -0.22859
25.00 -140 -0.13748
30.00 -140 0.28098E-01
35.00 -140 0.17963
40.00 -140 0.24286
45.00 -140 0.21224
50.00 -140 0.15284
55.00 -140 0.14901
60.00 -140 0.23964
65.00 -140 0.38875
75.00 -140 0.53754
85.00 -140 0.30972
-70.00 -135 -0.47810E-01
-45.00 -135 -0.31659
-40.00 -135 -0.30136
-35.00 -135 -0.26771
-30.00 -135 -0.27145
-25.00 -135 -0.32793
-20.00 -135 -0.39253
-15.00 -135 -0.39450
-10.00 -135 -0.29807
-5.00 -135 -0.13945
0.00 -135 -0.52525E-02
5.00 -135 0.33709E-01
10.00 -135 -0.19406E-01
15.00 -135 -0.86075E-01
20.00 -135 -0.71882E-01
25.00 -135 0.58833E-01
30.00 -135 0.25226
35.00 -135 0.40334
40.00 -135 0.43359
45.00 -135 0.34877
70.00 -135 0.50418
-65.00 -130 -0.20791E-01
-60.00 -130 -0.55644E-01
-55.00 -130 -0.14139
-50.00 -130 -0.22851
-45.00 -130 -0.26843
-40.00 -130 -0.25540
-35.00 -130 -0.23008
-30.00 -130 -0.24091
-25.00 -130 -0.29654
-20.00 -130 -0.35233
-15.00 -130 -0.34568
-10.00 -130 -0.25207
-5.00 -130 -0.11306
0.00 -130 -0.86670E-02
5.00 -130 0.65415E-02
10.00 -130 -0.48293E-01
15.00 -130 -0.89679E-01
20.00 -130 -0.32864E-01
25.00 -130 0.13964
30.00 -130 0.35847
35.00 -130 0.51351
40.00 -130 0.53151
45.00 -130 0.42708
50.00 -130 0.29026
55.00 -130 0.22190
60.00 -130 0.26551
65.00 -130 0.38326
-45.00 -125 -0.19385
-40.00 -125 -0.18676
-35.00 -125 -0.17255
-30.00 -125 -0.18219
-25.00 -125 -0.21542
-20.00 -125 -0.23807
-15.00 -125 -0.21311
-10.00 -125 -0.13852
-5.00 -125 -0.57000E-01
0.00 -125 -0.25377E-01
5.00 -125 -0.66290E-01
10.00 -125 -0.14210
15.00 -125 -0.17522
20.00 -125 -0.10268
25.00 -125 0.75239E-01
30.00 -125 0.28939
35.00 -125 0.44466
40.00 -125 0.48133
45.00 -125 0.41201
-80.00 -120 -0.50539E-01
-75.00 -120 -0.69755E-01
-70.00 -120 -0.42284E-01
-65.00 -120 -0.15878E-01
-60.00 -120 -0.22031E-01
-55.00 -120 -0.57831E-01
-50.00 -120 -0.97417E-01
-45.00 -120 -0.11880
-40.00 -120 -0.12072
-35.00 -120 -0.11677
-30.00 -120 -0.11605
-25.00 -120 -0.11160
-20.00 -120 -0.88575E-01
-15.00 -120 -0.44117E-01
-10.00 -120 0.11365E-02
-5.00 -120 0.13008E-01
0.00 -120 -0.30719E-01
5.00 -120 -0.11921
10.00 -120 -0.20910
15.00 -120 -0.24756
20.00 -120 -0.20255
25.00 -120 -0.81122E-01
30.00 -120 0.74854E-01
35.00 -120 0.21150
40.00 -120 0.29098
45.00 -120 0.30955
50.00 -120 0.29641
55.00 -120 0.29367
60.00 -120 0.32837
65.00 -120 0.39325
70.00 -120 0.44962
75.00 -120 0.45414
80.00 -120 0.38952
-45.00 -115 -0.68118E-01
-40.00 -115 -0.79907E-01
-35.00 -115 -0.82160E-01
-30.00 -115 -0.64829E-01
-25.00 -115 -0.20665E-01
-20.00 -115 0.40389E-01
-15.00 -115 0.88775E-01
-10.00 -115 0.92316E-01
-5.00 -115 0.40089E-01
0.00 -115 -0.48375E-01
5.00 -115 -0.13760
10.00 -115 -0.20117
15.00 -115 -0.23448
20.00 -115 -0.24517
25.00 -115 -0.23425
30.00 -115 -0.18935
35.00 -115 -0.98435E-01
40.00 -115 0.30720E-01
45.00 -115 0.16729
-65.00 -110 -0.28153E-01
-60.00 -110 -0.21801E-01
-55.00 -110 -0.26275E-01
-50.00 -110 -0.37998E-01
-45.00 -110 -0.56123E-01
-40.00 -110 -0.74893E-01
-35.00 -110 -0.76024E-01
-30.00 -110 -0.38612E-01
-25.00 -110 0.36415E-01
-20.00 -110 0.11259
-15.00 -110 0.13676
-10.00 -110 0.81604E-01
-5.00 -110 -0.25724E-01
0.00 -110 -0.12029
5.00 -110 -0.15300
10.00 -110 -0.13470
15.00 -110 -0.12768
20.00 -110 -0.18693
25.00 -110 -0.30163
30.00 -110 -0.39159
35.00 -110 -0.36618
40.00 -110 -0.19762
45.00 -110 0.54063E-01
50.00 -110 0.28472
55.00 -110 0.41963
60.00 -110 0.45489
65.00 -110 0.43763
-70.00 -105 -0.45209E-01
-45.00 -105 -0.82562E-01
-40.00 -105 -0.10241
-35.00 -105 -0.93755E-01
-30.00 -105 -0.34610E-01
-25.00 -105 0.59648E-01
-20.00 -105 0.12874
-15.00 -105 0.10677
-10.00 -105 -0.16602E-01
-5.00 -105 -0.17011
0.00 -105 -0.24591
5.00 -105 -0.18843
10.00 -105 -0.51867E-01
15.00 -105 0.32200E-01
20.00 -105 -0.39589E-01
25.00 -105 -0.24850
30.00 -105 -0.45390
35.00 -105 -0.49363
40.00 -105 -0.30535
45.00 -105 0.28616E-01
70.00 -105 0.39397
-75.00 -100 -0.34810E-01
-65.00 -100 -0.49223E-01
-60.00 -100 -0.64667E-01
-55.00 -100 -0.84744E-01
-50.00 -100 -0.10823
-45.00 -100 -0.13450
-40.00 -100 -0.14995
-35.00 -100 -0.12645
-30.00 -100 -0.47428E-01
-25.00 -100 0.57915E-01
-20.00 -100 0.11411
-15.00 -100 0.51828E-01
-10.00 -100 -0.12183
-5.00 -100 -0.30227
0.00 -100 -0.35226
5.00 -100 -0.21304
10.00 -100 0.30690E-01
15.00 -100 0.19889
20.00 -100 0.15182
25.00 -100 -0.92609E-01
30.00 -100 -0.35965
35.00 -100 -0.44256
40.00 -100 -0.25456
45.00 -100 0.11208
50.00 -100 0.46166
55.00 -100 0.63774
60.00 -100 0.61736
65.00 -100 0.49258
75.00 -100 0.30877
-45.00 -95 -0.19170
-40.00 -95 -0.20182
-35.00 -95 -0.16740
-30.00 -95 -0.77880E-01
-25.00 -95 0.33218E-01
-20.00 -95 0.90320E-01
-15.00 -95 0.27873E-01
-10.00 -95 -0.14156
-5.00 -95 -0.30856
0.00 -95 -0.33303
5.00 -95 -0.15632
10.00 -95 0.13297
15.00 -95 0.34700
20.00 -95 0.33639
25.00 -95 0.11185
30.00 -95 -0.15281
35.00 -95 -0.24547
40.00 -95 -0.72287E-01
45.00 -95 0.27721
-80.00 -90 0.28008E-01
-70.00 -90 -0.17615E-01
-65.00 -90 -0.46849E-01
-60.00 -90 -0.94539E-01
-55.00 -90 -0.14946
-50.00 -90 -0.19838
-45.00 -90 -0.23283
-40.00 -90 -0.24259
-35.00 -90 -0.21123
-30.00 -90 -0.12999
-25.00 -90 -0.21231E-01
-20.00 -90 0.58158E-01
-15.00 -90 0.52639E-01
-10.00 -90 -0.37691E-01
-5.00 -90 -0.13553
0.00 -90 -0.13180
5.00 -90 0.25838E-01
10.00 -90 0.27388
15.00 -90 0.46364
20.00 -90 0.47032
25.00 -90 0.29715
30.00 -90 0.85243E-01
35.00 -90 0.13412E-01
40.00 -90 0.16358
45.00 -90 0.45903
50.00 -90 0.72375
55.00 -90 0.81217
60.00 -90 0.70476
65.00 -90 0.50001
70.00 -90 0.32285
80.00 -90 0.21186
-85.00 -85 0.10592
-45.00 -85 -0.24089
-40.00 -85 -0.25812
-35.00 -85 -0.24792
-30.00 -85 -0.19802
-25.00 -85 -0.10565
-20.00 -85 0.70595E-02
-15.00 -85 0.10010
-10.00 -85 0.14708
-5.00 -85 0.16353
0.00 -85 0.19935
5.00 -85 0.29324
10.00 -85 0.42693
15.00 -85 0.52644
20.00 -85 0.51946
25.00 -85 0.40487
30.00 -85 0.27083
35.00 -85 0.23652
40.00 -85 0.35907
45.00 -85 0.58198
85.00 -85 0.18709
-75.00 -80 0.43126E-01
-65.00 -80 0.87942E-02
-60.00 -80 -0.43817E-01
-55.00 -80 -0.10969
-50.00 -80 -0.16721
-45.00 -80 -0.20767
-40.00 -80 -0.23753
-35.00 -80 -0.25994
-30.00 -80 -0.25706
-25.00 -80 -0.19627
-20.00 -80 -0.59247E-01
-15.00 -80 0.13255
-10.00 -80 0.32333
-5.00 -80 0.45842
0.00 -80 0.51965
5.00 -80 0.52902
10.00 -80 0.51930
15.00 -80 0.50212
20.00 -80 0.46623
25.00 -80 0.40669
30.00 -80 0.35179
35.00 -80 0.35364
40.00 -80 0.44336
45.00 -80 0.59104
50.00 -80 0.71226
55.00 -80 0.72407
60.00 -80 0.60659
65.00 -80 0.41834
75.00 -80 0.16610
-70.00 -75 0.67966E-01
-45.00 -75 -0.13687
-40.00 -75 -0.17795
-35.00 -75 -0.22944
-30.00 -75 -0.27057
-25.00 -75 -0.24698
-20.00 -75 -0.10875
-15.00 -75 0.13909
-10.00 -75 0.42013
-5.00 -75 0.62637
0.00 -75 0.68732
5.00 -75 0.61394
10.00 -75 0.48240
15.00 -75 0.37414
20.00 -75 0.32419
25.00 -75 0.31754
30.00 -75 0.32673
35.00 -75 0.34721
40.00 -75 0.39498
45.00 -75 0.47319
70.00 -75 0.21213
-65.00 -70 0.10875
-60.00 -70 0.88487E-01
-55.00 -70 0.44872E-01
-50.00 -70 -0.28105E-02
-45.00 -70 -0.44143E-01
-40.00 -70 -0.89773E-01
-35.00 -70 -0.15256
-30.00 -70 -0.21417
-25.00 -70 -0.21625
-20.00 -70 -0.98016E-01
-15.00 -70 0.14391
-10.00 -70 0.42771
-5.00 -70 0.62570
0.00 -70 0.64858
5.00 -70 0.50909
10.00 -70 0.31123
15.00 -70 0.17282
20.00 -70 0.14468
25.00 -70 0.19101
30.00 -70 0.23972
35.00 -70 0.25137
40.00 -70 0.24439
45.00 -70 0.26034
50.00 -70 0.31003
55.00 -70 0.35610
60.00 -70 0.34820
65.00 -70 0.27400
-45.00 -65 0.47469E-01
-40.00 -65 0.33821E-02
-35.00 -65 -0.49120E-01
-30.00 -65 -0.98602E-01
-25.00 -65 -0.10162
-20.00 -65 -0.10163E-01
-15.00 -65 0.17673
-10.00 -65 0.38601
-5.00 -65 0.50508
0.00 -65 0.46085
5.00 -65 0.28051
10.00 -65 0.78212E-01
15.00 -65 -0.27853E-01
20.00 -65 -0.17676E-02
25.00 -65 0.91902E-01
30.00 -65 0.15154
35.00 -65 0.12654
40.00 -65 0.53589E-01
45.00 -65 0.13529E-01
-80.00 -60 0.13208
-75.00 -60 0.12688
-70.00 -60 0.15620
-65.00 -60 0.20025
-60.00 -60 0.22534
-55.00 -60 0.21203
-50.00 -60 0.16808
-45.00 -60 0.11658
-40.00 -60 0.74023E-01
-35.00 -60 0.43647E-01
-30.00 -60 0.29193E-01
-25.00 -60 0.47925E-01
-20.00 -60 0.11936
-15.00 -60 0.23406
-10.00 -60 0.33625
-5.00 -60 0.34998
0.00 -60 0.23863
5.00 -60 0.47842E-01
10.00 -60 -0.11415
15.00 -60 -0.15365
20.00 -60 -0.66114E-01
25.00 -60 0.57291E-01
30.00 -60 0.10218
35.00 -60 0.24286E-01
40.00 -60 -0.11527
45.00 -60 -0.20298
50.00 -60 -0.16794
55.00 -60 -0.36997E-01
60.00 -60 0.94775E-01
65.00 -60 0.14770
70.00 -60 0.11963
75.00 -60 0.74051E-01
80.00 -60 0.73921E-01
-45.00 -55 0.15326
-40.00 -55 0.10607
-35.00 -55 0.93152E-01
-30.00 -55 0.11328
-25.00 -55 0.15796
-20.00 -55 0.21704
-15.00 -55 0.27067
-10.00 -55 0.28287
-5.00 -55 0.21719
0.00 -55 0.71646E-01
5.00 -55 -0.98615E-01
10.00 -55 -0.20362
15.00 -55 -0.18166
20.00 -55 -0.55575E-01
25.00 -55 0.71338E-01
30.00 -55 0.87798E-01
35.00 -55 -0.37499E-01
40.00 -55 -0.22577
45.00 -55 -0.34546
-65.00 -50 0.22147
-60.00 -50 0.27609
-55.00 -50 0.28566
-50.00 -50 0.23871
-45.00 -50 0.16382
-40.00 -50 0.10629
-35.00 -50 0.94995E-01
-30.00 -50 0.12716
-25.00 -50 0.17830
-20.00 -50 0.22094
-15.00 -50 0.23362
-10.00 -50 0.19976
-5.00 -50 0.11068
0.00 -50 -0.20214E-01
5.00 -50 -0.14650
10.00 -50 -0.20421
15.00 -50 -0.15593
20.00 -50 -0.31799E-01
25.00 -50 0.74791E-01
30.00 -50 0.67742E-01
35.00 -50 -0.75450E-01
40.00 -50 -0.27549
45.00 -50 -0.40231
50.00 -50 -0.37066
55.00 -50 -0.20375
60.00 -50 -0.11752E-01
65.00 -50 0.97150E-01
-70.00 -45 0.14591
-45.00 -45 0.16632
-40.00 -45 0.10202
-35.00 -45 0.79043E-01
-30.00 -45 0.94221E-01
-25.00 -45 0.11949
-20.00 -45 0.12829
-15.00 -45 0.11109
-10.00 -45 0.70170E-01
-5.00 -45 0.83853E-02
0.00 -45 -0.69548E-01
5.00 -45 -0.14462
10.00 -45 -0.18141
15.00 -45 -0.15153
20.00 -45 -0.67778E-01
25.00 -45 0.69888E-02
30.00 -45 -0.21112E-02
35.00 -45 -0.11942
40.00 -45 -0.28549
45.00 -45 -0.39044
70.00 -45 0.94884E-01
-75.00 -40 0.13325
-65.00 -40 0.14428
-60.00 -40 0.20246
-55.00 -40 0.24084
-50.00 -40 0.22936
-45.00 -40 0.17844
-40.00 -40 0.12367
-35.00 -40 0.89992E-01
-30.00 -40 0.71609E-01
-25.00 -40 0.45518E-01
-20.00 -40 0.88214E-03
-15.00 -40 -0.48539E-01
-10.00 -40 -0.81552E-01
-5.00 -40 -0.95639E-01
0.00 -40 -0.11106
5.00 -40 -0.14636
10.00 -40 -0.19210
15.00 -40 -0.21492
20.00 -40 -0.19302
25.00 -40 -0.14758
30.00 -40 -0.13263
35.00 -40 -0.18513
40.00 -40 -0.28051
45.00 -40 -0.34116
50.00 -40 -0.29844
55.00 -40 -0.15562
60.00 -40 0.78780E-02
65.00 -40 0.99834E-01
75.00 -40 0.39675E-01
-45.00 -35 0.20468
-40.00 -35 0.18248
-35.00 -35 0.15384
-30.00 -35 0.10681
-25.00 -35 0.25757E-01
-20.00 -35 -0.79141E-01
-15.00 -35 -0.16730
-10.00 -35 -0.19953
-5.00 -35 -0.17740
0.00 -35 -0.14849
5.00 -35 -0.16658
10.00 -35 -0.24179
15.00 -35 -0.32907
20.00 -35 -0.36887
25.00 -35 -0.34239
30.00 -35 -0.28776
35.00 -35 -0.25991
40.00 -35 -0.27320
45.00 -35 -0.28423
-85.00 -30 0.23548
-80.00 -30 0.19968
-70.00 -30 0.21641E-01
-65.00 -30 -0.76836E-02
-60.00 -30 0.31223E-01
-55.00 -30 0.10706
-50.00 -30 0.18041
-45.00 -30 0.23186
-40.00 -30 0.25901
-35.00 -30 0.25468
-30.00 -30 0.19924
-25.00 -30 0.82237E-01
-20.00 -30 -0.69519E-01
-15.00 -30 -0.19453
-10.00 -30 -0.23941
-5.00 -30 -0.20732
0.00 -30 -0.16340
5.00 -30 -0.18419
10.00 -30 -0.29145
15.00 -30 -0.43030
20.00 -30 -0.51383
25.00 -30 -0.49555
30.00 -30 -0.40421
35.00 -30 -0.31074
40.00 -30 -0.26071
45.00 -30 -0.23746
50.00 -30 -0.18959
55.00 -30 -0.92656E-01
60.00 -30 0.18549E-01
65.00 -30 0.81126E-01
70.00 -30 0.68074E-01
80.00 -30 0.12005E-01
85.00 -30 0.77660E-01
-45.00 -25 0.23711
-40.00 -25 0.31280
-35.00 -25 0.34100
-30.00 -25 0.29746
-25.00 -25 0.17397
-20.00 -25 0.40490E-02
-15.00 -25 -0.14244
-10.00 -25 -0.20501
-5.00 -25 -0.18395
0.00 -25 -0.14710
5.00 -25 -0.17726
10.00 -25 -0.30079
15.00 -25 -0.46053
20.00 -25 -0.56001
25.00 -25 -0.54177
30.00 -25 -0.43101
35.00 -25 -0.30723
40.00 -25 -0.23267
45.00 -25 -0.20468
-75.00 -20 0.86521E-01
-65.00 -20 -0.17079
-60.00 -20 -0.16524
-55.00 -20 -0.69524E-01
-50.00 -20 0.68576E-01
-45.00 -20 0.20407
-40.00 -20 0.30840
-35.00 -20 0.35973
-30.00 -20 0.33626
-25.00 -20 0.23096
-20.00 -20 0.73785E-01
-15.00 -20 -0.71038E-01
-10.00 -20 -0.14459
-5.00 -20 -0.14123
0.00 -20 -0.11840
5.00 -20 -0.15111
10.00 -20 -0.26553
15.00 -20 -0.41083
20.00 -20 -0.49784
25.00 -20 -0.47275
30.00 -20 -0.36100
35.00 -20 -0.24256
40.00 -20 -0.18232
45.00 -20 -0.17983
50.00 -20 -0.18207
55.00 -20 -0.14274
60.00 -20 -0.68221E-01
65.00 -20 -0.65915E-02
75.00 -20 -0.10322E-01
-70.00 -15 -0.10566
-45.00 -15 0.13670
-40.00 -15 0.24081
-35.00 -15 0.29450
-30.00 -15 0.28616
-25.00 -15 0.21051
-20.00 -15 0.86635E-01
-15.00 -15 -0.37406E-01
-10.00 -15 -0.11115
-5.00 -15 -0.12201
0.00 -15 -0.10958
5.00 -15 -0.13332
10.00 -15 -0.21730
15.00 -15 -0.32271
20.00 -15 -0.37727
25.00 -15 -0.33840
30.00 -15 -0.23326
35.00 -15 -0.13777
40.00 -15 -0.11244
45.00 -15 -0.15314
70.00 -15 -0.35763E-01
-65.00 -10 -0.27352
-60.00 -10 -0.29596
-55.00 -10 -0.20450
-50.00 -10 -0.64408E-01
-45.00 -10 0.60586E-01
-40.00 -10 0.14204
-35.00 -10 0.17989
-30.00 -10 0.17709
-25.00 -10 0.13020
-20.00 -10 0.43938E-01
-15.00 -10 -0.53944E-01
-10.00 -10 -0.12350
-5.00 -10 -0.14459
0.00 -10 -0.13739
5.00 -10 -0.14535
10.00 -10 -0.19161
15.00 -10 -0.25095
20.00 -10 -0.26828
25.00 -10 -0.21106
30.00 -10 -0.10694
35.00 -10 -0.28196E-01
40.00 -10 -0.33132E-01
45.00 -10 -0.11617
50.00 -10 -0.21222
55.00 -10 -0.25155
60.00 -10 -0.21513
65.00 -10 -0.14130
-45.00 -5 0.94706E-02
-40.00 -5 0.62491E-01
-35.00 -5 0.79657E-01
-30.00 -5 0.77183E-01
-25.00 -5 0.51367E-01
-20.00 -5 -0.76930E-02
-15.00 -5 -0.89919E-01
-10.00 -5 -0.16186
-5.00 -5 -0.19394
0.00 -5 -0.18944
5.00 -5 -0.18146
10.00 -5 -0.19669
15.00 -5 -0.22242
20.00 -5 -0.21402
25.00 -5 -0.14064
30.00 -5 -0.26343E-01
35.00 -5 0.57000E-01
40.00 -5 0.44723E-01
45.00 -5 -0.64735E-01
90.00 0.00 0.17712
-90.00 0.00 0.20046
