-85.00 0.00 0.68252E-01
-80.00 0.00 -0.20842E-01
-75.00 0.00 -0.16138
-70.00 0.00 -0.28013
-65.00 0.00 -0.31225
-60.00 0.00 -0.25299
-55.00 0.00 -0.15644
-50.00 0.00 -0.81627E-01
-45.00 0.00 -0.41545E-01
-40.00 0.00 -0.42295E-02
-35.00 0.00 0.57470E-01
-30.00 0.00 0.12145
-25.00 0.00 0.12714
-20.00 0.00 0.35972E-01
-15.00 0.00 -0.11698
-10.00 0.00 -0.23536
-5.00 0.00 -0.23451
0.00 0.00 -0.11245
5.00 0.00 0.45597E-01
10.00 0.00 0.13552
15.00 0.00 0.11632
20.00 0.00 0.35446E-01
25.00 0.00 -0.20775E-01
30.00 0.00 -0.32692E-02
35.00 0.00 0.65136E-01
40.00 0.00 0.12183
45.00 0.00 0.12645
50.00 0.00 0.92775E-01
55.00 0.00 0.64913E-01
60.00 0.00 0.67519E-01
65.00 0.00 0.82023E-01
70.00 0.00 0.71148E-01
75.00 0.00 0.23862E-01
80.00 0.00 -0.25230E-01
85.00 0.00 -0.25685E-01
-45.00 5.00 -0.23013E-01
-40.00 5.00 -0.11344E-01
-35.00 5.00 0.21202E-01
-30.00 5.00 0.73028E-01
-25.00 5.00 0.93542E-01
-20.00 5.00 0.36051E-01
-15.00 5.00 -0.84243E-01
-10.00 5.00 -0.18784
-5.00 5.00 -0.19284
0.00 5.00 -0.86788E-01
5.00 5.00 0.58550E-01
10.00 5.00 0.14570
15.00 5.00 0.13203
20.00 5.00 0.60797E-01
25.00 5.00 0.16957E-01
30.00 5.00 0.50202E-01
35.00 5.00 0.13512
40.00 5.00 0.20100
45.00 5.00 0.19873
-65.00 10.00 -0.33905
-60.00 10.00 -0.26058
-55.00 10.00 -0.13310
-50.00 10.00 -0.42869E-01
-45.00 10.00 -0.26849E-01
-40.00 10.00 -0.51589E-01
-35.00 10.00 -0.58160E-01
-30.00 10.00 -0.26372E-01
-25.00 10.00 0.54574E-02
-20.00 10.00 -0.16344E-01
-15.00 10.00 -0.98981E-01
-10.00 10.00 -0.18596
-5.00 10.00 -0.20420
0.00 10.00 -0.13171
5.00 10.00 -0.20278E-01
10.00 10.00 0.50353E-01
15.00 10.00 0.44876E-01
20.00 10.00 0.34917E-02
25.00 10.00 0.23003E-02
30.00 10.00 0.80139E-01
35.00 10.00 0.20021
40.00 10.00 0.28160
45.00 10.00 0.27038
50.00 10.00 0.18447
55.00 10.00 0.92851E-01
60.00 10.00 0.52042E-01
65.00 10.00 0.60490E-01
-70.00 15.00 -0.29863
-45.00 15.00 -0.58807E-01
-40.00 15.00 -0.12766
-35.00 15.00 -0.18164
-30.00 15.00 -0.18046
-25.00 15.00 -0.14866
-20.00 15.00 -0.14312
-15.00 15.00 -0.19091
-10.00 15.00 -0.25981
-5.00 15.00 -0.28956
0.00 15.00 -0.25125
5.00 15.00 -0.17473
10.00 15.00 -0.11649
15.00 15.00 -0.10015
20.00 15.00 -0.90056E-01
25.00 15.00 -0.26516E-01
30.00 15.00 0.10960
35.00 15.00 0.26600
40.00 15.00 0.35474
45.00 15.00 0.32480
70.00 15.00 0.64473E-01
-75.00 20.00 -0.14786
-65.00 20.00 -0.32029
-60.00 20.00 -0.24695
-55.00 20.00 -0.13064
-50.00 20.00 -0.69353E-01
-45.00 20.00 -0.11232
-40.00 20.00 -0.22531
-35.00 20.00 -0.32716
-30.00 20.00 -0.36141
-25.00 20.00 -0.33800
-20.00 20.00 -0.31191
-15.00 20.00 -0.32493
-10.00 20.00 -0.36819
-5.00 20.00 -0.39812
0.00 20.00 -0.38372
5.00 20.00 -0.33455
10.00 20.00 -0.28158
15.00 20.00 -0.23423
20.00 20.00 -0.16272
25.00 20.00 -0.29344E-01
30.00 20.00 0.15975
35.00 20.00 0.33651
40.00 20.00 0.41254
45.00 20.00 0.34910
50.00 20.00 0.19338
55.00 20.00 0.45710E-01
60.00 20.00 -0.16480E-01
65.00 20.00 0.72120E-02
75.00 20.00 0.60695E-01
-45.00 25.00 -0.17262
-40.00 25.00 -0.31983
-35.00 25.00 -0.45836
-30.00 25.00 -0.52048
-25.00 25.00 -0.50203
-20.00 25.00 -0.45195
-15.00 25.00 -0.42219
-10.00 25.00 -0.42700
-5.00 25.00 -0.44403
0.00 25.00 -0.44592
5.00 25.00 -0.42399
10.00 25.00 -0.38114
15.00 25.00 -0.30868
20.00 25.00 -0.18199
25.00 25.00 0.11355E-01
30.00 25.00 0.23630
35.00 25.00 0.40997
40.00 25.00 0.45026
45.00 25.00 0.33918
-80.00 30.00 0.26445E-01
-70.00 30.00 -0.22197
-65.00 30.00 -0.26654
-60.00 30.00 -0.22202
-55.00 30.00 -0.14884
-50.00 30.00 -0.13454
-45.00 30.00 -0.22512
-40.00 30.00 -0.38953
-35.00 30.00 -0.54451
-30.00 30.00 -0.61643
-25.00 30.00 -0.58900
-20.00 30.00 -0.50340
-15.00 30.00 -0.41945
-10.00 30.00 -0.37519
-5.00 30.00 -0.37365
0.00 30.00 -0.39526
5.00 30.00 -0.41355
10.00 30.00 -0.39915
15.00 30.00 -0.31994
20.00 30.00 -0.15394
25.00 30.00 0.84303E-01
30.00 30.00 0.32803
35.00 30.00 0.47980
40.00 30.00 0.46825
45.00 30.00 0.30184
50.00 30.00 0.73502E-01
55.00 30.00 -0.95546E-01
60.00 30.00 -0.13468
65.00 30.00 -0.65352E-01
70.00 30.00 0.26883E-01
80.00 30.00 0.43781E-01
-45.00 35.00 -0.26242
-40.00 35.00 -0.42635
-35.00 35.00 -0.57653
-30.00 35.00 -0.63855
-25.00 35.00 -0.58752
-20.00 35.00 -0.45742
-15.00 35.00 -0.31493
-10.00 35.00 -0.22133
-5.00 35.00 -0.20593
0.00 35.00 -0.25811
5.00 35.00 -0.33297
10.00 35.00 -0.36604
15.00 35.00 -0.29806
20.00 35.00 -0.10761
25.00 35.00 0.16372
30.00 35.00 0.41649
35.00 35.00 0.53885
40.00 35.00 0.47199
45.00 35.00 0.25235
-75.00 40.00 -0.37715E-01
-65.00 40.00 -0.18785
-60.00 40.00 -0.18096
-55.00 40.00 -0.15938
-50.00 40.00 -0.18415
-45.00 40.00 -0.28549
-40.00 40.00 -0.43633
-35.00 40.00 -0.56655
-30.00 40.00 -0.60580
-25.00 40.00 -0.52530
-20.00 40.00 -0.35391
-15.00 40.00 -0.16326
-10.00 40.00 -0.33240E-01
-5.00 40.00 -0.14760E-01
0.00 40.00 -0.10403
5.00 40.00 -0.23891
10.00 40.00 -0.32292
15.00 40.00 -0.27217
20.00 40.00 -0.65834E-01
25.00 40.00 0.23007
30.00 40.00 0.48723
35.00 40.00 0.58220
40.00 40.00 0.46871
45.00 40.00 0.20812
50.00 40.00 -0.65523E-01
55.00 40.00 -0.22540
60.00 40.00 -0.22438
65.00 40.00 -0.11214
75.00 40.00 0.69516E-01
-70.00 45.00 -0.91340E-01
-45.00 45.00 -0.29892
-40.00 45.00 -0.43018
-35.00 45.00 -0.53241
-30.00 45.00 -0.54403
-25.00 45.00 -0.43837
-20.00 45.00 -0.24215
-15.00 45.00 -0.28173E-01
-10.00 45.00 0.11511
-5.00 45.00 0.12613
0.00 45.00 0.64911E-02
5.00 45.00 -0.16966
10.00 45.00 -0.28583
15.00 45.00 -0.24453
20.00 45.00 -0.28234E-01
25.00 45.00 0.27953
30.00 45.00 0.53300
35.00 45.00 0.60505
40.00 45.00 0.46153
45.00 45.00 0.18087
70.00 45.00 0.12754E-01
-65.00 50.00 -0.10016
-60.00 50.00 -0.12729
-55.00 50.00 -0.15306
-50.00 50.00 -0.20915
-45.00 50.00 -0.30448
-40.00 50.00 -0.41216
-35.00 50.00 -0.48093
-30.00 50.00 -0.46259
-25.00 50.00 -0.34000
-20.00 50.00 -0.14187
-15.00 50.00 0.62745E-01
-10.00 50.00 0.19107
-5.00 50.00 0.18665
0.00 50.00 0.55344E-01
5.00 50.00 -0.12569
10.00 50.00 -0.23984
15.00 50.00 -0.19409
20.00 50.00 0.21321E-01
25.00 50.00 0.31694
30.00 50.00 0.54851
35.00 50.00 0.59864
40.00 50.00 0.44508
45.00 50.00 0.17141
50.00 50.00 -0.86007E-01
55.00 50.00 -0.21854
60.00 50.00 -0.20115
65.00 50.00 -0.91291E-01
-85.00 55.00 0.11495
-45.00 55.00 -0.29805
-40.00 55.00 -0.37649
-35.00 55.00 -0.40430
-30.00 55.00 -0.35117
-25.00 55.00 -0.21741
-20.00 55.00 -0.38920E-01
-15.00 55.00 0.12361
-10.00 55.00 0.20828
-5.00 55.00 0.18131
0.00 55.00 0.59986E-01
5.00 55.00 -0.85795E-01
10.00 55.00 -0.16215
15.00 55.00 -0.10129
20.00 55.00 0.94073E-01
25.00 55.00 0.34288
30.00 55.00 0.52540
35.00 55.00 0.55021
40.00 55.00 0.40688
45.00 55.00 0.17015
85.00 55.00 0.41797E-01
-80.00 60.00 0.12039
-75.00 60.00 0.84715E-01
-70.00 60.00 0.30301E-01
-65.00 60.00 -0.23443E-01
-60.00 60.00 -0.72893E-01
-55.00 60.00 -0.12918
-50.00 60.00 -0.19989
-45.00 60.00 -0.27222
-40.00 60.00 -0.31391
-35.00 60.00 -0.29266
-30.00 60.00 -0.19935
-25.00 60.00 -0.58010E-01
-20.00 60.00 0.83955E-01
-15.00 60.00 0.17778
-10.00 60.00 0.19493
-5.00 60.00 0.13896
0.00 60.00 0.44644E-01
5.00 60.00 -0.34319E-01
10.00 60.00 -0.46590E-01
15.00 60.00 0.32573E-01
20.00 60.00 0.18464
25.00 60.00 0.35046
30.00 60.00 0.45609
35.00 60.00 0.45082
40.00 60.00 0.33573
45.00 60.00 0.16370
50.00 60.00 0.98136E-02
55.00 60.00 -0.69784E-01
60.00 60.00 -0.64781E-01
65.00 60.00 -0.82366E-02
70.00 60.00 0.50397E-01
75.00 60.00 0.76093E-01
80.00 60.00 0.66688E-01
-45.00 65.00 -0.22219
-40.00 65.00 -0.22253
-35.00 65.00 -0.15132
-30.00 65.00 -0.20879E-01
-25.00 65.00 0.12023
-20.00 65.00 0.21291
-15.00 65.00 0.22318
-10.00 65.00 0.16226
-5.00 65.00 0.77612E-01
0.00 65.00 0.23085E-01
5.00 65.00 0.29637E-01
10.00 65.00 0.94227E-01
15.00 65.00 0.18886
20.00 65.00 0.27855
25.00 65.00 0.33562
30.00 65.00 0.34552
35.00 65.00 0.30726
40.00 65.00 0.23259
45.00 65.00 0.14381
-65.00 70.00 0.27548E-01
-60.00 70.00 -0.26291E-01
-55.00 70.00 -0.80359E-01
-50.00 70.00 -0.12896
-45.00 70.00 -0.15021
-40.00 70.00 -0.11370
-35.00 70.00 -0.69884E-02
-30.00 70.00 0.14088
-25.00 70.00 0.26442
-20.00 70.00 0.29960
-15.00 70.00 0.22984
-10.00 70.00 0.10367
-5.00 70.00 0.67327E-02
0.00 70.00 0.57213E-02
5.00 70.00 0.10472
10.00 70.00 0.24539
15.00 70.00 0.34894
20.00 70.00 0.36755
25.00 70.00 0.30860
30.00 70.00 0.21914
35.00 70.00 0.14808
40.00 70.00 0.11631
45.00 70.00 0.11343
50.00 70.00 0.11627
55.00 70.00 0.10991
60.00 70.00 0.95196E-01
65.00 70.00 0.81352E-01
-70.00 75.00 0.94274E-01
-45.00 75.00 -0.65412E-01
-40.00 75.00 -0.77016E-02
-35.00 75.00 0.10407
-30.00 75.00 0.23415
-25.00 75.00 0.31618
-20.00 75.00 0.29436
-15.00 75.00 0.17101
-10.00 75.00 0.19748E-01
-5.00 75.00 -0.54665E-01
0.00 75.00 0.12980E-01
5.00 75.00 0.19866
10.00 75.00 0.39990
15.00 75.00 0.50203
20.00 75.00 0.45264
25.00 75.00 0.29127
30.00 75.00 0.11614
35.00 75.00 0.16202E-01
40.00 75.00 0.18820E-01
45.00 75.00 0.85943E-01
70.00 75.00 0.75184E-01
-75.00 80.00 0.14245
-65.00 80.00 0.50199E-01
-60.00 80.00 0.90766E-02
-55.00 80.00 -0.10670E-01
-50.00 80.00 -0.74217E-02
-45.00 80.00 0.20670E-01
-40.00 80.00 0.77763E-01
-35.00 80.00 0.15817
-30.00 80.00 0.23250
-25.00 80.00 0.25355
-20.00 80.00 0.18874
-15.00 80.00 0.57553E-01
-10.00 80.00 -0.61589E-01
-5.00 80.00 -0.72753E-01
0.00 80.00 0.69851E-01
5.00 80.00 0.31784
10.00 80.00 0.54714
15.00 80.00 0.63276
20.00 80.00 0.52906
25.00 80.00 0.29853
30.00 80.00 0.68680E-01
35.00 80.00 -0.50302E-01
40.00 80.00 -0.28884E-01
45.00 80.00 0.77850E-01
50.00 80.00 0.18012
55.00 80.00 0.21559
60.00 80.00 0.18045
65.00 80.00 0.11547
75.00 80.00 0.51980E-01
-45.00 85.00 0.99084E-01
-40.00 85.00 0.13743
-35.00 85.00 0.16003
-30.00 85.00 0.15560
-25.00 85.00 0.11244
-20.00 85.00 0.31192E-01
-15.00 85.00 -0.57874E-01
-10.00 85.00 -0.94699E-01
-5.00 85.00 -0.19540E-01
0.00 85.00 0.18040
5.00 85.00 0.44330
10.00 85.00 0.65341
15.00 85.00 0.70524
20.00 85.00 0.57065
25.00 85.00 0.32030
30.00 85.00 0.81888E-01
35.00 85.00 -0.37560E-01
40.00 85.00 -0.12026E-01
45.00 85.00 0.99425E-01
-80.00 90.00 0.15451
-70.00 90.00 0.10458
-65.00 90.00 0.55080E-01
-60.00 90.00 0.33047E-01
-55.00 90.00 0.56577E-01
-50.00 90.00 0.11266
-45.00 90.00 0.16532
-40.00 90.00 0.17910
-35.00 90.00 0.13998
-30.00 90.00 0.60351E-01
-25.00 90.00 -0.30436E-01
-20.00 90.00 -0.98530E-01
-15.00 90.00 -0.11290
-10.00 90.00 -0.49819E-01
-5.00 90.00 0.98145E-01
0.00 90.00 0.30866
5.00 90.00 0.52360
10.00 90.00 0.66475
15.00 90.00 0.67100
20.00 90.00 0.53696
25.00 90.00 0.32405
30.00 90.00 0.13082
35.00 90.00 0.37429E-01
40.00 90.00 0.60492E-01
45.00 90.00 0.14875
50.00 90.00 0.22205
55.00 90.00 0.22535
60.00 90.00 0.16025
65.00 90.00 0.74617E-01
70.00 90.00 0.21774E-01
80.00 90.00 0.50230E-01
-45.00 95.00 0.21718
-40.00 95.00 0.21477
-35.00 95.00 0.13397
-30.00 95.00 0.74805E-02
-25.00 95.00 -0.10222
-20.00 95.00 -0.13835
-15.00 95.00 -0.78631E-01
-10.00 95.00 0.58975E-01
-5.00 95.00 0.23153
0.00 95.00 0.39222
5.00 95.00 0.50403
10.00 95.00 0.54424
15.00 95.00 0.50672
20.00 95.00 0.40631
25.00 95.00 0.28026
30.00 95.00 0.17781
35.00 95.00 0.13683
40.00 95.00 0.16042
45.00 95.00 0.21233
-75.00 100.00 0.14428
-65.00 100.00 0.62029E-01
-60.00 100.00 0.52250E-01
-55.00 100.00 0.98378E-01
-50.00 100.00 0.18257
-45.00 100.00 0.25126
-40.00 100.00 0.24900
-35.00 100.00 0.16004
-30.00 100.00 0.26152E-01
-25.00 100.00 -0.75411E-01
-20.00 100.00 -0.80717E-01
-15.00 100.00 0.19781E-01
-10.00 100.00 0.17684
-5.00 100.00 0.31623
0.00 100.00 0.38451
5.00 100.00 0.37450
10.00 100.00 0.31712
15.00 100.00 0.25296
20.00 100.00 0.20827
25.00 100.00 0.19032
30.00 100.00 0.19636
35.00 100.00 0.22078
40.00 100.00 0.25268
45.00 100.00 0.27115
50.00 100.00 0.25112
55.00 100.00 0.18152
60.00 100.00 0.81134E-01
65.00 100.00 -0.60419E-02
75.00 100.00 -0.98180E-02
-70.00 105.00 0.11070
-45.00 105.00 0.26161
-40.00 105.00 0.27357
-35.00 105.00 0.20756
-30.00 105.00 0.99931E-01
-25.00 105.00 0.21074E-01
-20.00 105.00 0.27494E-01
-15.00 105.00 0.12010
-10.00 105.00 0.24101
-5.00 105.00 0.31280
0.00 105.00 0.29115
5.00 105.00 0.19254
10.00 105.00 0.78484E-01
15.00 105.00 0.12135E-01
20.00 105.00 0.21001E-01
25.00 105.00 0.90064E-01
30.00 105.00 0.18201
35.00 105.00 0.26204
40.00 105.00 0.30832
45.00 105.00 0.30847
70.00 105.00 -0.64240E-01
-85.00 110.00 0.11922
-65.00 110.00 0.90890E-01
-60.00 110.00 0.81649E-01
-55.00 110.00 0.11152
-50.00 110.00 0.17560
-45.00 110.00 0.24244
-40.00 110.00 0.27230
-35.00 110.00 0.24586
-30.00 110.00 0.18171
-25.00 110.00 0.12611
-20.00 110.00 0.11938
-15.00 110.00 0.16374
-10.00 110.00 0.21865
-5.00 110.00 0.22925
0.00 110.00 0.16728
5.00 110.00 0.53200E-01
10.00 110.00 -0.56686E-01
15.00 110.00 -0.10684
20.00 110.00 -0.74810E-01
25.00 110.00 0.21897E-01
30.00 110.00 0.14316
35.00 110.00 0.24906
40.00 110.00 0.31171
45.00 110.00 0.31527
50.00 110.00 0.25546
55.00 110.00 0.14559
60.00 110.00 0.21795E-01
65.00 110.00 -0.66117E-01
85.00 110.00 0.80574E-01
-45.00 115.00 0.19321
-40.00 115.00 0.23284
-35.00 115.00 0.24525
-30.00 115.00 0.22541
-25.00 115.00 0.18673
-20.00 115.00 0.15087
-15.00 115.00 0.13126
-10.00 115.00 0.12341
-5.00 115.00 0.11005
0.00 115.00 0.76502E-01
5.00 115.00 0.23787E-01
10.00 115.00 -0.30387E-01
15.00 115.00 -0.62097E-01
20.00 115.00 -0.54018E-01
25.00 115.00 -0.23243E-02
30.00 115.00 0.83148E-01
35.00 115.00 0.18115
40.00 115.00 0.26157
45.00 115.00 0.29187
-80.00 120.00 0.13354
-75.00 120.00 0.14610
-70.00 120.00 0.15157
-65.00 120.00 0.14833
-60.00 120.00 0.13528
-55.00 120.00 0.11798
-50.00 120.00 0.10937
-45.00 120.00 0.12216
-40.00 120.00 0.15682
-35.00 120.00 0.19599
-30.00 120.00 0.21244
-25.00 120.00 0.18685
-20.00 120.00 0.12326
-15.00 120.00 0.49881E-01
-10.00 120.00 0.30593E-02
-5.00 120.00 0.44130E-02
0.00 120.00 0.46264E-01
5.00 120.00 0.95670E-01
10.00 120.00 0.11528
15.00 120.00 0.88228E-01
20.00 120.00 0.31166E-01
25.00 120.00 -0.14034E-01
30.00 120.00 -0.64816E-02
35.00 120.00 0.64896E-01
40.00 120.00 0.16886
45.00 120.00 0.24647
50.00 120.00 0.24670
55.00 120.00 0.16125
60.00 120.00 0.34071E-01
65.00 120.00 -0.64132E-01
70.00 120.00 -0.81849E-01
75.00 120.00 -0.22722E-01
80.00 120.00 0.57632E-01
-45.00 125.00 0.45454E-01
-40.00 125.00 0.61649E-01
-35.00 125.00 0.11299
-30.00 125.00 0.15688
-25.00 125.00 0.14759
-20.00 125.00 0.73102E-01
-15.00 125.00 -0.28628E-01
-10.00 125.00 -0.90079E-01
-5.00 125.00 -0.60149E-01
0.00 125.00 0.56039E-01
5.00 125.00 0.19366
10.00 125.00 0.26678
15.00 125.00 0.22473
20.00 125.00 0.88022E-01
25.00 125.00 -0.61765E-01
30.00 125.00 -0.13310
35.00 125.00 -0.83242E-01
40.00 125.00 0.54278E-01
45.00 125.00 0.19201
-65.00 130.00 0.21838
-60.00 130.00 0.20786
-55.00 130.00 0.14486
-50.00 130.00 0.52728E-01
-45.00 130.00 -0.18535E-01
-40.00 130.00 -0.27269E-01
-35.00 130.00 0.25130E-01
-30.00 130.00 0.89589E-01
-25.00 130.00 0.10336
-20.00 130.00 0.39970E-01
-15.00 130.00 -0.63527E-01
-10.00 130.00 -0.12683
-5.00 130.00 -0.83842E-01
0.00 130.00 0.63125E-01
5.00 130.00 0.23420
10.00 130.00 0.31892
15.00 130.00 0.24993
20.00 130.00 0.52422E-01
25.00 130.00 -0.16624
30.00 130.00 -0.28227
35.00 130.00 -0.23304
40.00 130.00 -0.55100E-01
45.00 130.00 0.14233
50.00 130.00 0.24924
55.00 130.00 0.22296
60.00 130.00 0.10792
65.00 130.00 -0.34908E-02
-70.00 135.00 0.20427
-45.00 135.00 -0.56328E-01
-40.00 135.00 -0.88324E-01
-35.00 135.00 -0.41895E-01
-30.00 135.00 0.35244E-01
-25.00 135.00 0.73833E-01
-20.00 135.00 0.36298E-01
-15.00 135.00 -0.51028E-01
-10.00 135.00 -0.11379
-5.00 135.00 -0.85273E-01
0.00 135.00 0.37809E-01
5.00 135.00 0.18226
10.00 135.00 0.24193
15.00 135.00 0.15073
20.00 135.00 -0.65414E-01
25.00 135.00 -0.29606
30.00 135.00 -0.41166
35.00 135.00 -0.34470
40.00 135.00 -0.13236
45.00 135.00 0.10820
70.00 135.00 -0.58072E-02
-75.00 140.00 0.14993
-65.00 140.00 0.26763
-60.00 140.00 0.26533
-55.00 140.00 0.18530
-50.00 140.00 0.54519E-01
-45.00 140.00 -0.63956E-01
-40.00 140.00 -0.11210
-35.00 140.00 -0.77208E-01
-30.00 140.00 -0.64210E-03
-25.00 140.00 0.52332E-01
-20.00 140.00 0.40138E-01
-15.00 140.00 -0.25006E-01
-10.00 140.00 -0.87022E-01
-5.00 140.00 -0.89712E-01
0.00 140.00 -0.23123E-01
5.00 140.00 0.61960E-01
10.00 140.00 0.84778E-01
15.00 140.00 -0.77531E-02
20.00 140.00 -0.19577
25.00 140.00 -0.38753
30.00 140.00 -0.47097
35.00 140.00 -0.38454
40.00 140.00 -0.15998
45.00 140.00 0.94043E-01
50.00 140.00 0.25872
55.00 140.00 0.27778
60.00 140.00 0.18636
65.00 140.00 0.77181E-01
75.00 140.00 0.58788E-01
-45.00 145.00 -0.46639E-01
-40.00 145.00 -0.10204
-35.00 145.00 -0.84688E-01
-30.00 145.00 -0.27707E-01
-25.00 145.00 0.17144E-01
-20.00 145.00 0.14813E-01
-15.00 145.00 -0.32244E-01
-10.00 145.00 -0.90020E-01
-5.00 145.00 -0.11992
0.00 145.00 -0.10835
5.00 145.00 -0.79212E-01
10.00 145.00 -0.79720E-01
15.00 145.00 -0.14613
20.00 145.00 -0.27066
25.00 145.00 -0.39415
30.00 145.00 -0.43547
35.00 145.00 -0.34345
40.00 145.00 -0.13718
45.00 145.00 0.97217E-01
-80.00 150.00 0.96653E-01
-70.00 150.00 0.21089
-65.00 150.00 0.26800
-60.00 150.00 0.26748
-55.00 150.00 0.19699
-50.00 150.00 0.86305E-01
-45.00 150.00 -0.14351E-01
-40.00 150.00 -0.68696E-01
-35.00 150.00 -0.74264E-01
-30.00 150.00 -0.56281E-01
-25.00 150.00 -0.45684E-01
-20.00 150.00 -0.60021E-01
-15.00 150.00 -0.98006E-01
-10.00 150.00 -0.14553
-5.00 150.00 -0.18549
0.00 150.00 -0.20678
5.00 150.00 -0.21088
10.00 150.00 -0.21304
15.00 150.00 -0.23319
20.00 150.00 -0.27761
25.00 150.00 -0.32384
30.00 150.00 -0.32578
35.00 150.00 -0.24351
40.00 150.00 -0.79330E-01
45.00 150.00 0.11080
50.00 150.00 0.24691
55.00 150.00 0.27838
60.00 150.00 0.21990
65.00 150.00 0.13844
70.00 150.00 0.99508E-01
80.00 150.00 0.14373
-45.00 155.00 0.23591E-01
-40.00 155.00 -0.22757E-01
-35.00 155.00 -0.53308E-01
-30.00 155.00 -0.86402E-01
-25.00 155.00 -0.12790
-20.00 155.00 -0.17012
-15.00 155.00 -0.20559
-10.00 155.00 -0.23681
-5.00 155.00 -0.27053
0.00 155.00 -0.30476
5.00 155.00 -0.32580
10.00 155.00 -0.32109
15.00 155.00 -0.29372
20.00 155.00 -0.26037
25.00 155.00 -0.23162
30.00 155.00 -0.19546
35.00 155.00 -0.12503
40.00 155.00 -0.82222E-02
45.00 155.00 0.12896
-75.00 160.00 0.12260
-65.00 160.00 0.22118
-60.00 160.00 0.21040
-55.00 160.00 0.15956
-50.00 160.00 0.10242
-45.00 160.00 0.61773E-01
-40.00 160.00 0.28384E-01
-35.00 160.00 -0.24875E-01
-30.00 160.00 -0.10971
-25.00 160.00 -0.20542
-20.00 160.00 -0.27644
-15.00 160.00 -0.30648
-10.00 160.00 -0.31382
-5.00 160.00 -0.33161
0.00 160.00 -0.37248
5.00 160.00 -0.41332
10.00 160.00 -0.41573
15.00 160.00 -0.36173
20.00 160.00 -0.26940
25.00 160.00 -0.17385
30.00 160.00 -0.94416E-01
35.00 160.00 -0.22089E-01
40.00 160.00 0.60765E-01
45.00 160.00 0.15112
50.00 160.00 0.21967
55.00 160.00 0.23729
60.00 160.00 0.20691
65.00 160.00 0.16588
75.00 160.00 0.16947
-85.00 165.00 0.73408E-01
-70.00 165.00 0.16358
-45.00 165.00 0.98610E-01
-40.00 165.00 0.79780E-01
-35.00 165.00 0.77605E-02
-30.00 165.00 -0.12127
-25.00 165.00 -0.26016
-20.00 165.00 -0.34656
-15.00 165.00 -0.35678
-10.00 165.00 -0.32669
-5.00 165.00 -0.31895
0.00 165.00 -0.36569
5.00 165.00 -0.43914
10.00 165.00 -0.47579
15.00 165.00 -0.43042
20.00 165.00 -0.31066
25.00 165.00 -0.16442
30.00 165.00 -0.37788E-01
35.00 165.00 0.54906E-01
40.00 165.00 0.12488
45.00 165.00 0.18125
70.00 165.00 0.17149
85.00 165.00 0.13977
-65.00 170.00 0.15953
-60.00 170.00 0.13733
-55.00 170.00 0.10956
-50.00 170.00 0.11080
-45.00 170.00 0.13408
-40.00 170.00 0.12660
-35.00 170.00 0.36870E-01
-30.00 170.00 -0.12892
-25.00 170.00 -0.29768
-20.00 170.00 -0.38243
-15.00 170.00 -0.35389
-10.00 170.00 -0.26669
-5.00 170.00 -0.21521
0.00 170.00 -0.25618
5.00 170.00 -0.36398
10.00 170.00 -0.45422
15.00 170.00 -0.45131
20.00 170.00 -0.34138
25.00 170.00 -0.17146
30.00 170.00 -0.59631E-02
35.00 170.00 0.11571
40.00 170.00 0.18828
45.00 170.00 0.22173
50.00 170.00 0.22393
55.00 170.00 0.20233
60.00 170.00 0.17451
65.00 170.00 0.16499
-45.00 175.00 0.16732
-40.00 175.00 0.16367
-35.00 175.00 0.52387E-01
-30.00 175.00 -0.14906
-25.00 175.00 -0.34305
-20.00 175.00 -0.41947
-15.00 175.00 -0.34241
-10.00 175.00 -0.18196
-5.00 175.00 -0.62568E-01
0.00 175.00 -0.69693E-01
5.00 175.00 -0.19004
10.00 175.00 -0.32922
15.00 175.00 -0.38545
20.00 175.00 -0.31712
25.00 175.00 -0.15685
30.00 175.00 0.25290E-01
35.00 175.00 0.16941
40.00 175.00 0.24900
45.00 175.00 0.26595
-80.00 180.00 0.57321E-01
-75.00 180.00 0.85521E-01
-70.00 180.00 0.11707
-65.00 180.00 0.11810
-60.00 180.00 0.95269E-01
-55.00 180.00 0.91631E-01
-50.00 180.00 0.13593
-45.00 180.00 0.19545
-40.00 180.00 0.18752
-35.00 180.00 0.49784E-01
-30.00 180.00 -0.19056
-25.00 180.00 -0.41550
-20.00 180.00 -0.49397
-15.00 180.00 -0.37956
-10.00 180.00 -0.14880
-5.00 180.00 0.51962E-01
0.00 180.00 0.10872
5.00 180.00 0.12298E-01
10.00 180.00 -0.14841
15.00 180.00 -0.25710
20.00 180.00 -0.24527
25.00 180.00 -0.12134
30.00 180.00 0.52595E-01
35.00 180.00 0.20550
40.00 180.00 0.29063
45.00 180.00 0.29635
50.00 180.00 0.24272
55.00 180.00 0.17151
60.00 180.00 0.12892
65.00 180.00 0.14092
70.00 180.00 0.19354
75.00 180.00 0.23878
80.00 180.00 0.22704
-45.00 -175 0.21361
-40.00 -175 0.19817
-35.00 -175 0.36342E-01
-30.00 -175 -0.24036
-25.00 -175 -0.50255
-20.00 -175 -0.60392
-15.00 -175 -0.48434
-10.00 -175 -0.21444
-5.00 -175 0.52047E-01
0.00 -175 0.18027
5.00 -175 0.13440
10.00 -175 -0.15713E-01
15.00 -175 -0.15386
20.00 -175 -0.19210
25.00 -175 -0.11200
30.00 -175 0.41642E-01
35.00 -175 0.19596
40.00 -175 0.28824
45.00 -175 0.29170
-65.00 -170 0.10520
-60.00 -170 0.85689E-01
-55.00 -170 0.92217E-01
-50.00 -170 0.14948
-45.00 -170 0.21560
-40.00 -170 0.19805
-35.00 -170 0.28257E-01
-30.00 -170 -0.26633
-25.00 -170 -0.55868
-20.00 -170 -0.69849
-15.00 -170 -0.61290
-10.00 -170 -0.35592
-5.00 -170 -0.71301E-01
0.00 -170 0.10016
5.00 -170 0.10142
10.00 -170 -0.21934E-01
15.00 -170 -0.16519
20.00 -170 -0.23176
25.00 -170 -0.18160
30.00 -170 -0.41091E-01
35.00 -170 0.11992
40.00 -170 0.22735
45.00 -170 0.24087
50.00 -170 0.17479
55.00 -170 0.89526E-01
60.00 -170 0.53562E-01
65.00 -170 0.96470E-01
-70.00 -165 0.10401
-45.00 -165 0.19492
-40.00 -165 0.18793
-35.00 -165 0.38502E-01
-30.00 -165 -0.23896
-25.00 -165 -0.53536
-20.00 -165 -0.71085
-15.00 -165 -0.68603
-10.00 -165 -0.49273
-5.00 -165 -0.25015
0.00 -165 -0.87860E-01
5.00 -165 -0.71219E-01
10.00 -165 -0.17448
15.00 -165 -0.30878
20.00 -165 -0.37882
25.00 -165 -0.33345
30.00 -165 -0.18732
35.00 -165 -0.81073E-02
40.00 -165 0.12232
45.00 -165 0.15442
70.00 -165 0.17980
-75.00 -160 0.70815E-01
-65.00 -160 0.10251
-60.00 -160 0.71085E-01
-55.00 -160 0.53445E-01
-50.00 -160 0.85398E-01
-45.00 -160 0.14691
-40.00 -160 0.16394
-35.00 -160 0.64454E-01
-30.00 -160 -0.15703
-25.00 -160 -0.42160
-20.00 -160 -0.61247
-15.00 -160 -0.65130
-10.00 -160 -0.54784
-5.00 -160 -0.38945
0.00 -160 -0.28219
5.00 -160 -0.28653
10.00 -160 -0.38707
15.00 -160 -0.50870
20.00 -160 -0.56361
25.00 -160 -0.50086
30.00 -160 -0.33365
35.00 -160 -0.13167
40.00 -160 0.18514E-01
45.00 -160 0.64852E-01
50.00 -160 0.22329E-01
55.00 -160 -0.37416E-01
60.00 -160 -0.37031E-01
65.00 -160 0.48950E-01
75.00 -160 0.25512
-45.00 -155 0.72005E-01
-40.00 -155 0.11956
-35.00 -155 0.86576E-01
-30.00 -155 -0.55141E-01
-25.00 -155 -0.26164
-20.00 -155 -0.44401
-15.00 -155 -0.52910
-10.00 -155 -0.50771
-5.00 -155 -0.43649
0.00 -155 -0.39569
5.00 -155 -0.43460
10.00 -155 -0.54025
15.00 -155 -0.64653
20.00 -155 -0.67514
25.00 -155 -0.58355
30.00 -155 -0.39273
35.00 -155 -0.17824
40.00 -155 -0.27551E-01
45.00 -155 0.12981E-01
-80.00 -150 0.36126E-01
-70.00 -150 0.10116
-65.00 -150 0.91631E-01
-60.00 -150 0.29380E-01
-55.00 -150 -0.42703E-01
-50.00 -150 -0.66252E-01
-45.00 -150 -0.20893E-01
-40.00 -150 0.52814E-01
-35.00 -150 0.81633E-01
-30.00 -150 0.16137E-01
-25.00 -150 -0.13066
-20.00 -150 -0.29287
-15.00 -150 -0.40048
-10.00 -150 -0.42864
-5.00 -150 -0.41092
0.00 -150 -0.40924
5.00 -150 -0.46444
10.00 -150 -0.56348
15.00 -150 -0.64505
20.00 -150 -0.63947
25.00 -150 -0.51645
30.00 -150 -0.31000
35.00 -150 -0.10322
40.00 -150 0.19934E-01
45.00 -150 0.26823E-01
50.00 -150 -0.42547E-01
55.00 -150 -0.10212
60.00 -150 -0.79346E-01
65.00 -150 0.33152E-01
70.00 -150 0.17242
80.00 -150 0.22956
-45.00 -145 -0.11387
-40.00 -145 -0.26605E-01
-35.00 -145 0.41547E-01
-30.00 -145 0.25035E-01
-25.00 -145 -0.83631E-01
-20.00 -145 -0.23031
-15.00 -145 -0.34217
-10.00 -145 -0.38182
-5.00 -145 -0.37043
0.00 -145 -0.36380
5.00 -145 -0.40213
10.00 -145 -0.47331
15.00 -145 -0.51787
20.00 -145 -0.47215
25.00 -145 -0.31828
30.00 -145 -0.10492
35.00 -145 0.77544E-01
40.00 -145 0.15224
45.00 -145 0.10533
-85.00 -140 0.42973E-01
-75.00 -140 0.59913E-01
-65.00 -140 0.73675E-01
-60.00 -140 -0.13831E-01
-55.00 -140 -0.12994
-50.00 -140 -0.20212
-45.00 -140 -0.18419
-40.00 -140 -0.97199E-01
-35.00 -140 -0.17263E-01
-30.00 -140 -0.18479E-01
-25.00 -140 -0.11644
-20.00 -140 -0.25762
-15.00 -140 -0.36234
-10.00 -140 -0.38558
-5.00 -140 -0.34675
0.00 -140 -0.30605
5.00 -140 -0.30866
10.00 -140 -0.34332
15.00 -140 -0.34898
20.00 -140 -0.26452
25.00 -140 -0.82482E-01
30.00 -140 0.13486
35.00 -140 0.29081
40.00 -140 0.31658
45.00 -140 0.21703
50.00 -140 0.68298E-01
55.00 -140 -0.31250E-01
60.00 -140 -0.23399E-01
65.00 -140 0.75740E-01
75.00 -140 0.24642
85.00 -140 0.11992
-70.00 -135 0.84932E-01
-45.00 -135 -0.21274
-40.00 -135 -0.13499
-35.00 -135 -0.63105E-01
-30.00 -135 -0.70769E-01
-25.00 -135 -0.17146
-20.00 -135 -0.30711
-15.00 -135 -0.39401
-10.00 -135 -0.38795
-5.00 -135 -0.31513
0.00 -135 -0.24417
5.00 -135 -0.22398
10.00 -135 -0.23994
15.00 -135 -0.22516
20.00 -135 -0.11761
25.00 -135 0.82901E-01
30.00 -135 0.30379
35.00 -135 0.44416
40.00 -135 0.44194
45.00 -135 0.31510
70.00 -135 0.20896
-65.00 -130 0.60854E-01
-60.00 -130 -0.17812E-01
-55.00 -130 -0.12577
-50.00 -130 -0.19827
-45.00 -130 -0.19260
-40.00 -130 -0.12727
-35.00 -130 -0.71135E-01
-30.00 -130 -0.88369E-01
-25.00 -130 -0.18442
-20.00 -130 -0.29924
-15.00 -130 -0.35499
-10.00 -130 -0.31897
-5.00 -130 -0.22855
0.00 -130 -0.15712
5.00 -130 -0.14952
10.00 -130 -0.18165
15.00 -130 -0.17843
20.00 -130 -0.75986E-01
25.00 -130 0.12205
30.00 -130 0.33919
35.00 -130 0.47572
40.00 -130 0.47538
45.00 -130 0.36047
50.00 -130 0.21273
55.00 -130 0.11756
60.00 -130 0.11199
65.00 -130 0.16981
-45.00 -125 -0.13281
-40.00 -125 -0.81169E-01
-35.00 -125 -0.41525E-01
-30.00 -125 -0.60869E-01
-25.00 -125 -0.13496
-20.00 -125 -0.20923
-15.00 -125 -0.22403
-10.00 -125 -0.16642
-5.00 -125 -0.83316E-01
0.00 -125 -0.43173E-01
5.00 -125 -0.77131E-01
10.00 -125 -0.14900
15.00 -125 -0.17997
20.00 -125 -0.10901
25.00 -125 0.58688E-01
30.00 -125 0.25254
35.00 -125 0.38467
40.00 -125 0.40765
45.00 -125 0.34028
-80.00 -120 0.21554E-01
-75.00 -120 0.34257E-01
-70.00 -120 0.56581E-01
-65.00 -120 0.55914E-01
-60.00 -120 0.19471E-01
-55.00 -120 -0.32555E-01
-50.00 -120 -0.63735E-01
-45.00 -120 -0.54306E-01
-40.00 -120 -0.20087E-01
-35.00 -120 0.96187E-03
-30.00 -120 -0.16304E-01
-25.00 -120 -0.59247E-01
-20.00 -120 -0.86476E-01
-15.00 -120 -0.64843E-01
-10.00 -120 -0.24541E-02
-5.00 -120 0.52559E-01
0.00 -120 0.49068E-01
5.00 -120 -0.23754E-01
10.00 -120 -0.12276
15.00 -120 -0.17890
20.00 -120 -0.14555
25.00 -120 -0.30013E-01
30.00 -120 0.11424
35.00 -120 0.22591
40.00 -120 0.27452
45.00 -120 0.27225
50.00 -120 0.25521
55.00 -120 0.25260
60.00 -120 0.26729
65.00 -120 0.27922
70.00 -120 0.26428
75.00 -120 0.21439
80.00 -120 0.14311
-45.00 -115 0.19706E-01
-40.00 -115 0.30016E-01
-35.00 -115 0.25938E-01
-30.00 -115 0.47589E-02
-25.00 -115 -0.15245E-01
-20.00 -115 -0.10119E-01
-15.00 -115 0.25945E-01
-10.00 -115 0.70251E-01
-5.00 -115 0.85818E-01
0.00 -115 0.49840E-01
5.00 -115 -0.26854E-01
10.00 -115 -0.10540
15.00 -115 -0.14492
20.00 -115 -0.12830
25.00 -115 -0.68484E-01
30.00 -115 0.65782E-02
35.00 -115 0.75771E-01
40.00 -115 0.13559
45.00 -115 0.19375
-65.00 -110 0.48079E-01
-60.00 -110 0.57536E-01
-55.00 -110 0.65749E-01
-50.00 -110 0.73568E-01
-45.00 -110 0.73250E-01
-40.00 -110 0.54958E-01
-35.00 -110 0.19651E-01
-30.00 -110 -0.16143E-01
-25.00 -110 -0.31455E-01
-20.00 -110 -0.19557E-01
-15.00 -110 0.34508E-02
-10.00 -110 0.10140E-01
-5.00 -110 -0.15098E-01
0.00 -110 -0.61513E-01
5.00 -110 -0.99720E-01
10.00 -110 -0.10571
15.00 -110 -0.80176E-01
20.00 -110 -0.46066E-01
25.00 -110 -0.26344E-01
30.00 -110 -0.21682E-01
35.00 -110 -0.78476E-02
40.00 -110 0.44368E-01
45.00 -110 0.14295
50.00 -110 0.26340
55.00 -110 0.36110
60.00 -110 0.39773
65.00 -110 0.36271
-70.00 -105 0.22851E-01
-45.00 -105 0.10157
-40.00 -105 0.57099E-01
-35.00 -105 -0.74631E-02
-30.00 -105 -0.61760E-01
-25.00 -105 -0.84150E-01
-20.00 -105 -0.81340E-01
-15.00 -105 -0.83585E-01
-10.00 -105 -0.11637
-5.00 -105 -0.17263
0.00 -105 -0.21229
5.00 -105 -0.19317
10.00 -105 -0.10883
15.00 -105 -0.13616E-03
20.00 -105 0.72331E-01
25.00 -105 0.74546E-01
30.00 -105 0.27105E-01
35.00 -105 -0.82334E-02
40.00 -105 0.26306E-01
45.00 -105 0.14196
70.00 -105 0.26838
-75.00 -100 0.89708E-02
-65.00 -100 0.29438E-01
-60.00 -100 0.60573E-01
-55.00 -100 0.99200E-01
-50.00 -100 0.12334
-45.00 -100 0.10820
-40.00 -100 0.47996E-01
-35.00 -100 -0.33443E-01
-30.00 -100 -0.97610E-01
-25.00 -100 -0.12239
-20.00 -100 -0.12173
-15.00 -100 -0.13314
-10.00 -100 -0.18052
-5.00 -100 -0.24467
0.00 -100 -0.27083
5.00 -100 -0.21161
10.00 -100 -0.71101E-01
15.00 -100 0.88469E-01
20.00 -100 0.18718
25.00 -100 0.18539
30.00 -100 0.11402
35.00 -100 0.52964E-01
40.00 -100 0.73803E-01
45.00 -100 0.18946
50.00 -100 0.34644
55.00 -100 0.46208
60.00 -100 0.47758
65.00 -100 0.39051
75.00 -100 0.11896
-45.00 -95 0.98672E-01
-40.00 -95 0.36031E-01
-35.00 -95 -0.45926E-01
-30.00 -95 -0.10511
-25.00 -95 -0.11709
-20.00 -95 -0.95359E-01
-15.00 -95 -0.79023E-01
-10.00 -95 -0.95963E-01
-5.00 -95 -0.13329
0.00 -95 -0.14314
5.00 -95 -0.82268E-01
10.00 -95 0.46733E-01
15.00 -95 0.18871
20.00 -95 0.27258
25.00 -95 0.26419
30.00 -95 0.19387
35.00 -95 0.13618
40.00 -95 0.15653
45.00 -95 0.26424
-80.00 -90 0.19354E-01
-70.00 -90 0.20132E-02
-65.00 -90 0.99829E-02
-60.00 -90 0.34858E-01
-55.00 -90 0.69565E-01
-50.00 -90 0.91568E-01
-45.00 -90 0.76431E-01
-40.00 -90 0.19686E-01
-35.00 -90 -0.52869E-01
-30.00 -90 -0.98836E-01
-25.00 -90 -0.88677E-01
-20.00 -90 -0.27459E-01
-15.00 -90 0.49811E-01
-10.00 -90 0.10622
-5.00 -90 0.13119
0.00 -90 0.14520
5.00 -90 0.17736
10.00 -90 0.23565
15.00 -90 0.29613
20.00 -90 0.32170
25.00 -90 0.29530
30.00 -90 0.23979
35.00 -90 0.20635
40.00 -90 0.23810
45.00 -90 0.33571
50.00 -90 0.45089
55.00 -90 0.51419
60.00 -90 0.47853
65.00 -90 0.34944
70.00 -90 0.18196
80.00 -90 -0.11610E-01
-85.00 -85 0.45368E-01
-45.00 -85 0.43639E-01
-40.00 -85 -0.81450E-02
-35.00 -85 -0.73322E-01
-30.00 -85 -0.11167
-25.00 -85 -0.86997E-01
-20.00 -85 0.97274E-02
-15.00 -85 0.15332
-10.00 -85 0.29838
-5.00 -85 0.40422
0.00 -85 0.45375
5.00 -85 0.45494
10.00 -85 0.42725
15.00 -85 0.38615
20.00 -85 0.33816
25.00 -85 0.28827
30.00 -85 0.24997
35.00 -85 0.24514
40.00 -85 0.28982
45.00 -85 0.37558
85.00 -85 -0.10135E-01
-75.00 -80 0.13534E-01
-65.00 -80 0.12971E-01
-60.00 -80 0.21539E-01
-55.00 -80 0.31475E-01
-50.00 -80 0.30771E-01
-45.00 -80 0.52636E-02
-40.00 -80 -0.49236E-01
-35.00 -80 -0.11657
-30.00 -80 -0.16082
-25.00 -80 -0.14105
-20.00 -80 -0.34109E-01
-15.00 -80 0.14789
-10.00 -80 0.35735
-5.00 -80 0.53114
0.00 -80 0.62030
5.00 -80 0.61218
10.00 -80 0.53189
15.00 -80 0.42384
20.00 -80 0.32758
25.00 -80 0.26418
30.00 -80 0.23876
35.00 -80 0.25059
40.00 -80 0.29706
45.00 -80 0.36655
50.00 -80 0.43007
55.00 -80 0.44629
60.00 -80 0.38423
65.00 -80 0.24929
75.00 -80 -0.28850E-01
-70.00 -75 0.22530E-01
-45.00 -75 -0.28376E-01
-40.00 -75 -0.92781E-01
-35.00 -75 -0.16860
-30.00 -75 -0.22582
-25.00 -75 -0.22475
-20.00 -75 -0.13550
-15.00 -75 0.40236E-01
-10.00 -75 0.26046
-5.00 -75 0.45739
0.00 -75 0.57014
5.00 -75 0.57587
10.00 -75 0.49851
15.00 -75 0.38971
20.00 -75 0.29686
25.00 -75 0.24176
30.00 -75 0.22238
35.00 -75 0.22959
40.00 -75 0.25894
45.00 -75 0.30593
70.00 -75 0.41979E-01
-65.00 -70 0.53172E-01
-60.00 -70 0.59180E-01
-55.00 -70 0.47445E-01
-50.00 -70 0.13117E-01
-45.00 -70 -0.44050E-01
-40.00 -70 -0.11907
-35.00 -70 -0.19890
-30.00 -70 -0.25997
-25.00 -70 -0.27191
-20.00 -70 -0.21100
-15.00 -70 -0.77446E-01
-10.00 -70 0.96406E-01
-5.00 -70 0.25718
0.00 -70 0.35748
5.00 -70 0.38126
10.00 -70 0.34882
15.00 -70 0.29796
20.00 -70 0.25677
25.00 -70 0.23017
30.00 -70 0.20914
35.00 -70 0.19043
40.00 -70 0.18497
45.00 -70 0.20495
50.00 -70 0.24235
55.00 -70 0.26297
60.00 -70 0.22782
65.00 -70 0.12746
-45.00 -65 -0.32248E-01
-40.00 -65 -0.11201
-35.00 -65 -0.18302
-30.00 -65 -0.22727
-25.00 -65 -0.23027
-20.00 -65 -0.18681
-15.00 -65 -0.10668
-10.00 -65 -0.13871E-01
-5.00 -65 0.64335E-01
0.00 -65 0.11319
5.00 -65 0.13878
10.00 -65 0.16013
15.00 -65 0.18990
20.00 -65 0.22023
25.00 -65 0.22801
30.00 -65 0.19735
35.00 -65 0.13968
40.00 -65 0.91069E-01
45.00 -65 0.84801E-01
-80.00 -60 0.33577E-01
-75.00 -60 0.40270E-01
-70.00 -60 0.73104E-01
-65.00 -60 0.11621
-60.00 -60 0.14376
-55.00 -60 0.13453
-50.00 -60 0.83846E-01
-45.00 -60 0.65214E-02
-40.00 -60 -0.70832E-01
-35.00 -60 -0.12236
-30.00 -60 -0.13390
-25.00 -60 -0.10828
-20.00 -60 -0.63845E-01
-15.00 -60 -0.26146E-01
-10.00 -60 -0.14714E-01
-5.00 -60 -0.30211E-01
0.00 -60 -0.50664E-01
5.00 -60 -0.43036E-01
10.00 -60 0.13457E-01
15.00 -60 0.10723
20.00 -60 0.19463
25.00 -60 0.22555
30.00 -60 0.17905
35.00 -60 0.82424E-01
40.00 -60 -0.41414E-02
45.00 -60 -0.29347E-01
50.00 -60 0.11201E-01
55.00 -60 0.71044E-01
60.00 -60 0.88287E-01
65.00 -60 0.34369E-01
70.00 -60 -0.61683E-01
75.00 -60 -0.13433
80.00 -60 -0.13069
-45.00 -55 0.60413E-01
-40.00 -55 -0.11730E-01
-35.00 -55 -0.44771E-01
-30.00 -55 -0.26751E-01
-25.00 -55 0.26585E-01
-20.00 -55 0.79076E-01
-15.00 -55 0.93002E-01
-10.00 -55 0.51232E-01
-5.00 -55 -0.29160E-01
0.00 -55 -0.10196
5.00 -55 -0.11680
10.00 -55 -0.51848E-01
15.00 -55 0.66656E-01
20.00 -55 0.17465
25.00 -55 0.20805
30.00 -55 0.14514
35.00 -55 0.23491E-01
40.00 -55 -0.83298E-01
45.00 -55 -0.11516
-65.00 -50 0.15909
-60.00 -50 0.21773
-55.00 -50 0.23029
-50.00 -50 0.18740
-45.00 -50 0.11103
-40.00 -50 0.41695E-01
-35.00 -50 0.14806E-01
-30.00 -50 0.40508E-01
-25.00 -50 0.98098E-01
-20.00 -50 0.14738
-15.00 -50 0.15083
-10.00 -50 0.95560E-01
-5.00 -50 0.34028E-02
0.00 -50 -0.77984E-01
5.00 -50 -0.10093
10.00 -50 -0.47720E-01
15.00 -50 0.53919E-01
20.00 -50 0.14283
25.00 -50 0.16041
30.00 -50 0.89204E-01
35.00 -50 -0.32738E-01
40.00 -50 -0.13452
45.00 -50 -0.15924
50.00 -50 -0.10289
55.00 -50 -0.16790E-01
60.00 -50 0.29965E-01
65.00 -50 0.13549E-02
-70.00 -45 0.80836E-01
-45.00 -45 0.14133
-40.00 -45 0.71791E-01
-35.00 -45 0.37761E-01
-30.00 -45 0.46237E-01
-25.00 -45 0.78581E-01
-20.00 -45 0.10503
-15.00 -45 0.10275
-10.00 -45 0.67346E-01
-5.00 -45 0.13933E-01
0.00 -45 -0.30956E-01
5.00 -45 -0.43025E-01
10.00 -45 -0.14473E-01
15.00 -45 0.38086E-01
20.00 -45 0.78929E-01
25.00 -45 0.72866E-01
30.00 -45 0.97169E-02
35.00 -45 -0.83385E-01
40.00 -45 -0.15457
45.00 -45 -0.16060
70.00 -45 -0.72335E-01
-75.00 -40 0.20657E-01
-65.00 -40 0.13749
-60.00 -40 0.21003
-55.00 -40 0.23824
-50.00 -40 0.20868
-45.00 -40 0.14201
-40.00 -40 0.74484E-01
-35.00 -40 0.31198E-01
-30.00 -40 0.13250E-01
-25.00 -40 0.62812E-02
-20.00 -40 -0.14176E-02
-15.00 -40 -0.91340E-02
-10.00 -40 -0.92729E-02
-5.00 -40 0.59597E-03
0.00 -40 0.12967E-01
5.00 -40 0.17185E-01
10.00 -40 0.91622E-02
15.00 -40 -0.71085E-02
20.00 -40 -0.27237E-01
25.00 -40 -0.53046E-01
30.00 -40 -0.88414E-01
35.00 -40 -0.12740
40.00 -40 -0.14910
45.00 -40 -0.13005
50.00 -40 -0.67533E-01
55.00 -40 0.78439E-02
60.00 -40 0.47196E-01
65.00 -40 0.19679E-01
75.00 -40 -0.12936
-45.00 -35 0.11356
-40.00 -35 0.57245E-01
-35.00 -35 0.17616E-01
-30.00 -35 -0.13343E-01
-25.00 -35 -0.49338E-01
-20.00 -35 -0.86366E-01
-15.00 -35 -0.10046
-10.00 -35 -0.70955E-01
-5.00 -35 -0.69248E-02
0.00 -35 0.50943E-01
5.00 -35 0.58404E-01
10.00 -35 0.23730E-02
15.00 -35 -0.88497E-01
20.00 -35 -0.16661
25.00 -35 -0.20073
30.00 -35 -0.19274
35.00 -35 -0.16405
40.00 -35 -0.12927
45.00 -35 -0.85290E-01
-85.00 -30 0.58414E-01
-80.00 -30 0.13431E-01
-70.00 -30 -0.11741E-01
-65.00 -30 0.40190E-01
-60.00 -30 0.99796E-01
-55.00 -30 0.12608
-50.00 -30 0.10665
-45.00 -30 0.64469E-01
-40.00 -30 0.31299E-01
-35.00 -30 0.15586E-01
-30.00 -30 -0.23490E-02
-25.00 -30 -0.42695E-01
-20.00 -30 -0.95199E-01
-15.00 -30 -0.11966
-10.00 -30 -0.82506E-01
-5.00 -30 0.34129E-02
0.00 -30 0.76394E-01
5.00 -30 0.69232E-01
10.00 -30 -0.36073E-01
15.00 -30 -0.18983
20.00 -30 -0.30966
25.00 -30 -0.33955
30.00 -30 -0.28375
35.00 -30 -0.19048
40.00 -30 -0.10610
45.00 -30 -0.43658E-01
50.00 -30 0.88559E-02
55.00 -30 0.56551E-01
60.00 -30 0.80205E-01
65.00 -30 0.54105E-01
70.00 -30 -0.19026E-01
80.00 -30 -0.11583
85.00 -30 -0.58270E-01
-45.00 -25 0.76741E-02
-40.00 -25 0.53625E-02
-35.00 -25 0.27969E-01
-30.00 -25 0.43415E-01
-25.00 -25 0.18545E-01
-20.00 -25 -0.40504E-01
-15.00 -25 -0.85329E-01
-10.00 -25 -0.68563E-01
-5.00 -25 0.46744E-02
0.00 -25 0.68276E-01
5.00 -25 0.44107E-01
10.00 -25 -0.90660E-01
15.00 -25 -0.27709
20.00 -25 -0.41424
25.00 -25 -0.43244
30.00 -25 -0.33894
35.00 -25 -0.20068
40.00 -25 -0.85313E-01
45.00 -25 -0.15378E-01
-75.00 -20 -0.74407E-01
-65.00 -20 -0.10002
-60.00 -20 -0.60761E-01
-55.00 -20 -0.35416E-01
-50.00 -20 -0.37911E-01
-45.00 -20 -0.42752E-01
-40.00 -20 -0.15272E-01
-35.00 -20 0.45430E-01
-30.00 -20 0.96752E-01
-25.00 -20 0.90210E-01
-20.00 -20 0.21723E-01
-15.00 -20 -0.56906E-01
-10.00 -20 -0.82088E-01
-5.00 -20 -0.40231E-01
0.00 -20 0.11946E-01
5.00 -20 -0.75415E-02
10.00 -20 -0.13227
15.00 -20 -0.31079
20.00 -20 -0.44149
25.00 -20 -0.44970
30.00 -20 -0.34103
35.00 -20 -0.18769
40.00 -20 -0.65489E-01
45.00 -20 -0.32062E-03
50.00 -20 0.31800E-01
55.00 -20 0.60989E-01
60.00 -20 0.85383E-01
65.00 -20 0.76941E-01
75.00 -20 -0.52187E-01
-70.00 -15 -0.16461
-45.00 -15 -0.74810E-01
-40.00 -15 -0.26617E-01
-35.00 -15 0.58585E-01
-30.00 -15 0.13239
-25.00 -15 0.13373
-20.00 -15 0.47579E-01
-15.00 -15 -0.72540E-01
-10.00 -15 -0.14530
-5.00 -15 -0.13228
0.00 -15 -0.73908E-01
5.00 -15 -0.54871E-01
10.00 -15 -0.12799
15.00 -15 -0.26445
20.00 -15 -0.37523
25.00 -15 -0.38412
30.00 -15 -0.28712
35.00 -15 -0.14810
40.00 -15 -0.40146E-01
45.00 -15 0.10549E-01
70.00 -15 0.38701E-01
-65.00 -10 -0.23007
-60.00 -10 -0.19186
-55.00 -10 -0.14151
-50.00 -10 -0.10922
-45.00 -10 -0.82107E-01
-40.00 -10 -0.25826E-01
-35.00 -10 0.65393E-01
-30.00 -10 0.14435
-25.00 -10 0.14358
-20.00 -10 0.39253E-01
-15.00 -10 -0.11532
-10.00 -10 -0.22398
-5.00 -10 -0.22460
0.00 -10 -0.14084
5.00 -10 -0.61024E-01
10.00 -10 -0.61764E-01
15.00 -10 -0.14382
20.00 -10 -0.23578
25.00 -10 -0.25901
30.00 -10 -0.19320
35.00 -10 -0.85667E-01
40.00 -10 -0.21582E-02
45.00 -10 0.29951E-01
50.00 -10 0.33903E-01
55.00 -10 0.46252E-01
60.00 -10 0.73015E-01
65.00 -10 0.84710E-01
-45.00 -5 -0.67062E-01
-40.00 -5 -0.14851E-01
-35.00 -5 0.66931E-01
-30.00 -5 0.14015
-25.00 -5 0.13798
-20.00 -5 0.29325E-01
-15.00 -5 -0.13777
-10.00 -5 -0.26099
-5.00 -5 -0.26190
0.00 -5 -0.15008
5.00 -5 -0.15574E-01
10.00 -5 0.45283E-01
15.00 -5 0.59102E-02
20.00 -5 -0.77295E-01
25.00 -5 -0.12145
30.00 -5 -0.88873E-01
35.00 -5 -0.10697E-01
40.00 -5 0.52250E-01
45.00 -5 0.67837E-01
90.00 0.00 0.43550E-01
-90.00 0.00 0.83107E-01
