-85.00 0.00 0.29571
-80.00 0.00 0.17615
-75.00 0.00 0.40750E-01
-70.00 0.00 -0.45147E-01
-65.00 0.00 -0.52907E-01
-60.00 0.00 -0.20807E-01
-55.00 0.00 -0.22900E-01
-50.00 0.00 -0.10832
-45.00 0.00 -0.26330
-40.00 0.00 -0.42890
-35.00 0.00 -0.55523
-30.00 0.00 -0.64113
-25.00 0.00 -0.72409
-20.00 0.00 -0.83314
-15.00 0.00 -0.95157
-10.00 0.00 -1.0256
-5.00 0.00 -1.0113
0.00 0.00 -0.91646
5.00 0.00 -0.79960
10.00 0.00 -0.72618
15.00 0.00 -0.71963
20.00 0.00 -0.74667
25.00 0.00 -0.74588
30.00 0.00 -0.67361
35.00 0.00 -0.53186
40.00 0.00 -0.36149
45.00 0.00 -0.21233
50.00 0.00 -0.11442
55.00 0.00 -0.66898E-01
60.00 0.00 -0.45226E-01
65.00 0.00 -0.17311E-01
70.00 0.00 0.40947E-01
75.00 0.00 0.13635
80.00 0.00 0.25384
85.00 0.00 0.36856
-45.00 5.00 -0.35988
-40.00 5.00 -0.55378
-35.00 5.00 -0.70654
-30.00 5.00 -0.79177
-25.00 5.00 -0.83357
-20.00 5.00 -0.87483
-15.00 5.00 -0.93262
-10.00 5.00 -0.98023
-5.00 5.00 -0.97060
0.00 5.00 -0.87986
5.00 5.00 -0.73354
10.00 5.00 -0.59275
15.00 5.00 -0.51137
20.00 5.00 -0.49753
25.00 5.00 -0.50891
30.00 5.00 -0.48455
35.00 5.00 -0.38873
40.00 5.00 -0.23523
45.00 5.00 -0.76099E-01
-65.00 10.00 -0.13380
-60.00 10.00 -0.12429
-55.00 10.00 -0.13253
-50.00 10.00 -0.22414
-45.00 10.00 -0.40764
-40.00 10.00 -0.62461
-35.00 10.00 -0.79130
-30.00 10.00 -0.85977
-25.00 10.00 -0.85025
-20.00 10.00 -0.82906
-15.00 10.00 -0.85042
-10.00 10.00 -0.90986
-5.00 10.00 -0.94780
0.00 10.00 -0.90067
5.00 10.00 -0.75724
10.00 10.00 -0.57319
15.00 10.00 -0.43072
20.00 10.00 -0.37531
25.00 10.00 -0.38101
30.00 10.00 -0.37243
35.00 10.00 -0.28559
40.00 10.00 -0.11872
45.00 10.00 0.66905E-01
50.00 10.00 0.19463
55.00 10.00 0.22874
60.00 10.00 0.19533
65.00 10.00 0.15545
-70.00 15.00 -0.85244E-01
-45.00 15.00 -0.39348
-40.00 15.00 -0.62378
-35.00 15.00 -0.79112
-30.00 15.00 -0.83283
-25.00 15.00 -0.77387
-20.00 15.00 -0.70763
-15.00 15.00 -0.72056
-10.00 15.00 -0.82039
-5.00 15.00 -0.92751
0.00 15.00 -0.93877
5.00 15.00 -0.81225
10.00 15.00 -0.60283
15.00 15.00 -0.41834
20.00 15.00 -0.33285
25.00 15.00 -0.32930
30.00 15.00 -0.31882
35.00 15.00 -0.21869
40.00 15.00 -0.22670E-01
45.00 15.00 0.19419
70.00 15.00 0.21814
-75.00 20.00 0.54227E-01
-65.00 20.00 -0.92958E-01
-60.00 20.00 -0.62196E-01
-55.00 20.00 -0.46767E-01
-50.00 20.00 -0.12800
-45.00 20.00 -0.32225
-40.00 20.00 -0.55680
-35.00 20.00 -0.71665
-30.00 20.00 -0.73183
-25.00 20.00 -0.63634
-20.00 20.00 -0.54606
-15.00 20.00 -0.56740
-10.00 20.00 -0.70873
-5.00 20.00 -0.86894
0.00 20.00 -0.91618
5.00 20.00 -0.79337
10.00 20.00 -0.56335
15.00 20.00 -0.35571
20.00 20.00 -0.26098
25.00 20.00 -0.26134
30.00 20.00 -0.25453
35.00 20.00 -0.14696
40.00 20.00 0.65370E-01
45.00 20.00 0.29518
50.00 20.00 0.43736
55.00 20.00 0.45037
60.00 20.00 0.37798
65.00 20.00 0.30161
75.00 20.00 0.29194
-45.00 25.00 -0.21675
-40.00 25.00 -0.45060
-35.00 25.00 -0.60216
-30.00 25.00 -0.60022
-25.00 25.00 -0.48673
-20.00 25.00 -0.38885
-15.00 25.00 -0.41762
-10.00 25.00 -0.57404
-5.00 25.00 -0.74278
0.00 25.00 -0.78248
5.00 25.00 -0.63957
10.00 25.00 -0.39052
15.00 25.00 -0.17757
20.00 25.00 -0.93415E-01
25.00 25.00 -0.11233
30.00 25.00 -0.12330
35.00 25.00 -0.31384E-01
40.00 25.00 0.16218
45.00 25.00 0.36674
-80.00 30.00 0.24401
-70.00 30.00 0.34050E-01
-65.00 30.00 0.39634E-01
-60.00 30.00 0.10799
-55.00 30.00 0.15088
-50.00 30.00 0.81738E-01
-45.00 30.00 -0.11098
-40.00 30.00 -0.34254
-35.00 30.00 -0.48858
-30.00 30.00 -0.48090
-25.00 30.00 -0.36481
-20.00 30.00 -0.26558
-15.00 30.00 -0.28615
-10.00 30.00 -0.41953
-5.00 30.00 -0.55110
0.00 30.00 -0.55154
5.00 30.00 -0.38343
10.00 30.00 -0.13163
15.00 30.00 0.67030E-01
20.00 30.00 0.13318
25.00 30.00 0.10039
30.00 30.00 0.73763E-01
35.00 30.00 0.13380
40.00 30.00 0.27157
45.00 30.00 0.40713
50.00 30.00 0.46611
55.00 30.00 0.44075
60.00 30.00 0.38408
65.00 30.00 0.35224
70.00 30.00 0.35653
80.00 30.00 0.37055
-45.00 35.00 -0.39434E-01
-40.00 35.00 -0.26610
-35.00 35.00 -0.40517
-30.00 35.00 -0.39525
-25.00 35.00 -0.28078
-20.00 35.00 -0.17490
-15.00 35.00 -0.16607
-10.00 35.00 -0.24574
-5.00 35.00 -0.31813
0.00 35.00 -0.28318
5.00 35.00 -0.12111
10.00 35.00 0.93077E-01
15.00 35.00 0.25409
20.00 35.00 0.31053
25.00 35.00 0.29582
30.00 35.00 0.28449
35.00 35.00 0.31993
40.00 35.00 0.38115
45.00 35.00 0.41430
-75.00 40.00 0.20272
-65.00 40.00 0.17709
-60.00 40.00 0.24261
-55.00 40.00 0.26324
-50.00 40.00 0.17044
-45.00 40.00 -0.27086E-01
-40.00 40.00 -0.24013
-35.00 40.00 -0.36006
-30.00 40.00 -0.33749
-25.00 40.00 -0.21540
-20.00 40.00 -0.90387E-01
-15.00 40.00 -0.35566E-01
-10.00 40.00 -0.49377E-01
-5.00 40.00 -0.69676E-01
0.00 40.00 -0.34886E-01
5.00 40.00 0.64618E-01
10.00 40.00 0.18756
15.00 40.00 0.28670
20.00 40.00 0.35000
25.00 40.00 0.39886
30.00 40.00 0.45048
35.00 40.00 0.48790
40.00 40.00 0.47252
45.00 40.00 0.38881
50.00 40.00 0.27490
55.00 40.00 0.20287
60.00 40.00 0.22118
65.00 40.00 0.31130
75.00 40.00 0.43148
-70.00 45.00 0.20519
-45.00 45.00 -0.83202E-01
-40.00 45.00 -0.26588
-35.00 45.00 -0.34335
-30.00 45.00 -0.28610
-25.00 45.00 -0.14004
-20.00 45.00 0.14271E-01
-15.00 45.00 0.11873
-10.00 45.00 0.16435
-5.00 45.00 0.17421
0.00 45.00 0.17014
5.00 45.00 0.15972
10.00 45.00 0.15164
15.00 45.00 0.17246
20.00 45.00 0.25469
25.00 45.00 0.39909
30.00 45.00 0.54905
35.00 45.00 0.61372
40.00 45.00 0.53364
45.00 45.00 0.33739
70.00 45.00 0.41798
-65.00 50.00 0.23867
-60.00 50.00 0.22323
-55.00 50.00 0.14583
-50.00 50.00 -0.11778E-01
-45.00 50.00 -0.20015
-40.00 50.00 -0.33071
-35.00 50.00 -0.33792
-30.00 50.00 -0.22214
-25.00 50.00 -0.40160E-01
-20.00 50.00 0.14089
-15.00 50.00 0.28101
-10.00 50.00 0.36719
-5.00 50.00 0.39010
0.00 50.00 0.33596
5.00 50.00 0.21097
10.00 50.00 0.71532E-01
15.00 50.00 0.14451E-01
20.00 50.00 0.11429
25.00 50.00 0.35131
30.00 50.00 0.59834
35.00 50.00 0.69496
40.00 50.00 0.56307
45.00 50.00 0.27309
50.00 50.00 0.20914E-02
55.00 50.00 -0.89586E-01
60.00 50.00 0.31101E-01
65.00 50.00 0.25755
-85.00 55.00 0.39745
-45.00 55.00 -0.35614
-40.00 55.00 -0.41428
-35.00 55.00 -0.32924
-30.00 55.00 -0.14068
-25.00 55.00 0.75633E-01
-20.00 55.00 0.26404
-15.00 55.00 0.41010
-10.00 55.00 0.51238
-5.00 55.00 0.54547
0.00 55.00 0.46698
5.00 55.00 0.27295
10.00 55.00 0.45722E-01
15.00 55.00 -0.70200E-01
20.00 55.00 0.32245E-01
25.00 55.00 0.32282
30.00 55.00 0.62715
35.00 55.00 0.73757
40.00 55.00 0.56502
45.00 55.00 0.21159
85.00 55.00 0.38887
-80.00 60.00 0.41708
-75.00 60.00 0.37753
-70.00 60.00 0.30834
-65.00 60.00 0.20835
-60.00 60.00 0.53675E-01
-55.00 60.00 -0.16082
-50.00 60.00 -0.38388
-45.00 60.00 -0.52021
-40.00 60.00 -0.49389
-35.00 60.00 -0.30901
-30.00 60.00 -0.49387E-01
-25.00 60.00 0.18604
-20.00 60.00 0.35267
-15.00 60.00 0.46966
-10.00 60.00 0.56423
-5.00 60.00 0.61405
0.00 60.00 0.55610
5.00 60.00 0.36341
10.00 60.00 0.11362
15.00 60.00 -0.33128E-01
20.00 60.00 0.49778E-01
25.00 60.00 0.33703
30.00 60.00 0.64169
35.00 60.00 0.74057
40.00 60.00 0.54319
45.00 60.00 0.16711
50.00 60.00 -0.14572
55.00 60.00 -0.20651
60.00 60.00 -0.96075E-02
65.00 60.00 0.28346
70.00 60.00 0.48201
75.00 60.00 0.50879
80.00 60.00 0.43191
-45.00 65.00 -0.65841
-40.00 65.00 -0.54790
-35.00 65.00 -0.27338
-30.00 65.00 0.40692E-01
-25.00 65.00 0.27493
-20.00 65.00 0.39649
-15.00 65.00 0.46049
-10.00 65.00 0.53145
-5.00 65.00 0.60308
0.00 65.00 0.59960
5.00 65.00 0.46318
10.00 65.00 0.24250
15.00 65.00 0.85907E-01
20.00 65.00 0.12778
25.00 65.00 0.36197
30.00 65.00 0.62133
35.00 65.00 0.69628
40.00 65.00 0.50153
45.00 65.00 0.15113
-65.00 70.00 0.14206
-60.00 70.00 -0.14291
-55.00 70.00 -0.45603
-50.00 70.00 -0.69234
-45.00 70.00 -0.74044
-40.00 70.00 -0.55870
-35.00 70.00 -0.22059
-30.00 70.00 0.12178
-25.00 70.00 0.33940
-20.00 70.00 0.41226
-15.00 70.00 0.42432
-10.00 70.00 0.47078
-5.00 70.00 0.56228
0.00 70.00 0.61672
5.00 70.00 0.54871
10.00 70.00 0.37139
15.00 70.00 0.20846
20.00 70.00 0.19460
25.00 70.00 0.35008
30.00 70.00 0.54700
35.00 70.00 0.60698
40.00 70.00 0.45139
45.00 70.00 0.17352
50.00 70.00 -0.32183E-01
55.00 70.00 -0.24630E-01
60.00 70.00 0.17657
65.00 70.00 0.41811
-70.00 75.00 0.36431
-45.00 75.00 -0.74642
-40.00 75.00 -0.51615
-35.00 75.00 -0.15139
-30.00 75.00 0.18851
-25.00 75.00 0.38212
-20.00 75.00 0.42383
-15.00 75.00 0.41126
-10.00 75.00 0.44968
-5.00 75.00 0.55536
0.00 75.00 0.64423
5.00 75.00 0.61718
10.00 75.00 0.46352
15.00 75.00 0.28482
20.00 75.00 0.21233
25.00 75.00 0.29058
30.00 75.00 0.43417
35.00 75.00 0.50063
40.00 75.00 0.41624
45.00 75.00 0.24263
70.00 75.00 0.57038
-75.00 80.00 0.53057
-65.00 80.00 0.12038
-60.00 80.00 -0.22519
-55.00 80.00 -0.54299
-50.00 80.00 -0.71711
-45.00 80.00 -0.67200
-40.00 80.00 -0.42095
-35.00 80.00 -0.70902E-01
-30.00 80.00 0.23372
-25.00 80.00 0.39859
-20.00 80.00 0.43513
-15.00 80.00 0.43738
-10.00 80.00 0.49470
-5.00 80.00 0.61171
0.00 80.00 0.70466
5.00 80.00 0.67919
10.00 80.00 0.52170
15.00 80.00 0.32194
20.00 80.00 0.20420
25.00 80.00 0.22655
30.00 80.00 0.33728
35.00 80.00 0.42642
40.00 80.00 0.42481
45.00 80.00 0.36090
50.00 80.00 0.32596
55.00 80.00 0.38280
60.00 80.00 0.50400
65.00 80.00 0.59603
75.00 80.00 0.48435
-45.00 85.00 -0.53046
-40.00 85.00 -0.28577
-35.00 85.00 0.11224E-01
-30.00 85.00 0.24875
-25.00 85.00 0.37565
-20.00 85.00 0.42388
-15.00 85.00 0.47130
-10.00 85.00 0.57078
-5.00 85.00 0.70079
0.00 85.00 0.77942
5.00 85.00 0.73296
10.00 85.00 0.56338
15.00 85.00 0.35687
20.00 85.00 0.22418
25.00 85.00 0.22137
30.00 85.00 0.31648
35.00 85.00 0.42727
40.00 85.00 0.49323
45.00 85.00 0.51751
-80.00 90.00 0.59304
-70.00 90.00 0.47544
-65.00 90.00 0.19023
-60.00 90.00 -0.14218
-55.00 90.00 -0.39030
-50.00 90.00 -0.46149
-45.00 90.00 -0.35022
-40.00 90.00 -0.13299
-35.00 90.00 0.84182E-01
-30.00 90.00 0.23054
-25.00 90.00 0.30581
-20.00 90.00 0.36478
-15.00 90.00 0.46454
-10.00 90.00 0.61307
-5.00 90.00 0.75713
0.00 90.00 0.81882
5.00 90.00 0.75415
10.00 90.00 0.58972
15.00 90.00 0.40946
20.00 90.00 0.30118
25.00 90.00 0.30342
30.00 90.00 0.39134
35.00 90.00 0.50760
40.00 90.00 0.60818
45.00 90.00 0.68398
50.00 90.00 0.74438
55.00 90.00 0.78564
60.00 90.00 0.78008
65.00 90.00 0.70051
70.00 90.00 0.55727
80.00 90.00 0.33091
-45.00 95.00 -0.16798
-40.00 95.00 0.10712E-01
-35.00 95.00 0.14042
-30.00 95.00 0.18919
-25.00 95.00 0.20428
-20.00 95.00 0.26193
-15.00 95.00 0.40013
-10.00 95.00 0.58571
-5.00 95.00 0.73771
0.00 95.00 0.78547
5.00 95.00 0.71665
10.00 95.00 0.58240
15.00 95.00 0.46076
20.00 95.00 0.40871
25.00 95.00 0.43700
30.00 95.00 0.51964
35.00 95.00 0.62275
40.00 95.00 0.72574
45.00 95.00 0.81946
-75.00 100.00 0.70615
-65.00 100.00 0.34392
-60.00 100.00 0.49005E-01
-55.00 100.00 -0.13808
-50.00 100.00 -0.14546
-45.00 100.00 -0.19180E-01
-40.00 100.00 0.12091
-35.00 100.00 0.17747
-30.00 100.00 0.14668
-25.00 100.00 0.10988
-20.00 100.00 0.15807
-15.00 100.00 0.31412
-10.00 100.00 0.51456
-5.00 100.00 0.66045
0.00 100.00 0.69140
5.00 100.00 0.62364
10.00 100.00 0.52799
15.00 100.00 0.47358
20.00 100.00 0.48545
25.00 100.00 0.54486
30.00 100.00 0.62153
35.00 100.00 0.70245
40.00 100.00 0.79172
45.00 100.00 0.88643
50.00 100.00 0.95677
55.00 100.00 0.95448
60.00 100.00 0.84724
65.00 100.00 0.65204
75.00 100.00 0.29246
-70.00 105.00 0.67697
-45.00 105.00 0.71717E-01
-40.00 105.00 0.18140
-35.00 105.00 0.19606
-30.00 105.00 0.12495
-25.00 105.00 0.63903E-01
-20.00 105.00 0.10761
-15.00 105.00 0.26729
-10.00 105.00 0.46199
-5.00 105.00 0.58575
0.00 105.00 0.59004
5.00 105.00 0.51336
10.00 105.00 0.44016
15.00 105.00 0.43135
20.00 105.00 0.48694
25.00 105.00 0.56568
30.00 105.00 0.63416
35.00 105.00 0.69559
40.00 105.00 0.77338
45.00 105.00 0.86972
70.00 105.00 0.35116
-85.00 110.00 0.49455
-65.00 110.00 0.54265
-60.00 110.00 0.26250
-55.00 110.00 0.59870E-01
-50.00 110.00 0.17109E-01
-45.00 110.00 0.97937E-01
-40.00 110.00 0.18828
-35.00 110.00 0.19739
-30.00 110.00 0.13205
-25.00 110.00 0.82082E-01
-20.00 110.00 0.13385
-15.00 110.00 0.28993
-10.00 110.00 0.46453
-5.00 110.00 0.55514
0.00 110.00 0.52528
5.00 110.00 0.42764
10.00 110.00 0.35321
15.00 110.00 0.35665
20.00 110.00 0.42347
25.00 110.00 0.50116
30.00 110.00 0.55717
35.00 110.00 0.60606
40.00 110.00 0.68210
45.00 110.00 0.78750
50.00 110.00 0.86969
55.00 110.00 0.85386
60.00 110.00 0.70579
65.00 110.00 0.47100
85.00 110.00 0.33704
-45.00 115.00 0.71960E-01
-40.00 115.00 0.15151
-35.00 115.00 0.18301
-30.00 115.00 0.15791
-25.00 115.00 0.14318
-20.00 115.00 0.20768
-15.00 115.00 0.34949
-10.00 115.00 0.49080
-5.00 115.00 0.54333
0.00 115.00 0.48341
5.00 115.00 0.36968
10.00 115.00 0.29061
15.00 115.00 0.29257
20.00 115.00 0.35274
25.00 115.00 0.41612
30.00 115.00 0.45533
35.00 115.00 0.49379
40.00 115.00 0.57095
45.00 115.00 0.68550
-80.00 120.00 0.69447
-75.00 120.00 0.86896
-70.00 120.00 0.90269
-65.00 120.00 0.74689
-60.00 120.00 0.46194
-55.00 120.00 0.18350
-50.00 120.00 0.28655E-01
-45.00 120.00 0.20815E-01
-40.00 120.00 0.92588E-01
-35.00 120.00 0.15752
-30.00 120.00 0.18352
-25.00 120.00 0.20464
-20.00 120.00 0.26801
-15.00 120.00 0.37279
-10.00 120.00 0.46150
-5.00 120.00 0.47140
0.00 120.00 0.39524
5.00 120.00 0.29225
10.00 120.00 0.23859
15.00 120.00 0.26407
20.00 120.00 0.33409
25.00 120.00 0.39144
30.00 120.00 0.41522
35.00 120.00 0.43835
40.00 120.00 0.50603
45.00 120.00 0.61568
50.00 120.00 0.69904
55.00 120.00 0.67000
60.00 120.00 0.50058
65.00 120.00 0.25861
70.00 120.00 0.70459E-01
75.00 120.00 0.35434E-01
80.00 120.00 0.15451
-45.00 125.00 -0.23708E-01
-40.00 125.00 0.37920E-01
-35.00 125.00 0.13000
-30.00 125.00 0.19492
-25.00 125.00 0.23201
-20.00 125.00 0.26729
-15.00 125.00 0.30546
-10.00 125.00 0.31731
-5.00 125.00 0.27456
0.00 125.00 0.19262
5.00 125.00 0.13210
10.00 125.00 0.15140
15.00 125.00 0.25373
20.00 125.00 0.38121
25.00 125.00 0.46513
30.00 125.00 0.48649
35.00 125.00 0.48880
40.00 125.00 0.52878
45.00 125.00 0.61039
-65.00 130.00 0.91942
-60.00 130.00 0.64903
-55.00 130.00 0.31369
-50.00 130.00 0.58149E-01
-45.00 130.00 -0.36484E-01
-40.00 130.00 0.92568E-02
-35.00 130.00 0.11059
-30.00 130.00 0.18954
-25.00 130.00 0.21737
-20.00 130.00 0.20299
-15.00 130.00 0.15661
-10.00 130.00 0.75495E-01
-5.00 130.00 -0.33542E-01
0.00 130.00 -0.12714
5.00 130.00 -0.13554
10.00 130.00 -0.13419E-01
15.00 130.00 0.21268
20.00 130.00 0.45036
25.00 130.00 0.60490
30.00 130.00 0.64850
35.00 130.00 0.63292
40.00 130.00 0.63214
45.00 130.00 0.66628
50.00 130.00 0.67797
55.00 130.00 0.58604
60.00 130.00 0.37072
65.00 130.00 0.11253
-70.00 135.00 1.0337
-45.00 135.00 -0.73765E-02
-40.00 135.00 0.15520E-01
-35.00 135.00 0.10368
-30.00 135.00 0.17034
-25.00 135.00 0.17258
-20.00 135.00 0.10883
-15.00 135.00 -0.10789E-01
-10.00 135.00 -0.17637
-5.00 135.00 -0.35795
0.00 135.00 -0.48516
5.00 135.00 -0.46785
10.00 135.00 -0.25787
15.00 135.00 0.98517E-01
20.00 135.00 0.47241
25.00 135.00 0.73132
30.00 135.00 0.82499
35.00 135.00 0.80568
40.00 135.00 0.76551
45.00 135.00 0.74734
70.00 135.00 -0.84526E-01
-75.00 140.00 0.88086
-65.00 140.00 1.0135
-60.00 140.00 0.79664
-55.00 140.00 0.47750
-50.00 140.00 0.19877
-45.00 140.00 0.57270E-01
-40.00 140.00 0.50954E-01
-35.00 140.00 0.10413
-30.00 140.00 0.13606
-25.00 140.00 0.10784
-20.00 140.00 0.16596E-01
-15.00 140.00 -0.13523
-10.00 140.00 -0.34646
-5.00 140.00 -0.58676
0.00 140.00 -0.76918
5.00 140.00 -0.77541
10.00 140.00 -0.53370
15.00 140.00 -0.88846E-01
20.00 140.00 0.40463
25.00 140.00 0.77380
30.00 140.00 0.93502
35.00 140.00 0.93020
40.00 140.00 0.86457
45.00 140.00 0.80474
50.00 140.00 0.72949
55.00 140.00 0.57456
60.00 140.00 0.32404
65.00 140.00 0.57991E-01
75.00 140.00 -0.51355E-01
-45.00 145.00 0.14031
-40.00 145.00 0.10129
-35.00 145.00 0.10191
-30.00 145.00 0.80198E-01
-25.00 145.00 0.18991E-01
-20.00 145.00 -0.74248E-01
-15.00 145.00 -0.20808
-10.00 145.00 -0.40872
-5.00 145.00 -0.67043
0.00 145.00 -0.90791
5.00 145.00 -0.97666
10.00 145.00 -0.76699
15.00 145.00 -0.29976
20.00 145.00 0.26384
25.00 145.00 0.71852
30.00 145.00 0.94403
35.00 145.00 0.96325
40.00 145.00 0.88681
45.00 145.00 0.80179
-80.00 150.00 0.59774
-70.00 150.00 0.96203
-65.00 150.00 0.98417
-60.00 150.00 0.83669
-55.00 150.00 0.59119
-50.00 150.00 0.36329
-45.00 150.00 0.22298
-40.00 150.00 0.15379
-35.00 150.00 0.92533E-01
-30.00 150.00 0.14830E-02
-25.00 150.00 -0.10303
-20.00 150.00 -0.19098
-15.00 150.00 -0.27631
-10.00 150.00 -0.41832
-5.00 150.00 -0.65192
0.00 150.00 -0.91294
5.00 150.00 -1.0442
10.00 150.00 -0.89883
15.00 150.00 -0.46187
20.00 150.00 0.11677
25.00 150.00 0.61431
30.00 150.00 0.88004
35.00 150.00 0.91545
40.00 150.00 0.83095
45.00 150.00 0.73011
50.00 150.00 0.63042
55.00 150.00 0.48551
60.00 150.00 0.27357
65.00 150.00 0.55825E-01
70.00 150.00 -0.56607E-01
80.00 150.00 0.19104
-45.00 155.00 0.29190
-40.00 155.00 0.20356
-35.00 155.00 0.83581E-01
-30.00 155.00 -0.85383E-01
-25.00 155.00 -0.25172
-20.00 155.00 -0.35366
-15.00 155.00 -0.39677
-10.00 155.00 -0.46270
-5.00 155.00 -0.62701
0.00 155.00 -0.85995
5.00 155.00 -1.0121
10.00 155.00 -0.91606
15.00 155.00 -0.52463
20.00 155.00 0.33221E-01
25.00 155.00 0.53288
30.00 155.00 0.80539
35.00 155.00 0.83501
40.00 155.00 0.73027
45.00 155.00 0.60915
-75.00 160.00 0.66894
-65.00 160.00 0.82767
-60.00 160.00 0.73183
-55.00 160.00 0.57057
-50.00 160.00 0.43002
-45.00 160.00 0.34037
-40.00 160.00 0.25063
-35.00 160.00 0.88490E-01
-30.00 160.00 -0.15401
-25.00 160.00 -0.39821
-20.00 160.00 -0.54812
-15.00 160.00 -0.58547
-10.00 160.00 -0.59274
-5.00 160.00 -0.67198
0.00 160.00 -0.83084
5.00 160.00 -0.94704
10.00 160.00 -0.85621
15.00 160.00 -0.49361
20.00 160.00 0.33980E-01
25.00 160.00 0.51214
30.00 160.00 0.76613
35.00 160.00 0.76888
40.00 160.00 0.62696
45.00 160.00 0.47200
50.00 160.00 0.36172
55.00 160.00 0.27178
60.00 160.00 0.16642
65.00 160.00 0.64172E-01
75.00 160.00 0.11023
-85.00 165.00 0.40158
-70.00 165.00 0.69705
-45.00 165.00 0.36453
-40.00 165.00 0.29031
-35.00 165.00 0.10969
-30.00 165.00 -0.18784
-25.00 165.00 -0.51055
-20.00 165.00 -0.73393
-15.00 165.00 -0.80666
-10.00 165.00 -0.79153
-5.00 165.00 -0.79775
0.00 165.00 -0.86486
5.00 165.00 -0.90883
10.00 165.00 -0.78755
15.00 165.00 -0.43254
20.00 165.00 0.70113E-01
25.00 165.00 0.52394
30.00 165.00 0.75625
35.00 165.00 0.73002
40.00 165.00 0.54625
45.00 165.00 0.34786
70.00 165.00 0.87446E-01
85.00 165.00 0.43356
-65.00 170.00 0.60448
-60.00 170.00 0.53763
-55.00 170.00 0.44103
-50.00 170.00 0.37963
-45.00 170.00 0.35949
-40.00 170.00 0.30593
-35.00 170.00 0.12519
-30.00 170.00 -0.20204
-25.00 170.00 -0.58411
-20.00 170.00 -0.87986
-15.00 170.00 -1.0070
-10.00 170.00 -0.99935
-5.00 170.00 -0.95964
0.00 170.00 -0.95065
5.00 170.00 -0.92741
10.00 170.00 -0.77645
15.00 170.00 -0.42952
20.00 170.00 0.50485E-01
25.00 170.00 0.49084
30.00 170.00 0.72271
35.00 170.00 0.69318
40.00 170.00 0.48722
45.00 170.00 0.25191
50.00 170.00 0.94684E-01
55.00 170.00 0.36982E-01
60.00 170.00 0.44031E-01
65.00 170.00 0.83456E-01
-45.00 175.00 0.31992
-40.00 175.00 0.27291
-35.00 175.00 0.93782E-01
-30.00 175.00 -0.24254
-25.00 175.00 -0.65188
-20.00 175.00 -0.99047
-15.00 175.00 -1.1579
-10.00 175.00 -1.1643
-5.00 175.00 -1.1029
0.00 175.00 -1.0527
5.00 175.00 -1.0009
10.00 175.00 -0.85659
15.00 175.00 -0.54495
20.00 175.00 -0.97637E-01
25.00 175.00 0.34217
30.00 175.00 0.60810
35.00 175.00 0.62084
40.00 175.00 0.43404
45.00 175.00 0.18681
-80.00 180.00 0.35395
-75.00 180.00 0.37415
-70.00 180.00 0.40517
-65.00 180.00 0.41049
-60.00 180.00 0.37204
-55.00 180.00 0.31348
-50.00 180.00 0.27185
-45.00 180.00 0.24560
-40.00 180.00 0.17440
-35.00 180.00 -0.19027E-01
-30.00 180.00 -0.35499
-25.00 180.00 -0.75789
-20.00 180.00 -1.0946
-15.00 180.00 -1.2653
-10.00 180.00 -1.2711
-5.00 180.00 -1.2003
0.00 180.00 -1.1426
5.00 180.00 -1.1069
10.00 180.00 -1.0136
15.00 180.00 -0.77182
20.00 180.00 -0.37401
25.00 180.00 0.71299E-01
30.00 180.00 0.39999
35.00 180.00 0.49879
40.00 180.00 0.37672
45.00 180.00 0.15143
50.00 180.00 -0.31604E-01
55.00 180.00 -0.83302E-01
60.00 180.00 -0.30377E-02
65.00 180.00 0.14911
70.00 180.00 0.30457
75.00 180.00 0.42120
80.00 180.00 0.48454
-45.00 -175 0.14706
-40.00 -175 0.17994E-01
-35.00 -175 -0.21103
-30.00 -175 -0.54351
-25.00 -175 -0.91143
-20.00 -175 -1.2045
-15.00 -175 -1.3421
-10.00 -175 -1.3310
-5.00 -175 -1.2571
0.00 -175 -1.2128
5.00 -175 -1.2167
10.00 -175 -1.1934
15.00 -175 -1.0345
20.00 -175 -0.69469
25.00 -175 -0.24695
30.00 -175 0.15084
35.00 -175 0.35426
40.00 -175 0.32446
45.00 -175 0.14821
-65.00 -170 0.31367
-60.00 -170 0.32009
-55.00 -170 0.28070
-50.00 -170 0.18962
-45.00 -170 0.45201E-01
-40.00 -170 -0.16066
-35.00 -170 -0.43358
-30.00 -170 -0.75354
-25.00 -170 -1.0628
-20.00 -170 -1.2863
-15.00 -170 -1.3769
-10.00 -170 -1.3531
-5.00 -170 -1.2916
0.00 -170 -1.2713
5.00 -170 -1.3082
10.00 -170 -1.3314
15.00 -170 -1.2292
20.00 -170 -0.93535
25.00 -170 -0.49359
30.00 -170 -0.47725E-01
35.00 -170 0.24233
40.00 -170 0.30097
45.00 -170 0.18271
50.00 -170 0.31522E-01
55.00 -170 -0.15406E-01
60.00 -170 0.89836E-01
65.00 -170 0.29152
-70.00 -165 0.25373
-45.00 -165 -0.37658E-01
-40.00 -165 -0.31364
-35.00 -165 -0.61437
-30.00 -165 -0.89904
-25.00 -165 -1.1292
-20.00 -165 -1.2768
-15.00 -165 -1.3364
-10.00 -165 -1.3338
-5.00 -165 -1.3178
0.00 -165 -1.3312
5.00 -165 -1.3737
10.00 -165 -1.3873
15.00 -165 -1.2829
20.00 -165 -1.0025
25.00 -165 -0.57501
30.00 -165 -0.12082
35.00 -165 0.20917
40.00 -165 0.32501
45.00 -165 0.25567
70.00 -165 0.58040
-75.00 -160 0.21089
-65.00 -160 0.31083
-60.00 -160 0.36438
-55.00 -160 0.33243
-50.00 -160 0.17633
-45.00 -160 -0.90312E-01
-40.00 -160 -0.40749
-35.00 -160 -0.70085
-30.00 -160 -0.91965
-25.00 -160 -1.0566
-20.00 -160 -1.1394
-15.00 -160 -1.2039
-10.00 -160 -1.2715
-5.00 -160 -1.3420
0.00 -160 -1.3996
5.00 -160 -1.4179
10.00 -160 -1.3611
15.00 -160 -1.1904
20.00 -160 -0.88659
25.00 -160 -0.47958
30.00 -160 -0.59141E-01
35.00 -160 0.25739
40.00 -160 0.39065
45.00 -160 0.35442
50.00 -160 0.25351
55.00 -160 0.21690
60.00 -160 0.31115
65.00 -160 0.49893
75.00 -160 0.74332
-45.00 -155 -0.12005
-40.00 -155 -0.44271
-35.00 -155 -0.69385
-30.00 -155 -0.82647
-25.00 -155 -0.87188
-20.00 -155 -0.91161
-15.00 -155 -1.0143
-10.00 -155 -1.1850
-5.00 -155 -1.3634
0.00 -155 -1.4670
5.00 -155 -1.4413
10.00 -155 -1.2795
15.00 -155 -1.0080
20.00 -155 -0.66274
25.00 -155 -0.28433
30.00 -155 0.72131E-01
35.00 -155 0.33831
40.00 -155 0.46257
45.00 -155 0.45133
-80.00 -150 0.22252
-70.00 -150 0.24591
-65.00 -150 0.34179
-60.00 -150 0.40639
-55.00 -150 0.35648
-50.00 -150 0.15676
-45.00 -150 -0.14820
-40.00 -150 -0.45108
-35.00 -150 -0.64589
-30.00 -150 -0.69939
-25.00 -150 -0.67699
-20.00 -150 -0.69768
-15.00 -150 -0.84619
-10.00 -150 -1.1065
-5.00 -150 -1.3675
0.00 -150 -1.4961
5.00 -150 -1.4204
10.00 -150 -1.1634
15.00 -150 -0.80906
20.00 -150 -0.44140
25.00 -150 -0.10817
30.00 -150 0.17093
35.00 -150 0.37797
40.00 -150 0.49176
45.00 -150 0.51258
50.00 -150 0.48549
55.00 -150 0.48554
60.00 -150 0.56532
65.00 -150 0.70817
70.00 -150 0.83355
80.00 -150 0.75954
-45.00 -145 -0.19532
-40.00 -145 -0.47138
-35.00 -145 -0.62328
-30.00 -145 -0.63419
-25.00 -145 -0.58570
-20.00 -145 -0.60465
-15.00 -145 -0.77098
-10.00 -145 -1.0529
-5.00 -145 -1.3198
0.00 -145 -1.4269
5.00 -145 -1.3072
10.00 -145 -1.0066
15.00 -145 -0.63831
20.00 -145 -0.30400
25.00 -145 -0.42694E-01
30.00 -145 0.15891
35.00 -145 0.32132
40.00 -145 0.44299
45.00 -145 0.51320
-85.00 -140 0.28620
-75.00 -140 0.20894
-65.00 -140 0.34691
-60.00 -140 0.36544
-55.00 -140 0.26032
-50.00 -140 0.28231E-01
-45.00 -140 -0.26544
-40.00 -140 -0.52004
-35.00 -140 -0.65856
-30.00 -140 -0.67654
-25.00 -140 -0.64640
-20.00 -140 -0.66876
-15.00 -140 -0.79970
-10.00 -140 -1.0051
-5.00 -140 -1.1778
0.00 -140 -1.2088
5.00 -140 -1.0608
10.00 -140 -0.78922
15.00 -140 -0.49777
20.00 -140 -0.26534
25.00 -140 -0.10342
30.00 -140 0.27875E-01
35.00 -140 0.16767
40.00 -140 0.31742
45.00 -140 0.44987
50.00 -140 0.54778
55.00 -140 0.62771
60.00 -140 0.72128
65.00 -140 0.83251
75.00 -140 0.91269
85.00 -140 0.61217
-70.00 -135 0.27692
-45.00 -135 -0.34036
-40.00 -135 -0.57797
-35.00 -135 -0.72795
-30.00 -135 -0.79168
-25.00 -135 -0.81001
-20.00 -135 -0.83113
-15.00 -135 -0.87612
-10.00 -135 -0.92401
-5.00 -135 -0.92744
0.00 -135 -0.84961
5.00 -135 -0.69604
10.00 -135 -0.51583
15.00 -135 -0.36850
20.00 -135 -0.28062
25.00 -135 -0.22728
30.00 -135 -0.15439
35.00 -135 -0.23930E-01
40.00 -135 0.15630
45.00 -135 0.34358
70.00 -135 0.92003
-65.00 -130 0.31239
-60.00 -130 0.25616
-55.00 -130 0.93469E-01
-50.00 -130 -0.14129
-45.00 -130 -0.38873
-40.00 -130 -0.60341
-35.00 -130 -0.77022
-30.00 -130 -0.89189
-25.00 -130 -0.96710
-20.00 -130 -0.98245
-15.00 -130 -0.92373
-10.00 -130 -0.79349
-5.00 -130 -0.61849
0.00 -130 -0.44186
5.00 -130 -0.30662
10.00 -130 -0.23966
15.00 -130 -0.24118
20.00 -130 -0.28188
25.00 -130 -0.31140
30.00 -130 -0.27956
35.00 -130 -0.16251
40.00 -130 0.22872E-01
45.00 -130 0.23045
50.00 -130 0.41663
55.00 -130 0.56740
60.00 -130 0.69604
65.00 -130 0.81257
-45.00 -125 -0.38439
-40.00 -125 -0.56163
-35.00 -125 -0.73263
-30.00 -125 -0.90042
-25.00 -125 -1.0250
-20.00 -125 -1.0403
-15.00 -125 -0.90590
-10.00 -125 -0.64870
-5.00 -125 -0.35701
0.00 -125 -0.13073
5.00 -125 -0.27394E-01
10.00 -125 -0.41576E-01
15.00 -125 -0.12360
20.00 -125 -0.21374
25.00 -125 -0.26582
30.00 -125 -0.25360
35.00 -125 -0.17010
40.00 -125 -0.27660E-01
45.00 -125 0.14543
-80.00 -120 0.24114
-75.00 -120 0.25506
-70.00 -120 0.28378
-65.00 -120 0.26303
-60.00 -120 0.15666
-55.00 -120 -0.11086E-01
-50.00 -120 -0.18211
-45.00 -120 -0.32209
-40.00 -120 -0.45037
-35.00 -120 -0.60966
-30.00 -120 -0.80368
-25.00 -120 -0.96611
-20.00 -120 -0.99804
-15.00 -120 -0.84637
-10.00 -120 -0.55518
-5.00 -120 -0.24347
0.00 -120 -0.26984E-01
5.00 -120 0.51326E-01
10.00 -120 0.29951E-01
15.00 -120 -0.19699E-01
20.00 -120 -0.49473E-01
25.00 -120 -0.52723E-01
30.00 -120 -0.42030E-01
35.00 -120 -0.20110E-01
40.00 -120 0.25781E-01
45.00 -120 0.10767
50.00 -120 0.22340
55.00 -120 0.36086
60.00 -120 0.50901
65.00 -120 0.65594
70.00 -120 0.77469
75.00 -120 0.82051
80.00 -120 0.75894
-45.00 -115 -0.22010
-40.00 -115 -0.30258
-35.00 -115 -0.44652
-30.00 -115 -0.65417
-25.00 -115 -0.84531
-20.00 -115 -0.90922
-15.00 -115 -0.79321
-10.00 -115 -0.54897
-5.00 -115 -0.29422
0.00 -115 -0.12294
5.00 -115 -0.42860E-01
10.00 -115 0.88150E-02
15.00 -115 0.92877E-01
20.00 -115 0.20886
25.00 -115 0.30058
30.00 -115 0.31404
35.00 -115 0.24937
40.00 -115 0.16122
45.00 -115 0.11491
-65.00 -110 0.22136
-60.00 -110 0.11476
-55.00 -110 -0.51876E-03
-50.00 -110 -0.74139E-01
-45.00 -110 -0.10867
-40.00 -110 -0.16515
-35.00 -110 -0.30593
-30.00 -110 -0.52514
-25.00 -110 -0.73502
-20.00 -110 -0.82789
-15.00 -110 -0.76148
-10.00 -110 -0.59006
-5.00 -110 -0.41193
0.00 -110 -0.28161
5.00 -110 -0.16826
10.00 -110 0.10988E-02
15.00 -110 0.25536
20.00 -110 0.53172
25.00 -110 0.71253
30.00 -110 0.71442
35.00 -110 0.55203
40.00 -110 0.32534
45.00 -110 0.14885
50.00 -110 0.86487E-01
55.00 -110 0.13801
60.00 -110 0.26823
65.00 -110 0.43595
-70.00 -105 0.25965
-45.00 -105 -0.12306E-01
-40.00 -105 -0.68966E-01
-35.00 -105 -0.22393
-30.00 -105 -0.45395
-25.00 -105 -0.66422
-20.00 -105 -0.75752
-15.00 -105 -0.70893
-10.00 -105 -0.57723
-5.00 -105 -0.44138
0.00 -105 -0.32145
5.00 -105 -0.16060
10.00 -105 0.11108
15.00 -105 0.48817
20.00 -105 0.86023
25.00 -105 1.0741
30.00 -105 1.0392
35.00 -105 0.79005
40.00 -105 0.45865
45.00 -105 0.18733
70.00 -105 0.50546
-75.00 -100 0.26411
-65.00 -100 0.18526
-60.00 -100 0.11210
-55.00 -100 0.68050E-01
-50.00 -100 0.65675E-01
-45.00 -100 0.62195E-01
-40.00 -100 -0.11415E-01
-35.00 -100 -0.18679
-30.00 -100 -0.41685
-25.00 -100 -0.59945
-20.00 -100 -0.65137
-15.00 -100 -0.56922
-10.00 -100 -0.42156
-5.00 -100 -0.27832
0.00 -100 -0.14252
5.00 -100 0.49819E-01
10.00 -100 0.35746
15.00 -100 0.75359
20.00 -100 1.1130
25.00 -100 1.2848
30.00 -100 1.1945
35.00 -100 0.89357
40.00 -100 0.52101
45.00 -100 0.21586
50.00 -100 0.50177E-01
55.00 -100 0.23925E-01
60.00 -100 0.10257
65.00 -100 0.24841
75.00 -100 0.56373
-45.00 -95 0.12470
-40.00 -95 0.37254E-01
-35.00 -95 -0.14468
-30.00 -95 -0.35164
-25.00 -95 -0.47870
-20.00 -95 -0.46014
-15.00 -95 -0.31473
-10.00 -95 -0.12201
-5.00 -95 0.49802E-01
0.00 -95 0.20012
5.00 -95 0.38521
10.00 -95 0.64959
15.00 -95 0.96164
20.00 -95 1.2135
25.00 -95 1.2894
30.00 -95 1.1468
35.00 -95 0.84534
40.00 -95 0.50490
45.00 -95 0.23206
-80.00 -90 0.26541
-70.00 -90 0.20440
-65.00 -90 0.14290
-60.00 -90 0.10873
-55.00 -90 0.12910
-50.00 -90 0.17844
-45.00 -90 0.18976
-40.00 -90 0.10939
-35.00 -90 -0.50433E-01
-30.00 -90 -0.20841
-25.00 -90 -0.26758
-20.00 -90 -0.18387
-15.00 -90 0.61974E-02
-10.00 -90 0.22032
-5.00 -90 0.39662
0.00 -90 0.53424
5.00 -90 0.67540
10.00 -90 0.84845
15.00 -90 1.0252
20.00 -90 1.1314
25.00 -90 1.1019
30.00 -90 0.93160
35.00 -90 0.68025
40.00 -90 0.43111
45.00 -90 0.24116
50.00 -90 0.12395
55.00 -90 0.70487E-01
60.00 -90 0.77940E-01
65.00 -90 0.15308
70.00 -90 0.28792
80.00 -90 0.53836
-85.00 -85 0.28613
-45.00 -85 0.26283
-40.00 -85 0.21494
-35.00 -85 0.10486
-30.00 -85 0.10215E-01
-25.00 -85 0.70845E-02
-20.00 -85 0.11550
-15.00 -85 0.29086
-10.00 -85 0.46459
-5.00 -85 0.59604
0.00 -85 0.69160
5.00 -85 0.77918
10.00 -85 0.86646
15.00 -85 0.92386
20.00 -85 0.90763
25.00 -85 0.80076
30.00 -85 0.63298
35.00 -85 0.46161
40.00 -85 0.33093
45.00 -85 0.24654
85.00 -85 0.52286
-75.00 -80 0.22776
-65.00 -80 0.98160E-01
-60.00 -80 0.92521E-01
-55.00 -80 0.16183
-50.00 -80 0.26485
-45.00 -80 0.33419
-40.00 -80 0.33275
-35.00 -80 0.28343
-30.00 -80 0.24689
-25.00 -80 0.26973
-20.00 -80 0.34981
-15.00 -80 0.44660
-10.00 -80 0.52221
-5.00 -80 0.57236
0.00 -80 0.61935
5.00 -80 0.67734
10.00 -80 0.72639
15.00 -80 0.72283
20.00 -80 0.63824
25.00 -80 0.49124
30.00 -80 0.34139
35.00 -80 0.24781
40.00 -80 0.22649
45.00 -80 0.24235
50.00 -80 0.24255
55.00 -80 0.20329
60.00 -80 0.15110
65.00 -80 0.14103
75.00 -80 0.33736
-70.00 -75 0.14430
-45.00 -75 0.38412
-40.00 -75 0.42275
-35.00 -75 0.42326
-30.00 -75 0.42411
-25.00 -75 0.44219
-20.00 -75 0.45914
-15.00 -75 0.44769
-10.00 -75 0.40884
-5.00 -75 0.37949
0.00 -75 0.39958
5.00 -75 0.46854
10.00 -75 0.53382
15.00 -75 0.52708
20.00 -75 0.42033
25.00 -75 0.25438
30.00 -75 0.11407
35.00 -75 0.68273E-01
40.00 -75 0.12153
45.00 -75 0.21434
70.00 -75 0.18453
-65.00 -70 0.76378E-01
-60.00 -70 0.87998E-01
-55.00 -70 0.17560
-50.00 -70 0.29617
-45.00 -70 0.39525
-40.00 -70 0.44984
-35.00 -70 0.47447
-30.00 -70 0.48943
-25.00 -70 0.48879
-20.00 -70 0.44446
-15.00 -70 0.34391
-10.00 -70 0.22174
-5.00 -70 0.14743
0.00 -70 0.17254
5.00 -70 0.28135
10.00 -70 0.39114
15.00 -70 0.40825
20.00 -70 0.29804
25.00 -70 0.11362
30.00 -70 -0.39799E-01
35.00 -70 -0.77676E-01
40.00 -70 0.80909E-02
45.00 -70 0.14936
50.00 -70 0.25376
55.00 -70 0.26860
60.00 -70 0.21223
65.00 -70 0.15474
-45.00 -65 0.36355
-40.00 -65 0.40361
-35.00 -65 0.42581
-30.00 -65 0.44170
-25.00 -65 0.43112
-20.00 -65 0.35896
-15.00 -65 0.22027
-10.00 -65 0.67741E-01
-5.00 -65 -0.12706E-01
0.00 -65 0.34204E-01
5.00 -65 0.18168
10.00 -65 0.32838
15.00 -65 0.36481
20.00 -65 0.25021
25.00 -65 0.42375E-01
30.00 -65 -0.14113
35.00 -65 -0.20074
40.00 -65 -0.11626
45.00 -65 0.47905E-01
-80.00 -60 0.24868
-75.00 -60 0.19653
-70.00 -60 0.13507
-65.00 -60 0.10514
-60.00 -60 0.13398
-55.00 -60 0.20482
-50.00 -60 0.27133
-45.00 -60 0.30123
-40.00 -60 0.30274
-35.00 -60 0.30690
-30.00 -60 0.32518
-25.00 -60 0.32803
-20.00 -60 0.27041
-15.00 -60 0.14319
-10.00 -60 0.45323E-03
-5.00 -60 -0.69244E-01
0.00 -60 -0.10145E-01
5.00 -60 0.14927
10.00 -60 0.30537
15.00 -60 0.34619
20.00 -60 0.22767
25.00 -60 0.42028E-02
30.00 -60 -0.20651
35.00 -60 -0.29742
40.00 -60 -0.23449
45.00 -60 -0.69491E-01
50.00 -60 0.99529E-01
55.00 -60 0.19122
60.00 -60 0.18807
65.00 -60 0.14062
70.00 -60 0.12800
75.00 -60 0.19891
80.00 -60 0.33158
-45.00 -55 0.23074
-40.00 -55 0.18367
-35.00 -55 0.16863
-30.00 -55 0.20047
-25.00 -55 0.23912
-20.00 -55 0.22350
-15.00 -55 0.13088
-10.00 -55 0.74897E-02
-5.00 -55 -0.60267E-01
0.00 -55 -0.13362E-01
5.00 -55 0.12817
10.00 -55 0.27166
15.00 -55 0.31249
20.00 -55 0.20432
25.00 -55 -0.10388E-01
30.00 -55 -0.22725
35.00 -55 -0.34285
40.00 -55 -0.31222
45.00 -55 -0.16833
-65.00 -50 0.18498
-60.00 -50 0.24383
-55.00 -50 0.28664
-50.00 -50 0.26250
-45.00 -50 0.17398
-40.00 -50 0.82228E-01
-35.00 -50 0.56743E-01
-30.00 -50 0.11321
-25.00 -50 0.19618
-20.00 -50 0.22423
-15.00 -50 0.15950
-10.00 -50 0.42011E-01
-5.00 -50 -0.40470E-01
0.00 -50 -0.21654E-01
5.00 -50 0.90841E-01
10.00 -50 0.21928
15.00 -50 0.26954
20.00 -50 0.19311
25.00 -50 0.15584E-01
30.00 -50 -0.18173
35.00 -50 -0.30953
40.00 -50 -0.31757
45.00 -50 -0.21720
50.00 -50 -0.70626E-01
55.00 -50 0.46781E-01
60.00 -50 0.92234E-01
65.00 -50 0.82493E-01
-70.00 -45 0.18095
-45.00 -45 0.14348
-40.00 -45 0.19455E-01
-35.00 -45 -0.58317E-02
-30.00 -45 0.78060E-01
-25.00 -45 0.19620
-20.00 -45 0.24832
-15.00 -45 0.18890
-10.00 -45 0.61175E-01
-5.00 -45 -0.40072E-01
0.00 -45 -0.42556E-01
5.00 -45 0.52377E-01
10.00 -45 0.17638
15.00 -45 0.24514
20.00 -45 0.21156
25.00 -45 0.87195E-01
30.00 -45 -0.72189E-01
35.00 -45 -0.19932
40.00 -45 -0.24679
45.00 -45 -0.20639
70.00 -45 0.52537E-01
-75.00 -40 0.18316
-65.00 -40 0.27475
-60.00 -40 0.37365
-55.00 -40 0.40272
-50.00 -40 0.31091
-45.00 -40 0.13912
-40.00 -40 -0.25638E-02
-35.00 -40 -0.21254E-01
-30.00 -40 0.82210E-01
-25.00 -40 0.21336
-20.00 -40 0.26093
-15.00 -40 0.18452
-10.00 -40 0.41155E-01
-5.00 -40 -0.65792E-01
0.00 -40 -0.66928E-01
5.00 -40 0.28937E-01
10.00 -40 0.15339
15.00 -40 0.23292
20.00 -40 0.23181
25.00 -40 0.15871
30.00 -40 0.47733E-01
35.00 -40 -0.61792E-01
40.00 -40 -0.13633
45.00 -40 -0.15603
50.00 -40 -0.12431
55.00 -40 -0.69469E-01
60.00 -40 -0.26426E-01
65.00 -40 -0.54794E-02
75.00 -40 0.10443
-45.00 -35 0.15074
-40.00 -35 0.40355E-02
-35.00 -35 -0.76086E-02
-30.00 -35 0.10010
-25.00 -35 0.21758
-20.00 -35 0.23373
-15.00 -35 0.12547
-10.00 -35 -0.30356E-01
-5.00 -35 -0.12614
0.00 -35 -0.10815
5.00 -35 -0.64544E-02
10.00 -35 0.10431
15.00 -35 0.16701
20.00 -35 0.17166
25.00 -35 0.13854
30.00 -35 0.86366E-01
35.00 -35 0.21327E-01
40.00 -35 -0.49539E-01
45.00 -35 -0.10696
-85.00 -30 0.28481
-80.00 -30 0.21176
-70.00 -30 0.19387
-65.00 -30 0.31035
-60.00 -30 0.43777
-55.00 -30 0.46831
-50.00 -30 0.35530
-45.00 -30 0.16328
-40.00 -30 0.20704E-01
-35.00 -30 0.12306E-01
-30.00 -30 0.10716
-25.00 -30 0.18762
-20.00 -30 0.15297
-15.00 -30 0.43621E-02
-10.00 -30 -0.16208
-5.00 -30 -0.24197
0.00 -30 -0.20717
5.00 -30 -0.11547
10.00 -30 -0.47099E-01
15.00 -30 -0.34766E-01
20.00 -30 -0.50754E-01
25.00 -30 -0.52314E-01
30.00 -30 -0.31357E-01
35.00 -30 -0.18269E-01
40.00 -30 -0.42766E-01
45.00 -30 -0.98462E-01
50.00 -30 -0.14866
55.00 -30 -0.16278
60.00 -30 -0.14026
65.00 -30 -0.96534E-01
70.00 -30 -0.31596E-01
80.00 -30 0.22771
85.00 -30 0.38316
-45.00 -25 0.16154
-40.00 -25 0.28311E-01
-35.00 -25 0.17449E-01
-30.00 -25 0.85415E-01
-25.00 -25 0.11418
-20.00 -25 0.19688E-01
-15.00 -25 -0.17254
-10.00 -25 -0.35275
-5.00 -25 -0.42620
0.00 -25 -0.39253
5.00 -25 -0.33420
10.00 -25 -0.33154
15.00 -25 -0.38836
20.00 -25 -0.43660
25.00 -25 -0.40878
30.00 -25 -0.30459
35.00 -25 -0.18922
40.00 -25 -0.13155
45.00 -25 -0.14571
-75.00 -20 0.12640
-65.00 -20 0.24862
-60.00 -20 0.37086
-55.00 -20 0.40229
-50.00 -20 0.30170
-45.00 -20 0.13321
-40.00 -20 0.99307E-02
-35.00 -20 -0.10020E-01
-30.00 -20 0.22496E-01
-25.00 -20 -0.37629E-02
-20.00 -20 -0.15409
-15.00 -20 -0.38409
-10.00 -20 -0.57849
-5.00 -20 -0.65531
0.00 -20 -0.63647
5.00 -20 -0.61963
10.00 -20 -0.68017
15.00 -20 -0.79718
20.00 -20 -0.87185
25.00 -20 -0.81818
30.00 -20 -0.64028
35.00 -20 -0.42769
40.00 -20 -0.27953
45.00 -20 -0.23062
50.00 -20 -0.24173
55.00 -20 -0.24968
60.00 -20 -0.21971
65.00 -20 -0.15339
75.00 -20 0.65201E-01
-70.00 -15 0.98033E-01
-45.00 -15 0.71133E-01
-40.00 -15 -0.47063E-01
-35.00 -15 -0.83794E-01
-30.00 -15 -0.89601E-01
-25.00 -15 -0.16236
-20.00 -15 -0.34978
-15.00 -15 -0.59742
-10.00 -15 -0.79337
-5.00 -15 -0.86853
0.00 -15 -0.85746
5.00 -15 -0.86211
10.00 -15 -0.95216
15.00 -15 -1.0952
20.00 -15 -1.1806
25.00 -15 -1.1146
30.00 -15 -0.89971
35.00 -15 -0.63073
40.00 -15 -0.41837
45.00 -15 -0.31158
70.00 -15 -0.55778E-01
-65.00 -10 0.10375
-60.00 -10 0.18574
-55.00 -10 0.20470
-50.00 -10 0.12034
-45.00 -10 -0.24241E-01
-40.00 -10 -0.14722
-35.00 -10 -0.20904
-30.00 -10 -0.25080
-25.00 -10 -0.35155
-20.00 -10 -0.54515
-15.00 -10 -0.77785
-10.00 -10 -0.94988
-5.00 -10 -1.0037
0.00 -10 -0.97585
5.00 -10 -0.96307
10.00 -10 -1.0322
15.00 -10 -1.1566
20.00 -10 -1.2360
25.00 -10 -1.1798
30.00 -10 -0.98042
35.00 -10 -0.71578
40.00 -10 -0.48629
45.00 -10 -0.34590
50.00 -10 -0.28195
55.00 -10 -0.24703
60.00 -10 -0.20223
65.00 -10 -0.13308
-45.00 -5 -0.14255
-40.00 -5 -0.28223
-35.00 -5 -0.37571
-30.00 -5 -0.44588
-25.00 -5 -0.55019
-20.00 -5 -0.71522
-15.00 -5 -0.89983
-10.00 -5 -1.0244
-5.00 -5 -1.0404
0.00 -5 -0.97580
5.00 -5 -0.91311
10.00 -5 -0.91885
15.00 -5 -0.98740
20.00 -5 -1.0466
25.00 -5 -1.0178
30.00 -5 -0.87644
35.00 -5 -0.66610
40.00 -5 -0.46016
45.00 -5 -0.31097
90.00 0.00 0.45441
-90.00 0.00 0.35347
